0.009783333	587
0.031333333	0
0.041733333	624
0.05325	691
0.065216667	718
0.077116667	714
0.08895	710
0.0997	645
0.1104	642
0.121783333	683
0.133633333	711
0.1452	694
0.157533333	740
0.171066667	812
0.185033333	838
0.197766667	764
0.210466667	762
0.223933333	808
0.23795	841
0.252183333	854
0.2656	805
0.278166667	754
0.290633333	748
0.30375	787
0.31795	852
0.332383333	866
0.345216667	770
0.357633333	745
0.37025	757
0.383616667	802
0.398	863
0.411966667	838
0.424716667	765
0.437733333	781
0.451433333	822
0.465416667	839
0.47815	764
0.49055	744
0.50335	768
0.517216667	832
0.531683333	868
0.545633333	837
0.55855	775
0.57205	810
0.585366667	799
0.598416667	783
0.610166667	705
0.621366667	672
0.632616667	675
0.64465	722
0.65855	834
0.67255	840
0.686083333	812
0.698383333	738
0.710816667	746
0.72405	794
0.7373	795
0.7505	792
0.762666667	730
0.774633333	718
0.787033333	744
0.799616667	755
0.81205	746
0.82265	636
0.835716667	784
0.848783333	784
0.862533333	825
0.87495	745
0.88855	816
0.902516667	838
0.915716667	792
0.9282	749
0.940333333	728
0.953216667	773
0.966466667	795
0.980383333	835
0.993283333	774
1.005883333	756
1.01915	796
1.032316667	790
1.046083333	826
1.058483333	744
1.07055	724
1.083716667	790
1.09675	782
1.109733333	779
1.122766667	782
1.13485	725
1.147133333	737
1.160016667	773
1.1734	803
1.187066667	820
1.1995	746
1.212733333	794
1.226033333	798
1.239366667	800
1.25165	737
1.263816667	730
1.2761	737
1.288366667	736
1.29995	695
1.311983333	722
1.32465	760
1.337466667	769
1.350366667	774
1.36235	719
1.375116667	766
1.38705	716
1.398566667	691
1.409983333	685
1.420983333	660
1.432716667	704
1.444366667	699
1.455116667	645
1.467016667	714
1.47945	746
1.4922	765
1.504283333	725
1.5168	751
1.529466667	760
1.54205	755
1.5537	699
1.56545	705
1.57665	672
1.58745	648
1.5984	657
1.6104	720
1.623083333	761
1.6364	799
1.650133333	824
1.663483333	801
1.675283333	708
1.687566667	737
1.70005	749
1.713316667	796
1.725383333	724
1.738216667	770
1.750866667	759
1.762716667	711
1.775	737
1.787883333	773
1.800966667	785
1.813016667	723
1.825483333	748
1.838333333	771
1.851366667	782
1.86335	719
1.876033333	761
1.889566667	812
1.9026	782
1.91425	699
1.92665	744
1.93945	768
1.9522	765
1.964716667	751
1.9781	803
1.991783333	821
2.005583333	828
2.019616667	842
2.032716667	786
2.04565	776
2.059583333	836
2.0734	829
2.085583333	731
2.098183333	756
2.110383333	732
2.121733333	681
2.133283333	693
2.1445	673
2.15655	723
2.1669	621
2.178083333	671
2.188833333	645
2.199983333	669
2.211983333	720
2.2247	763
2.237383333	761
2.250483333	786
2.263683333	792
2.276683333	780
2.289333333	759
2.30195	757
2.31425	738
2.325566667	679
2.337	686
2.349633333	758
2.36395	859
2.3787	885
2.39255	831
2.406016667	808
2.418833333	769
2.432183333	801
2.4458	817
2.459416667	817
2.472833333	805
2.484816667	719
2.496733333	715
2.5099	790
2.52295	783
2.536566667	817
2.549683333	787
2.56125	694
2.574816667	814
2.58895	848
2.603533333	875
2.616783333	795
2.629716667	776
2.642316667	756
2.6549	755
2.667016667	727
2.678633333	697
2.691183333	753
2.704416667	794
2.71835	836
2.732733333	863
2.745983333	795
2.759383333	804
2.773183333	828
2.786866667	821
2.8007	830
2.813266667	754
2.825916667	759
2.8395	815
2.852933333	806
2.86525	739
2.8782	777
2.89235	849
2.906516667	850
2.92	809
2.933666667	820
2.94755	833
2.959866667	739
2.971966667	726
2.985	782
2.99835	801
3.011	759
3.023316667	739
3.036733333	805
3.051266667	872
3.06615	893
3.079366667	793
3.092666667	798
3.105916667	795
3.118683333	766
3.13135	760
3.142633333	677
3.15545	769
3.168283333	770
3.18115	772
3.19445	798
3.20715	762
3.220933333	827
3.234766667	830
3.24585	665
3.258783333	776
3.270916667	728
3.282816667	714
3.294133333	679
3.306283333	729
3.319283333	780
3.3329	817
3.344316667	685
3.35745	788
3.370716667	796
3.383966667	795
3.3955	692
3.40765	729
3.4203	759
3.434283333	839
3.44895	880
3.462566667	817
3.475383333	769
3.488333333	777
3.5026	856
3.518366667	946
3.534016667	939
3.547316667	798
3.560733333	805
3.574583333	831
3.58875	850
3.60225	810
3.614483333	734
3.627916667	806
3.642633333	883
3.65585	793
3.668816667	778
3.682766667	837
3.695316667	753
3.706283333	658
3.71825	718
3.730266667	721
3.742833333	754
3.75505	733
3.7659	651
3.77725	681
3.78935	726
3.80195	756
3.814533333	755
3.826366667	710
3.839833333	808
3.853633333	828
3.868116667	869
3.882883333	886
3.897183333	858
3.910016667	770
3.923933333	835
3.93815	853
3.952716667	874
3.966333333	817
3.979783333	807
3.99365	832
4.007733333	845
4.020016667	737
4.0331	785
4.046316667	793
4.059433333	787
4.072066667	758
4.084783333	763
4.096416667	698
4.10785	686
4.11955	702
4.1317	729
4.1437	720
4.155516667	709
4.1668	677
4.1788	720
4.190683333	713
4.20295	736
4.214266667	679
4.226633333	742
4.239	742
4.251633333	758
4.2633	700
4.275966667	760
4.28845	749
4.300116667	700
4.3127	755
4.32495	735
4.336383333	686
4.347316667	656
4.358516667	672
4.369466667	657
4.381266667	708
4.392566667	678
4.403483333	655
4.415766667	737
4.428066667	738
4.44135	797
4.454216667	772
4.466116667	714
4.479066667	777
4.49305	839
4.50755	870
4.522083333	872
4.535033333	777
4.548633333	816
4.562466667	830
4.576166667	822
4.589666667	810
4.6014	704
4.613816667	745
4.626783333	778
4.6403	811
4.65425	837
4.66695	762
4.6797	765
4.692566667	772
4.7053	764
4.717066667	706
4.728433333	682
4.740116667	701
4.752283333	730
4.764266667	719
4.777866667	816
4.791816667	837
4.804283333	748
4.816816667	752
4.829133333	739
4.84075	697
4.851933333	671
4.862516667	635
4.87295	626
4.884166667	673
4.897016667	771
4.909966667	777
4.922083333	727
4.93385	706
4.945883333	722
4.958116667	734
4.970116667	720
4.981016667	654
4.99195	656
5.003216667	676
5.014966667	705
5.027583333	757
5.039383333	708
5.052083333	762
5.06555	808
5.079333333	827
5.09225	775
5.104533333	737
5.117983333	807
5.131933333	837
5.145666667	824
5.158016667	741
5.169866667	711
5.181116667	675
5.193316667	732
5.207433333	847
5.22195	871
5.23635	864
5.250916667	874
5.2657	887
5.280166667	868
5.294016667	831
5.307333333	799
5.320066667	764
5.332633333	754
5.3462	814
5.360733333	872
5.373666667	776
5.3861	746
5.399716667	817
5.414266667	873
5.429983333	943
5.445283333	918
5.458483333	792
5.4728	859
5.48675	837
5.50085	846
5.514666667	829
5.527016667	741
5.5398	767
5.553116667	799
5.566916667	828
5.580133333	793
5.593116667	779
5.607466667	861
5.621233333	826
5.632916667	701
5.645133333	733
5.658416667	797
5.672033333	817
5.685416667	803
5.6984	779
5.712	816
5.725816667	829
5.739116667	798
5.752266667	789
5.765933333	820
5.779716667	827
5.792383333	760
5.805566667	791
5.819233333	820
5.83285	817
5.84515	738
5.858083333	776
5.871383333	798
5.884266667	773
5.896116667	711
5.909666667	813
5.922866667	792
5.93525	743
5.948183333	776
5.962683333	870
5.977366667	881
5.9904	782
6.003733333	800
6.016983333	795
6.02985	772
6.0411	675
6.05415	783
6.06715	780
6.079933333	767
6.0913	682
6.104266667	778
6.117216667	777
6.12995	764
6.1417	705
6.152383333	641
6.163633333	675
6.1758	730
6.188533333	764
6.20175	793
6.2147	777
6.2266	714
6.2396	780
6.252666667	784
6.265633333	778
6.277166667	692
6.290216667	783
6.303483333	796
6.316216667	764
6.3292	779
6.343116667	835
6.35635	794
6.36885	750
6.382216667	802
6.39585	818
6.408833333	779
6.421383333	753
6.434783333	804
6.448033333	795
6.461383333	801
6.473416667	722
6.486316667	774
6.4993	779
6.51265	801
6.526133333	809
6.537766667	698
6.5513	812
6.5646	798
6.577816667	793
6.589933333	727
6.604183333	855
6.618266667	845
6.630916667	759
6.644716667	828
6.659483333	886
6.674433333	897
6.687866667	806
6.701516667	819
6.714466667	777
6.726716667	735
6.737083333	622
6.7482	667
6.759333333	668
6.7707	682
6.782833333	728
6.793716667	653
6.806466667	765
6.8193	770
6.832483333	791
6.844366667	713
6.8572	770
6.8705	798
6.88445	837
6.898283333	830
6.909883333	696
6.923233333	801
6.936633333	804
6.949833333	792
6.96185	721
6.97605	852
6.99015	846
7.00225	726
7.015683333	806
7.029683333	840
7.042116667	746
7.054916667	768
7.068333333	805
7.0816	796
7.093233333	698
7.106283333	783
7.1195	793
7.130883333	683
7.143233333	741
7.15625	781
7.169483333	794
7.181316667	710
7.19315	710
7.206083333	776
7.219433333	801
7.23235	775
7.24405	702
7.25655	750
7.26945	774
7.282833333	803
7.29515	739
7.308666667	811
7.322616667	837
7.33555	776
7.348833333	797
7.362766667	836
7.375683333	775
7.38735	700
7.400533333	791
7.4137	790
7.42565	717
7.438316667	760
7.45175	806
7.464766667	781
7.476416667	699
7.489116667	762
7.502333333	793
7.515833333	810
7.528066667	734
7.541383333	799
7.555	817
7.567883333	773
7.579983333	726
7.592866667	773
7.6061	794
7.6193	792
7.63185	753
7.64565	828
7.65935	822
7.672216667	772
7.686816667	876
7.701283333	868
7.71395	760
7.727383333	806
7.739833333	747
7.751533333	702
7.764166667	758
7.77695	767
7.789433333	749
7.8009	688
7.812116667	673
7.823783333	700
7.836033333	735
7.847666667	698
7.859083333	685
7.870066667	659
7.880833333	646
7.891133333	618
7.901733333	636
7.912683333	657
7.9243	697
7.936066667	706
7.9488	764
7.961983333	791
7.97425	736
7.98715	774
8.000466667	799
8.0142	824
8.028533333	860
8.04235	829
8.055266667	775
8.07075	929
8.086	915
8.101166667	910
8.114266667	786
8.128816667	873
8.142766667	837
8.155066667	738
8.1679	770
8.180383333	749
8.192566667	731
8.204233333	700
8.216983333	765
8.228833333	711
8.240916667	725
8.252516667	696
8.264466667	717
8.27645	719
8.28725	648
8.298533333	677
8.310466667	716
8.323133333	760
8.33575	757
8.347416667	700
8.360116667	762
8.371966667	711
8.3843	740
8.396033333	704
8.408116667	725
8.419983333	712
8.432316667	740
8.44415	710
8.454933333	647
8.466916667	719
8.478416667	690
8.48915	644
8.500666667	691
8.513183333	751
8.525016667	710
8.536783333	706
8.549933333	789
8.562866667	776
8.5748	716
8.587633333	770
8.600283333	759
8.6125	733
8.625683333	791
8.6381	745
8.650016667	715
8.66205	722
8.6734	681
8.685033333	698
8.6966	694
8.70815	693
8.719083333	656
8.73125	730
8.74435	786
8.75665	738
8.769366667	763
8.782633333	796
8.795733333	786
8.80835	757
8.82095	756
8.83285	714
8.8442	681
8.85545	675
8.86705	696
8.878783333	704
8.889833333	663
8.901283333	687
8.913633333	741
8.926166667	752
8.937633333	688
8.948766667	668
8.960883333	727
8.972583333	702
8.983233333	639
8.995133333	714
9.006983333	711
9.01815	670
9.029166667	661
9.041083333	715
9.052616667	692
9.063633333	661
9.075133333	690
9.086633333	690
9.09785	673
9.108733333	653
9.12005	679
9.1315	687
9.142	630
9.153133333	668
9.16425	667
9.175033333	647
9.18555	631
9.196666667	667
9.2074	644
9.217633333	614
9.22845	649
9.239483333	662
9.251	691
9.26155	633
9.272266667	643
9.2833	662
9.294366667	664
9.304533333	610
9.315683333	669
9.32685	670
9.337833333	659
9.348316667	629
9.359516667	672
9.37145	716
9.383016667	694
9.39425	674
9.405833333	695
9.417133333	678
9.4278	640
9.43865	651
9.449283333	638
9.459616667	620
9.469916667	618
9.48045	632
9.490933333	629
9.500933333	600
9.5117	646
9.5223	636
9.532583333	617
9.54385	676
9.5552	681
9.5659	642
9.57705	669
9.588733333	701
9.600016667	677
9.61065	638
9.622116667	688
9.632866667	645
9.643116667	615
9.653583333	628
9.6639	619
9.673733333	590
9.683966667	614
9.694383333	625
9.705116667	644
9.7155	623
9.726983333	689
9.738083333	666
9.748633333	633
9.76	682
9.77065	639
9.780766667	607
9.791383333	637
9.802383333	660
9.813033333	639
9.82345	625
9.8342	645
9.8451	654
9.855433333	620
9.866866667	686
9.878266667	684
9.8892	656
9.900583333	683
9.912016667	686
9.923066667	663
9.933983333	655
9.945216667	674
9.9557	629
9.966283333	635
9.977583333	678
9.9886	661
9.99925	639
10.01148333	734
10.02301667	692
10.0344	683
10.04616667	706
10.05781667	699
10.06866667	651
10.07956667	654
10.0904	650
10.10071667	619
10.112	677
10.12351667	691
10.1346	665
10.1462	696
10.158	708
10.16996667	718
10.18131667	681
10.19323333	715
10.20496667	704
10.21641667	687
10.22778333	682
10.23935	694
10.25073333	683
10.26141667	641
10.27285	686
10.28425	684
10.29496667	643
10.3063	680
10.31805	705
10.32971667	700
10.34066667	657
10.35256667	714
10.36393333	682
10.3752	676
10.38586667	640
10.39715	677
10.40815	660
10.41916667	661
10.43006667	654
10.44143333	682
10.45325	709
10.46436667	667
10.47603333	700
10.48753333	690
10.4985	658
10.50921667	643
10.51998333	646
10.53063333	639
10.54066667	602
10.55096667	618
10.56141667	627
10.57231667	654
10.58271667	624
10.59293333	613
10.60325	619
10.61433333	665
10.62561667	677
10.63613333	631
10.64665	631
10.65768333	662
10.66846667	647
10.67918333	643
10.68938333	612
10.70013333	645
10.7108	640
10.72123333	626
10.73131667	605
10.7415	611
10.7516	606
10.7617	606
10.77138333	581
10.78111667	584
10.79066667	573
10.80031667	579
10.8116	677
10.82271667	667
10.834	677
10.84455	633
10.8558	675
10.86695	669
10.87796667	661
10.88873333	646
10.89885	607
10.90918333	620
10.9195	619
10.92976667	616
10.93963333	592
10.95006667	626
10.96005	599
10.96978333	584
10.97933333	573
10.98906667	584
10.9994	620
11.00983333	626
11.01996667	608
11.03035	623
11.04131667	658
11.05256667	675
11.06293333	622
11.07373333	648
11.08433333	636
11.09446667	608
11.1046	608
11.11503333	626
11.12591667	653
11.13611667	612
11.14688333	646
11.15795	664
11.16898333	662
11.17946667	629
11.19073333	676
11.20206667	680
11.2133	674
11.224	642
11.23578333	707
11.24753333	705
11.25871667	671
11.27	677
11.28151667	691
11.29258333	664
11.3032	637
11.31465	687
11.32596667	679
11.33651667	633
11.3474	653
11.3584	660
11.3689	630
11.37911667	613
11.38958333	628
11.39998333	624
11.40988333	594
11.41968333	588
11.42966667	599
11.43975	605
11.44993333	611
11.45981667	593
11.47001667	612
11.4804	623
11.491	636
11.50106667	604
11.51141667	621
11.52203333	637
11.53275	643
11.54276667	601
11.55298333	613
11.56341667	626
11.57386667	627
11.58376667	594
11.5941	620
11.60455	627
11.61478333	614
11.62475	598
11.63491667	610
11.64583333	655
11.65665	649
11.6667	603
11.67678333	605
11.6868	601
11.69676667	598
11.70633333	574
11.71606667	584
11.7261	602
11.73645	621
11.74633333	593
11.75626667	596
11.7667	626
11.777	618
11.78686667	592
11.79663333	586
11.8066	598
11.81686667	616
11.82698333	607
11.8367	583
11.84636667	580
11.85623333	592
11.86691667	641
11.87773333	649
11.88778333	603
11.89818333	624
11.90891667	644
11.91978333	652
11.92976667	599
11.9397	596
11.94951667	589
11.96	629
11.97063333	638
11.98103333	624
11.99091667	593
12.00088333	598
12.01098333	606
12.02128333	618
12.03141667	608
12.04131667	594
12.05153333	613
12.06143333	594
12.07108333	579
12.08121667	608
12.09085	578
12.10061667	586
12.11083333	613
12.12123333	624
12.13105	589
12.14076667	583
12.15058333	589
12.16111667	632
12.1721	659
12.1822	606
12.19233333	608
12.20328333	657
12.21436667	665
12.22451667	609
12.23546667	657
12.24615	641
12.25616667	601
12.26605	593
12.27636667	619
12.28711667	645
12.29708333	598
12.30755	628
12.31841667	652
12.32868333	616
12.33905	622
12.35041667	682
12.36113333	643
12.37143333	618
12.38241667	659
12.39326667	651
12.40353333	616
12.41398333	627
12.425	661
12.43521667	613
12.44568333	628
12.45668333	660
12.46753333	651
12.47785	619
12.48915	678
12.50035	672
12.51126667	655
12.52191667	639
12.53375	710
12.54478333	662
12.5556	649
12.5655	594
12.57546667	598
12.58546667	600
12.59598333	631
12.60623333	615
12.61608333	591
12.6262	607
12.63713333	656
12.6479	646
12.65815	615
12.66851667	622
12.67973333	673
12.6909	670
12.70138333	629
12.7116	613
12.7228	672
12.73458333	707
12.7464	709
12.75685	627
12.7684	693
12.78021667	709
12.7922	719
12.80318333	659
12.8146	685
12.82621667	697
12.83761667	684
12.84825	638
12.85948333	674
12.87046667	659
12.88115	641
12.89141667	616
12.9023	653
12.91298333	641
12.92335	622
12.93361667	616
12.94471667	666
12.95586667	669
12.96596667	606
12.97676667	648
12.98713333	622
12.99698333	591
13.00671667	584
13.01668333	598
13.02675	604
13.03655	588
13.0463	585
13.05666667	622
13.06785	671
13.07806667	613
13.08915	665
13.10066667	691
13.11161667	657
13.122	623
13.13311667	667
13.14408333	658
13.15426667	611
13.16451667	615
13.17513333	637
13.18605	655
13.19625	612
13.20758333	680
13.2191	691
13.22961667	631
13.2408	671
13.2523	690
13.2628	630
13.2732	624
13.28425	663
13.29461667	622
13.30475	608
13.31555	648
13.32605	630
13.33615	606
13.34718333	662
13.35865	688
13.36936667	643
13.38023333	652
13.39186667	698
13.40331667	687
13.41391667	636
13.42531667	684
13.43651667	672
13.44688333	622
13.45726667	623
13.46816667	654
13.47893333	646
13.48915	613
13.4999	645
13.51086667	658
13.52168333	649
13.53205	622
13.54361667	694
13.55488333	676
13.56518333	618
13.5756	625
13.58618333	635
13.5963	607
13.60596667	580
13.6157	584
13.6258	606
13.63671667	655
13.64678333	604
13.65676667	599
13.66713333	622
13.67786667	644
13.68811667	615
13.69841667	618
13.70905	638
13.7196	633
13.72981667	613
13.74041667	636
13.75093333	631
13.76088333	597
13.77123333	621
13.78193333	642
13.79273333	648
13.803	616
13.81435	681
13.8256	675
13.83641667	649
13.84715	644
13.85835	672
13.8688	627
13.88001667	673
13.89125	674
13.90196667	643
13.91298333	661
13.92448333	690
13.9362	703
13.9473	666
13.9593	720
13.97066667	682
13.98148333	649
13.99226667	647
14.00371667	687
14.01521667	690
14.0259	641
14.03778333	713
14.04975	718
14.06115	684
14.0735	741
14.0858	738
14.09718333	683
14.10796667	647
14.11918333	673
14.13008333	654
14.14048333	624
14.15078333	618
14.16188333	666
14.1733	685
14.1839	636
14.19445	633
14.20555	666
14.2162	639
14.2264	612
14.23701667	637
14.2478	647
14.25795	609
14.26803333	605
14.2784	622
14.28905	639
14.29908333	602
14.3094	619
14.3201	642
14.33026667	610
14.34098333	643
14.35215	670
14.36243333	617
14.37278333	621
14.38315	622
14.3933	609
14.40296667	580
14.4127	584
14.42265	597
14.43276667	607
14.44261667	591
14.45261667	600
14.46331667	642
14.47408333	646
14.48405	598
14.49461667	634
14.50575	668
14.51645	642
14.52661667	610
14.53775	668
14.54875	660
14.55953333	647
14.56986667	620
14.58118333	679
14.59221667	662
14.60273333	631
14.61411667	683
14.6263	731
14.63705	645
14.64816667	667
14.65901667	651
14.66945	626
14.67995	630
14.68998333	602
14.70028333	618
14.7105	613
14.72016667	580
14.73008333	595
14.7403	613
14.7503	600
14.7603	600
14.7713	660
14.782	642
14.79205	603
14.80321667	670
14.81428333	664
14.82458333	618
14.8353	643
14.8464	666
14.85656667	610
14.86685	617
14.87773333	653
14.88838333	639
14.89863333	615
14.9099	676
14.9209	660
14.93128333	623
14.94286667	695
14.95438333	691
14.96506667	641
14.97606667	660
14.98696667	654
14.99713333	610
15.00731667	611
15.01825	656
15.02891667	640
15.03913333	613
15.0502	664
15.06155	681
15.07208333	632
15.08316667	665
15.09413333	658
15.10435	613
15.1144	603
15.12486667	628
15.1354	632
15.14525	591
15.15575	630
15.16661667	652
15.17726667	639
15.18735	605
15.1985	669
15.2089	624
15.21936667	628
15.23038333	661
15.24111667	644
15.25133333	613
15.26221667	653
15.2729	641
15.28295	603
15.29315	612
15.30408333	656
15.315	655
15.3252	612
15.33668333	689
15.3482	691
15.35913333	656
15.3705	682
15.3821	696
15.39275	639
15.4031	621
15.41355	627
15.42428333	644
15.4351	649
15.44538333	617
15.45636667	659
15.46816667	708
15.4792	662
15.49028333	665
15.5019	697
15.51295	663
15.52405	666
15.53561667	694
15.54675	668
15.55746667	643
15.56875	677
15.58015	684
15.59066667	631
15.60163333	658
15.61245	649
15.62295	630
15.63326667	619
15.64408333	649
15.65488333	648
15.66516667	617
15.67603333	652
15.68701667	659
15.6975	629
15.7078	618
15.71841667	637
15.729	635
15.73881667	589
15.74905	614
15.75926667	613
15.7691	590
15.77891667	589
15.7892	617
15.79973333	632
15.80966667	596
15.81971667	603
15.83038333	640
15.84063333	615
15.85028333	579
15.86001667	584
15.8699	593
15.87971667	589
15.88918333	568
15.89903333	591
15.90893333	594
15.91853333	576
15.92811667	575
15.93818333	604
15.94888333	642
15.95876667	593
15.96958333	649
15.9807	667
15.9909	612
16.0015	636
16.01205	633
16.0221	603
16.03191667	589
16.04216667	615
16.0522	602
16.06221667	601
16.07306667	651
16.08371667	639
16.09401667	618
16.10565	698
16.1168	669
16.1282	684
16.13963333	686
16.15076667	668
16.16085	605
16.17128333	626
16.18186667	635
16.1927	650
16.2027	600
16.21351667	649
16.2245	659
16.23546667	658
16.24568333	613
16.25653333	651
16.26766667	668
16.2781	626
16.28813333	602
16.298	592
16.30768333	581
16.31841667	644
16.33018333	706
16.34175	694
16.35266667	655
16.36331667	639
16.37453333	673
16.38575	673
16.39688333	668
16.40721667	620
16.41788333	640
16.42883333	657
16.43953333	642
16.44948333	597
16.46026667	647
16.47178333	691
16.48266667	653
16.49313333	628
16.50438333	675
16.51585	688
16.52636667	631
16.537	638
16.54815	669
16.55908333	656
16.56925	610
16.58001667	646
16.59075	644
16.60096667	613
16.61161667	639
16.62296667	681
16.63421667	675
16.64483333	637
16.65545	637
16.66641667	658
16.67688333	628
16.6868	595
16.69693333	608
16.70823333	678
16.72026667	722
16.73086667	636
16.74196667	666
16.75351667	693
16.7648	677
16.7754	636
16.78686667	688
16.79796667	666
16.80833333	622
16.8186	616
16.82938333	647
16.84023333	651
16.85051667	617
16.86173333	673
16.873	676
16.88391667	655
16.89485	656
16.90681667	718
16.91766667	651
16.9282	632
16.93945	675
16.95055	666
16.96093333	623
16.97201667	665
16.98295	656
16.99345	630
17.00466667	673
17.01601667	681
17.0268	647
17.03781667	661
17.04906667	675
17.05961667	633
17.06991667	618
17.08023333	619
17.09003333	588
17.09973333	582
17.10951667	587
17.1196	605
17.12968333	605
17.1396	595
17.15036667	646
17.16123333	652
17.17146667	614
17.1823	650
17.19318333	653
17.2033	607
17.2133	600
17.22318333	593
17.23281667	578
17.2423	569
17.2518	570
17.2611	558
17.27058333	569
17.28071667	608
17.29121667	630
17.30091667	582
17.31086667	597
17.32151667	639
17.33235	650
17.34235	600
17.35241667	604
17.36263333	613
17.37288333	615
17.38253333	579
17.3922	580
17.40193333	584
17.41198333	603
17.42193333	597
17.43175	589
17.44198333	614
17.45275	646
17.46291667	610
17.47316667	615
17.4839	644
17.495	666
17.50511667	607
17.51548333	622
17.52618333	642
17.53636667	611
17.54671667	621
17.5574	641
17.56765	615
17.57766667	601
17.588	620
17.59885	651
17.60955	642
17.61993333	623
17.63111667	671
17.64203333	655
17.65236667	620
17.6632	650
17.67398333	647
17.68386667	593
17.69431667	627
17.70488333	634
17.71503333	609
17.72538333	621
17.73628333	654
17.74706667	647
17.75748333	625
17.76856667	665
17.77968333	667
17.79003333	621
17.80108333	663
17.81188333	648
17.82218333	618
17.83236667	611
17.84306667	642
17.85398333	655
17.86423333	615
17.87438333	609
17.8854	661
17.89665	675
17.90688333	614
17.91706667	611
17.927	596
17.9372	612
17.94731667	607
17.95735	602
17.96728333	596
17.97688333	576
17.98648333	576
17.99623333	585
18.00651667	617
18.01655	602
18.02671667	610
18.03795	674
18.04923333	677
18.05958333	621
18.07061667	662
18.08163333	661
18.092	622
18.1022	612
18.11266667	628
18.12255	593
18.13235	588
18.1428	627
18.15355	645
18.1636	603
18.1742	636
18.18478333	635
18.1947	595
18.20463333	596
18.21458333	597
18.22421667	578
18.23386667	579
18.24358333	583
18.25296667	563
18.2629	596
18.27326667	622
18.28331667	603
18.29323333	595
18.30423333	660
18.31468333	627
18.3248	607
18.33578333	659
18.34645	640
18.35658333	608
18.36731667	644
18.37833333	661
18.38856667	614
18.39893333	622
18.40976667	650
18.42061667	651
18.43061667	600
18.44163333	661
18.4525	652
18.46283333	620
18.47318333	621
18.48415	658
18.49463333	629
18.50478333	609
18.5155	643
18.52625	645
18.5364	609
18.54663333	614
18.55688333	615
18.56681667	596
18.57666667	591
18.587	620
18.5972	612
18.60681667	577
18.6173	629
18.62776667	628
18.63773333	598
18.64785	607
18.65806667	613
18.66795	593
18.67763333	581
18.68766667	602
18.69756667	594
18.70718333	577
18.71671667	572
18.72661667	594
18.73641667	588
18.74591667	570
18.75563333	583
18.76565	601
18.77566667	601
18.78518333	571
18.79501667	590
18.80486667	591
18.81456667	582
18.82391667	561
18.83386667	597
18.84396667	606
18.85373333	586
18.86343333	582
18.8737	616
18.88378333	605
18.89338333	576
18.90296667	575
18.91276667	588
18.92245	581
18.93163333	551
18.94086667	554
18.95005	551
18.9591	543
18.96828333	551
18.97776667	569
18.98701667	555
18.9968	587
19.00686667	604
19.01673333	592
19.02636667	578
19.03631667	597
19.04613333	589
19.05551667	563
19.06543333	595
19.0757	616
19.08556667	592
19.09596667	624
19.10691667	657
19.1172	617
19.12763333	626
19.1385	652
19.14891667	625
19.15925	620
19.17016667	655
19.18078333	637
19.19088333	606
19.20183333	657
19.21293333	666
19.22365	643
19.23448333	650
19.24663333	729
19.25786667	674
19.2691	674
19.28105	717
19.29275	702
19.30358333	650
19.31523333	699
19.3262	658
19.33678333	635
19.3468	601
19.35705	615
19.36823333	671
19.37983333	696
19.39041667	635
19.40115	644
19.41268333	692
19.42396667	677
19.43426667	618
19.44493333	640
19.45566667	644
19.46628333	637
19.4761	589
19.48718333	665
19.49805	652
19.50835	618
19.51885	630
19.52978333	656
19.5402	625
19.55043333	614
19.56115	643
19.57198333	650
19.58211667	608
19.59288333	646
19.60373333	651
19.61371667	599
19.62383333	607
19.63385	601
19.64373333	593
19.65338333	579
19.66368333	618
19.67441667	644
19.6845	605
19.69565	669
19.7068	669
19.71753333	644
19.72845	655
19.74056667	727
19.7517	668
19.7627	660
19.77426667	694
19.78521667	657
19.79548333	616
19.80555	604
19.81523333	581
19.82486667	578
19.83563333	646
19.8465	652
19.85696667	628
19.86715	611
19.87696667	589
19.8866	578
19.89643333	590
19.90638333	597
19.91586667	569
19.92546667	576
19.93525	587
19.94561667	622
19.95568333	604
19.96543333	585
19.97538333	597
19.98663333	675
19.99816667	692
20.00848333	619
20.0197	673
20.03131667	697
20.0425	671
20.053	630
20.06428333	677
20.07553333	675
20.08601667	629
20.09663333	637
20.10733333	642
20.1179	634
20.12805	609
20.1389	651
20.14978333	653
20.16	613
20.17103333	662
20.18226667	674
20.19275	629
20.20426667	691
20.21566667	684
20.22636667	642
20.23746667	666
20.24828333	649
20.25836667	605
20.26845	605
20.27846667	601
20.2884	596
20.29815	585
20.30853333	623
20.31901667	629
20.32911667	606
20.3404	677
20.35165	675
20.36255	654
20.37348333	656
20.3849	685
20.39538333	629
20.40583333	627
20.41651667	641
20.42666667	609
20.4368	608
20.44713333	620
20.45743333	618
20.46751667	605
20.47851667	660
20.48941667	654
20.49976667	621
20.511	674
20.52215	669
20.53248333	620
20.5436	667
20.55418333	635
20.56425	604
20.57431667	604
20.58495	638
20.59503333	605
20.60546667	626
20.61656667	666
20.6272	638
20.63815	657
20.64928333	668
20.65971667	626
20.67026667	633
20.68083333	634
20.69096667	608
20.70075	587
20.71106667	619
20.72153333	628
20.73163333	606
20.74166667	602
20.75173333	604
20.76253333	648
20.77285	619
20.78286667	601
20.79271667	591
20.80291667	612
20.8133	623
20.8233	600
20.83286667	574
20.84246667	576
20.85233333	592
20.86225	595
20.87196667	583
20.88145	569
20.8911	579
20.90083333	584
20.91071667	593
20.92011667	564
20.9303	611
20.9404	606
20.95033333	596
20.96046667	608
20.97121667	645
20.98171667	630
20.99195	614
21.00295	660
21.01333333	623
21.02345	607
21.03401667	634
21.04498333	658
21.05536667	623
21.0664	662
21.07853333	728
21.09043333	714
21.10158333	669
21.1125	655
21.12415	699
21.13505	654
21.14548333	626
21.15586667	623
21.16671667	651
21.17786667	669
21.18876667	654
21.19916667	624
21.2099	644
21.22088333	659
21.23205	670
21.2431	663
21.2536	630
21.26453333	656
21.27543333	654
21.28658333	669
21.29726667	641
21.3079	638
21.31933333	686
21.33081667	689
21.34265	710
21.35348333	650
21.36466667	671
21.37603333	682
21.38756667	692
21.3982	638
21.40876667	634
21.41978333	661
21.43103333	675
21.44145	625
21.45178333	620
21.46283333	663
21.47438333	693
21.48576667	683
21.49655	647
21.50771667	670
21.51938333	700
21.53093333	693
21.54193333	660
21.55305	667
21.56458333	692
21.57605	688
21.58691667	652
21.5979	659
21.60935	687
21.62076667	685
21.63168333	655
21.64233333	639
21.65318333	651
21.66448333	678
21.67581667	680
21.68706667	675
21.69796667	654
21.7089	656
21.7207	708
21.73303333	740
21.74548333	747
21.7579	745
21.7694	690
21.78035	657
21.79118333	650
21.80153333	621
21.81196667	626
21.8224	626
21.83248333	605
21.84243333	597
21.85223333	588
21.8628	634
21.87388333	665
21.88515	676
21.89658333	686
21.90786667	677
21.91875	653
21.92976667	661
21.94048333	643
21.95101667	632
21.96155	632
21.97318333	698
21.98498333	708
21.9972	733
22.00903333	710
22.02115	727
22.03241667	676
22.0432	647
22.05406667	652
22.06443333	622
22.07463333	612
22.08551667	653
22.09696667	687
22.10838333	685
22.11956667	671
22.13188333	739
22.14391667	722
22.15646667	753
22.16813333	700
22.17998333	711
22.19201667	722
22.20413333	727
22.21571667	695
22.22823333	751
22.2409	760
22.25268333	707
22.26398333	678
22.2754	685
22.28665	675
22.29741667	646
22.308	635
22.31823333	614
22.3281	592
22.33791667	589
22.34856667	639
22.35883333	616
22.36945	637
22.38046667	661
22.39145	659
22.402	633
22.41258333	635
22.4234	649
22.43378333	623
22.44425	628
22.45545	672
22.46668333	674
22.47768333	660
22.48821667	632
22.49866667	627
22.50881667	609
22.51895	608
22.52945	630
22.53955	606
22.54953333	599
22.55965	607
22.56991667	616
22.58025	620
22.5905	615
22.6012	642
22.61278333	695
22.62513333	741
22.63751667	743
22.6497	731
22.66281667	787
22.67586667	783
22.68833333	748
22.7003	718
22.71261667	739
22.72473333	727
22.7362	688
22.7479	702
22.76028333	743
22.77268333	744
22.78413333	687
22.79543333	678
22.80738333	717
22.81933333	717
22.83081667	689
22.842	671
22.85373333	704
22.86545	703
22.8768	681
22.88781667	661
22.8986	647
22.90953333	656
22.92025	643
22.93165	684
22.94336667	703
22.9548	686
22.96571667	655
22.97668333	658
22.98763333	657
22.99855	655
23.0093	645
23.02025	657
23.03148333	674
23.04288333	684
23.05381667	656
23.0646	647
23.07576667	670
23.08663333	652
23.0979	676
23.1098	714
23.12138333	695
23.13251667	668
23.144	689
23.1557	702
23.16721667	691
23.17846667	675
23.1895	662
23.20105	693
23.2129	711
23.22538333	749
23.23818333	768
23.2507	751
23.2633	756
23.27645	789
23.28991667	808
23.30326667	801
23.31573333	748
23.32821667	749
23.34016667	717
23.3516	686
23.36253333	656
23.3734	652
23.38526667	712
23.39735	725
23.40881667	688
23.4209	725
23.43328333	743
23.44496667	701
23.45723333	736
23.46923333	720
23.48081667	695
23.49153333	643
23.5022	640
23.51238333	611
23.52231667	596
23.53225	596
23.54236667	607
23.55365	677
23.56546667	709
23.5765	662
23.58718333	641
23.59833333	669
23.60928333	657
23.62045	670
23.6313	651
23.64228333	659
23.65328333	660
23.6639	637
23.67481667	655
23.68695	728
23.70025	798
23.71311667	772
23.72523333	727
23.73891667	821
23.75265	824
23.76551667	772
23.77781667	738
23.79046667	759
23.80326667	768
23.8162	776
23.82808333	713
23.8401	721
23.85203333	716
23.86416667	728
23.87668333	751
23.8887	721
23.90125	753
23.91365	744
23.92561667	718
23.93698333	682
23.94838333	684
23.95995	694
23.97108333	668
23.98158333	630
23.99256667	659
24.00418333	697
24.01565	688
24.02706667	685
24.03833333	676
24.05003333	702
24.06215	727
24.07421667	724
24.08648333	736
24.09945	778
24.11228333	770
24.12423333	717
24.13658333	741
24.14875	730
24.1606	711
24.17181667	673
24.18326667	687
24.19575	749
24.20866667	775
24.22086667	732
24.23355	761
24.24626667	763
24.2591	770
24.27118333	725
24.28375	754
24.29651667	766
24.30836667	711
24.32081667	747
24.33336667	753
24.34551667	729
24.35698333	688
24.36888333	714
24.38138333	750
24.3938	745
24.40515	681
24.41675	696
24.42848333	704
24.43976667	677
24.45051667	645
24.46138333	652
24.47265	676
24.48358333	656
24.4949	679
24.50656667	700
24.51841667	711
24.53006667	699
24.54098333	655
24.5518	649
24.5627	654
24.57393333	674
24.58578333	711
24.59781667	722
24.61058333	766
24.6237	787
24.63603333	740
24.6482	730
24.66066667	748
24.67316667	750
24.68476667	696
24.69595	671
24.70655	636
24.7169	621
24.72705	609
24.73721667	610
24.74803333	649
24.75941667	683
24.77071667	678
24.78161667	654
24.79308333	688
24.8044	679
24.81608333	701
24.82786667	707
24.83948333	697
24.85035	652
24.86116667	649
24.87225	665
24.88356667	679
24.89493333	682
24.90758333	759
24.92086667	797
24.93308333	733
24.9446	691
24.95683333	734
24.96905	733
24.9806	693
24.99231667	703
25.00373333	685
25.01466667	656
25.02533333	640
25.03646667	668
25.04773333	676
25.059	676
25.0704	684
25.08195	693
25.09283333	653
25.10403333	672
25.11561667	695
25.12751667	714
25.1391	695
25.14993333	650
25.16066667	644
25.17203333	682
25.18371667	701
25.19575	722
25.20731667	694
25.21971667	744
25.23243333	763
25.24485	745
25.25653333	701
25.26901667	749
25.28138333	742
25.29345	724
25.30585	744
25.3183	747
25.33101667	763
25.34336667	741
25.35591667	753
25.36808333	730
25.37963333	693
25.39136667	704
25.40371667	741
25.4164	761
25.42861667	733
25.44126667	759
25.4537	746
25.46566667	718
25.47803333	742
25.49073333	762
25.50295	733
25.51471667	706
25.52723333	751
25.54026667	782
25.55315	773
25.56533333	731
25.57788333	753
25.59025	742
25.60233333	725
25.61378333	687
25.62585	724
25.63815	738
25.65043333	737
25.66286667	746
25.67566667	768
25.68855	773
25.70071667	730
25.71313333	745
25.72553333	744
25.73738333	711
25.74943333	723
25.76188333	747
25.77461667	764
25.78711667	750
25.8	773
25.81305	783
25.82516667	727
25.83753333	742
25.85001667	749
25.8619	713
25.87335	687
25.88558333	734
25.89776667	731
25.91006667	738
25.92165	695
25.93385	732
25.94586667	721
25.95786667	720
25.96915	677
25.98076667	697
25.99246667	702
26.00403333	694
26.01516667	668
26.0256	626
26.03623333	638
26.04745	673
26.05915	702
26.07111667	718
26.08283333	703
26.09395	667
26.10538333	686
26.11718333	708
26.12905	712
26.14065	696
26.1523	699
26.16456667	736
26.1766	722
26.18825	699
26.2004	729
26.21265	735
26.225	741
26.23656667	694
26.24858333	721
26.26061667	722
26.27231667	702
26.28396667	699
26.29616667	732
26.30846667	738
26.3211	758
26.33315	723
26.34581667	760
26.35851667	762
26.37108333	754
26.38298333	714
26.39468333	702
26.40675	724
26.41875	720
26.43016667	685
26.4412	662
26.45303333	710
26.46465	697
26.47638333	704
26.48763333	675
26.49921667	695
26.51083333	697
26.52195	667
26.53301667	664
26.54465	698
26.55623333	695
26.56801667	707
26.57936667	681
26.59085	689
26.60216667	679
26.61305	653
26.62366667	637
26.6343	638
26.64563333	680
26.65698333	681
26.66831667	680
26.67935	662
26.69058333	674
26.70186667	677
26.71301667	669
26.7238	647
26.73478333	659
26.7459	667
26.7569	660
26.76758333	641
26.77861667	662
26.78908333	628
26.7992	607
26.80955	621
26.82053333	659
26.83091667	623
26.8413	623
26.85215	651
26.8628	639
26.87335	633
26.88436667	661
26.89555	671
26.90686667	679
26.91808333	673
26.9296	691
26.94098333	683
26.95218333	672
26.96288333	642
26.97343333	633
26.98426667	650
26.99543333	670
27.00681667	683
27.0183	689
27.02941667	667
27.04056667	669
27.05208333	691
27.06361667	692
27.07485	674
27.08663333	707
27.09808333	687
27.10861667	632
27.11941667	648
27.12985	626
27.14023333	623
27.15133333	666
27.16286667	692
27.17448333	697
27.18598333	690
27.19766667	701
27.20941667	705
27.2212	707
27.23296667	706
27.2449	716
27.25755	759
27.27038333	770
27.28331667	776
27.2963	779
27.30876667	748
27.32056667	708
27.3331	752
27.3463	792
27.35898333	761
27.37068333	702
27.38205	682
27.39336667	679
27.40398333	637
27.4146	637
27.42615	693
27.43773333	695
27.44923333	690
27.4614	730
27.47356667	730
27.48526667	702
27.49695	701
27.5083	681
27.5201	708
27.53233333	734
27.5447	742
27.55698333	737
27.5684	685
27.57968333	677
27.59041667	644
27.60093333	631
27.6113	622
27.62205	645
27.63338333	680
27.6453	715
27.65748333	731
27.66928333	708
27.68173333	747
27.6943	754
27.70655	735
27.71845	714
27.73026667	709
27.74155	677
27.75285	678
27.76458333	704
27.77626667	701
27.78775	689
27.79916667	685
27.81126667	726
27.82356667	738
27.83588333	739
27.84746667	695
27.85923333	706
27.87066667	686
27.88228333	697
27.89336667	665
27.90495	695
27.91671667	706
27.92821667	690
27.93906667	651
27.95045	683
27.96215	702
27.97336667	673
27.98471667	681
27.9961	683
28.00768333	695
28.01973333	723
28.03131667	695
28.0433	719
28.05561667	739
28.0683	761
28.08035	723
28.0931	765
28.10581667	763
28.11775	716
28.12928333	692
28.14111667	710
28.15276667	699
28.16393333	670
28.17603333	726
28.18826667	734
28.20041667	729
28.21286667	747
28.22523333	742
28.2371	712
28.24933333	734
28.26185	751
28.27436667	751
28.28625	713
28.29815	714
28.31046667	739
28.32285	743
28.3344	693
28.34641667	721
28.35766667	675
28.36973333	724
28.382	736
28.39445	747
28.40671667	736
28.41813333	685
28.42985	703
28.44156667	703
28.45298333	685
28.4644	685
28.47585	687
28.48685	660
28.49763333	647
28.50825	637
28.51835	606
28.52846667	607
28.53863333	610
28.5491	628
28.56076667	700
28.57268333	715
28.58488333	732
28.59665	706
28.60911667	748
28.62153333	745
28.63378333	735
28.64508333	678
28.65611667	662
28.66715	662
28.67755	624
28.68796667	625
28.69831667	621
28.70916667	651
28.72083333	700
28.7324	694
28.74338333	659
28.7543	655
28.76495	639
28.77555	636
28.7861	633
28.79661667	631
28.8074	647
28.81795	633
28.82908333	668
28.84043333	681
28.85208333	699
28.86325	670
28.8752	717
28.8869	702
28.89786667	658
28.90855	641
28.91906667	631
28.92911667	603
28.93891667	588
28.94873333	589
28.95843333	582
28.96821667	587
28.97895	644
28.99015	672
29.00071667	634
29.01186667	669
29.0229	662
29.0338	654
29.04501667	673
29.05636667	681
29.06796667	696
29.0793	680
29.09123333	716
29.10358333	741
29.11601667	746
29.12776667	705
29.13998333	733
29.15225	736
29.16423333	719
29.17641667	731
29.1889	749
29.20106667	730
29.21258333	691
29.22495	742
29.23701667	724
29.24855	692
29.26006667	691
29.27208333	721
29.28406667	719
29.29563333	694
29.30708333	687
29.31943333	741
29.33233333	774
29.345	760
29.35695	717
29.36958333	758
29.3822	757
29.39476667	754
29.40656667	708
29.41861667	723
29.43048333	712
29.442	691
29.45368333	701
29.46596667	737
29.47836667	744
29.4903	716
29.50196667	700
29.51446667	750
29.527	752
29.53945	747
29.5514	717
29.56416667	766
29.57671667	753
29.5889	731
29.60078333	713
29.61336667	755
29.62598333	757
29.63848333	750
29.65055	724
29.66291667	742
29.67541667	750
29.68711667	702
29.69831667	672
29.70956667	675
29.72148333	715
29.73368333	732
29.74553333	711
29.75715	697
29.76955	744
29.7821	753
29.79475	759
29.80726667	751
29.81968333	745
29.83185	730
29.84303333	671
29.85456667	692
29.86643333	712
29.8785	724
29.89025	705
29.90188333	698
29.91425	742
29.92681667	754
29.93883333	721
29.95098333	729
29.96343333	747
29.97566667	734
29.98735	701
29.999	699
30.01065	699
30.02236667	703
30.03363333	676
30.04491667	677
30.05675	710
30.0687	717
30.08043333	704
30.0914	658
30.10198333	635
30.1123	619
30.12271667	625
30.13353333	649
30.14455	661
30.15581667	676
30.16686667	663
30.17793333	664
30.18921667	677
30.20035	668
30.21168333	680
30.22316667	689
30.23501667	711
30.2467	701
30.25793333	674
30.2692	676
30.28093333	704
30.29211667	671
30.30276667	639
30.31338333	637
30.3249	691
30.33678333	713
30.34828333	690
30.35973333	687
30.3714	700
30.38291667	691
30.3939	659
30.40496667	664
30.41663333	700
30.42855	715
30.44033333	707
30.45236667	722
30.46403333	700
30.47561667	695
30.48646667	651
30.49746667	660
30.50903333	694
30.52075	703
30.5332	747
30.54555	741
30.5584	771
30.57118333	767
30.58298333	708
30.59501667	722
30.60705	722
30.61881667	706
30.63001667	672
30.64176667	705
30.65386667	726
30.66568333	709
30.67715	688
30.68891667	706
30.70081667	714
30.71256667	705
30.7235	656
30.73413333	638
30.7443	610
30.75441667	607
30.76583333	685
30.77713333	678
30.78901667	713
30.80161667	756
30.81475	788
30.8278	783
30.84108333	797
30.85376667	761
30.8656	710
30.87793333	740
30.89013333	732
30.90233333	732
30.91388333	693
30.92658333	762
30.9396	781
30.95218333	755
30.96405	712
30.97645	744
30.98875	738
31.00091667	730
31.0124	689
31.02435	717
31.03686667	751
31.0495	758
31.06126667	706
31.07328333	721
31.08546667	731
31.09761667	729
31.10928333	700
31.12105	706
31.13286667	709
31.1448	716
31.15625	687
31.16826667	721
31.18041667	729
31.19266667	735
31.20445	707
31.2166	729
31.22898333	743
31.24075	706
31.25261667	712
31.26465	722
31.27626667	697
31.28771667	687
31.29945	704
31.31105	696
31.32216667	667
31.33311667	657
31.34416667	663
31.35556667	684
31.36676667	672
31.37771667	657
31.38903333	679
31.4003	676
31.4114	666
31.42223333	650
31.4332	658
31.44433333	668
31.4552	652
31.46626667	664
31.47741667	669
31.48888333	688
31.49961667	644
31.51073333	667
31.52211667	683
31.53375	698
31.54461667	652
31.55561667	660
31.56663333	661
31.5779	676
31.58868333	647
31.59948333	648
31.61093333	687
31.6222	676
31.63315	657
31.64423333	665
31.65488333	639
31.66518333	618
31.67526667	605
31.68493333	580
31.69458333	579
31.70498333	624
31.71548333	630
31.7261	637
31.7372	666
31.74846667	676
31.75951667	663
31.77071667	672
31.78215	686
31.7935	681
31.80391667	625
31.8144	629
31.8252	648
31.83623333	662
31.84736667	668
31.8589	692
31.87166667	766
31.88475	785
31.89783333	785
31.91008333	735
31.92291667	770
31.93575	770
31.94805	738
31.95975	702
31.97206667	739
31.98493333	772
31.99801667	785
