0.011916667	715
0.024366667	747
0.036416667	723
0.04925	770
0.065	945
0.079266667	856
0.093766667	870
0.10835	875
0.121816667	808
0.1361	857
0.151516667	925
0.165283333	826
0.180833333	933
0.195716667	893
0.209466667	825
0.2259	986
0.242283333	983
0.2593	1021
0.274133333	890
0.288283333	849
0.305433333	1029
0.3207	916
0.335033333	860
0.351866667	1010
0.367316667	927
0.38275	926
0.4005	1065
0.417183333	1001
0.432733333	933
0.4486	952
0.462966667	862
0.47795	899
0.494183333	974
0.509966667	947
0.525466667	930
0.539166667	822
0.553133333	838
0.5676	868
0.57995	741
0.5917	705
0.604533333	770
0.620966667	986
0.638016667	1023
0.654316667	978
0.670983333	1000
0.68725	976
0.702433333	911
0.71665	853
0.730933333	857
0.745183333	855
0.758716667	812
0.772016667	798
0.786883333	892
0.799616667	764
0.812416667	768
0.826583333	850
0.841116667	872
0.8536	749
0.866716667	787
0.881383333	880
0.897966667	995
0.911533333	814
0.924933333	804
0.93865	823
0.95295	858
0.9683	921
0.981616667	799
0.995166667	813
1.009866667	882
1.02275	773
1.0362	807
1.050683333	869
1.064716667	842
1.078466667	825
1.096983333	1111
1.115166667	1091
1.132466667	1038
1.1494	1016
1.163916667	871
1.180033333	967
1.196466667	986
1.21195	929
1.231166667	1153
1.247883333	1003
1.263366667	929
1.281683333	1099
1.299516667	1070
1.316666667	1029
1.33395	1037
1.3494	927
1.3654	960
1.37955	849
1.393866667	859
1.412133333	1096
1.429183333	1023
1.4438	877
1.460183333	983
1.4785	1099
1.494883333	983
1.511616667	1004
1.527516667	954
1.544033333	991
1.560933333	1014
1.577433333	990
1.59215	883
1.6068	879
1.621483333	881
1.6362	883
1.651083333	893
1.665966667	893
1.680733333	886
1.69485	847
1.709183333	860
1.72265	808
1.736666667	841
1.750066667	804
1.76245	743
1.775216667	766
1.7878	755
1.800183333	743
1.81335	790
1.828683333	920
1.841866667	791
1.8565	878
1.873083333	995
1.889266667	971
1.906883333	1057
1.92235	928
1.938583333	974
1.95615	1054
1.971683333	932
1.989066667	1043
2.00545	983
2.021266667	949
2.036933333	940
2.053866667	1016
2.072416667	1113
2.087266667	891
2.1026	920
2.11775	909
2.131233333	809
2.145883333	879
2.161116667	914
2.174583333	808
2.189083333	870
2.2049	949
2.2206	942
2.23525	879
2.251966667	1003
2.268216667	975
2.283366667	909
2.2995	968
2.314366667	892
2.327233333	772
2.3404	790
2.355783333	923
2.372883333	1026
2.388716667	950
2.40545	1004
2.422183333	1004
2.438266667	965
2.4547	986
2.469633333	896
2.484783333	909
2.500866667	965
2.514683333	829
2.527133333	747
2.5388	700
2.550333333	692
2.56335	781
2.5782	891
2.594533333	980
2.6104	952
2.625666667	916
2.63985	851
2.65295	786
2.66585	774
2.6797	831
2.692066667	742
2.703883333	709
2.715916667	722
2.728933333	781
2.744333333	924
2.760766667	986
2.777466667	1002
2.793883333	985
2.8098	955
2.82555	945
2.840883333	920
2.854933333	843
2.867483333	753
2.879466667	719
2.891183333	703
2.902933333	705
2.918983333	963
2.937866667	1133
2.956933333	1144
2.9752	1096
2.993333333	1088
3.010933333	1056
3.027283333	981
3.042866667	935
3.05805	911
3.072216667	850
3.084633333	745
3.0964	706
3.1084	720
3.1218	804
3.14125	1167
3.160266667	1141
3.178333333	1084
3.195933333	1056
3.212816667	1013
3.22885	962
3.24405	912
3.256816667	766
3.268833333	721
3.281	730
3.2947	822
3.313366667	1120
3.331883333	1111
3.3495	1057
3.365766667	976
3.379183333	805
3.391566667	743
3.404133333	754
3.417466667	800
3.436216667	1125
3.454416667	1092
3.47175	1040
3.488566667	1009
3.5047	968
3.51955	891
3.532266667	763
3.544433333	730
3.556916667	749
3.57225	920
3.5902	1077
3.607066667	1012
3.622816667	945
3.638166667	921
3.652633333	868
3.666716667	845
3.679983333	796
3.6927	763
3.705166667	748
3.717566667	744
3.72955	719
3.741183333	698
3.75265	688
3.763966667	679
3.775683333	703
3.788033333	741
3.802033333	840
3.8156	814
3.82815	753
3.840733333	755
3.852983333	735
3.864683333	702
3.876216667	692
3.887633333	685
3.900583333	777
3.917116667	992
3.9339	1007
3.94895	903
3.962216667	796
3.976633333	865
3.992833333	972
4.010133333	1038
4.026333333	972
4.039666667	800
4.0531	806
4.0694	978
4.08785	1107
4.105716667	1072
4.123066667	1041
4.140166667	1026
4.1568	998
4.172616667	949
4.188333333	943
4.202383333	843
4.217266667	893
4.233166667	954
4.25005	1013
4.26395	834
4.278333333	863
4.294683333	981
4.311383333	1002
4.327166667	947
4.3402	782
4.353183333	779
4.368166667	899
4.385466667	1038
4.402066667	996
4.417483333	925
4.431866667	863
4.447233333	922
4.463166667	956
4.479383333	973
4.495316667	956
4.510383333	904
4.524483333	846
4.5368	739
4.549383333	755
4.56235	778
4.576166667	829
4.589916667	825
4.602933333	781
4.616633333	822
4.62955	775
4.643216667	820
4.658083333	892
4.67435	976
4.690016667	940
4.7054	923
4.719733333	860
4.733466667	824
4.746266667	768
4.758466667	732
4.770283333	709
4.7818	691
4.793133333	680
4.804333333	672
4.816216667	713
4.830383333	850
4.848483333	1086
4.863266667	887
4.8771	830
4.892666667	934
4.909433333	1006
4.925566667	968
4.940766667	912
4.956133333	922
4.972383333	975
4.988333333	957
5.004366667	962
5.019233333	892
5.032283333	783
5.0459	817
5.061333333	926
5.077966667	998
5.092233333	856
5.106566667	860
5.1228	974
5.1395	1002
5.155216667	943
5.171033333	949
5.187266667	974
5.203	944
5.21915	969
5.23395	888
5.248366667	865
5.263483333	907
5.277366667	833
5.290316667	777
5.304116667	828
5.319433333	919
5.33395	871
5.347533333	815
5.362	868
5.377916667	955
5.393483333	934
5.408933333	927
5.4238	892
5.437883333	845
5.452066667	851
5.46675	881
5.480133333	803
5.4939	826
5.508166667	856
5.5234	914
5.536633333	794
5.5509	856
5.566983333	965
5.582933333	957
5.59745	871
5.613066667	937
5.629233333	970
5.6441	892
5.65955	927
5.675083333	932
5.690166667	905
5.7052	902
5.718333333	788
5.732033333	822
5.746566667	872
5.76155	899
5.774766667	793
5.789366667	876
5.805116667	945
5.82055	926
5.833383333	770
5.846566667	791
5.86065	845
5.876616667	958
5.89195	920
5.908016667	964
5.923616667	936
5.936683333	784
5.9488	727
5.961183333	743
5.974633333	807
5.99295	1099
6.0101	1029
6.026183333	965
6.0418	937
6.057166667	922
6.070166667	780
6.082466667	738
6.0952	764
6.11135	969
6.128583333	1034
6.145183333	996
6.160283333	906
6.175283333	900
6.190216667	896
6.205616667	924
6.221333333	943
6.237133333	948
6.250516667	803
6.264583333	844
6.280266667	941
6.294766667	870
6.3084	818
6.323033333	878
6.338616667	935
6.35175	788
6.3657	837
6.381633333	956
6.399516667	1073
6.416033333	991
6.4325	988
6.447233333	884
6.462616667	923
6.476533333	835
6.489866667	800
6.504533333	880
6.520716667	971
6.534216667	810
6.5481	833
6.563266667	910
6.579733333	988
6.595566667	950
6.612033333	988
6.6271	904
6.6419	888
6.657283333	923
6.671116667	830
6.684033333	775
6.69745	805
6.711416667	838
6.724616667	792
6.738933333	859
6.754033333	906
6.768583333	873
6.782566667	839
6.796283333	823
6.809433333	789
6.822766667	800
6.835583333	769
6.8478	733
6.859783333	719
6.871433333	699
6.88285	685
6.89405	672
6.904983333	656
6.91575	646
6.9267	657
6.93755	651
6.948	627
6.95875	645
6.969116667	622
6.979333333	613
6.9895	610
6.999533333	602
7.009533333	600
7.019616667	605
7.029633333	601
7.03975	607
7.050033333	617
7.0614	682
7.076133333	884
7.088233333	726
7.101016667	767
7.113883333	772
7.12595	724
7.137916667	718
7.151016667	786
7.164466667	807
7.176966667	750
7.190233333	796
7.204283333	843
7.216383333	726
7.22885	748
7.242033333	791
7.254966667	776
7.26735	743
7.280133333	767
7.293483333	801
7.3055	721
7.317833333	740
7.33145	817
7.344716667	796
7.356816667	726
7.369033333	733
7.3818	766
7.39475	777
7.406766667	721
7.419	734
7.431683333	761
7.444983333	798
7.4573	739
7.469916667	757
7.48255	758
7.495283333	764
7.507166667	713
7.519333333	730
7.53225	775
7.545766667	811
7.558666667	774
7.573416667	885
7.587433333	841
7.601516667	845
7.615083333	814
7.628683333	816
7.642816667	848
7.6584	935
7.672466667	844
7.685533333	784
7.698366667	770
7.711216667	771
7.7239	761
7.736816667	775
7.7501	797
7.763233333	788
7.775666667	746
7.788333333	760
7.800966667	758
7.812966667	720
7.824966667	720
7.837233333	736
7.849316667	725
7.86105	704
7.872983333	716
7.885483333	750
7.8978	739
7.909716667	715
7.922133333	745
7.934966667	770
7.946983333	721
7.959316667	740
7.97225	776
7.985016667	766
7.996783333	706
8.008816667	722
8.021083333	736
8.033283333	732
8.04475	688
8.055816667	664
8.066683333	652
8.077166667	629
8.08775	635
8.099233333	689
8.113416667	851
8.128933333	931
8.144133333	912
8.159033333	894
8.172883333	831
8.18655	820
8.199766667	793
8.212	734
8.223866667	712
8.235816667	717
8.24805	734
8.2606	753
8.272366667	706
8.2842	710
8.2964	732
8.309016667	757
8.3207	701
8.332516667	709
8.34475	734
8.35815	804
8.370833333	761
8.383133333	738
8.39585	763
8.40935	810
8.421633333	737
8.433883333	735
8.4463	745
8.45905	765
8.47135	738
8.48355	732
8.495916667	742
8.50875	770
8.521483333	764
8.533516667	722
8.54565	728
8.5585	771
8.570766667	736
8.582583333	709
8.59485	736
8.607283333	746
8.61935	724
8.631483333	728
8.644016667	752
8.656816667	768
8.66855	704
8.680633333	725
8.693833333	792
8.70685	781
8.718633333	707
8.730366667	704
8.742833333	748
8.755433333	756
8.767216667	707
8.779333333	727
8.7923	778
8.80555	795
8.817566667	721
8.830166667	756
8.843316667	789
8.856316667	780
8.868283333	718
8.880266667	719
8.892666667	744
8.90495	737
8.916566667	697
8.928666667	726
8.941966667	798
8.95475	767
8.967066667	739
8.979866667	768
8.992866667	780
9.004933333	724
9.0171	730
9.0297	756
9.042466667	766
9.05425	707
9.066183333	716
9.078283333	726
9.090816667	752
9.102783333	718
9.115	733
9.1276	756
9.139866667	736
9.151366667	690
9.163166667	708
9.175416667	735
9.187266667	711
9.19945	731
9.211616667	730
9.223566667	717
9.235483333	715
9.247233333	705
9.258616667	683
9.269966667	681
9.28125	677
9.292083333	650
9.302983333	654
9.313666667	641
9.323983333	619
9.334416667	626
9.344583333	610
9.354483333	594
9.36455	604
9.374583333	602
9.384333333	585
9.3942	592
9.404183333	599
9.413983333	588
9.423983333	600
9.433983333	600
9.443933333	597
9.453866667	596
9.4639	602
9.4737	588
9.48335	579
9.492833333	569
9.502183333	561
9.511533333	561
9.520866667	560
9.530216667	561
9.5397	569
9.549066667	562
9.5585	566
9.5681	576
9.57775	579
9.587333333	575
9.5971	586
9.60705	597
9.616766667	583
9.6266	590
9.636433333	590
9.6461	580
9.655783333	581
9.665433333	579
9.675016667	575
9.684516667	570
9.694066667	573
9.703566667	570
9.71285	557
9.7222	561
9.7316	564
9.741	564
9.75025	555
9.759416667	550
9.768516667	546
9.777666667	549
9.787016667	561
9.796483333	568
9.806116667	578
9.816066667	597
9.8258	584
9.8356	588
9.84555	597
9.855533333	599
9.865333333	588
9.87515	589
9.884866667	583
9.894283333	565
9.903533333	555
9.912766667	554
9.921683333	535
9.930383333	522
9.939166667	527
9.9483	548
9.9577	564
9.967083333	563
9.976666667	575
9.986483333	589
9.996183333	582
10.00561667	566
10.01498333	562
10.02443333	567
10.03386667	566
10.04281667	537
10.05161667	528
10.06048333	532
10.0693	529
10.07811667	529
10.08721667	546
10.09625	542
10.105	525
10.11386667	532
10.12266667	528
10.13155	533
10.14035	528
10.1489	513
10.15765	525
10.16631667	520
10.17511667	528
10.18388333	526
10.19245	514
10.20115	522
10.20991667	526
10.21885	536
10.22756667	523
10.23615	515
10.24488333	524
10.25366667	527
10.26238333	523
10.27091667	512
10.2795	515
10.28808333	515
10.29675	520
10.30526667	511
10.31363333	502
10.3221	508
10.33068333	515
10.33925	514
10.34755	498
10.35598333	506
10.36445	508
10.373	513
10.38131667	499
10.38965	500
10.39796667	499
10.40643333	508
10.41495	511
10.42331667	502
10.43171667	504
10.44016667	507
10.44873333	514
10.45706667	500
10.46535	497
10.47376667	505
10.48215	503
10.4906	507
10.49873333	488
10.5068	484
10.51498333	491
10.52316667	491
10.53128333	487
10.53955	496
10.54753333	479
10.55548333	477
10.56341667	476
10.57133333	475
10.57923333	474
10.58725	481
10.5953	483
10.60326667	478
10.61136667	486
10.61948333	487
10.6274	475
10.63531667	475
10.64331667	480
10.6514	485
10.65953333	488
10.66748333	477
10.6754	475
10.68341667	481
10.69135	476
10.69925	474
10.70721667	478
10.71496667	465
10.72268333	463
10.73055	472
10.73835	468
10.74626667	475
10.75388333	457
10.7615	457
10.7692	462
10.77695	465
10.78476667	469
10.79256667	468
10.8004	470
10.80811667	463
10.8157	455
10.8234	462
10.83111667	463
10.83893333	469
10.84656667	458
10.85415	455
10.86173333	455
10.86935	457
10.87713333	467
10.88501667	473
10.8928	467
10.90061667	469
10.90835	464
10.91601667	460
10.92361667	456
10.9313	461
10.93896667	460
10.94671667	465
10.95438333	460
10.96193333	453
10.96945	451
10.97703333	455
10.98461667	455
10.9922	455
10.99976667	454
11.00716667	444
11.01458333	445
11.02206667	449
11.0296	452
11.03723333	458
11.04481667	455
11.05228333	448
11.05968333	444
11.0672	451
11.0748	456
11.0824	456
11.08996667	454
11.09751667	453
11.10496667	447
11.1125	452
11.12001667	451
11.12753333	451
11.13506667	452
11.1425	446
11.14985	441
11.15721667	442
11.16451667	438
11.17186667	441
11.17945	455
11.18731667	472
11.19496667	459
11.20258333	457
11.21016667	455
11.2178	458
11.22538333	455
11.23293333	453
11.24028333	441
11.24756667	437
11.25503333	448
11.26245	445
11.26975	438
11.27693333	431
11.28413333	432
11.29138333	435
11.2986	433
11.30588333	437
11.31316667	437
11.32033333	430
11.32743333	426
11.33458333	429
11.34178333	432
11.34913333	441
11.35648333	441
11.36375	436
11.371	435
11.37836667	442
11.38585	449
11.3934	453
11.4008	444
11.40823333	446
11.41575	451
11.42328333	452
11.43086667	455
11.43853333	460
11.44606667	452
11.45353333	448
11.4611	454
11.46868333	455
11.47626667	455
11.48363333	442
11.49101667	443
11.49846667	447
11.50588333	445
11.51333333	447
11.52066667	440
11.52788333	433
11.53518333	438
11.54258333	444
11.54996667	443
11.55725	437
11.56443333	431
11.57168333	435
11.57905	442
11.58638333	440
11.5937	439
11.60088333	431
11.60803333	429
11.61538333	441
11.62271667	440
11.63016667	447
11.63746667	438
11.64468333	433
11.65206667	443
11.65953333	448
11.66703333	450
11.67453333	450
11.68186667	440
11.68926667	444
11.6967	446
11.7042	450
11.71168333	449
11.71908333	444
11.7264	439
11.73378333	443
11.74118333	444
11.74865	448
11.75588333	434
11.76318333	438
11.77051667	440
11.77791667	444
11.7853	443
11.7925	432
11.79981667	439
11.80723333	445
11.81463333	444
11.82196667	440
11.82921667	435
11.83661667	444
11.84403333	445
11.85151667	449
11.85886667	441
11.86613333	436
11.87345	439
11.88083333	443
11.8882	442
11.8955	438
11.90268333	431
11.90991667	434
11.91723333	439
11.92456667	440
11.93185	437
11.93906667	433
11.94618333	427
11.95345	436
11.96068333	434
11.96798333	438
11.97526667	437
11.98245	431
11.9896	429
11.99693333	440
12.00428333	441
12.01163333	441
12.01886667	434
12.02605	431
12.03326667	433
12.04056667	438
12.04786667	438
12.05515	437
12.06238333	434
12.06953333	429
12.07678333	435
12.08413333	441
12.09148333	441
12.09876667	437
12.106	434
12.11318333	431
12.12046667	437
12.1278	440
12.13513333	440
12.14235	433
12.14948333	428
12.1567	433
12.16398333	437
12.1713	439
12.17853333	434
12.1857	430
12.19295	435
12.20025	438
12.20756667	439
12.21495	443
12.22215	432
12.2294	435
12.23673333	440
12.24411667	443
12.25156667	447
12.25896667	444
12.26626667	438
12.27368333	445
12.28111667	446
12.28868333	454
12.29611667	446
12.30346667	441
12.3109	446
12.31828333	443
12.32573333	447
12.33316667	446
12.34051667	441
12.34781667	438
12.35515	440
12.36258333	446
12.36996667	443
12.37735	443
12.38461667	436
12.39188333	436
12.39923333	441
12.40658333	441
12.41396667	443
12.42138333	445
12.4287	439
12.43593333	434
12.44323333	438
12.45061667	443
12.45803333	445
12.4655	448
12.4728	438
12.48011667	439
12.48748333	442
12.49493333	447
12.50236667	446
12.50975	443
12.51703333	437
12.52431667	437
12.53163333	439
12.53908333	447
12.54655	448
12.55406667	451
12.56141667	441
12.5688	443
12.57625	447
12.5838	453
12.59136667	454
12.59888333	451
12.60633333	447
12.61376667	446
12.62126667	450
12.6288	452
12.63635	453
12.64391667	454
12.6514	449
12.6588	444
12.66618333	443
12.67361667	446
12.6811	449
12.6886	450
12.69591667	439
12.70321667	438
12.71048333	436
12.71773333	435
12.72508333	441
12.73268333	456
12.74043333	465
12.74815	463
12.75575	456
12.76336667	457
12.77086667	450
12.77818333	439
12.78543333	435
12.79278333	441
12.80016667	443
12.80756667	444
12.81493333	442
12.82218333	435
12.82938333	432
12.83675	442
12.84413333	443
12.85148333	441
12.85881667	440
12.866	431
12.87321667	433
12.88051667	438
12.88783333	439
12.89515	439
12.90251667	442
12.90971667	432
12.91693333	433
12.92425	439
12.93158333	440
12.93896667	443
12.94636667	444
12.95368333	439
12.96091667	434
12.96828333	442
12.97568333	444
12.9831	445
12.99038333	437
12.9976	433
13.005	444
13.01233333	440
13.01966667	440
13.02701667	441
13.03421667	432
13.0414	431
13.04871667	439
13.05611667	444
13.06345	440
13.07071667	436
13.07791667	432
13.08513333	433
13.09243333	438
13.09971667	437
13.10703333	439
13.11441667	443
13.12163333	433
13.12881667	431
13.13613333	439
13.14345	439
13.15075	438
13.15795	432
13.16516667	433
13.17246667	438
13.17976667	438
13.18715	443
13.1945	441
13.20176667	436
13.20895	431
13.21623333	437
13.22353333	438
13.23093333	444
13.23831667	443
13.24561667	438
13.25288333	436
13.2602	439
13.26755	441
13.27495	444
13.28221667	436
13.28946667	435
13.29678333	439
13.30418333	444
13.31158333	444
13.31886667	437
13.3261	434
13.33346667	442
13.34086667	444
13.34836667	450
13.35581667	447
13.36311667	438
13.37043333	439
13.37776667	440
13.38516667	444
13.39258333	445
13.39996667	443
13.40735	443
13.41458333	434
13.42191667	440
13.42925	440
13.43663333	443
13.44401667	443
13.45136667	441
13.45858333	433
13.46588333	438
13.47321667	440
13.48056667	441
13.48783333	436
13.49503333	432
13.50228333	435
13.50955	436
13.51683333	437
13.52416667	440
13.53135	431
13.53855	432
13.54583333	437
13.55315	439
13.56046667	439
13.56773333	436
13.57493333	432
13.5821	430
13.58926667	430
13.59651667	435
13.60381667	438
13.61111667	438
13.61828333	430
13.62545	430
13.6327	435
13.64	438
13.64731667	439
13.65458333	436
13.66176667	431
13.669	434
13.67623333	434
13.68348333	435
13.6907	433
13.69781667	427
13.70498333	430
13.71223333	435
13.71955	439
13.72675	432
13.73386667	427
13.74108333	433
13.7483	433
13.7556	438
13.76286667	436
13.77001667	429
13.77718333	430
13.78435	430
13.79153333	431
13.79875	433
13.80591667	430
13.81308333	430
13.82018333	426
13.82731667	428
13.83446667	429
13.84161667	429
13.8487	425
13.85576667	424
13.86281667	423
13.86986667	423
13.87695	425
13.88406667	427
13.8912	428
13.89836667	430
13.90543333	424
13.91246667	422
13.91958333	427
13.92671667	428
13.9338	425
13.94091667	427
13.94788333	418
13.95485	418
13.9619	423
13.969	426
13.9761	426
13.98316667	424
13.99011667	417
13.99713333	421
14.00421667	425
14.01133333	427
14.0184	424
14.0253	414
14.03223333	416
14.03925	421
14.04625	420
14.05325	420
14.06026667	421
14.06721667	417
14.0741	413
14.08105	417
14.08808333	422
14.09503333	417
14.10196667	416
14.10888333	415
14.11581667	416
14.12283333	421
14.12985	421
14.13685	420
14.1439	423
14.15083333	416
14.15775	415
14.16475	420
14.17171667	418
14.17876667	423
14.18585	425
14.19291667	424
14.2	425
14.20698333	419
14.2139	415
14.22091667	421
14.22795	422
14.235	423
14.242	420
14.24895	417
14.25585	414
14.26281667	418
14.2698	419
14.27678333	419
14.28373333	417
14.29058333	411
14.29743333	411
14.30441667	419
14.3114	419
14.31836667	418
14.32526667	414
14.33213333	412
14.33911667	419
14.34616667	423
14.35313333	418
14.36003333	414
14.36691667	413
14.37388333	418
14.38091667	422
14.38795	422
14.39488333	416
14.40173333	411
14.40863333	414
14.41558333	417
14.42258333	420
14.42953333	417
14.43648333	417
14.44336667	413
14.45025	413
14.45723333	419
14.46421667	419
14.47113333	415
14.47798333	411
14.48481667	410
14.49165	410
14.49853333	413
14.50538333	411
14.51228333	414
14.51911667	410
14.52588333	406
14.53273333	411
14.5396	412
14.54646667	412
14.55323333	406
14.56	406
14.56681667	409
14.57365	410
14.58048333	410
14.58725	406
14.59396667	403
14.60075	407
14.60751667	406
14.61435	410
14.62118333	410
14.62793333	405
14.63466667	404
14.64135	401
14.64808333	404
14.65485	406
14.66163333	407
14.66835	403
14.67506667	403
14.68176667	402
14.68851667	405
14.69536667	411
14.70221667	411
14.70906667	411
14.71588333	409
14.72263333	405
14.7295	412
14.73643333	416
14.74336667	416
14.7503	416
14.75716667	412
14.76405	413
14.77091667	412
14.77778333	412
14.78466667	413
14.7916	416
14.79861667	421
14.80563333	421
14.81261667	419
14.82656667	0
14.8335	416
14.84055	423
14.84751667	418
14.85456667	423
14.86143333	412
14.86835	415
14.8753	417
14.8823	420
14.88931667	421
14.89636667	423
14.90336667	420
14.9103	416
14.91721667	415
14.92413333	415
14.93113333	420
14.93811667	419
14.94501667	414
14.95191667	414
14.95886667	417
14.96585	419
14.97293333	425
14.97993333	420
14.98691667	419
14.99381667	414
15.00071667	414
15.00771667	420
15.01468333	418
15.02168333	420
15.02855	412
15.03543333	413
15.04238333	417
15.0494	421
15.05638333	419
15.06336667	419
15.07021667	411
15.07703333	409
15.08388333	411
15.0907	409
15.09763333	416
15.10463333	420
15.11163333	420
15.11866667	422
15.12561667	417
15.1325	413
15.1394	414
15.14635	417
15.15335	420
15.16036667	421
15.16738333	421
15.1743	415
15.18121667	415
15.18813333	415
15.19506667	416
15.20201667	417
15.20896667	417
15.21586667	414
15.22276667	414
15.22958333	409
15.2364	409
15.2433	414
15.25018333	413
15.25705	412
15.26396667	415
15.27073333	406
15.27753333	408
15.28445	415
15.29131667	412
15.29816667	411
15.3049	404
15.31165	405
15.31846667	409
15.32528333	409
15.33206667	407
15.33886667	408
15.34565	407
15.35235	402
15.35905	402
15.36571667	400
15.37243333	403
15.37913333	402
15.38583333	402
15.3925	400
15.39908333	395
15.40568333	396
15.41228333	396
15.41893333	399
15.4256	400
15.43223333	398
15.43878333	393
15.44536667	395
15.45203333	400
15.45876667	404
15.46545	401
15.47211667	400
15.47871667	396
15.48535	398
15.49201667	400
15.49875	404
15.50538333	398
15.51211667	404
15.51871667	396
15.52535	398
15.53205	402
15.53875	402
15.54546667	403
15.55213333	400
15.55871667	395
15.5653	395
15.57188333	395
15.57851667	398
15.58518333	400
15.5918	397
15.59835	393
15.60486667	391
15.61145	395
15.61803333	395
15.62468333	399
15.6314	403
15.63811667	403
15.6448	401
15.65146667	400
15.6581	398
15.66475	399
15.67148333	404
15.67815	400
15.68483333	401
15.69141667	395
15.698	395
15.70458333	395
15.7112	397
15.71781667	397
15.7244	395
15.73103333	398
15.73761667	395
15.74416667	393
15.75076667	396
15.75738333	397
15.76398333	396
15.77058333	396
15.77708333	390
15.78358333	390
15.79011667	392
15.79668333	394
15.80333333	399
15.80998333	399
15.81661667	398
15.82323333	397
15.82985	397
15.83646667	397
15.84311667	399
15.84978333	400
15.8564	397
15.86298333	395
15.86953333	393
15.87611667	395
15.8827	395
15.88936667	400
15.89596667	396
15.90258333	397
15.9091	391
15.91563333	392
15.92221667	395
15.92885	398
15.93551667	400
15.9421	395
15.94866667	394
15.95521667	393
15.96183333	397
15.9685	400
15.97515	399
15.98175	396
15.98826667	391
15.99478333	391
16.00138333	396
16.00795	394
16.01445	390
16.02096667	391
16.0274	386
16.03388333	389
16.04043333	393
16.04696667	392
16.0535	392
16.05996667	388
16.06641667	387
16.0729	389
16.0794	390
16.08595	393
16.0926	399
16.09916667	394
16.10578333	397
16.11233333	393
16.11885	391
16.12543333	395
16.13203333	396
16.13861667	395
16.1452	395
16.15168333	389
16.15818333	390
16.16471667	392
16.17123333	391
16.17783333	396
16.18445	397
16.191	393
16.19763333	398
16.20411667	389
16.21066667	393
16.21728333	397
16.2239	397
16.23053333	398
16.23713333	396
16.24368333	393
16.25028333	396
16.25693333	399
16.26356667	398
16.2702	398
16.27675	393
16.28328333	392
16.28985	394
16.2964	393
16.30288333	389
16.30946667	395
16.3161	398
16.3227	396
16.3293	396
16.33583333	392
16.34241667	395
16.34891667	390
16.35541667	390
16.36188333	388
16.36845	394
16.37503333	395
16.38155	391
16.38801667	388
16.39446667	387
16.4009	386
16.40738333	389
16.41386667	389
16.42031667	387
16.42673333	385
16.43311667	383
16.43945	380
16.44581667	382
16.45223333	385
16.45868333	387
16.4651	385
16.47145	381
16.47778333	380
16.48413333	381
16.49051667	383
16.497	389
16.50343333	386
16.5098	382
16.51613333	380
16.5225	382
16.5289	384
16.53535	387
16.54178333	386
16.54816667	383
16.5545	380
16.56086667	382
16.56726667	384
16.5737	386
16.58006667	382
16.5865	386
16.5928	378
16.59911667	379
16.6055	383
16.61193333	386
16.61825	379
16.6246	381
16.63086667	376
16.63718333	379
16.64351667	380
16.64988333	382
16.65626667	383
16.66253333	376
16.66886667	380
16.67513333	376
16.68138333	375
16.68771667	380
16.69405	380
16.70041667	382
16.70676667	381
16.71305	377
16.71936667	379
16.72578333	385
16.73221667	386
16.73863333	385
16.74498333	381
16.75135	382
16.75761667	376
16.76396667	381
16.77038333	385
16.77676667	383
16.78308333	379
16.78938333	378
16.79561667	374
16.80195	380
16.8083	381
16.8146	378
16.82085	375
16.82703333	371
16.83325	373
16.8395	375
16.84583333	380
16.85216667	380
16.85848333	379
16.86485	382
16.87111667	376
16.87738333	376
16.88375	382
16.89013333	383
16.89655	385
16.90298333	386
16.90935	382
16.91573333	383
16.92216667	386
16.92861667	387
16.93511667	390
16.94153333	385
16.94791667	383
16.95428333	382
16.96068333	384
16.96705	382
16.9735	387
16.97995	387
16.98641667	388
16.99281667	384
16.99913333	379
17.0055	382
17.01188333	383
17.01831667	386
17.02473333	385
17.03115	385
17.03751667	382
17.0438	377
17.05016667	382
17.05656667	384
17.06295	383
17.0693	381
17.07561667	379
17.08188333	376
17.0882	379
17.09456667	382
17.10093333	382
17.1073	382
17.1137	384
17.11996667	376
17.12625	377
17.13256667	379
17.13891667	381
17.14533333	385
17.15168333	381
17.15806667	383
17.16436667	378
17.17071667	381
17.17703333	379
17.1834	382
17.18986667	388
17.19631667	387
17.20271667	384
17.20906667	381
17.21541667	381
17.22188333	388
17.22836667	389
17.23483333	388
17.24118333	381
17.24758333	384
17.2539	379
17.26033333	386
17.2668	388
17.2732	384
17.27958333	383
17.28596667	383
17.29226667	378
17.29871667	387
17.30515	386
17.31156667	385
17.31796667	384
17.32428333	379
17.3306	379
17.33695	381
17.34335	384
17.3497	381
17.35603333	380
17.36231667	377
17.36858333	376
17.37488333	378
17.38128333	384
17.38766667	383
17.394	380
17.40033333	380
17.40663333	378
17.41296667	380
17.41928333	379
17.42561667	380
17.43205	386
17.4385	387
17.44498333	389
17.45141667	386
17.45791667	390
17.4643	383
17.47073333	386
17.47723333	390
17.4837	388
17.49015	387
17.49656667	385
17.50295	383
17.50936667	385
17.51576667	384
17.52216667	384
17.52851667	381
17.53486667	381
17.54115	377
17.54743333	377
17.55383333	384
17.56015	379
17.56645	378
17.57268333	374
17.57888333	372
17.58511667	374
17.59138333	376
17.59768333	378
17.60391667	374
17.61013333	373
17.61635	373
17.6226	375
17.62891667	379
17.63525	380
17.64153333	377
17.6478	376
17.65406667	376
17.66041667	381
17.66678333	382
17.67318333	384
17.67955	382
17.68586667	379
17.69225	383
17.69865	384
17.70501667	382
17.71141667	384
17.71781667	384
17.72413333	379
17.73053333	384
17.73681667	377
17.74313333	379
17.74943333	378
17.75575	379
17.76215	384
17.76851667	382
17.77486667	381
17.78123333	382
17.78748333	375
17.79381667	380
17.80018333	382
17.80658333	384
17.81291667	380
17.81928333	382
17.82556667	377
17.8319	380
17.8383	384
17.84471667	385
17.85108333	382
17.85745	382
17.86375	378
17.87011667	382
17.87651667	384
17.88291667	384
17.88925	380
17.89558333	380
17.90188333	378
17.90826667	383
17.9147	386
17.92115	387
17.92748333	380
17.93381667	380
17.94023333	385
17.94671667	389
17.95311667	384
17.95956667	387
17.96593333	382
17.97231667	383
17.97878333	388
17.98528333	390
17.99171667	386
17.99806667	381
18.00443333	382
18.01086667	386
18.01733333	388
18.02376667	386
18.0301	380
18.03641667	379
18.04278333	382
18.04916667	383
18.05556667	384
18.06196667	384
18.0683	380
18.07463333	380
18.08106667	386
18.08755	389
18.09395	384
18.10028333	380
18.10663333	381
18.113	382
18.11938333	383
18.12578333	384
18.13221667	386
18.13871667	390
18.14531667	396
18.1519	395
18.15846667	394
18.16498333	391
18.17146667	389
18.17798333	391
18.18453333	393
18.19108333	393
18.19761667	392
18.20415	392
18.2106	387
18.21703333	386
18.22355	391
18.23008333	392
18.23655	388
18.24296667	385
18.24935	383
18.25585	390
18.26231667	388
18.26871667	384
18.27515	386
18.28146667	379
18.28786667	384
18.29425	383
18.3007	387
18.30708333	383
18.31338333	378
18.31973333	381
18.32613333	384
18.33253333	384
18.3389	382
18.3452	378
18.3515	378
18.35783333	380
18.36423333	384
18.37058333	381
18.37691667	380
18.38315	374
18.38945	378
18.39586667	385
18.4022	380
18.40853333	380
18.41478333	375
18.42113333	381
18.42753333	384
18.43395	385
18.4403	381
18.44661667	379
18.45296667	381
18.45936667	384
18.46581667	387
18.4722	383
18.47856667	382
18.4849	380
18.49131667	385
18.49775	386
18.50413333	383
18.51046667	380
18.51676667	378
18.52315	383
18.52956667	385
18.53593333	382
18.54228333	381
18.54858333	378
18.5549	379
18.56125	381
18.56761667	382
18.57396667	381
18.5802	374
18.58643333	374
18.59276667	380
18.59901667	375
18.60531667	378
18.6115	371
18.61768333	371
18.62391667	374
18.63018333	376
18.63641667	374
18.64271667	378
18.6489	371
18.6551	372
18.66136667	376
18.66768333	379
18.67395	376
18.68025	378
18.6865	375
18.69278333	377
18.69915	382
18.70555	384
18.71196667	385
18.71843333	388
18.72476667	380
18.73128333	391
18.73786667	395
18.74446667	396
18.75108333	397
18.75756667	389
18.7641	392
18.77078333	401
18.77751667	404
18.78421667	402
18.79083333	397
18.79738333	393
18.80403333	399
18.8107	400
18.81735	399
18.82396667	397
18.83046667	390
18.83695	389
18.84356667	397
18.85013333	394
18.85663333	390
18.86305	385
18.86943333	383
18.87593333	390
18.88241667	389
18.8888	383
18.89521667	385
18.9015	377
18.9079	384
18.9143	384
18.92071667	385
18.92711667	384
18.93343333	379
18.93975	379
18.94615	384
18.95256667	385
18.95893333	382
18.96535	385
18.97171667	382
18.97805	380
18.98448333	386
18.99093333	387
18.99736667	386
19.00381667	387
19.01013333	379
19.01651667	383
19.02286667	381
19.0292	380
19.03563333	386
19.04206667	386
19.04846667	384
19.05488333	385
19.06126667	383
19.06756667	378
19.07393333	382
19.08035	385
19.08675	384
19.0931	381
19.0994	378
19.10566667	376
19.112	380
19.1184	384
19.12471667	379
19.13105	380
19.1373	375
19.14356667	376
19.14983333	376
19.15608333	375
19.16241667	380
19.16876667	381
19.1751	380
19.18138333	377
19.18763333	375
19.1939	376
19.20026667	382
19.20661667	381
19.21295	380
19.21925	378
19.22553333	377
19.23183333	378
19.23823333	384
19.24461667	383
19.25096667	381
19.25731667	381
19.2636	377
19.26996667	382
19.27641667	387
19.2828	383
19.28918333	383
19.29548333	378
19.3018	379
19.30816667	382
19.31455	383
19.3209	381
19.32723333	380
19.3335	376
19.33978333	377
19.3461	379
19.35243333	380
19.35871667	377
19.36495	374
19.37113333	371
19.3774	376
19.38366667	376
19.38996667	378
19.3962	374
19.40238333	371
19.40855	370
19.41473333	371
19.42093333	372
19.42713333	372
19.43341667	377
19.43975	380
19.44603333	377
19.45233333	378
19.45858333	375
19.4649	379
19.47115	375
19.4774	375
19.4837	378
19.49003333	380
19.49633333	378
19.50261667	377
19.5088	371
19.51503333	374
19.52125	373
19.52755	378
19.53381667	376
19.54008333	376
19.5463	373
19.55246667	370
19.55861667	369
19.56488333	376
19.5711	373
19.57731667	373
19.5835	371
19.58965	369
19.59583333	371
19.60208333	375
19.60833333	375
19.61456667	374
19.62071667	369
19.6269	371
19.63313333	374
19.63943333	378
19.64565	373
19.65193333	377
19.6581	370
19.6643	372
19.67058333	377
19.67688333	378
19.68313333	375
19.68936667	374
19.69556667	372
19.70181667	375
19.7081	377
19.71441667	379
19.72068333	376
19.7269	373
19.7331	372
19.73938333	377
19.74568333	378
19.75198333	378
19.75818333	372
19.76438333	372
19.77065	376
19.77696667	379
19.78325	377
19.7895	375
19.79566667	370
19.80186667	372
19.80813333	376
19.81438333	375
19.8206	373
19.82686667	376
19.83303333	370
19.83923333	372
19.84536667	368
19.85151667	369
19.85771667	372
19.86398333	376
19.87018333	372
19.87636667	371
19.8825	368
19.88868333	371
19.89486667	371
19.90113333	376
19.90741667	377
19.91378333	382
19.92008333	378
19.92641667	380
19.9327	377
19.939	378
19.9453	378
19.95165	381
19.95803333	383
19.96436667	380
19.9707	380
19.97698333	377
19.98323333	375
19.98955	379
19.9959	381
20.00223333	380
20.00855	379
20.01483333	377
20.02113333	378
20.0275	382
20.03385	381
20.04026667	385
20.04655	377
20.05283333	377
20.0592	382
20.06563333	386
20.072	382
20.07833333	380
20.08463333	378
20.09101667	383
20.0974	383
20.1038	384
20.11016667	382
20.11651667	381
20.12288333	382
20.12933333	387
20.13578333	387
20.14228333	390
20.14875	388
20.15518333	386
20.1617	391
20.16825	393
20.17485	396
20.18148333	398
20.18806667	395
20.19468333	397
20.20131667	398
20.20801667	402
20.2147	401
20.22148333	407
20.2281	397
20.2348	402
20.24156667	406
20.24836667	408
20.25523333	412
20.26196667	404
20.26871667	405
20.27546667	405
20.28225	407
20.28908333	410
20.29595	412
20.3029	417
20.30985	417
20.31676667	415
20.3236	410
20.33058333	419
20.33753333	417
20.34451667	419
20.35145	416
20.35828333	410
20.3652	415
20.37213333	416
20.37916667	422
20.3862	422
20.39313333	416
20.40003333	414
20.40695	415
20.41388333	416
20.42085	418
20.42798333	428
20.43521667	434
20.44253333	439
20.44991667	443
20.45733333	445
20.4646	436
20.47188333	437
20.47911667	434
20.4863	431
20.49345	429
20.50085	444
20.5085	459
20.51618333	461
20.52386667	461
20.5316	464
20.53935	465
20.54701667	460
20.55453333	451
20.56201667	449
20.5693	437
20.57648333	431
20.58356667	425
20.59063333	424
20.59771667	425
20.60511667	444
20.613	473
20.62078333	467
20.62868333	474
20.6366	475
20.6446	480
20.6524	468
20.66005	459
20.66768333	458
20.67531667	458
20.68306667	465
20.69115	485
20.69935	492
20.70756667	493
20.71593333	502
20.72418333	495
20.73246667	497
20.74046667	480
20.74838333	475
20.7562	469
20.76396667	466
20.77173333	466
20.77975	481
20.78848333	524
20.79733333	531
20.80605	523
20.81478333	524
20.82341667	518
20.83205	518
20.84043333	503
20.84858333	489
20.85645	472
20.86423333	467
20.87185	457
20.87941667	454
20.88725	470
20.89543333	491
20.90373333	498
20.91223333	510
20.92075	511
20.92888333	488
20.93733333	507
20.94585	511
20.95405	492
20.96228333	494
20.97058333	498
20.97896667	503
20.98716667	492
20.9953	488
21.00343333	488
21.01158333	489
21.01978333	492
21.02776667	479
21.03561667	471
21.0435	473
21.05145	477
21.05951667	484
21.06778333	496
21.07596667	491
21.0841	488
21.09231667	493
21.10076667	507
21.10923333	508
21.11748333	495
21.1258	499
21.13416667	502
21.14275	515
21.15103333	497
21.1594	502
21.16783333	506
21.17648333	519
21.18523333	525
21.1936	502
21.20206667	508
21.21063333	514
21.21946667	530
21.22823333	526
21.2366	502
21.24516667	514
21.25383333	520
21.26265	529
21.27123333	515
21.27971667	509
21.28838333	520
21.29726667	533
21.3065	554
21.31526667	526
21.32406667	528
21.33296667	534
21.34211667	549
21.35121667	546
21.35998333	526
21.36875	526
21.37751667	526
21.38653333	541
21.3972	640
21.40663333	566
21.41925	757
21.43021667	658
21.44036667	609
21.45026667	594
21.46005	587
21.46961667	574
21.4788	551
21.48798333	551
21.49718333	552
21.50643333	555
21.51573333	558
21.52483333	546
21.5341	556
21.54331667	553
21.55258333	556
21.56183333	555
21.57105	553
21.58011667	544
21.58898333	532
21.59786667	533
21.60666667	528
21.6154	524
21.6241	522
21.63288333	527
21.64178333	534
21.65093333	549
21.66011667	551
21.66915	542
21.67835	552
21.68763333	557
21.69703333	564
21.70626667	554
21.71548333	553
21.72478333	558
21.73416667	563
21.74361667	567
21.75278333	550
21.76185	544
21.77083333	539
21.77986667	542
21.78918333	559
21.79875	574
21.80851667	586
21.81846667	597
21.82848333	601
21.83811667	578
21.84773333	577
21.85725	571
21.86653333	557
21.87563333	546
21.88446667	530
21.89313333	520
21.90173333	516
21.91026667	512
21.91885	515
21.92765	528
21.93658333	536
21.94545	532
21.9544	537
21.96356667	550
21.97298333	565
21.98228333	558
21.99151667	554
22.00073333	553
22.01	556
22.01951667	571
22.03025	644
22.04153333	677
22.05263333	666
22.06363333	660
22.07461667	659
22.08548333	652
22.09606667	635
22.1061	602
22.11575	579
22.12511667	562
22.1343	551
22.14346667	550
22.1529	566
22.16323333	620
22.1742	658
22.18463333	626
22.19533333	642
22.2058	628
22.21611667	619
22.22633333	613
22.2364	604
22.24646667	604
22.2564	596
22.26621667	589
22.27601667	588
22.28546667	567
22.29501667	573
22.3045	569
22.31398333	569
22.3233	559
22.33268333	563
22.34223333	573
22.35208333	591
22.36178333	582
22.37161667	590
22.3816	599
22.39186667	616
22.40213333	616
22.412	592
22.42175	585
22.43145	582
22.44115	582
22.45106667	595
22.46136667	618
22.47195	635
22.48238333	626
22.49291667	632
22.50328333	622
22.51341667	608
22.5235	605
22.53333333	590
22.54283333	570
22.5522	562
22.56141667	553
22.57065	554
22.58025	576
22.59041667	610
22.60083333	625
22.61133333	630
22.62213333	648
22.63271667	635
22.64291667	612
22.65288333	598
22.66271667	590
22.6722	569
22.6815	558
22.69076667	556
22.69993333	550
22.70901667	545
22.71823333	553
22.72751667	557
22.73678333	556
22.74616667	563
22.75563333	568
22.76493333	558
22.77421667	557
22.7834	551
22.79248333	545
22.80165	550
22.81133333	581
22.82131667	599
22.83158333	616
22.84205	628
22.8526	633
22.86326667	640
22.87366667	624
22.88416667	630
22.89475	635
22.90481667	604
22.91478333	598
22.92461667	590
22.93438333	586
22.94408333	582
22.95355	568
22.96295	564
22.97236667	565
22.982	578
22.99195	597
23.00238333	626
23.01311667	644
23.02406667	657
23.03468333	637
23.045	619
23.05535	621
23.06561667	616
23.0756	599
23.08533333	584
23.095	580
23.1046	576
23.1143	582
23.12393333	578
23.1336	580
23.14338333	587
23.15346667	605
23.16358333	607
23.17346667	593
23.18336667	594
23.19316667	588
23.20285	581
23.21238333	572
23.22186667	569
23.23126667	564
23.24063333	562
23.25006667	566
23.25956667	570
23.26918333	577
23.2787	571
23.2882	570
23.29776667	574
23.3075	584
23.31741667	595
23.32723333	589
23.33713333	594
23.34725	607
23.35763333	623
23.36783333	612
23.37805	613
23.3884	621
23.39885	627
23.40901667	610
23.41933333	619
23.4297	622
23.44006667	622
23.45008333	601
23.46023333	609
23.47045	613
23.48043333	599
23.49043333	600
23.50048333	603
23.51071667	614
23.5208	605
23.53095	609
23.54121667	616
23.5517	629
23.56201667	619
23.57211667	606
23.58221667	606
23.59233333	607
23.60235	601
23.61235	600
23.62255	612
23.63308333	632
23.6435	625
23.6541	636
23.6648	642
23.6754	636
23.68601667	637
23.69671667	642
23.70718333	628
23.71745	616
23.72775	618
23.73793333	611
23.74808333	609
23.75803333	597
23.76805	601
23.77813333	605
23.78835	613
23.79835	600
23.80816667	589
23.81786667	582
23.82746667	576
23.8371	578
23.84696667	592
23.85766667	642
23.86925	695
23.88261667	802
23.8952	755
23.90745	735
23.91953333	725
23.9313	706
23.94258333	677
23.95341667	650
23.96388333	628
23.97398333	606
23.98398333	600
23.9938	589
24.00353333	584
24.01318333	579
24.02276667	575
24.0324	578
24.04216667	586
24.05221667	603
24.06206667	591
24.07196667	594
24.08198333	601
24.0921	607
24.1022	606
24.11206667	592
24.12203333	598
24.13195	595
24.1417	585
24.15145	585
24.16118333	584
24.171	589
24.18083333	590
24.19053333	582
24.20021667	581
24.20981667	576
24.21943333	577
24.22916667	584
24.23918333	601
24.24986667	641
24.26186667	720
24.27358333	703
24.285	685
24.29628333	677
24.30735	664
24.31816667	649
24.32871667	633
24.33896667	615
24.34898333	601
24.35868333	582
24.36813333	567
24.37733333	552
24.38646667	548
24.39555	545
24.40466667	547
24.41386667	552
24.423	548
24.43215	549
24.44138333	554
24.45093333	573
24.46113333	612
24.47133333	612
24.48121667	593
24.49128333	604
24.50143333	609
24.51151667	605
24.52176667	615
24.53208333	619
24.54221667	608
24.55251667	618
24.5628	617
24.57283333	602
24.58315	619
24.59348333	620
24.60378333	618
24.61416667	623
24.62461667	627
24.63515	632
24.64536667	613
24.65565	617
24.66583333	611
24.67596667	608
24.68588333	595
24.69586667	599
24.70588333	601
24.71613333	615
24.72671667	635
24.73698333	616
24.7474	625
24.75791667	631
24.76836667	627
24.7785	608
24.78871667	613
24.79895	614
24.80943333	629
24.81986667	626
24.83046667	636
24.84106667	636
24.85181667	645
24.8621	617
24.87223333	608
24.88218333	597
24.89201667	590
24.90186667	591
24.91196667	606
24.92248333	631
24.93346667	659
24.94468333	673
24.9557	661
24.9664	642
24.97661667	613
24.9868	611
24.99681667	601
25.00683333	601
25.01698333	609
25.02696667	599
25.03698333	601
25.04705	604
25.05721667	610
25.06746667	615
25.0775	602
25.08771667	613
25.09783333	607
25.1079	604
25.11785	597
25.12795	606
25.13803333	605
25.1479	592
25.15798333	605
25.1682	613
25.17876667	634
25.18915	623
25.19935	612
25.2096	615
25.2199	618
25.23033333	626
25.24075	625
25.25078333	602
25.26078333	600
25.27063333	591
25.28038333	585
25.29018333	588
25.30006667	593
25.31018333	607
25.32058333	624
25.33118333	636
25.34186667	641
25.35243333	634
25.36295	631
25.37338333	626
25.38363333	615
25.39355	595
25.40345	594
25.41321667	586
25.42295	584
25.43273333	587
25.44233333	576
25.4521	586
25.46193333	590
25.47185	595
25.48176667	595
25.49158333	589
25.50151667	596
25.51155	602
25.52165	606
25.5316	597
25.5417	606
25.55191667	613
25.5621	611
25.5723	612
25.58243333	608
25.59248333	603
25.60226667	587
25.61196667	582
25.62153333	574
25.63103333	570
25.64061667	575
25.65056667	597
25.66123333	640
25.67266667	686
25.68418333	691
25.69553333	681
25.7069	682
25.71816667	676
25.72885	641
25.73958333	644
25.75013333	633
25.76041667	617
25.77051667	606
25.78046667	597
25.79005	575
25.79961667	574
25.80908333	568
25.81833333	555
25.82755	553
25.83678333	554
25.8462	565
25.8563	606
25.86835	723
25.88083333	749
25.8934	754
25.90546667	724
25.91771667	735
25.92933333	697
25.94095	697
25.95218333	674
25.96311667	656
25.97368333	634
25.98403333	621
25.99416667	608
26.00405	593
26.01363333	575
26.02328333	579
26.03278333	570
26.04233333	573
26.05181667	569
26.06135	572
26.07095	576
26.08061667	580
26.09018333	574
26.09965	568
26.10915	570
26.11856667	565
26.12813333	574
26.13776667	578
26.1474	578
26.15698333	575
26.16638333	564
26.17583333	567
26.18525	565
26.19463333	563
26.20385	553
26.21315	558
26.22238333	554
26.23171667	560
26.24145	584
26.2513	591
26.26136667	604
26.2716	614
26.28193333	620
26.2923	622
26.30228333	599
26.3121	589
26.32176667	580
26.33116667	564
26.34056667	564
26.35006667	570
26.35995	593
26.37015	612
26.38065	630
26.39103333	623
26.40128333	615
26.41131667	602
26.42125	596
26.43101667	586
26.44053333	571
26.44991667	563
26.45916667	555
26.46831667	549
26.47736667	543
26.48643333	544
26.49563333	552
26.50521667	575
26.51518333	598
26.52533333	609
26.53556667	614
26.54573333	610
26.55585	607
26.56588333	602
26.57581667	596
26.58568333	592
26.59531667	578
26.60481667	570
26.61423333	565
26.62356667	560
26.63295	563
26.6426	579
26.65435	705
26.66821667	832
26.6817	809
26.69515	807
26.70831667	790
26.7213	779
26.7339	756
26.74611667	733
26.75775	698
26.76875	660
26.77941667	640
26.78971667	618
26.79975	602
26.80945	582
26.81891667	568
26.82831667	564
26.83761667	558
26.84693333	559
26.85701667	605
26.86968333	760
26.88173333	723
26.89383333	726
26.90603333	732
26.91845	745
26.93051667	724
26.94206667	693
26.95308333	661
26.9639	649
26.9745	636
26.98486667	622
26.99518333	619
27.00545	616
27.01546667	601
27.0255	602
27.03555	603
27.04558333	602
27.0556	601
27.06558333	599
27.07578333	612
27.08633333	633
27.09721667	653
27.10755	620
27.11816667	637
27.12883333	640
27.1397	652
27.15043333	644
27.16075	619
27.17095	612
27.1811	609
27.19135	615
27.20205	642
27.21348333	686
27.22558333	726
27.238	745
27.2502	732
27.26201667	709
27.27328333	676
27.28426667	659
27.295	644
27.30558333	635
27.31605	628
27.3264	621
27.33665	615
27.34661667	598
27.35656667	597
27.36646667	594
27.37645	599
27.38666667	613
27.39706667	624
27.40731667	615
27.41728333	598
27.4272	595
27.43713333	596
27.44733333	612
27.45801667	641
27.46931667	678
27.48046667	669
27.49146667	660
27.5024	656
27.51316667	646
27.5238	638
27.53396667	610
27.54413333	610
27.55391667	587
27.56365	584
27.57308333	566
27.58246667	563
27.59176667	558
27.60115	563
27.61086667	583
27.62085	599
27.63093333	605
27.64088333	597
27.65078333	594
27.66051667	584
27.67031667	588
27.68015	590
27.69011667	598
27.70031667	612
27.71046667	609
27.72101667	633
27.73178333	646
27.74291667	668
27.75438333	688
27.76565	676
27.77611667	628
27.78638333	616
27.7965	607
27.80651667	601
27.81668333	610
27.82835	700
27.84128333	776
27.8542	775
27.86743333	794
27.88083333	804
27.89368333	771
27.9059	733
27.9177	708
27.92903333	680
27.94	658
27.95061667	637
27.96098333	622
27.97121667	614
27.98138333	610
27.99156667	611
28.00175	611
28.01183333	605
28.02206667	614
28.03246667	624
28.04328333	649
28.05471667	686
28.06566667	657
28.07673333	664
28.08788333	669
28.09901667	668
28.11008333	664
28.12126667	671
28.13216667	654
28.14286667	642
28.15351667	639
28.16405	632
28.17431667	616
28.1849	635
28.19541667	631
28.20595	632
28.21646667	631
28.22713333	640
28.23753333	624
28.24775	613
28.2582	627
28.2685	618
28.27873333	614
28.28885	607
28.29881667	598
28.30871667	594
28.31886667	609
28.32976667	654
28.34138333	697
28.3533	715
28.36545	729
28.37795	750
28.39015	732
28.40193333	707
28.4132	676
28.42403333	650
28.43455	631
28.44481667	616
28.45488333	604
28.46478333	594
28.47451667	584
28.48415	578
28.49373333	575
28.5032	568
28.5129	582
28.52335	627
28.53621667	772
28.55163333	925
28.56623333	876
28.58063333	864
28.59486667	854
28.60911667	855
28.62261667	810
28.63518333	754
28.64701667	710
28.65828333	676
28.66898333	642
28.6795	631
28.68961667	607
28.69961667	600
28.70966667	603
28.7199	614
28.73003333	608
28.74043333	624
28.75121667	647
28.76246667	675
28.7737	674
28.78496667	676
28.7962	674
28.80731667	667
28.81823333	655
28.82863333	624
28.83883333	612
28.849	610
28.8591	606
28.86928333	611
28.88008333	648
28.89151667	686
28.90285	680
28.9144	693
28.92581667	685
28.93696667	669
28.94853333	694
28.95998333	687
28.97101667	662
28.98193333	655
28.99251667	635
29.00278333	616
29.01281667	602
29.02263333	589
29.03255	595
29.0425	597
29.0529	624
29.06366667	646
29.0745	650
29.08478333	617
29.09488333	606
29.10498333	606
29.11516667	611
29.12591667	645
29.1378	713
29.15005	735
29.16303333	779
29.1761	784
29.18893333	770
29.20118333	735
29.21293333	705
29.22431667	683
29.23538333	664
29.24608333	642
29.25638333	618
29.26641667	602
29.27628333	592
29.28608333	588
29.29588333	588
29.30628333	624
29.31808333	708
29.33133333	795
29.34471667	803
29.35803333	799
29.37068333	759
29.38251667	710
29.39398333	688
29.40503333	663
29.41575	643
29.42625	630
29.43643333	611
29.4465	604
29.45661667	607
29.4669	617
29.47803333	668
29.49033333	738
29.50298333	759
29.51553333	753
29.52801667	749
29.54008333	724
29.55145	682
29.56278333	680
29.57388333	666
29.58491667	662
29.59565	644
29.60648333	650
29.61708333	636
29.62745	622
29.6379	627
29.64858333	641
29.66008333	690
29.67226667	731
29.68413333	712
29.69578333	699
29.70746667	701
29.71918333	703
29.7304	673
29.74123333	650
29.75176667	632
29.76203333	616
29.77203333	600
29.7818	586
29.79161667	589
29.80145	590
29.8116	609
29.82206667	628
29.83311667	663
29.84466667	693
29.85653333	712
29.86798333	687
29.87985	712
29.89173333	713
29.90361667	713
29.9149	677
29.92635	687
29.93761667	676
29.9488	671
29.95968333	653
29.9707	661
29.9817	660
29.9926	654
30.00375	669
30.01483333	665
30.0262	682
30.03741667	673
30.04863333	673
30.06013333	690
30.07166667	692
30.08255	653
30.09351667	658
30.10451667	660
30.1157	671
30.12716667	688
30.13828333	667
30.1497	685
30.16115	687
30.17268333	692
30.18373333	663
30.19481667	665
30.20556667	645
30.21626667	642
30.22681667	633
30.23705	614
30.24743333	623
30.25793333	630
30.26871667	647
30.28003333	679
30.29108333	663
30.30265	694
30.31415	690
30.3252	663
30.33665	687
30.348	681
30.35905	663
30.37035	678
30.38161667	676
30.39253333	655
30.40371667	671
30.41476667	663
30.42558333	649
30.43675	670
30.44783333	665
30.45853333	642
30.4695	658
30.48043333	656
30.49153333	666
30.5025	658
30.51305	633
30.52365	636
30.53438333	644
30.54548333	666
30.55713333	699
30.56871667	695
30.58005	680
30.59125	672
30.6023	663
30.61313333	650
30.62373333	636
30.63425	631
30.64468333	626
30.65493333	615
30.66531667	623
30.67591667	636
30.68646667	633
30.6976	668
30.709	684
30.72048333	689
30.73208333	696
30.74285	646
30.75378333	656
30.76465	652
30.77558333	656
30.78673333	669
30.79743333	642
30.80793333	630
30.81826667	620
30.82875	629
30.8396	651
30.85143333	710
30.86406667	758
30.87698333	775
30.88955	754
30.9017	729
30.91353333	710
30.92473333	672
30.93586667	668
30.94688333	661
30.95775	652
30.96843333	641
30.9787	616
30.98891667	613
30.99908333	610
31.00948333	624
31.0212	703
31.03395	765
31.04641667	748
31.05931667	774
31.07236667	783
31.0848	746
31.09728333	749
31.10923333	717
31.12076667	692
31.13226667	690
31.14343333	670
31.15463333	672
31.16555	655
31.17641667	652
31.18763333	673
31.19878333	669
31.2106	709
31.22266667	724
31.23418333	691
31.24606667	713
31.25758333	691
31.26866667	665
31.27985	671
31.29091667	664
31.30205	668
31.31308333	662
31.32438333	678
31.33556667	671
31.34701667	687
31.35833333	679
31.36953333	672
31.38076667	674
31.39188333	667
31.40286667	659
31.4139	662
31.42516667	676
31.43658333	685
31.44753333	657
31.45866667	668
31.46986667	672
31.48126667	684
31.49213333	652
31.50328333	669
31.51453333	675
31.52603333	690
31.53755	691
31.54876667	673
31.56006667	678
31.5712	668
31.58215	657
31.5927	633
31.603	618
31.61333333	620
31.62371667	623
31.6344	641
31.64585	687
31.6582	741
31.67025	723
31.6821	711
31.6936	690
31.70481667	673
31.71545	638
31.72595	630
31.73626667	619
31.74655	617
31.75706667	631
31.76793333	652
31.77896667	662
31.79028333	679
31.8019	697
31.8134	690
31.82493333	692
31.83635	685
31.84741667	664
31.85831667	654
31.86905	644
31.87958333	632
31.89001667	626
31.90023333	613
31.91053333	618
31.92068333	609
31.93063333	597
31.94068333	603
31.95085	610
31.96088333	602
31.9711	613
31.98173333	638
31.99326667	692
