0.013983333	839
0.028983333	900
0.043516667	872
0.055466667	717
0.0678	740
0.08095	789
0.094083333	788
0.106033333	717
0.118916667	773
0.132283333	802
0.1447	745
0.15635	699
0.167633333	677
0.1793	700
0.192983333	821
0.207466667	869
0.22055	785
0.232133333	695
0.2415	0
0.2466	0
0.255416667	0
0.267333333	715
0.279766667	746
0.292283333	751
0.304083333	708
0.3165	745
0.3294	774
0.34255	789
0.3554	771
0.368566667	790
0.381533333	778
0.39475	793
0.409083333	860
0.423466667	863
0.436566667	786
0.45035	827
0.46365	798
0.477316667	820
0.49125	836
0.50555	858
0.519016667	808
0.532266667	795
0.54625	839
0.56	825
0.572416667	745
0.583983333	694
0.595733333	705
0.608566667	770
0.621883333	799
0.6348	775
0.64965	891
0.6645	891
0.678966667	868
0.693583333	877
0.707683333	846
0.722	859
0.735766667	826
0.747666667	714
0.7598	728
0.7727	774
0.785283333	755
0.796683333	684
0.808566667	713
0.821466667	774
0.834016667	753
0.845683333	700
0.858666667	779
0.87165	779
0.884216667	754
0.895666667	687
0.907283333	697
0.919566667	737
0.933083333	811
0.94565	754
0.9575	711
0.970266667	766
0.983633333	802
0.9967	784
1.008233333	692
1.020366667	728
1.033733333	802
1.045733333	720
1.059216667	809
1.072666667	807
1.086366667	822
1.099816667	807
1.112866667	783
1.1259	782
1.139383333	809
1.152033333	759
1.165366667	800
1.179083333	823
1.19095	712
1.203466667	751
1.21745	839
1.230933333	809
1.244783333	831
1.258616667	830
1.271566667	777
1.283666667	726
1.29675	785
1.310383333	818
1.32385	808
1.336066667	733
1.347733333	700
1.359166667	686
1.370883333	703
1.38365	766
1.394933333	677
1.40605	667
1.417483333	686
1.428766667	677
1.439583333	649
1.450916667	680
1.4631	731
1.47575	759
1.488266667	751
1.5008	752
1.512483333	701
1.5247	733
1.536933333	734
1.54915	733
1.5609	705
1.5718	654
1.583116667	679
1.596066667	777
1.610233333	850
1.6243	844
1.6373	780
1.648966667	700
1.660466667	690
1.67205	695
1.683616667	694
1.69595	740
1.7086	759
1.721433333	770
1.735183333	825
1.749766667	875
1.764633333	892
1.779566667	896
1.7944	890
1.8074	780
1.820083333	761
1.83395	832
1.848883333	896
1.862316667	806
1.875833333	811
1.89015	859
1.904733333	875
1.918616667	833
1.932083333	808
1.944216667	728
1.958033333	829
1.972466667	866
1.986666667	852
2.000733333	844
2.01355	769
2.026233333	761
2.03935	787
2.053316667	838
2.06685	812
2.079016667	730
2.092116667	786
2.106133333	841
2.119416667	797
2.132266667	771
2.145083333	769
2.1583	793
2.17105	765
2.182583333	692
2.195416667	770
2.2089	809
2.22085	717
2.232733333	713
2.240783333	0
2.244883333	0
2.257783333	774
2.2714	817
2.28455	789
2.296183333	698
2.308566667	743
2.321283333	763
2.334133333	771
2.347316667	791
2.36075	806
2.3741	801
2.386866667	766
2.398333333	688
2.4098	688
2.422183333	743
2.435666667	809
2.449716667	843
2.464266667	873
2.478066667	828
2.49095	773
2.504416667	808
2.527333333	0
2.538766667	686
2.542766667	0
2.549766667	0
2.560233333	628
2.56975	0
2.5812	687
2.592683333	689
2.5935	0
2.597883333	0
2.60575	0
2.61755	708
2.626116667	0
2.629583333	0
2.642433333	771
2.655633333	792
2.668716667	785
2.680416667	702
2.6916	671
2.703483333	713
2.717116667	818
2.731	833
2.745	840
2.7588	828
2.7727	834
2.7859	792
2.798733333	770
2.812383333	819
2.825433333	783
2.837066667	698
2.84995	773
2.865966667	961
2.882666667	1002
2.8978	908
2.912666667	892
2.925283333	757
2.9387	805
2.95275	843
2.966183333	806
2.979016667	770
2.9925	809
3.007216667	883
3.021716667	870
3.03625	872
3.050933333	881
3.065583333	879
3.08065	904
3.095583333	896
3.110266667	881
3.123983333	823
3.138216667	854
3.15235	848
3.165433333	785
3.179683333	855
3.194366667	881
3.20955	911
3.224166667	877
3.23665	749
3.251116667	868
3.264166667	783
3.277533333	802
3.29055	781
3.302116667	694
3.31435	734
3.34145	0
3.35445	780
3.366633333	731
3.378216667	695
3.389683333	688
3.402083333	744
3.415316667	794
3.42955	854
3.44415	876
3.45825	846
3.471683333	806
3.48395	736
3.496916667	778
3.5104	809
3.52225	711
3.53385	696
3.545616667	706
3.557516667	714
3.569883333	742
3.5829	781
3.5964	810
3.6099	810
3.623583333	821
3.637	805
3.650633333	818
3.664266667	818
3.678133333	832
3.691566667	806
3.704216667	759
3.7174	791
3.730133333	764
3.741466667	680
3.752983333	691
3.765883333	774
3.778516667	758
3.7904	713
3.803283333	773
3.816783333	810
3.831783333	900
3.8473	931
3.86195	879
3.87665	882
3.8911	867
3.905166667	844
3.918733333	814
3.932183333	807
3.94475	754
3.957516667	766
3.971616667	846
3.9865	893
4.000266667	826
4.014233333	838
4.02805	829
4.041666667	817
4.055666667	840
4.0692	812
4.082683333	809
4.095233333	753
4.107916667	761
4.12175	830
4.135283333	812
4.148333333	783
4.16235	841
4.17535	780
4.18875	804
4.202416667	820
4.215316667	774
4.228683333	802
4.242083333	804
4.254083333	720
4.266633333	753
4.27965	781
4.292983333	800
4.306466667	809
4.3199	806
4.3317	708
4.343083333	683
4.354016667	656
4.365816667	708
4.378883333	784
4.392166667	797
4.404616667	747
4.417316667	762
4.43105	824
4.4437	759
4.456366667	760
4.469083333	763
4.48175	760
4.4949	789
4.508216667	799
4.520733333	751
4.532366667	698
4.54535	779
4.557733333	743
4.5693	694
4.581183333	713
4.593333333	729
4.60605	763
4.618666667	757
4.631083333	745
4.64405	778
4.656883333	770
4.669816667	776
4.68135	692
4.6935	729
4.705683333	731
4.716916667	674
4.728816667	714
4.741283333	748
4.7534	727
4.765	696
4.7777	762
4.790766667	784
4.804083333	799
4.8175	805
4.831216667	823
4.8448	815
4.858233333	806
4.870683333	747
4.883666667	779
4.897033333	802
4.909433333	744
4.921183333	705
4.933933333	765
4.94645	751
4.9586	729
4.971533333	776
4.984766667	794
4.9976	770
5.011316667	823
5.025283333	838
5.038566667	797
5.05215	815
5.065666667	811
5.078466667	768
5.089683333	673
5.10125	694
5.112833333	695
5.123666667	650
5.1355	710
5.149166667	820
5.1624	794
5.175466667	784
5.18915	821
5.2022	783
5.215833333	818
5.228983333	789
5.241483333	750
5.255133333	819
5.269616667	869
5.283283333	820
5.296916667	818
5.311366667	867
5.325983333	877
5.3399	835
5.35205	729
5.36485	768
5.378316667	808
5.390583333	736
5.404116667	812
5.417283333	790
5.42945	730
5.4409	687
5.452466667	694
5.4769	0
5.4882	678
5.499766667	694
5.51195	731
5.524733333	767
5.53795	793
5.551283333	800
5.5647	805
5.577466667	766
5.590083333	757
5.602683333	756
5.6161	805
5.630133333	842
5.644633333	870
5.65885	853
5.67255	822
5.685416667	772
5.699183333	826
5.711483333	738
5.7244	775
5.7384	840
5.753083333	881
5.7656	751
5.7796	840
5.792116667	751
5.80575	818
5.81995	852
5.833666667	823
5.8474	824
5.861016667	817
5.874266667	795
5.886516667	735
5.899133333	757
5.912266667	788
5.925283333	781
5.938433333	789
5.950316667	713
5.96175	686
5.973116667	682
5.98585	764
5.999733333	833
6.012783333	783
6.026533333	825
6.039666667	788
6.051633333	718
6.06355	715
6.075416667	712
6.087433333	721
6.099233333	708
6.110233333	660
6.122283333	723
6.135933333	819
6.1503	862
6.163783333	809
6.177233333	807
6.190516667	797
6.202383333	712
6.214916667	752
6.228266667	801
6.2416	800
6.253516667	715
6.264883333	682
6.277633333	765
6.291583333	837
6.304166667	755
6.317083333	775
6.331816667	884
6.346733333	895
6.3607	838
6.3751	864
6.3894	858
6.402366667	778
6.415133333	766
6.429633333	870
6.444733333	906
6.458266667	812
6.471666667	804
6.486	860
6.501283333	917
6.516583333	918
6.530433333	831
6.544266667	830
6.55845	851
6.572933333	869
6.587516667	875
6.601866667	861
6.615866667	840
6.629966667	846
6.643816667	831
6.656783333	778
6.671516667	884
6.685433333	835
6.698633333	792
6.711433333	768
6.725933333	870
6.74045	871
6.754233333	827
6.767633333	804
6.780416667	767
6.79355	788
6.807633333	845
6.822133333	870
6.836183333	843
6.848383333	732
6.862716667	860
6.87515	746
6.889	831
6.903216667	853
6.916233333	781
6.9285	736
6.94055	723
6.951983333	686
6.963516667	692
6.975216667	702
6.986933333	703
6.998716667	707
7.0106	713
7.021966667	682
7.0343	740
7.0477	804
7.06005	741
7.071033333	659
7.08215	667
7.0934	675
7.105316667	715
7.117	701
7.12855	693
7.14055	720
7.152083333	692
7.1643	733
7.176233333	716
7.187716667	689
7.199216667	690
7.210933333	703
7.221716667	647
7.232266667	633
7.24325	659
7.253833333	635
7.2642	622
7.274533333	620
7.28565	667
7.29615	630
7.3064	615
7.31855	729
7.329483333	656
7.3412	703
7.353416667	733
7.365216667	708
7.37665	686
7.3881	687
7.40095	771
7.413033333	725
7.424883333	711
7.437033333	729
7.448383333	681
7.459483333	666
7.469866667	623
7.4804	632
7.4921	702
7.503133333	662
7.513666667	632
7.52545	707
7.536716667	676
7.54755	650
7.559633333	725
7.560416667	47
7.57075	620
7.58285	726
7.596083333	794
7.6082	727
7.620266667	724
7.632816667	753
7.64425	686
7.655066667	649
7.6661	662
7.677933333	710
7.68945	691
7.701033333	695
7.71355	751
7.725716667	730
7.738483333	766
7.75225	826
7.76425	720
7.777	765
7.79025	795
7.801583333	680
7.813033333	687
7.824866667	710
7.836266667	684
7.84715	653
7.8591	717
7.870866667	706
7.881983333	667
7.894566667	755
7.907066667	750
7.9183	674
7.929916667	697
7.942316667	744
7.954633333	739
7.96695	739
7.977966667	661
7.988916667	657
8.000366667	687
8.01095	635
8.02145	630
8.032083333	638
8.042783333	642
8.053316667	632
8.063866667	633
8.076066667	732
8.087416667	681
8.09865	674
8.109816667	670
8.120183333	622
8.130533333	621
8.140516667	599
8.150483333	598
8.160983333	630
8.1717	643
8.182933333	674
8.193866667	656
8.204833333	658
8.216433333	696
8.22775	679
8.2391	681
8.252033333	776
8.264133333	726
8.275066667	656
8.286416667	681
8.300316667	834
8.312533333	733
8.323616667	665
8.335016667	684
8.346066667	663
8.356566667	630
8.3672	638
8.377966667	646
8.38935	683
8.400133333	647
8.412166667	722
8.4235	680
8.43445	657
8.44645	720
8.457766667	679
8.469016667	675
8.48165	758
8.493016667	682
8.504183333	670
8.515966667	707
8.527633333	700
8.538116667	629
8.549166667	663
8.560516667	681
8.572033333	691
8.585033333	780
8.596583333	693
8.60775	670
8.61975	720
8.632016667	736
8.643833333	709
8.655083333	675
8.667233333	729
8.6788	694
8.6895	642
8.701183333	701
8.712533333	681
8.724416667	713
8.736133333	703
8.747433333	678
8.75815	643
8.76955	684
8.781683333	728
8.792866667	671
8.803516667	639
8.815516667	720
8.82665	668
8.83715	630
8.847766667	637
8.85875	659
8.869716667	658
8.88	617
8.890116667	607
8.9001	599
8.911133333	662
8.923216667	725
8.934033333	649
8.944716667	641
8.956083333	682
8.9679	709
8.978783333	653
8.99	673
9.003766667	826
9.015966667	732
9.027883333	715
9.0403	745
9.051533333	674
9.062916667	683
9.074566667	699
9.086383333	709
9.097766667	683
9.109783333	721
9.121366667	695
9.1328	686
9.144566667	706
9.155916667	681
9.16865	764
9.1798	669
9.19065	651
9.201683333	662
9.21385	730
9.22455	642
9.23535	648
9.2466	675
9.257733333	668
9.268516667	647
9.279616667	666
9.291533333	715
9.302016667	629
9.312433333	625
9.323183333	645
9.333866667	641
9.344433333	634
9.354983333	633
9.3666	697
9.37765	663
9.388566667	655
9.400416667	711
9.411383333	658
9.422016667	638
9.433966667	717
9.4453	680
9.456133333	650
9.468066667	716
9.4804	740
9.492433333	722
9.504783333	741
9.516633333	711
9.527683333	663
9.54	739
9.552333333	740
9.563866667	692
9.575433333	694
9.586866667	686
9.597516667	639
9.60835	650
9.620483333	728
9.63135	652
9.642533333	671
9.654133333	696
9.665033333	654
9.676683333	699
9.68865	718
9.699616667	658
9.710816667	672
9.722083333	676
9.732766667	641
9.743666667	654
9.75475	665
9.7654	639
9.776316667	655
9.7876	677
9.798383333	647
9.809316667	656
9.820816667	690
9.831683333	652
9.843416667	704
9.854683333	676
9.86565	658
9.877633333	719
9.8887	664
9.89945	645
9.910183333	644
9.921666667	689
9.9323	638
9.942566667	616
9.953516667	657
9.96435	650
9.97495	636
9.98555	636
9.996466667	655
10.0078	680
10.01845	639
10.03	693
10.04228333	737
10.05316667	653
10.06453333	682
10.07613333	696
10.08673333	636
10.0973	634
10.10815	651
10.11886667	643
10.12903333	610
10.13923333	612
10.15025	661
10.16091667	640
10.17125	620
10.18196667	643
10.19451667	753
10.2051	635
10.21638333	677
10.22801667	698
10.23836667	621
10.24881667	627
10.26035	692
10.27196667	697
10.28293333	658
10.29551667	755
10.30788333	742
10.3192	679
10.33131667	727
10.34221667	654
10.3533	665
10.36648333	791
10.37861667	728
10.39105	746
10.40498333	836
10.41673333	705
10.42945	763
10.44156667	727
10.45293333	682
10.46511667	731
10.4762	665
10.4879	702
10.50031667	745
10.5116	677
10.52306667	688
10.53531667	735
10.5464	665
10.55791667	691
10.57005	728
10.58133333	677
10.59285	691
10.6053	747
10.61665	681
10.6284	705
10.64066667	736
10.6523	698
10.66486667	754
10.67613333	676
10.6881	718
10.69935	675
10.71066667	679
10.72285	731
10.73388333	662
10.74481667	656
10.7574	755
10.7686	672
10.7795	654
10.7914	714
10.80283333	686
10.81385	661
10.82586667	721
10.83731667	687
10.84825	656
10.86001667	706
10.8711	665
10.88191667	649
10.89371667	708
10.90475	662
10.9157	657
10.9281	744
10.93896667	652
10.94961667	639
10.96013333	631
10.9707	634
10.98211667	685
10.99408333	718
11.00683333	765
11.01988333	783
11.03178333	714
11.04346667	701
11.05506667	696
11.06651667	687
11.07883333	739
11.09078333	717
11.1028	721
11.11468333	713
11.1256	655
11.13641667	649
11.14725	650
11.15765	624
11.16778333	608
11.17783333	603
11.18756667	584
11.1992	698
11.21115	717
11.2216	627
11.2335	714
11.24445	657
11.2548	621
11.26533333	632
11.27723333	714
11.2881	652
11.29878333	641
11.31045	700
11.32128333	650
11.3318	631
11.34263333	650
11.35401667	683
11.36496667	657
11.37591667	657
11.38715	674
11.39786667	643
11.4091	674
11.42031667	673
11.43083333	631
11.44178333	657
11.4531	679
11.46355	627
11.47475	672
11.48556667	649
11.49613333	634
11.50758333	687
11.51883333	675
11.52936667	632
11.54005	641
11.55128333	674
11.56243333	669
11.57305	637
11.58438333	680
11.59605	700
11.60746667	685
11.61813333	640
11.62915	661
11.64066667	691
11.6514	644
11.66176667	622
11.67301667	675
11.68383333	649
11.6944	634
11.70593333	692
11.7165	634
11.72678333	617
11.73776667	659
11.74895	671
11.75946667	631
11.77038333	655
11.78143333	663
11.79203333	636
11.80288333	651
11.81401667	668
11.82456667	633
11.83495	623
11.84578333	650
11.85615	622
11.8669	645
11.87783333	656
11.88865	649
11.89933333	641
11.9106	676
11.92126667	640
11.93175	629
11.94303333	677
11.9547	700
11.96525	633
11.97571667	628
11.98716667	687
11.99805	653
12.00843333	623
12.01923333	648
12.03083333	696
12.0417	652
12.05231667	637
12.06401667	702
12.07605	722
12.0869	651
12.098	666
12.10931667	679
12.11991667	636
12.13041667	630
12.14198333	694
12.15281667	650
12.1634	635
12.17485	687
12.18565	648
12.1961	627
12.20803333	716
12.21925	673
12.22986667	637
12.24138333	691
12.25206667	641
12.26256667	630
12.27356667	660
12.28386667	618
12.29413333	616
12.30478333	639
12.31518333	624
12.3257	631
12.3371	684
12.3475	624
12.3578	618
12.36878333	659
12.37975	658
12.39001667	616
12.40046667	627
12.41228333	709
12.42331667	662
12.434	641
12.44543333	686
12.45623333	648
12.46681667	635
12.4781	677
12.48885	645
12.50016667	679
12.51326667	786
12.52486667	696
12.53773333	772
12.55083333	786
12.56195	667
12.57313333	671
12.58498333	711
12.59566667	641
12.60693333	676
12.61858333	699
12.62928333	642
12.64068333	684
12.6529	733
12.66398333	665
12.67495	658
12.6866	699
12.69743333	650
12.70786667	626
12.71933333	688
12.73041667	665
12.74106667	639
12.7524	680
12.76468333	737
12.77575	664
12.78701667	676
12.79903333	721
12.80983333	648
12.82058333	645
12.83225	700
12.84288333	638
12.8532	619
12.86423333	662
12.87548333	675
12.88603333	633
12.89773333	702
12.90913333	684
12.9198	640
12.9312	684
12.9429	702
12.95373333	650
12.96523333	690
12.97683333	696
12.98765	649
12.99848333	650
13.0113	769
13.0227	684
13.03345	645
13.04488333	686
13.05611667	674
13.06663333	631
13.07725	637
13.08955	738
13.10068333	668
13.11135	640
13.12281667	688
13.13358333	646
13.14401667	626
13.15528333	676
13.16575	628
13.17601667	616
13.18688333	652
13.19763333	645
13.20816667	632
13.22028333	727
13.23115	652
13.24163333	629
13.25258333	657
13.26278333	612
13.27298333	612
13.28348333	630
13.29456667	665
13.30501667	627
13.31521667	612
13.32578333	634
13.33665	652
13.3472	633
13.35776667	634
13.36893333	670
13.3796	640
13.39038333	647
13.40126667	653
13.4117	626
13.42258333	653
13.4338	673
13.44461667	649
13.45558333	658
13.46701667	686
13.47771667	642
13.48815	626
13.49863333	629
13.5096	658
13.52023333	638
13.53038333	609
13.54066667	617
13.55116667	630
13.56125	605
13.57113333	593
13.58181667	641
13.59213333	619
13.60226667	608
13.61271667	627
13.62275	602
13.63263333	593
13.6429	616
13.65321667	619
13.6632	599
13.67281667	577
13.6824	575
13.69321667	649
13.70378333	634
13.71403333	615
13.72436667	620
13.73538333	661
13.7455	607
13.75578333	617
13.76673333	657
13.77706667	620
13.7873	614
13.7972	594
13.80706667	592
13.8173	614
13.8286	678
13.84018333	695
13.85165	688
13.86355	714
13.8742	639
13.88596667	706
13.899	782
13.9114	744
13.92385	747
13.93723333	803
13.94858333	681
13.96033333	705
13.97156667	674
13.98226667	642
13.99433333	724
14.00585	691
14.01688333	662
14.0305	817
14.0428	738
14.05471667	715
14.06805	800
14.08025	732
14.09343333	791
14.10518333	705
14.11636667	671
14.12846667	726
14.13951667	663
14.15018333	640
14.1614	673
14.17231667	655
14.18291667	636
14.19423333	679
14.20615	715
14.21683333	641
14.2282	682
14.23988333	701
14.2506	643
14.26165	663
14.27325	696
14.28473333	689
14.29653333	708
14.30821667	701
14.31915	656
14.3305	681
14.3429	744
14.35393333	662
14.36473333	648
14.37566667	656
14.38693333	676
14.3981	670
14.40865	633
14.4195	651
14.43115	699
14.44216667	661
14.45283333	640
14.46408333	675
14.47628333	732
14.48803333	705
14.49893333	654
14.51018333	675
14.52253333	741
14.53391667	683
14.54488333	658
14.55648333	696
14.56846667	719
14.57938333	655
14.59018333	648
14.60163333	687
14.61395	739
14.62488333	656
14.63573333	651
14.64783333	726
14.65893333	666
14.6696	640
14.6804	648
14.69183333	686
14.70421667	743
14.71583333	697
14.72688333	663
14.73913333	735
14.7514	736
14.76255	669
14.77408333	692
14.78615	724
14.79766667	691
14.80875	665
14.82071667	718
14.83366667	777
14.84506667	684
14.85651667	687
14.86931667	768
14.88091667	696
14.89186667	657
14.90441667	753
14.91641667	720
14.9275	665
14.93976667	736
14.95228333	751
14.96333333	663
14.97486667	692
14.9863	686
14.99691667	637
15.00756667	639
15.01856667	660
15.02968333	667
15.04041667	644
15.0512	647
15.06281667	697
15.07378333	658
15.08451667	644
15.09653333	721
15.10823333	702
15.11906667	650
15.13018333	667
15.14198333	708
15.1529	655
15.16373333	650
15.17563333	714
15.18721667	695
15.19806667	651
15.20963333	694
15.22125	697
15.23196667	643
15.24281667	651
15.25398333	670
15.2643	619
15.2747	624
15.28603333	680
15.2969	652
15.30738333	629
15.31788333	630
15.32961667	704
15.34221667	756
15.35328333	664
15.3643	661
15.37651667	733
15.38778333	676
15.3988	661
15.4107	714
15.42231667	697
15.43323333	655
15.44443333	672
15.45663333	732
15.46811667	689
15.47886667	645
15.48991667	663
15.50206667	729
15.51286667	648
15.52385	659
15.53521667	682
15.5461	653
15.55671667	637
15.5679	671
15.57931667	685
15.58985	632
15.60063333	647
15.6123	700
15.62316667	652
15.63391667	645
15.64528333	682
15.65715	712
15.66796667	649
15.67865	641
15.69003333	683
15.70116667	668
15.71168333	631
15.72233333	639
15.73338333	663
15.74406667	641
15.75443333	622
15.76525	649
15.7769	699
15.78766667	646
15.7982	632
15.80881667	637
15.8196	647
15.83048333	653
15.84055	604
15.85048333	596
15.86021667	584
15.86963333	565
15.87943333	588
15.88956667	608
15.8994	590
15.90983333	626
15.92038333	633
15.9306	613
15.94068333	605
15.95126667	635
15.96191667	639
15.97235	626
15.98268333	620
15.99285	610
16.0029	603
16.01333333	626
16.02486667	692
16.03678333	715
16.04893333	729
16.06143333	750
16.074	754
16.08545	687
16.0965	663
16.10758333	665
16.11898333	684
16.13153333	753
16.14433333	768
16.15728333	777
16.17091667	818
16.18476667	831
16.19906667	858
16.21246667	804
16.22421667	705
16.23675	752
16.24968333	776
16.26413333	867
16.27751667	803
16.28926667	705
16.30311667	831
16.31701667	834
16.33145	866
16.34405	756
16.35571667	700
16.36691667	672
16.37773333	649
16.38863333	654
16.39988333	675
16.41446667	875
16.42685	743
16.43791667	664
16.44893333	661
16.45986667	656
16.47125	683
16.48285	696
16.49498333	728
16.50731667	740
16.5185	671
16.52923333	644
16.53973333	630
16.55001667	617
16.5602	611
16.57026667	604
16.58028333	601
16.59026667	599
16.60066667	624
16.6113	638
16.62145	609
16.63143333	599
16.64336667	716
16.65546667	726
16.66931667	831
16.68363333	859
16.69763333	840
16.71135	823
16.7238	747
16.73456667	646
16.74566667	666
16.76021667	873
16.77303333	769
16.78423333	672
16.7951	652
16.80668333	695
16.81851667	710
16.82935	650
16.83991667	634
16.85136667	687
16.86741667	963
16.87956667	729
16.89141667	711
16.90486667	807
16.91761667	765
16.92905	686
16.94141667	742
16.9539	749
16.96488333	659
16.97671667	710
16.98825	692
16.99886667	637
17.01011667	675
17.0211	659
17.03155	627
17.04266667	667
17.05411667	687
17.06483333	643
17.07633333	690
17.08863333	738
17.09971667	665
17.11076667	663
17.12243333	700
17.13461667	731
17.1458	671
17.15735	693
17.17023333	773
17.1827	748
17.19393333	674
17.20675	769
17.22018333	806
17.23165	688
17.2428	669
17.25401667	673
17.26536667	681
17.27826667	774
17.29021667	717
17.30151667	678
17.31278333	676
17.32506667	737
17.33786667	768
17.35096667	786
17.36426667	798
17.37806667	828
17.39085	767
17.4029	723
17.41495	723
17.42591667	658
17.43651667	636
17.44766667	669
17.45943333	706
17.47338333	837
17.48635	778
17.50048333	848
17.512	691
17.52458333	755
17.53583333	675
17.54761667	707
17.55891667	678
17.56983333	655
17.58085	661
17.59171667	652
17.6031	683
17.61388333	647
17.62461667	644
17.63595	680
17.64783333	713
17.65918333	681
17.6721	775
17.68423333	728
17.69555	679
17.70678333	674
17.71745	640
17.72776667	619
17.73823333	628
17.74868333	627
17.76016667	689
17.77238333	733
17.78465	736
17.79538333	644
17.80623333	651
17.81996667	824
17.83475	887
17.84721667	748
17.85803333	649
17.86861667	635
17.87906667	627
17.89093333	712
17.9012	616
17.91181667	637
17.9279	965
17.93965	705
17.95133333	701
17.96596667	878
17.98068333	883
17.99283333	729
18.00476667	716
18.01716667	744
18.02906667	714
18.0395	626
18.04983333	620
18.06103333	672
18.0721	664
18.0824	618
18.09286667	628
18.10391667	663
18.11596667	723
18.12656667	636
18.13743333	652
18.15003333	756
18.16118333	669
18.17203333	651
18.18365	697
18.19466667	661
18.20493333	616
18.21536667	626
18.22701667	699
18.23788333	652
18.24856667	641
18.26103333	748
18.27276667	704
18.28353333	646
18.29595	745
18.30718333	674
18.31776667	635
18.32983333	724
18.34128333	687
18.35198333	642
18.36433333	741
18.37563333	678
18.38635	643
18.3978	687
18.40885	663
18.4196	645
18.43161667	721
18.44251667	654
18.45366667	669
18.46613333	748
18.47738333	675
18.48863333	675
18.50135	763
18.5126	675
18.52373333	668
18.53571667	719
18.54718333	688
18.55801667	650
18.5694	683
18.5809	690
18.59175	651
18.60283333	665
18.61411667	677
18.62513333	661
18.6369	706
18.64825	681
18.65898333	644
18.67048333	690
18.68145	658
18.69191667	628
18.70283333	655
18.71333333	630
18.72373333	624
18.73478333	663
18.74616667	683
18.75708333	655
18.76791667	650
18.77938333	688
18.79083333	687
18.80165	649
18.81281667	670
18.8243	689
18.83626667	718
18.84728333	661
18.85856667	677
18.86995	683
18.88073333	647
18.89176667	662
18.90331667	693
18.9145	671
18.9259	684
18.93863333	764
18.94986667	674
18.96068333	649
18.9714	643
18.98211667	643
18.99351667	684
19.00596667	747
19.01815	731
19.03061667	748
19.04378333	790
19.05706667	797
19.06983333	766
19.0816	706
19.0935	714
19.1054	714
19.11681667	685
19.12753333	643
19.13893333	684
19.15101667	725
19.16196667	657
19.17338333	685
19.18541667	722
19.19655	668
19.20728333	644
19.21873333	687
19.23076667	722
19.2418	662
19.2525	642
19.26385	681
19.27518333	680
19.28583333	639
19.2962	622
19.3061	594
19.31625	609
19.32671667	628
19.33685	608
19.34706667	613
19.35733333	616
19.36795	637
19.37831667	622
19.3883	599
19.39845	609
19.4095	663
19.42018333	641
19.4307	631
19.44145	645
19.45316667	703
19.46396667	648
19.47478333	649
19.48595	670
19.49666667	643
19.50706667	624
19.51725	611
19.52778333	632
19.53918333	684
19.5496	625
19.56036667	646
19.57148333	667
19.5832	703
19.59405	651
19.60483333	647
19.61631667	689
19.62755	674
19.63856667	661
19.64975	671
19.66095	672
19.6715	633
19.68208333	635
19.69208333	600
19.70185	586
19.71178333	596
19.72153333	585
19.73138333	591
19.74108333	582
19.75046667	563
19.76013333	580
19.77036667	614
19.78073333	622
19.79098333	615
19.80155	634
19.81275	672
19.82333333	635
19.8337	622
19.844	618
19.85421667	613
19.86591667	702
19.87825	740
19.88933333	665
19.89995	637
19.91015	612
19.91996667	589
19.92945	569
19.93888333	566
19.94798333	546
19.95695	538
19.96581667	532
19.97485	542
19.98465	588
19.99513333	629
20.00528333	609
20.01543333	609
20.02618333	645
20.03706667	653
20.04776667	642
20.06278333	901
20.07415	682
20.08678333	758
20.09843333	699
20.10955	667
20.12113333	695
20.13216667	662
20.14263333	628
20.15273333	606
20.16271667	599
20.1727	599
20.18275	603
20.193	615
20.20303333	602
20.21345	625
20.22438333	656
20.2359	691
20.24651667	637
20.25671667	612
20.26716667	627
20.27893333	706
20.2913	742
20.30378333	749
20.31551667	704
20.32753333	721
20.33998333	747
20.35256667	755
20.36455	719
20.37601667	688
20.38826667	735
20.40118333	775
20.41458333	804
20.42701667	746
20.43883333	709
20.45115	739
20.4634	735
20.47506667	700
20.48608333	661
20.49803333	717
20.51043333	744
20.52243333	720
20.53308333	639
20.54395	652
20.55531667	682
20.56775	746
20.5799	729
20.59076667	652
20.6021	680
20.6141	720
20.62571667	697
20.63633333	637
20.64706667	644
20.65781667	645
20.66896667	669
20.6801	668
20.6911	660
20.70238333	677
20.71333333	657
20.72388333	633
20.73441667	632
20.74523333	649
20.75685	697
20.76073333	0
20.76885	0
20.78086667	721
20.79306667	732
20.80525	731
20.81746667	733
20.8296	728
20.84108333	689
20.85335	736
20.86631667	778
20.87973333	805
20.89351667	827
20.9072	821
20.92093333	824
20.93426667	800
20.9472	776
20.95948333	737
20.97218333	762
20.98521667	782
20.9982	779
21.01151667	799
21.02295	686
21.03426667	679
21.04535	665
21.05603333	641
21.06655	631
21.0769	621
21.08856667	700
21.10045	713
21.11196667	691
21.12281667	651
21.13373333	655
21.14525	691
21.15705	708
21.1692	729
21.1814	732
21.19325	711
21.20516667	715
21.21711667	717
21.22893333	709
21.24041667	689
21.2512	647
21.26186667	640
21.27271667	651
21.28446667	705
21.29673333	736
21.30938333	759
21.32243333	783
21.3355	784
21.34821667	763
21.36083333	757
21.3726	706
21.38375	669
21.39536667	697
21.4073	716
21.41948333	731
21.43193333	747
21.44426667	740
21.45573333	688
21.46751667	707
21.47995	746
21.4925	753
21.50505	753
21.5167	699
21.5291	744
21.54158333	749
21.55395	742
21.56548333	692
21.57746667	719
21.58976667	738
21.60233333	754
21.61511667	767
21.62761667	750
21.64005	746
21.65281667	766
21.66575	776
21.6782	747
21.69045	735
21.70253333	725
21.71431667	707
21.72521667	654
21.73615	656
21.7482	723
21.76073333	752
21.7832	0
21.79516667	718
21.80733333	730
21.8191	706
21.83038333	677
21.84198333	696
21.85361667	698
21.86533333	703
21.87693333	696
21.8883	682
21.89951667	673
21.91033333	649
21.92101667	641
21.93166667	639
21.94283333	670
21.95446667	698
21.96613333	700
21.97805	715
21.99041667	742
22.00163333	673
22.0133	700
22.02621667	775
22.03928333	784
22.05115	712
22.06315	720
22.07545	738
22.08678333	680
22.09788333	666
22.10911667	674
22.12076667	699
22.13266667	714
22.14505	743
22.15776667	763
22.17088333	787
22.18405	790
22.19596667	715
22.20711667	669
22.21818333	664
22.23046667	737
22.24248333	721
22.25356667	665
22.26536667	708
22.27688333	691
22.28798333	666
22.30013333	729
22.31226667	728
22.32381667	693
22.33583333	721
22.3488	778
22.36243333	818
22.37606667	818
22.38995	833
22.4038	831
22.41693333	788
22.42965	763
22.44263333	779
22.45615	811
22.4698	819
22.48245	759
22.49351667	664
22.50016667	0
22.5045	0
22.51558333	665
22.5266	661
22.53736667	646
22.54821667	651
22.55955	680
22.5721	753
22.585	774
22.59818333	791
22.6114	793
22.62461667	793
22.6371	749
22.64938333	737
22.66175	742
22.6742	747
22.68703333	770
22.7	778
22.713	780
22.72613333	788
22.7393	790
22.7522	774
22.76496667	766
22.77695	719
22.78981667	772
22.80326667	807
22.81675	809
22.82863333	713
22.84	682
22.8522	732
22.86498333	767
22.87728333	738
22.88893333	699
22.90126667	740
22.9139	758
22.92668333	767
22.93913333	747
22.95123333	726
22.96386667	758
22.97676667	774
22.98991667	789
23.00246667	753
23.01416667	702
23.02545	677
23.0371	699
23.04931667	733
23.06171667	744
23.07366667	717
23.08468333	661
23.09575	664
23.10653333	647
23.11705	631
23.1282	669
23.13976667	694
23.15115	683
23.16233333	671
23.17411667	707
23.18623333	727
23.19853333	738
23.2108	736
23.22256667	706
23.23383333	676
23.24536667	692
23.25703333	700
23.26906667	722
23.2815	746
23.29396667	748
23.30653333	754
23.31911667	755
23.33171667	756
23.34413333	745
23.35556667	686
23.36718333	697
23.37938333	732
23.39128333	714
23.40283333	693
23.41505	733
23.42791667	772
23.44076667	771
23.45336667	756
23.46536667	720
23.47698333	697
23.48911667	728
23.50173333	757
23.51458333	771
23.52718333	756
23.53918333	720
23.55096667	707
23.5631	728
23.57493333	710
23.5859	658
23.59738333	689
23.60976667	743
23.62235	755
23.63446667	727
23.64658333	727
23.65955	778
23.6725	777
23.68456667	724
23.69608333	691
23.70741667	680
23.71891667	690
23.73046667	693
23.74163333	670
23.75238333	645
23.76285	628
23.7733	627
23.78385	633
23.79433333	629
23.80451667	611
23.8144	593
23.82501667	637
23.83746667	747
23.85055	785
23.86386667	799
23.87601667	729
23.88735	680
23.89828333	656
23.90956667	677
23.92056667	660
23.93116667	636
23.94258333	685
23.95411667	692
23.96633333	733
23.97853333	732
23.99051667	719
24.002	689
24.02116667	0
24.0256	0
24.0366	660
24.04738333	647
24.05813333	645
24.06898333	651
24.07991667	656
24.09101667	666
24.10261667	696
24.12368333	0
24.13386667	611
24.1441	614
24.1544	618
24.16501667	637
24.17636667	681
24.18873333	742
24.20193333	792
24.21535	805
24.22856667	793
24.24185	797
24.25506667	793
24.2679	770
24.28036667	748
24.2934	782
24.30675	801
24.31745	642
24.32875	678
24.34153333	767
24.344	0
24.34783333	0
24.35293333	0
24.36523333	738
24.37801667	767
24.39093333	775
24.4035	754
24.41601667	751
24.4289	773
24.44136667	748
24.45423333	772
24.4668	754
24.4786	708
24.49083333	734
24.50356667	764
24.51698333	805
24.5305	811
24.54435	831
24.5581	825
24.57115	783
24.58443333	797
24.59785	805
24.61093333	785
24.6237	766
24.6351	684
24.6462	666
24.65765	687
24.66943333	707
24.68088333	687
24.69201667	668
24.70415	728
24.71663333	749
24.72893333	738
24.74173333	768
24.75476667	782
24.76756667	768
24.77928333	703
24.7905	673
24.80156667	664
24.813	686
24.8249	714
24.83661667	703
24.84763333	661
24.8595	712
24.8717	732
24.88431667	757
24.89698333	760
24.90915	730
24.92033333	671
24.93201667	701
24.94346667	687
24.95471667	675
24.96578333	664
24.97778333	720
24.99018333	744
25.00305	772
25.01571667	760
25.0281	743
25.04131667	793
25.05455	794
25.06763333	785
25.08043333	768
25.09205	697
25.10366667	697
25.11581667	729
25.1275	701
25.13843333	656
25.15003333	696
25.16193333	714
25.17373333	708
25.18578333	723
25.1978	721
25.21008333	737
25.22151667	686
25.2337	731
25.24531667	697
25.2563	659
25.26723333	656
25.27801667	647
25.28818333	610
25.29793333	585
25.3075	574
25.31711667	577
25.32765	632
25.33851667	652
25.34951667	660
25.36076667	675
25.37106667	618
25.38143333	622
25.39198333	633
25.40385	712
25.41548333	698
25.42651667	662
25.43768333	670
25.44993333	735
25.46275	769
25.47631667	814
25.49013333	829
25.50333333	792
25.51655	793
25.52966667	787
25.54161667	717
25.55291667	678
25.5645	695
25.57686667	742
25.58915	737
25.60101667	712
25.61388333	772
25.6268	775
25.6395	762
25.65226667	766
25.66473333	748
25.67703333	738
25.68951667	749
25.7022	761
25.7141	714
25.72665	753
25.74035	822
25.75371667	802
25.76711667	804
25.77971667	756
25.79251667	768
25.80536667	771
25.8168	686
25.82778333	659
25.83895	670
25.85081667	712
25.86238333	694
25.87346667	665
25.8855	722
25.89815	759
25.91066667	751
25.92313333	748
25.93591667	767
25.94821667	738
25.96085	758
25.97376667	775
25.98685	785
25.99971667	772
26.01228333	754
26.02488333	756
26.03786667	779
26.05108333	793
26.06293333	711
26.07566667	764
26.0893	818
26.10186667	754
26.11415	737
26.12686667	763
26.1395	758
26.15173333	734
26.16471667	779
26.17768333	778
26.19096667	797
26.20296667	720
26.2142	674
26.22536667	670
26.23661667	675
26.24823333	697
26.26003333	708
26.27168333	699
26.28328333	696
26.29523333	717
26.30703333	708
26.31873333	702
26.32973333	660
26.34056667	650
26.35206667	690
26.3651	782
26.37928333	851
26.39291667	818
26.40666667	825
26.42053333	832
26.43416667	818
26.4474	794
26.4607	798
26.47351667	769
26.48636667	771
26.49915	767
26.51203333	773
26.52351667	689
26.53475	674
26.54615	684
26.5585	741
26.57125	765
26.58398333	764
26.59673333	765
26.6094	760
26.62201667	757
26.6345	749
26.64688333	743
26.65895	724
26.67068333	704
26.68241667	704
26.69398333	694
26.70555	694
26.71783333	737
26.73058333	765
26.74341667	770
26.75655	788
26.76986667	799
26.78301667	789
26.79511667	726
26.80693333	709
26.81868333	705
26.82958333	654
26.84031667	644
26.85183333	691
26.86265	649
26.87336667	643
26.88496667	696
26.89745	749
26.90916667	703
26.92106667	714
26.93383333	766
26.94613333	738
26.9579	706
26.97033333	746
26.98253333	732
26.99426667	704
27.00525	659
27.01591667	640
27.02686667	657
27.03793333	664
27.04941667	689
27.06046667	663
27.07138333	655
27.0825	667
27.09448333	719
27.10631667	710
27.11761667	678
27.12871667	666
27.14098333	736
27.15411667	788
27.16666667	753
27.17858333	715
27.19131667	764
27.20433333	781
27.21696667	758
27.22946667	750
27.24186667	744
27.25406667	732
27.26601667	717
27.27846667	747
27.29093333	748
27.30365	763
27.31626667	757
27.32755	677
27.33866667	667
27.35025	695
27.3625	735
27.3745	720
27.38548333	659
27.39633333	651
27.4074	664
27.41791667	631
27.42851667	636
27.43901667	630
27.44978333	646
27.4606	649
27.47173333	668
27.48403333	738
27.49695	775
27.50965	762
27.52215	750
27.53426667	727
27.54628333	721
27.55911667	770
27.57253333	805
27.58556667	782
27.59836667	768
27.61186667	810
27.62586667	840
27.63973333	832
27.65335	817
27.66676667	805
27.68076667	840
27.69463333	832
27.70803333	804
27.72096667	776
27.7342	794
27.74758333	803
27.76126667	821
27.775	824
27.78871667	823
27.80233333	817
27.81608333	825
27.82963333	813
27.84321667	815
27.85665	806
27.87025	816
27.88436667	847
27.89741667	783
27.91043333	781
27.9242	826
27.93646667	736
27.94771667	675
27.95886667	669
27.97063333	706
27.98248333	711
27.99345	658
28.0049	687
28.01765	765
28.03026667	757
28.0427	746
28.05433333	698
28.06595	697
28.07828333	740
28.09088333	756
28.10345	754
28.11613333	761
28.12903333	774
28.14175	763
28.1534	699
28.16573333	740
28.17831667	755
28.1908	749
28.20248333	701
28.21375	676
28.22553333	707
28.23715	697
28.24908333	716
28.2606	691
28.27218333	695
28.28391667	704
28.296	725
28.30813333	728
28.3205	742
28.33281667	739
28.34525	746
28.35753333	737
28.36976667	734
28.38203333	736
28.39451667	749
28.40686667	741
28.41856667	702
28.4296	662
28.44033333	644
28.45103333	642
28.46263333	696
28.4755	772
28.48836667	772
28.50135	779
28.51433333	779
28.5261	706
28.53825	729
28.55068333	746
28.56235	700
28.57341667	664
28.58506667	699
28.59691667	711
28.60835	686
28.62051667	730
28.63283333	739
28.64498333	729
28.6577	763
28.67125	813
28.68423333	779
28.69585	697
28.70878333	776
28.7214	757
28.73303333	698
28.74546667	746
28.75831667	771
28.7705	731
28.78228333	707
28.79475	748
28.80756667	769
28.81976667	732
28.83136667	696
28.84316667	708
28.85485	701
28.86605	672
28.87705	660
28.88821667	670
28.9006	743
28.91225	699
28.92411667	712
28.93703333	775
28.95068333	819
28.96455	832
28.97828333	824
28.99175	808
29.00471667	778
29.0171	743
29.0302	786
29.04351667	799
29.05641667	774
29.06838333	718
29.07986667	689
29.09166667	708
29.1043	758
29.1173	780
29.13033333	782
29.14271667	743
29.1553	755
29.1685	792
29.18201667	811
29.19566667	819
29.209	800
29.2223	798
29.23526667	778
29.24793333	760
29.26108333	789
29.2746	811
29.28758333	779
29.3	745
29.3127	762
29.32621667	811
29.33975	812
29.3531	801
29.36608333	779
29.37836667	737
29.39126667	774
29.40478333	811
29.41798333	792
29.43076667	767
29.44315	743
29.45621667	784
29.46951667	798
29.48288333	802
29.49563333	765
29.50823333	756
29.52146667	794
29.53446667	780
29.54735	773
29.5591	705
29.57015	663
29.58105	654
29.59188333	650
29.60253333	639
29.6129	622
29.6234	630
29.63461667	673
29.64648333	712
29.65733333	651
29.66778333	627
29.67801667	614
29.68801667	600
29.69816667	609
29.70915	659
29.72121667	724
29.73441667	792
29.74716667	765
29.76066667	810
29.7742	812
29.78788333	821
29.802	847
29.81601667	841
29.82906667	783
29.84151667	747
29.85346667	717
29.86465	671
29.87553333	653
29.8865	658
29.89845	717
29.91098333	752
29.92353333	753
29.9359	742
29.94813333	734
29.9606	748
29.97376667	790
29.98756667	828
30.0014	830
30.01516667	826
30.02943333	856
30.04301667	815
30.05578333	766
30.0692	805
30.0831	834
30.0958	762
30.10755	705
30.12066667	787
30.13473333	844
30.14766667	776
30.16151667	831
30.17393333	745
30.18538333	687
30.1972	709
30.20863333	686
30.22063333	720
30.2331	748
30.24536667	736
30.25761667	735
30.26955	716
30.28173333	731
30.29381667	725
30.30578333	718
30.31715	682
30.3288	699
30.34136667	754
30.35423333	772
30.36686667	758
30.37895	725
30.39193333	779
30.40491667	779
30.4181	791
30.42996667	712
30.44221667	735
30.45465	746
30.46683333	731
30.47806667	674
30.4899	710
30.50245	753
30.51396667	691
30.52595	719
30.53866667	763
30.55165	779
30.56408333	746
30.57651667	746
30.5892	761
30.60178333	755
30.61346667	701
30.62451667	663
30.63608333	694
30.64741667	680
30.65823333	649
30.66886667	638
30.68041667	693
30.69235	716
30.7045	729
30.71728333	767
30.72996667	761
30.74178333	709
30.75375	718
30.7662	747
30.77848333	737
30.79026667	707
30.80138333	667
30.81216667	647
30.82296667	648
30.83458333	697
30.8471	751
30.85976667	760
30.8723	752
30.88498333	761
30.89758333	756
30.91035	766
30.92333333	779
30.93626667	776
30.94908333	769
30.96205	778
30.97503333	779
30.98798333	777
31.00055	754
31.01191667	682
31.02421667	738
31.03656667	741
31.04776667	672
31.05968333	715
31.07146667	707
31.08395	749
31.0956	699
31.10683333	674
31.11856667	704
31.13018333	697
31.14156667	683
31.15321667	699
31.16423333	661
31.17475	631
31.18555	648
31.19701667	688
31.20896667	717
31.22135	743
31.23386667	751
31.24695	785
31.26005	786
31.27305	780
31.2861	783
31.29821667	727
31.31016667	717
31.32293333	766
31.33516667	734
31.34666667	690
31.3581	686
31.37066667	754
31.38351667	771
31.39593333	745
31.40893333	780
31.42221667	797
31.43565	806
31.44851667	772
31.4616	785
31.47418333	755
31.48685	760
31.49956667	763
31.51211667	753
31.5246	749
31.53681667	733
31.54811667	678
31.55893333	649
31.57015	673
31.58151667	682
31.59225	644
31.60426667	721
31.6171	770
31.62865	693
31.64126667	757
31.65465	803
31.66736667	763
31.67946667	726
31.6921	758
31.70513333	782
31.71831667	791
31.73045	728
31.74255	726
31.755	747
31.76685	711
31.7788	717
31.79171667	775
31.80461667	774
31.81641667	708
31.82866667	735
31.8415	770
31.85421667	763
31.86715	776
31.88018333	782
31.89293333	765
31.90548333	753
31.91698333	690
31.92941667	746
31.94193333	751
31.95365	703
31.96478333	668
31.97688333	726
31.98941667	752
