0.015633333	958
0.0324	938
0.04795	1006
0.065116667	933
0.081483333	1030
0.096783333	982
0.112566667	918
0.129966667	947
0.14685	1044
0.1618	1013
0.176933333	897
0.193483333	908
0.209366667	993
0.223966667	953
0.240933333	876
0.25785	1018
0.2741	1015
0.29045	975
0.306383333	981
0.3203	956
0.334666667	835
0.350116667	862
0.364683333	927
0.381666667	874
0.397566667	1019
0.4125	954
0.4289	896
0.444266667	984
0.46105	922
0.477166667	1007
0.4925	967
0.5087	920
0.525333333	972
0.540216667	998
0.555816667	893
0.57215	936
0.58815	980
0.602866667	960
0.619166667	883
0.6359	978
0.651416667	1004
0.668433333	931
0.684116667	1021
0.69845	941
0.713883333	860
0.727516667	926
0.7421	818
0.757766667	875
0.773183333	940
0.787066667	925
0.802483333	833
0.818366667	925
0.8325	953
0.847016667	848
0.860683333	871
0.87405	820
0.8889	802
0.90265	891
0.915883333	825
0.930233333	794
0.9446	861
0.957883333	862
0.9718	797
0.987283333	835
1.002866667	929
1.017233333	935
1.03025	862
1.04425	781
1.059483333	840
1.0735	914
1.0892	841
1.103883333	942
1.1172	881
1.131266667	799
1.1445	844
1.159766667	794
1.174466667	916
1.189333333	882
1.2055	892
1.221633333	970
1.237433333	968
1.254416667	948
1.270816667	1019
1.287183333	984
1.304	982
1.319966667	1009
1.336333333	958
1.35275	982
1.368733333	985
1.385	959
1.401466667	976
1.416666667	988
1.432216667	912
1.44765	933
1.46225	926
1.478066667	876
1.492983333	949
1.508383333	895
1.523533333	924
1.53765	909
1.552666667	847
1.567533333	901
1.58095	892
1.5959	805
1.6117	897
1.627566667	948
1.641833333	952
1.657683333	856
1.674266667	951
1.689466667	995
1.704833333	912
1.7199	922
1.735833333	904
1.75185	956
1.766833333	961
1.780133333	899
1.7935	798
1.808366667	802
1.822333333	892
1.836383333	838
1.851716667	843
1.866783333	920
1.880683333	904
1.895833333	834
1.911183333	909
1.9264	921
1.942633333	913
1.959033333	974
1.974183333	984
1.989416667	909
2.00455	914
2.020183333	908
2.037066667	938
2.053083333	1013
2.0688	961
2.083366667	943
2.098383333	874
2.11355	901
2.127366667	910
2.141466667	829
2.154716667	846
2.1685	795
2.18175	827
2.1947	795
2.208666667	777
2.223533333	838
2.238433333	892
2.2528	894
2.265883333	862
2.279366667	785
2.29295	809
2.307266667	815
2.32405	859
2.340916667	1007
2.357833333	1012
2.37415	1015
2.38905	979
2.405116667	894
2.421333333	964
2.436116667	973
2.4519	887
2.467333333	947
2.482666667	926
2.497033333	920
2.510183333	862
2.5256	789
2.541366667	925
2.55695	946
2.573483333	935
2.58945	992
2.60535	958
2.62185	954
2.637983333	990
2.65415	968
2.669116667	970
2.683433333	898
2.6992	859
2.715333333	946
2.7304	968
2.744433333	904
2.759483333	842
2.774466667	903
2.7877	899
2.802383333	794
2.817266667	881
2.831316667	893
2.846433333	843
2.86075	907
2.87495	859
2.88895	852
2.902433333	840
2.915516667	809
2.9292	785
2.943416667	821
2.957433333	853
2.970983333	841
2.9834	813
2.995816667	745
3.00885	745
3.02235	782
3.036316667	810
3.049366667	838
3.062283333	783
3.0764	775
3.090883333	847
3.10415	869
3.118016667	796
3.133016667	832
3.146383333	900
3.15965	802
3.173166667	796
3.185983333	811
3.198683333	769
3.2122	762
3.226433333	811
3.24005	854
3.255166667	817
3.270066667	907
3.283833333	894
3.2976	826
3.310833333	826
3.323216667	794
3.336266667	743
3.350083333	783
3.36385	829
3.376866667	826
3.390583333	781
3.403866667	823
3.417533333	797
3.431983333	820
3.4464	867
3.45955	865
3.472616667	789
3.48705	784
3.501566667	866
3.515433333	871
3.529833333	832
3.543533333	864
3.55835	822
3.573183333	889
3.587533333	890
3.601416667	861
3.614933333	833
3.628266667	811
3.640716667	800
3.652766667	747
3.665233333	723
3.677716667	748
3.691133333	749
3.704066667	805
3.716366667	776
3.728133333	738
3.7404	706
3.75585	736
3.769766667	927
3.785016667	835
3.800316667	915
3.814783333	918
3.8303	868
3.84595	931
3.86145	939
3.87725	930
3.8912	948
3.9052	837
3.92035	840
3.93575	909
3.949483333	924
3.965316667	824
3.981033333	950
3.995383333	943
4.010516667	861
4.0256	908
4.041883333	905
4.057683333	977
4.07425	948
4.0903	994
4.10425	963
4.119033333	837
4.1336	887
4.1468	874
4.161133333	792
4.175466667	860
4.1899	860
4.204183333	866
4.219783333	857
4.235816667	936
4.251133333	962
4.26795	919
4.28465	1009
4.2994	1002
4.314666667	885
4.330233333	916
4.345416667	934
4.3594	911
4.37415	839
4.38765	885
4.402183333	810
4.419083333	872
4.43445	1014
4.449433333	922
4.465916667	899
4.482016667	989
4.496816667	966
4.512366667	888
4.526666667	933
4.540466667	858
4.554016667	828
4.5674	813
4.580633333	803
4.59425	794
4.608283333	817
4.62295	842
4.638016667	880
4.654016667	904
4.669666667	960
4.683566667	939
4.698283333	834
4.713183333	883
4.72735	894
4.7408	850
4.755533333	807
4.76975	884
4.785883333	853
4.80145	968
4.816733333	934
4.833516667	917
4.849933333	1007
4.8656	985
4.88165	940
4.896	963
4.91095	861
4.926466667	897
4.940483333	931
4.95515	841
4.96975	880
4.983683333	876
4.999916667	836
5.0157	974
5.033233333	947
5.050683333	1052
5.067316667	1047
5.082233333	998
5.097316667	895
5.112316667	905
5.1283	900
5.144566667	959
5.1593	976
5.17465	884
5.191833333	921
5.208916667	1031
5.224366667	1025
5.238666667	927
5.254183333	858
5.269933333	931
5.28355	945
5.298	817
5.312966667	867
5.327916667	898
5.342366667	897
5.356966667	867
5.37185	876
5.3849	893
5.397883333	783
5.412716667	779
5.427833333	890
5.442666667	907
5.45655	890
5.469566667	833
5.482383333	781
5.495566667	769
5.5089	791
5.522216667	800
5.534933333	799
5.547433333	763
5.561066667	750
5.5768	818
5.590933333	944
5.6056	848
5.62045	880
5.63515	891
5.648216667	882
5.661033333	784
5.67385	769
5.686716667	769
5.7012	772
5.71735	869
5.733116667	969
5.748416667	946
5.761833333	918
5.7756	805
5.7895	826
5.803	834
5.817516667	810
5.833816667	871
5.848533333	978
5.864116667	883
5.87945	935
5.8961	920
5.913616667	999
5.928533333	1051
5.94245	895
5.957316667	835
5.970116667	892
5.986466667	768
6.0036	981
6.019033333	1028
6.0338	926
6.0488	886
6.063833333	900
6.0785	902
6.093433333	880
6.108033333	896
6.122083333	876
6.135883333	843
6.14955	828
6.163016667	820
6.175166667	808
6.187166667	729
6.20015	720
6.217416667	779
6.23475	1036
6.248916667	1040
6.263766667	850
6.278966667	891
6.294	912
6.308733333	902
6.3231	884
6.336483333	862
6.348766667	803
6.360716667	737
6.373283333	717
6.3912	754
6.406466667	1075
6.420233333	916
6.434533333	826
6.4481	858
6.461783333	814
6.475883333	821
6.490133333	846
6.506316667	855
6.52135	971
6.536416667	902
6.552383333	904
6.568633333	958
6.584533333	975
6.601216667	954
6.61745	1001
6.6335	974
6.64975	963
6.666366667	975
6.681966667	997
6.6976	936
6.712116667	938
6.726466667	871
6.7397	861
6.7547	794
6.768716667	900
6.782	841
6.7956	797
6.809266667	816
6.824133333	820
6.837683333	892
6.850816667	813
6.865616667	788
6.881633333	888
6.896383333	961
6.91155	885
6.9282	910
6.94615	999
6.961016667	1077
6.974666667	892
6.993316667	819
7.010683333	1119
7.0269	1042
7.044633333	973
7.061966667	1064
7.076366667	1040
7.0911	864
7.107983333	884
7.1222	1013
7.13765	853
7.152433333	927
7.167933333	887
7.181383333	930
7.19475	807
7.209166667	802
7.224716667	865
7.23965	933
7.25405	896
7.2677	864
7.281183333	819
7.293533333	809
7.306316667	741
7.318533333	767
7.331916667	733
7.344133333	803
7.35735	733
7.370066667	793
7.384233333	763
7.3972	850
7.4117	778
7.425216667	870
7.43875	811
7.452116667	812
7.4648	802
7.477166667	761
7.489033333	742
7.50155	712
7.513566667	751
7.5267	721
7.540883333	788
7.555083333	851
7.570066667	852
7.58365	899
7.598516667	815
7.611783333	892
7.625533333	796
7.638583333	825
7.65075	783
7.663216667	730
7.675216667	748
7.687916667	720
7.701333333	762
7.713883333	805
7.728116667	753
7.7415	854
7.754033333	803
7.76815	752
7.781616667	847
7.794333333	808
7.807533333	763
7.82025	792
7.833816667	763
7.84635	814
7.85925	752
7.8727	774
7.88525	807
7.899216667	753
7.91265	838
7.926366667	806
7.94075	823
7.95355	863
7.9674	768
7.980483333	831
7.992966667	785
8.006983333	749
8.019933333	841
8.032683333	777
8.046366667	765
8.059066667	821
8.0724	762
8.086383333	800
8.099033333	839
8.113016667	759
8.126066667	839
8.138366667	783
8.151233333	738
8.166233333	772
8.179266667	900
8.192816667	782
8.2058	813
8.21835	779
8.23205	753
8.245083333	822
8.258816667	782
8.272466667	824
8.284933333	819
8.298366667	748
8.31135	806
8.323533333	779
8.337633333	731
8.35095	846
8.364016667	799
8.378416667	784
8.391133333	864
8.403966667	763
8.417483333	770
8.429516667	811
8.442433333	722
8.45535	775
8.46745	775
8.481166667	726
8.49385	823
8.506533333	761
8.52115	761
8.534	877
8.547566667	771
8.560166667	814
8.572616667	756
8.5871	747
8.599733333	869
8.612666667	758
8.62515	776
8.637	749
8.649583333	711
8.662583333	755
8.674683333	780
8.68775	726
8.7018	784
8.714366667	843
8.727983333	754
8.740966667	817
8.753333333	779
8.767716667	742
8.7803	863
8.7933	755
8.805816667	780
8.817616667	751
8.8293	708
8.840283333	701
8.851533333	659
8.864883333	675
8.87995	801
8.893066667	904
8.9078	787
8.92185	884
8.934066667	843
8.9468	733
8.960083333	764
8.972133333	797
8.984966667	723
8.997766667	770
9.01005	768
9.024633333	737
9.037583333	875
9.051633333	777
9.064433333	843
9.0783	768
9.09255	832
9.1052	855
9.118483333	759
9.130933333	797
9.142916667	747
9.155916667	719
9.1678	780
9.179883333	713
9.19235	725
9.204233333	748
9.216516667	713
9.228983333	737
9.240833333	748
9.253066667	711
9.265766667	734
9.277366667	762
9.2893	696
9.301133333	716
9.312416667	710
9.323983333	677
9.3357	694
9.346883333	703
9.358016667	671
9.369233333	668
9.380033333	673
9.390733333	648
9.4014	642
9.411933333	640
9.42255	632
9.433116667	637
9.443666667	634
9.454133333	633
9.464766667	628
9.475316667	638
9.4858	633
9.49635	629
9.506783333	633
9.5172	626
9.52755	625
9.5378	621
9.547983333	615
9.558083333	611
9.568116667	606
9.578016667	602
9.587966667	594
9.597766667	597
9.6076	588
9.617533333	590
9.627516667	596
9.637383333	599
9.647233333	592
9.6572	591
9.667116667	598
9.677066667	595
9.687066667	597
9.697016667	600
9.70695	597
9.71695	596
9.7269	600
9.737016667	597
9.747133333	607
9.757216667	607
9.7673	605
9.777583333	605
9.787716667	617
9.797883333	608
9.80815	610
9.81835	616
9.8284	612
9.838533333	603
9.848566667	608
9.858516667	602
9.868466667	597
9.878483333	597
9.888516667	601
9.89845	602
9.90845	596
9.9183	600
9.928116667	591
9.937966667	589
9.947683333	591
9.95745	583
9.967233333	586
9.976983333	587
9.9868	585
9.99665	589
10.00643333	591
10.01628333	587
10.02608333	591
10.0359	588
10.0457	589
10.0555	588
10.0652	588
10.07491667	582
10.08463333	583
10.0944	583
10.10401667	586
10.11363333	577
10.1233	577
10.1329	580
10.14246667	576
10.15198333	574
10.16141667	571
10.17095	566
10.18051667	572
10.19005	574
10.19963333	572
10.20923333	575
10.219	576
10.22875	586
10.23855	585
10.24845	588
10.25841667	594
10.2683	598
10.27815	593
10.28785	591
10.29745	582
10.30696667	576
10.31638333	571
10.32581667	565
10.3352	566
10.34463333	563
10.35396667	566
10.36333333	560
10.3727	562
10.38188333	562
10.39106667	551
10.4003	551
10.40943333	554
10.41865	548
10.42785	553
10.43705	552
10.44618333	552
10.4554	548
10.46465	553
10.47386667	555
10.48315	553
10.49251667	557
10.50186667	562
10.51141667	561
10.52113333	573
10.53103333	583
10.54096667	594
10.55098333	596
10.56133333	601
10.57155	621
10.58175	613
10.59195	612
10.60198333	612
10.61186667	602
10.62173333	593
10.63166667	592
10.64153333	596
10.65141667	592
10.66131667	593
10.67123333	594
10.68113333	595
10.69088333	594
10.70073333	585
10.71073333	591
10.72071667	600
10.73073333	599
10.7408	601
10.75086667	604
10.76105	604
10.77123333	611
10.78151667	611
10.79193333	617
10.8023	625
10.81291667	622
10.82323333	637
10.83345	619
10.84368333	613
10.85385	614
10.8639	610
10.87395	603
10.8838	603
10.89358333	591
10.90333333	587
10.91286667	585
10.92233333	572
10.93181667	568
10.94118333	569
10.95048333	562
10.9598	558
10.96901667	559
10.9783	553
10.98765	557
10.99685	561
11.0062	552
11.01555	561
11.02503333	561
11.03465	569
11.04413333	577
11.05368333	569
11.06315	573
11.07268333	568
11.08231667	572
11.0918	578
11.10143333	569
11.11111667	578
11.12096667	581
11.13088333	591
11.1406	595
11.15046667	583
11.16048333	592
11.17041667	601
11.18038333	596
11.19015	598
11.19996667	586
11.20968333	589
11.21916667	583
11.2287	569
11.2382	572
11.24765	570
11.2571	567
11.2665	567
11.27598333	564
11.28555	569
11.29511667	574
11.30473333	574
11.31436667	577
11.32426667	578
11.33433333	594
11.3445	604
11.35423333	610
11.36378333	584
11.37325	573
11.38256667	568
11.39188333	559
11.40121667	559
11.4107	560
11.42013333	569
11.42956667	566
11.43908333	566
11.44838333	571
11.45775	558
11.46708333	562
11.47645	560
11.48578333	562
11.49513333	560
11.50446667	561
11.51376667	560
11.52315	558
11.53256667	563
11.54193333	565
11.55125	562
11.56065	559
11.56993333	564
11.57936667	557
11.58863333	566
11.59798333	556
11.60733333	561
11.61671667	561
11.62618333	563
11.63561667	568
11.64503333	566
11.65446667	565
11.66386667	566
11.67298333	564
11.68211667	547
11.69113333	548
11.70026667	541
11.70936667	548
11.71846667	546
11.72765	546
11.737	551
11.74661667	561
11.75611667	577
11.76563333	570
11.77516667	571
11.78473333	572
11.79431667	574
11.80383333	575
11.81341667	571
11.82305	575
11.83263333	578
11.84231667	575
11.85193333	581
11.86161667	577
11.87125	581
11.8809	578
11.89053333	579
11.90023333	578
11.9099	582
11.91956667	580
11.92946667	580
11.93935	594
11.94951667	593
11.95921667	610
11.96905	582
11.97873333	590
11.9884	581
11.998	580
12.00756667	576
12.01711667	574
12.02666667	573
12.03608333	573
12.04553333	565
12.05495	567
12.06413333	565
12.07336667	551
12.08265	554
12.09186667	557
12.10095	553
12.11011667	545
12.11923333	550
12.12835	547
12.13756667	547
12.14683333	553
12.15625	556
12.1657	565
12.17535	567
12.18508333	579
12.19485	584
12.20476667	586
12.21465	595
12.2245	593
12.23431667	591
12.24403333	589
12.25376667	583
12.26346667	584
12.27318333	582
12.28281667	583
12.29251667	578
12.30223333	582
12.31183333	583
12.32148333	576
12.33113333	579
12.34068333	579
12.35023333	573
12.35966667	573
12.36915	566
12.37873333	569
12.38823333	575
12.39781667	570
12.40746667	575
12.41715	579
12.42691667	581
12.43675	586
12.44661667	590
12.45655	592
12.46645	596
12.4763	594
12.48625	591
12.49598333	597
12.5057	584
12.51538333	583
12.52511667	581
12.5347	584
12.54431667	575
12.55395	577
12.56358333	578
12.57306667	578
12.58261667	569
12.59216667	573
12.60158333	573
12.61103333	565
12.62046667	567
12.62976667	566
12.63896667	558
12.64816667	552
12.65741667	552
12.66653333	555
12.67571667	547
12.68483333	551
12.6938	547
12.70276667	538
12.71171667	538
12.7207	537
12.72963333	539
12.73868333	536
12.7478	543
12.75688333	547
12.76608333	545
12.77535	552
12.7847	556
12.79405	561
12.80343333	561
12.81266667	563
12.82191667	554
12.83126667	555
12.84045	561
12.84968333	551
12.85891667	554
12.86826667	554
12.87765	561
12.88701667	563
12.89636667	562
12.90555	561
12.91475	551
12.92401667	552
12.93318333	556
12.94241667	550
12.95161667	554
12.96081667	552
12.97006667	552
12.97931667	555
12.98846667	555
12.99763333	549
13.0068	550
13.01603333	550
13.02488333	554
13.03403333	531
13.04296667	549
13.05193333	536
13.06096667	538
13.07003333	542
13.0791	544
13.08831667	544
13.0976	553
13.10701667	557
13.11648333	565
13.12593333	568
13.13536667	567
13.1448	566
13.1543	566
13.16385	570
13.17331667	573
13.18275	568
13.19221667	566
13.20165	568
13.21106667	566
13.22051667	565
13.22996667	567
13.2393	567
13.2487	560
13.25821667	564
13.26793333	571
13.27775	583
13.2875	589
13.29718333	585
13.30685	581
13.31645	580
13.32598333	576
13.33528333	572
13.3446	558
13.35413333	559
13.3639	572
13.37338333	586
13.38283333	569
13.39213333	567
13.40153333	558
13.41088333	564
13.42013333	561
13.4294	555
13.43868333	556
13.4479	557
13.45706667	553
13.46625	550
13.4754	551
13.48453333	549
13.49371667	548
13.50288333	551
13.51195	550
13.52105	544
13.53011667	546
13.53923333	544
13.54826667	547
13.55736667	542
13.56648333	546
13.5755	547
13.5846	541
13.59381667	546
13.60308333	553
13.61233333	556
13.62165	555
13.63091667	559
13.64016667	556
13.6494	555
13.65856667	554
13.66766667	550
13.67678333	546
13.68581667	547
13.69478333	542
13.70381667	538
13.71278333	542
13.72181667	538
13.73085	542
13.7398	542
13.74875	537
13.75775	537
13.7668	540
13.77583333	543
13.78491667	542
13.79388333	545
13.80296667	538
13.81208333	545
13.8213	547
13.83075	553
13.84018333	567
13.84986667	566
13.85943333	581
13.86915	574
13.87895	583
13.88848333	588
13.8981	572
13.90746667	577
13.91685	562
13.92618333	563
13.93545	560
13.94481667	556
13.95416667	562
13.96358333	561
13.97306667	565
13.98245	569
13.99196667	563
14.00148333	571
14.01111667	571
14.0207	578
14.0303	575
14.03988333	576
14.04933333	575
14.05876667	567
14.0681	566
14.0775	560
14.08683333	564
14.09596667	560
14.10508333	548
14.11425	547
14.1233	550
14.13241667	543
14.14156667	547
14.15061667	549
14.15976667	543
14.16895	549
14.17813333	551
14.1874	551
14.1967	556
14.20598333	558
14.21541667	557
14.22476667	566
14.23395	561
14.24318333	551
14.25238333	554
14.26143333	552
14.27036667	543
14.27933333	536
14.28828333	538
14.2972	537
14.3061	535
14.31508333	534
14.32403333	539
14.33298333	537
14.34195	537
14.35096667	538
14.36001667	541
14.36911667	543
14.3783	546
14.38746667	551
14.39663333	550
14.40576667	550
14.4148	548
14.4239	542
14.433	546
14.44213333	546
14.45121667	548
14.4604	545
14.46948333	551
14.4786	545
14.48773333	547
14.49683333	548
14.50595	546
14.51508333	547
14.52406667	548
14.5331	539
14.54221667	542
14.55145	547
14.56078333	554
14.57011667	560
14.5798	560
14.58961667	581
14.59936667	589
14.60913333	585
14.61885	586
14.62853333	583
14.63821667	581
14.64766667	581
14.6571	567
14.66651667	566
14.67591667	565
14.68535	564
14.69488333	566
14.70435	572
14.71391667	568
14.72333333	574
14.7328	565
14.74221667	568
14.75163333	565
14.76105	565
14.77043333	565
14.77976667	563
14.78906667	560
14.79851667	558
14.80793333	567
14.81736667	565
14.82683333	566
14.83623333	568
14.84568333	564
14.85503333	567
14.86441667	561
14.87378333	563
14.88318333	562
14.89258333	564
14.902	564
14.91128333	565
14.92053333	557
14.92961667	555
14.93865	545
14.94768333	542
14.95661667	542
14.9657	536
14.97486667	545
14.98405	550
14.99336667	551
15.00275	559
15.0121	563
15.02148333	561
15.03095	563
15.04026667	568
15.04961667	559
15.05893333	561
15.06816667	559
15.07751667	554
15.08676667	561
15.09593333	555
15.10506667	550
15.11393333	548
15.1229	532
15.13185	538
15.14068333	537
15.1496	530
15.15856667	535
15.16755	538
15.17651667	539
15.18553333	538
15.19463333	541
15.20375	546
15.21288333	547
15.22203333	548
15.23125	549
15.24055	553
15.24998333	558
15.25956667	566
15.26903333	575
15.2785	568
15.28795	568
15.29728333	567
15.30645	560
15.31556667	550
15.32465	547
15.33353333	545
15.34245	533
15.35146667	535
15.3604	541
15.36938333	536
15.3785	539
15.38751667	547
15.39658333	541
15.4057	544
15.41476667	547
15.4239	544
15.43285	548
15.44186667	537
15.4509	541
15.45985	542
15.4689	537
15.47795	543
15.48695	543
15.49598333	540
15.50493333	542
15.51396667	537
15.52293333	542
15.53191667	538
15.54088333	539
15.54995	538
15.55886667	544
15.5678	535
15.57676667	536
15.58566667	538
15.59458333	534
15.6036	535
15.61245	541
15.6213	531
15.63026667	531
15.63915	538
15.64805	533
15.65691667	534
15.66578333	532
15.67471667	532
15.68365	536
15.69265	536
15.70161667	540
15.71058333	538
15.7195	538
15.72845	535
15.73733333	537
15.74623333	533
15.75508333	534
15.76401667	531
15.77291667	536
15.78183333	534
15.79083333	535
15.79966667	540
15.80856667	530
15.81741667	534
15.82626667	531
15.83518333	531
15.84416667	535
15.8531	539
15.86198333	536
15.87095	533
15.8799	538
15.8888	537
15.89775	534
15.90651667	537
15.91536667	526
15.92421667	531
15.93301667	531
15.9418	528
15.95051667	527
15.95933333	523
15.96823333	529
15.97705	534
15.986	529
15.99488333	537
16.00388333	533
16.0129	540
16.02188333	541
16.0309	539
16.03995	541
16.04903333	543
16.05803333	545
16.06718333	540
16.07653333	549
16.08573333	561
16.09495	552
16.10425	553
16.11345	558
16.12265	552
16.1318	552
16.1409	549
16.15005	546
16.15916667	549
16.16835	547
16.17743333	551
16.18658333	545
16.19571667	549
16.20491667	548
16.21401667	552
16.22315	546
16.23231667	548
16.2414	550
16.25056667	545
16.25971667	550
16.26858333	549
16.27765	532
16.28665	544
16.29568333	540
16.30468333	542
16.31363333	540
16.32258333	537
16.33158333	537
16.3405	540
16.34946667	535
16.35843333	538
16.36725	538
16.37601667	529
16.38481667	526
16.39345	528
16.40211667	518
16.41085	520
16.41956667	524
16.42841667	523
16.43748333	531
16.44695	544
16.45638333	568
16.46598333	566
16.4755	576
16.48511667	571
16.49506667	577
16.50545	597
16.51551667	623
16.5254	604
16.5351	593
16.54441667	582
16.5538	559
16.56301667	563
16.57213333	553
16.58133333	547
16.59048333	552
16.59968333	549
16.60895	552
16.61828333	556
16.62766667	560
16.63715	563
16.64675	569
16.65645	576
16.6661	582
16.67586667	579
16.68556667	586
16.69515	582
16.70468333	575
16.71405	572
16.7234	562
16.7328	561
16.74213333	564
16.75148333	560
16.76063333	561
16.7699	549
16.77916667	556
16.78833333	556
16.7975	550
16.80648333	550
16.81548333	539
16.82431667	540
16.83306667	530
16.84173333	525
16.85038333	520
16.8588	519
16.86731667	505
16.87595	511
16.88471667	518
16.89396667	526
16.90328333	555
16.91233333	559
16.92135	543
16.93036667	541
16.93966667	541
16.94916667	558
16.95868333	570
16.9683	571
16.97821667	577
16.98838333	595
16.99831667	610
17.00818333	596
17.01811667	592
17.02791667	596
17.0378	588
17.04775	593
17.05748333	597
17.06725	584
17.07686667	586
17.08655	577
17.09611667	581
17.10566667	574
17.11521667	573
17.1246	573
17.13408333	563
17.14353333	569
17.15305	567
17.16278333	571
17.17266667	584
17.1827	593
17.1926	602
17.20233333	594
17.2122	584
17.22185	592
17.23155	579
17.2412	582
17.25063333	579
17.2601	566
17.26943333	568
17.2786	560
17.28783333	550
17.29696667	554
17.30615	548
17.31541667	551
17.3247	556
17.33408333	557
17.34363333	563
17.35321667	573
17.36295	575
17.37281667	584
17.38271667	592
17.3927	594
17.40266667	599
17.41256667	598
17.42233333	594
17.43215	586
17.4419	589
17.45178333	585
17.46138333	593
17.4709	576
17.48031667	571
17.48971667	565
17.49898333	564
17.5083	556
17.5175	559
17.52673333	552
17.53596667	554
17.54496667	554
17.5541	540
17.56323333	548
17.57243333	548
17.58178333	552
17.59105	561
17.60038333	556
17.60958333	560
17.61885	552
17.62808333	556
17.63741667	554
17.64681667	560
17.6561	564
17.66553333	557
17.67505	566
17.68456667	571
17.69405	571
17.70341667	569
17.7128	562
17.72215	563
17.73131667	561
17.74051667	550
17.74983333	552
17.7591	559
17.76835	556
17.77771667	555
17.78701667	562
17.79625	558
17.80558333	554
17.81493333	560
17.8242	561
17.83318333	556
17.84233333	539
17.85121667	549
17.86023333	533
17.86931667	541
17.87871667	545
17.8884	564
17.89801667	581
17.90775	577
17.91736667	584
17.92705	577
17.93675	581
17.94618333	582
17.95558333	566
17.96508333	564
17.97435	570
17.98365	556
17.99283333	558
18.00195	551
18.01103333	547
18.02015	545
18.02918333	547
18.03821667	542
18.04728333	542
18.05625	544
18.06533333	538
18.07428333	545
18.08335	537
18.09233333	544
18.10126667	539
18.11021667	536
18.11911667	537
18.12798333	534
18.13681667	532
18.1457	530
18.15463333	533
18.16366667	536
18.17268333	542
18.18178333	541
18.191	546
18.2002	553
18.20946667	552
18.2188	556
18.22815	560
18.23753333	561
18.24683333	563
18.25618333	558
18.26545	561
18.27448333	556
18.28351667	542
18.29253333	542
18.30136667	541
18.3102	530
18.31903333	530
18.32768333	530
18.33641667	519
18.34513333	524
18.35378333	523
18.3625	519
18.37121667	523
18.37993333	523
18.3887	523
18.3974	526
18.4062	522
18.415	528
18.42368333	528
18.4324	521
18.44115	523
18.44991667	525
18.45865	526
18.46746667	524
18.47623333	529
18.48508333	526
18.49393333	531
18.50268333	531
18.51141667	525
18.52015	524
18.52895	524
18.53755	528
18.54615	516
18.55476667	516
18.56345	517
18.57208333	521
18.58083333	518
18.58963333	525
18.59845	528
18.60741667	529
18.61641667	538
18.6256	540
18.6349	551
18.64416667	558
18.65355	556
18.66295	563
18.6721	564
18.68133333	549
18.69058333	554
18.69953333	555
18.70856667	537
18.71756667	542
18.72643333	540
18.73535	532
18.74421667	535
18.75316667	532
18.76211667	537
18.77093333	537
18.77983333	529
18.78866667	534
18.79751667	530
18.8064	531
18.81511667	533
18.82395	523
18.83278333	530
18.84158333	530
18.85043333	528
18.85915	531
18.8679	523
18.87665	525
18.88521667	525
18.89385	514
18.90251667	518
18.91118333	520
18.91995	520
18.92875	526
18.93746667	528
18.94625	523
18.9551	527
18.9639	531
18.97273333	528
18.9816	530
18.99053333	532
18.9994	536
19.00831667	532
19.01713333	535
19.02603333	529
19.03496667	534
19.04385	536
19.05265	533
19.0615	528
19.07053333	531
19.0798	542
19.08911667	556
19.09845	559
19.10785	560
19.11711667	564
19.12636667	556
19.13556667	555
19.14463333	552
19.15368333	544
19.16266667	543
19.17143333	539
19.18016667	526
19.18885	524
19.19756667	521
19.2062	523
19.21491667	518
19.22355	523
19.23218333	518
19.24085	518
19.24945	520
19.25798333	516
19.26643333	512
19.27491667	507
19.28338333	509
19.29193333	508
19.30053333	513
19.30925	516
19.31806667	523
19.32686667	529
19.33578333	528
19.34471667	535
19.35363333	536
19.36256667	535
19.37155	536
19.38053333	539
19.38948333	539
19.3985	537
19.40756667	541
19.41666667	544
19.42571667	546
19.43483333	543
19.44391667	547
19.45293333	545
19.46196667	541
19.47091667	542
19.47988333	537
19.48885	538
19.49776667	538
19.50675	535
19.51568333	539
19.52463333	536
19.53366667	537
19.54256667	542
19.55156667	534
19.5606	540
19.56961667	542
19.5786	541
19.58741667	539
19.59633333	529
19.60523333	535
19.61398333	534
19.62285	525
19.63168333	532
19.64043333	530
19.64926667	525
19.65816667	530
19.66713333	534
19.6761	538
19.68515	538
19.69416667	543
19.70323333	541
19.7123	544
19.72133333	544
19.73035	542
19.73943333	541
19.74848333	545
19.7576	543
19.7665	547
19.77553333	534
19.7846	542
19.79358333	544
19.80263333	539
19.81166667	543
19.82083333	542
19.8301	550
19.83955	556
19.84893333	567
19.85831667	563
19.8678	563
19.87713333	569
19.88653333	560
19.89588333	564
19.90521667	561
19.9145	560
19.92381667	557
19.93296667	559
19.94211667	549
19.9512	549
19.96013333	545
19.96906667	536
19.97801667	536
19.98693333	537
19.99568333	535
20.0044	525
20.01315	523
20.02185	525
20.03058333	522
20.03945	524
20.04835	532
20.0573	534
20.06623333	537
20.07498333	536
20.08385	525
20.09275	532
20.10168333	534
20.11068333	536
20.11968333	540
20.1289	540
20.13818333	553
20.1475	557
20.15695	559
20.1663	567
20.17568333	561
20.18525	563
20.19476667	574
20.20425	571
20.21426667	569
20.225	601
20.23543333	644
20.2456	626
20.25615	610
20.26705	633
20.2776	654
20.28835	633
20.29985	645
20.31081667	690
20.32181667	658
20.3331	660
20.34391667	677
20.3548	649
20.36563333	653
20.37658333	650
20.38726667	657
20.39793333	641
20.4086	640
20.41911667	640
20.43018333	631
20.44163333	664
20.45335	687
20.46571667	703
20.47848333	742
20.49005	766
20.5017	694
20.51506667	699
20.52941667	802
20.54195	861
20.55623333	752
20.5707	857
20.58448333	868
20.59748333	827
20.61011667	780
20.62308333	758
20.6361	778
20.64995	781
20.66281667	831
20.67761667	772
20.69093333	888
20.70623333	799
20.71891667	918
20.73161667	761
20.74406667	762
20.7592	747
20.77396667	908
20.79043333	886
20.8062	988
20.82246667	946
20.83848333	976
20.85443333	961
20.86995	957
20.88396667	931
20.89823333	841
20.91168333	856
20.92845	807
20.94306667	1006
20.96018333	877
20.9753	1027
20.99105	907
21.0045	945
21.01888333	807
21.03506667	863
21.05138333	971
21.06736667	979
21.08471667	959
21.10015	1041
21.11696667	926
21.13251667	1009
21.14948333	933
21.16661667	1018
21.18395	1028
21.20188333	1040
21.21871667	1076
21.23353333	1010
21.25043333	889
21.26653333	1014
21.28318333	966
21.2994	999
21.3177	973
21.33268333	1098
21.34796667	899
21.36205	917
21.3774	845
21.39476667	921
21.41165	1042
21.42743333	1013
21.44428333	947
21.46148333	1011
21.47703333	1032
21.49456667	933
21.51155	1052
21.52896667	1019
21.54758333	1045
21.56473333	1117
21.5831	1029
21.60091667	1102
21.61953333	1069
21.6373	1117
21.65531667	1066
21.67351667	1081
21.69106667	1092
21.70798333	1053
21.7211	1015
21.73415	787
21.75163333	783
21.76595	1049
21.78288333	859
21.79898333	1016
21.81696667	966
21.83443333	1079
21.85226667	1048
21.86935	1070
21.8861	1025
21.90371667	1005
21.92103333	1057
21.93676667	1039
21.95368333	944
21.97123333	1015
21.987	1053
22.00223333	946
22.02001667	914
22.03558333	1067
22.05298333	934
22.06788333	1044
22.08438333	894
22.10248333	990
22.12076667	1086
22.13766667	1097
22.15516667	1014
22.17331667	1050
22.18921667	1089
22.20501667	954
22.21936667	948
22.23593333	861
22.25156667	994
22.26926667	938
22.28646667	1062
22.303	1032
22.31938333	992
22.33448333	983
22.35173333	906
22.36848333	1035
22.38405	1005
22.40176667	934
22.41793333	1063
22.43216667	970
22.44741667	854
22.46216667	915
22.47748333	885
22.49285	919
22.5094	922
22.52415	993
22.54013333	885
22.55678333	959
22.57308333	999
22.58931667	978
22.60611667	974
22.62213333	1008
22.63763333	961
22.6543	930
22.67016667	1000
22.68651667	952
22.70386667	981
22.72063333	1041
22.7361	1006
22.75003333	928
22.76563333	836
22.7817	936
22.79696667	964
22.81308333	916
22.8278	967
22.8432	883
22.85965	924
22.87476667	987
22.89215	907
22.90766667	1043
22.92531667	931
22.94206667	1059
22.95873333	1005
22.9763	1000
22.99223333	1054
23.00931667	956
23.0271	1025
23.04265	1067
23.05996667	933
23.07721667	1039
23.09303333	1035
23.10923333	949
23.12635	972
23.14115	1027
23.1586	888
23.17641667	1047
23.19331667	1069
23.21006667	1014
23.22631667	1005
23.24206667	975
23.25675	945
23.27128333	881
23.28565	872
23.29973333	862
23.31558333	845
23.33086667	951
23.3462	917
23.36191667	920
23.37705	943
23.39365	908
23.41006667	996
23.42686667	985
23.443	1008
23.45768333	968
23.47231667	881
23.48568333	878
23.49881667	802
23.51461667	788
23.52895	948
23.54361667	860
23.55945	880
23.57523333	950
23.59038333	947
23.60373333	909
23.61616667	801
23.62965	746
23.6462	809
23.6621	993
23.67631667	954
23.68963333	853
23.7049	799
23.72271667	916
23.7402	1069
23.75656667	1049
23.77431667	982
23.79075	1065
23.80873333	986
23.8244	1079
23.8384	940
23.85168333	840
23.86511667	797
23.88125	806
23.8983	968
23.91385	1023
23.92851667	933
23.94451667	880
23.95991667	960
23.97408333	924
23.98716667	850
24.00178333	785
24.01836667	877
24.03426667	995
24.05018333	954
24.06563333	955
24.08025	927
24.09626667	877
24.11283333	961
24.12773333	994
24.14076667	894
24.15325	782
24.16538333	749
24.17731667	728
24.18911667	716
24.20081667	708
24.21303333	702
24.22645	733
24.23866667	805
24.25063333	733
24.26313333	718
24.27781667	750
24.29395	881
24.31055	968
24.32596667	996
24.343	925
24.35963333	1022
24.37663333	998
24.39325	1020
24.41015	997
24.42758333	1014
24.44501667	1046
24.46243333	1046
24.47855	1045
24.49653333	967
24.51388333	1079
24.5317	1041
24.549	1069
24.56586667	1038
24.58283333	1012
24.59875	1018
24.61515	955
24.63223333	984
24.64895	1025
24.66401667	1003
24.6776	904
24.69515	815
24.71196667	1053
24.72938333	1009
24.7468	1045
24.76268333	1045
24.77903333	953
24.79585	981
24.81146667	1009
24.827	937
24.84416667	932
24.86085	1030
24.87866667	1001
24.89748333	1069
24.91508333	1129
24.93268333	1056
24.94968333	1056
24.96793333	1020
24.98596667	1095
25.00408333	1082
25.02186667	1087
25.03796667	1067
25.05353333	966
25.06875	934
25.0819	913
25.09655	789
25.11066667	879
25.12875	847
25.14625	1085
25.16101667	1050
25.17638333	886
25.19295	922
25.20951667	994
25.2239	994
25.24065	863
25.25588333	1005
25.27436667	914
25.2923	1109
25.3085	1076
25.3259	972
25.34108333	1044
25.35928333	911
25.37691667	1092
25.39298333	1058
25.4079	964
25.4236	895
25.4383	942
25.45553333	882
25.47188333	1034
25.48921667	981
25.50496667	1040
25.52106667	945
25.53795	966
25.55271667	1013
25.5676	886
25.58116667	893
25.59446667	814
25.60768333	798
25.62028333	793
25.633	756
25.6471	763
25.66501667	846
25.68243333	1075
25.69988333	1045
25.71635	1047
25.73123333	988
25.74813333	893
25.76343333	1014
25.78095	918
25.7966	1051
25.81338333	939
25.82973333	1007
25.84701667	981
25.86365	1037
25.88106667	998
25.8966	1045
25.91425	932
25.93105	1059
25.9442	1008
25.95671667	789
25.97638333	751
25.99385	1180
26.01183333	1048
26.02895	1079
26.04675	1027
26.0642	1068
26.07893333	1047
26.09661667	884
26.11396667	1061
26.1302	1041
26.14678333	974
26.16051667	995
26.17423333	824
26.18775	823
26.2021	811
26.22058333	861
26.23801667	1109
26.25566667	1046
26.27176667	1059
26.28905	966
26.30661667	1037
26.32243333	1054
26.33615	949
26.34996667	823
26.36606667	829
26.38181667	966
26.39885	945
26.41565	1022
26.4331	1008
26.44923333	1047
26.4659	968
26.48285	1000
26.49963333	1017
26.51453333	1007
26.53295	894
26.54883333	1105
26.56576667	953
26.58211667	1016
26.59701667	981
26.61125	894
26.62493333	854
26.63945	821
26.65336667	871
26.66993333	835
26.68466667	994
26.69876667	884
26.71245	846
26.72721667	821
26.74225	886
26.75928333	902
26.7757	1022
26.79338333	985
26.81066667	1061
26.82881667	1037
26.84651667	1089
26.86458333	1062
26.88131667	1084
26.89666667	1004
26.91116667	921
26.92508333	870
26.94505	835
26.96291667	1198
26.97941667	1072
26.99796667	990
27.01491667	1113
27.0336	1017
27.0521	1121
27.0699	1110
27.088	1068
27.10526667	1086
27.12313333	1036
27.14005	1072
27.15506667	1015
27.17133333	901
27.18738333	976
27.20486667	963
27.22193333	1049
27.23995	1024
27.2568	1081
27.27506667	1011
27.29205	1096
27.30933333	1019
27.3263	1037
27.34423333	1018
27.36125	1076
27.37888333	1021
27.39658333	1058
27.41358333	1062
27.42833333	1020
27.4417	885
27.45608333	802
27.47011667	863
27.489	842
27.5052	1133
27.52316667	972
27.53956667	1078
27.55716667	984
27.57345	1056
27.59073333	977
27.6076	1037
27.62473333	1012
27.642	1028
27.65788333	1036
27.67506667	953
27.69266667	1031
27.7095	1056
27.72563333	1010
27.74216667	968
27.75885	992
27.77581667	1001
27.79191667	1018
27.80675	966
27.82298333	890
27.84	974
27.85605	1021
27.87033333	963
27.88423333	857
27.89665	834
27.91245	745
27.92933333	948
27.94481667	1013
27.96168333	929
27.97663333	1012
27.99308333	897
28.00948333	987
28.0252	984
28.0417	943
28.05646667	990
28.07226667	886
28.08745	948
28.10351667	911
28.12106667	964
28.13725	1053
28.15483333	971
28.1709	1055
28.18906667	964
28.20636667	1090
28.22525	1038
28.24345	1133
28.25993333	1092
28.27791667	989
28.29503333	1079
28.31216667	1027
28.32803333	1028
28.34275	952
28.36018333	883
28.3759	1046
28.39381667	943
28.409	1075
28.4258	911
28.44225	1008
28.4595	987
28.47671667	1035
28.4947	1033
28.51131667	1079
28.52661667	997
28.54206667	918
28.55843333	927
28.5745	982
28.58978333	964
28.60428333	917
28.61766667	870
28.63058333	803
28.6442	775
28.6575	817
28.673	798
28.689	930
28.70303333	960
28.71711667	842
28.73423333	845
28.75028333	1027
28.7677	963
28.78436667	1045
28.80198333	1000
28.81751667	1057
28.83395	932
28.84918333	986
28.86463333	914
28.87901667	927
28.89183333	863
28.90403333	769
28.91636667	732
28.9284	740
28.9403	722
28.9528	714
28.96788333	750
28.9814	905
28.9957	811
29.00983333	858
29.02345	848
29.03853333	817
29.05465	905
29.07041667	967
29.08551667	946
29.09956667	906
29.11331667	843
29.12685	825
29.14275	812
29.15845	954
29.17543333	942
29.189	1019
29.20333333	814
29.21878333	860
29.23593333	927
29.25403333	1029
29.27018333	1086
29.28903333	969
29.3075	1131
29.32598333	1108
29.34521667	1109
29.36163333	1154
29.379	985
29.3985	1042
29.41775	1170
29.43778333	1155
29.4556	1202
29.47295	1069
29.4884	1041
29.50633333	927
29.52573333	1076
29.54361667	1164
29.56125	1073
29.5807	1058
29.59905	1167
29.6186	1101
29.63645	1173
29.65586667	1071
29.67586667	1165
29.69581667	1200
29.71571667	1197
29.73383333	1194
29.75406667	1087
29.77266667	1214
29.79261667	1116
29.81335	1197
29.8332	1244
29.85296667	1191
29.87266667	1186
29.89143333	1182
29.91078333	1126
29.93015	1161
29.94913333	1162
29.9661	1139
29.98233333	1018
29.99701667	974
30.01166667	881
30.02698333	879
30.04771667	919
30.06408333	1244
30.07888333	982
30.09708333	888
30.11593333	1092
30.13393333	1131
30.15278333	1080
30.17031667	1131
30.18838333	1052
30.20755	1084
30.22618333	1150
30.2444	1118
30.26368333	1093
30.28223333	1157
30.3005	1113
30.32033333	1096
30.33913333	1190
30.35775	1128
30.37763333	1117
30.39758333	1193
30.41703333	1197
30.43605	1167
30.45486667	1141
30.47426667	1129
30.49305	1164
30.51176667	1127
30.52993333	1123
30.54623333	1090
30.5621	978
30.57646667	952
30.5913	862
30.60633333	890
30.62463333	902
30.64006667	1098
30.65576667	926
30.6737	942
30.69046667	1076
30.70706667	1006
30.72101667	996
30.73596667	837
30.75296667	897
30.76995	1020
30.78506667	1019
30.80161667	907
30.81736667	993
30.83481667	945
30.85245	1047
30.86935	1058
30.88475	1014
30.8998	924
30.9156	903
30.9302	948
30.94565	876
30.96345	927
30.98126667	1068
30.99856667	1069
31.01398333	1038
31.02996667	925
31.04756667	959
31.0633	1056
31.08133333	944
31.09805	1082
31.11585	1003
31.13341667	1068
31.14965	1054
31.16751667	974
31.18446667	1072
31.19905	1017
31.21353333	875
31.22721667	869
31.2402	821
31.25313333	779
31.26915	776
31.28621667	961
31.30473333	1024
31.32256667	1111
31.34006667	1070
31.35675	1050
31.37438333	1001
31.39133333	1058
31.40745	1017
31.42155	967
31.43816667	846
31.45278333	997
31.47043333	877
31.48693333	1059
31.50295	990
31.52051667	961
31.53871667	1054
31.55618333	1092
31.5727	1048
31.58911667	991
31.60435	985
31.62011667	914
31.63471667	946
31.65045	876
31.66655	944
31.683	966
31.69925	987
31.7164	975
31.73285	1029
31.74626667	987
31.75938333	805
31.77781667	787
31.79543333	1106
31.81261667	1057
31.82938333	1031
31.84691667	1006
31.86323333	1052
31.87996667	979
31.89621667	1004
31.91021667	975
31.92716667	840
31.94331667	1017
31.96238333	969
31.98128333	1144
31.99851667	1134
