0.010466667	628
0.021016667	633
0.031933333	655
0.043166667	674
0.05455	683
0.0657	669
0.076633333	656
0.087316667	641
0.0978	629
0.107933333	608
0.117983333	603
0.1279	595
0.137616667	583
0.147283333	580
0.157466667	611
0.167483333	601
0.17745	598
0.187466667	601
0.197233333	586
0.207033333	588
0.216933333	594
0.226583333	579
0.2364	589
0.246766667	622
0.257866667	666
0.2687	650
0.279816667	667
0.290833333	661
0.301366667	632
0.312066667	642
0.3228	644
0.3331	618
0.3431	600
0.35325	609
0.363216667	598
0.373066667	591
0.382816667	585
0.392533333	583
0.402283333	585
0.411916667	578
0.42165	584
0.431333333	581
0.4412	592
0.4511	594
0.461066667	598
0.4712	608
0.481583333	623
0.491716667	608
0.501883333	610
0.5122	619
0.522833333	638
0.53355	643
0.5445	657
0.55515	639
0.565983333	650
0.5767	643
0.587533333	650
0.598316667	647
0.609533333	673
0.621283333	705
0.633416667	728
0.64495	692
0.656783333	710
0.668533333	705
0.680266667	704
0.692016667	705
0.703766667	705
0.715016667	675
0.726316667	678
0.73755	674
0.74875	672
0.75985	666
0.770933333	665
0.7819	658
0.7925	636
0.803016667	631
0.8136	635
0.824316667	643
0.835216667	654
0.845916667	642
0.8565	635
0.867316667	649
0.8787	683
0.890416667	703
0.90215	704
0.914	711
0.92585	711
0.937383333	692
0.94875	682
0.96015	684
0.971416667	676
0.982766667	681
0.994183333	685
1.00555	682
1.016583333	662
1.0277	667
1.038833333	668
1.049933333	666
1.061116667	671
1.071816667	642
1.08245	638
1.092916667	628
1.103366667	627
1.113816667	627
1.12415	620
1.134483333	620
1.144733333	615
1.154833333	606
1.165066667	614
1.175266667	612
1.185566667	618
1.195883333	619
1.206166667	617
1.216383333	613
1.226766667	623
1.237166667	624
1.247766667	636
1.2581	620
1.2684	618
1.278633333	614
1.288816667	611
1.298983333	610
1.309416667	626
1.31995	632
1.330316667	622
1.340716667	624
1.351233333	631
1.361766667	632
1.372566667	648
1.383266667	642
1.393783333	631
1.4044	637
1.41505	639
1.42555	630
1.4362	639
1.4467	630
1.457166667	628
1.467383333	613
1.47755	610
1.487666667	607
1.498016667	621
1.5088	647
1.519666667	652
1.530183333	631
1.540816667	638
1.551516667	642
1.5624	653
1.5733	654
1.584133333	650
1.594766667	638
1.6052	626
1.6157	630
1.6262	630
1.636783333	635
1.647616667	650
1.658416667	648
1.669216667	648
1.680016667	648
1.690816667	648
1.701333333	631
1.711816667	629
1.72215	620
1.7323	609
1.742533333	614
1.752916667	623
1.763316667	624
1.773483333	610
1.7837	613
1.7939	612
1.80435	627
1.815166667	649
1.8262	662
1.837233333	662
1.848116667	653
1.858983333	652
1.8697	643
1.880166667	628
1.890516667	621
1.9008	617
1.9111	618
1.921433333	620
1.931716667	617
1.941716667	600
1.951716667	600
1.961883333	610
1.972316667	626
1.982966667	639
1.9935	632
2.003983333	629
2.014483333	630
2.025	631
2.035533333	632
2.045716667	611
2.055983333	616
2.06625	616
2.07665	624
2.0871	627
2.097366667	616
2.107716667	621
2.118	617
2.1282	612
2.13845	615
2.1488	621
2.159016667	613
2.169416667	624
2.17985	626
2.190383333	632
2.20095	634
2.2112	615
2.221366667	610
2.231433333	604
2.241616667	611
2.251866667	615
2.262266667	624
2.272816667	633
2.283733333	655
2.294766667	662
2.30575	659
2.316733333	659
2.32755	649
2.338566667	661
2.349633333	664
2.360766667	668
2.371716667	657
2.3823	635
2.392966667	640
2.40355	635
2.414183333	638
2.425116667	656
2.436216667	666
2.447583333	682
2.459166667	695
2.471066667	714
2.48295	713
2.49455	696
2.50625	702
2.517766667	691
2.529	674
2.5397	642
2.550333333	638
2.560716667	623
2.5711	623
2.58155	627
2.592316667	646
2.603416667	666
2.614	635
2.624683333	641
2.635283333	636
2.645966667	641
2.656716667	645
2.6675	647
2.678033333	632
2.68885	649
2.699733333	653
2.710883333	669
2.72225	682
2.73355	678
2.7443	645
2.755033333	644
2.765583333	633
2.776283333	642
2.786966667	641
2.797416667	627
2.808066667	639
2.81875	641
2.829533333	647
2.840233333	642
2.850716667	629
2.861283333	634
2.871833333	633
2.88245	637
2.8928	621
2.90335	633
2.913983333	638
2.92465	640
2.9353	639
2.946066667	646
2.957083333	661
2.968316667	674
2.979583333	676
2.990566667	659
3.00165	665
3.0127	663
3.023683333	659
3.034216667	632
3.044866667	639
3.055366667	630
3.065866667	630
3.076083333	613
3.086433333	621
3.096983333	633
3.10785	652
3.118966667	667
3.130116667	669
3.141516667	684
3.153083333	694
3.164883333	708
3.176366667	689
3.1878	686
3.198883333	665
3.209483333	636
3.220016667	632
3.23045	626
3.240933333	629
3.2517	646
3.262216667	631
3.273016667	648
3.2839	653
3.2946	642
3.305083333	629
3.315666667	635
3.326233333	634
3.336966667	644
3.347583333	637
3.358033333	627
3.36825	613
3.378416667	610
3.388333333	595
3.398033333	582
3.407583333	573
3.4171	571
3.42655	567
3.435966667	565
3.44565	581
3.4557	603
3.465716667	601
3.475716667	600
3.48585	608
3.496366667	631
3.50715	647
3.518466667	679
3.529833333	682
3.541066667	674
3.5523	674
3.563483333	671
3.574683333	672
3.585533333	651
3.59635	649
3.607166667	649
3.618033333	652
3.6286	634
3.639266667	640
3.649866667	636
3.660566667	642
3.67135	647
3.682133333	647
3.692666667	632
3.703166667	630
3.713433333	616
3.72375	619
3.734183333	626
3.744416667	614
3.754883333	628
3.765483333	636
3.776233333	645
3.787	646
3.797633333	638
3.80835	643
3.81935	660
3.830716667	682
3.84235	698
3.853733333	683
3.864983333	675
3.876183333	672
3.88705	652
3.897733333	641
3.908233333	630
3.918766667	632
3.929116667	621
3.93945	620
3.949816667	622
3.960066667	615
3.9703	614
3.980516667	613
3.990766667	615
4.000866667	606
4.011016667	609
4.0212	611
4.0315	618
4.041983333	629
4.052683333	642
4.063433333	645
4.074216667	647
4.085166667	657
4.096116667	657
4.106916667	648
4.117616667	642
4.128233333	637
4.13895	643
4.149683333	644
4.16035	640
4.1707	621
4.181	618
4.191166667	610
4.20155	623
4.212366667	649
4.22355	671
4.234833333	677
4.2459	664
4.25695	663
4.267916667	658
4.278716667	648
4.289416667	642
4.300033333	637
4.310616667	635
4.320933333	619
4.331283333	621
4.341616667	620
4.351916667	618
4.362283333	622
4.37275	628
4.383066667	619
4.39345	623
4.403816667	622
4.414216667	624
4.424766667	633
4.435333333	634
4.445983333	639
4.456616667	638
4.467083333	628
4.477416667	620
4.487533333	607
4.497616667	605
4.507566667	597
4.517516667	597
4.5274	593
4.53735	597
4.547266667	595
4.55715	593
4.567266667	607
4.577333333	604
4.587416667	605
4.597683333	616
4.608	619
4.618466667	628
4.629083333	637
4.6395	625
4.6499	624
4.660316667	625
4.670633333	619
4.680833333	612
4.691116667	617
4.701383333	616
4.7116	613
4.72175	609
4.73175	600
4.741716667	598
4.751733333	601
4.761616667	593
4.77135	584
4.781116667	586
4.790866667	585
4.800666667	588
4.8103	578
4.819983333	581
4.829533333	573
4.839033333	570
4.848466667	566
4.857783333	559
4.8672	565
4.876633333	566
4.88615	571
4.895633333	569
4.905283333	579
4.91525	598
4.92555	618
4.936116667	634
4.946733333	637
4.9572	628
4.967766667	634
4.97845	641
4.988866667	625
4.9995	638
5.01045	657
5.02165	672
5.033266667	697
5.045283333	721
5.056983333	702
5.068316667	680
5.079383333	664
5.090316667	656
5.101583333	676
5.112833333	675
5.12385	661
5.134766667	655
5.14545	641
5.155983333	632
5.1664	625
5.1767	618
5.187066667	622
5.197566667	630
5.20835	647
5.219233333	653
5.229883333	639
5.240766667	653
5.25185	665
5.2629	663
5.274216667	679
5.2858	695
5.297383333	695
5.308866667	689
5.320216667	681
5.331066667	651
5.341816667	645
5.35235	632
5.362816667	628
5.373266667	627
5.383816667	633
5.39445	638
5.404983333	632
5.415433333	627
5.42555	607
5.435683333	608
5.44585	610
5.456283333	626
5.466916667	638
5.47775	650
5.488733333	659
5.499933333	672
5.510916667	659
5.52185	656
5.532716667	652
5.54355	650
5.554183333	638
5.564683333	630
5.5751	625
5.585483333	623
5.595883333	624
5.606266667	623
5.616683333	625
5.627016667	620
5.63725	614
5.64735	606
5.657483333	608
5.6676	607
5.67765	603
5.687683333	602
5.697716667	602
5.707833333	607
5.71805	613
5.7285	627
5.7392	642
5.749933333	644
5.7607	646
5.77135	639
5.782016667	640
5.792616667	636
5.803216667	636
5.813866667	639
5.8243	626
5.834733333	626
5.845166667	626
5.855583333	625
5.866066667	629
5.876383333	619
5.886816667	626
5.89735	632
5.907916667	634
5.918433333	631
5.9288	622
5.939266667	628
5.94975	629
5.960216667	628
5.970866667	639
5.981633333	646
5.992383333	645
6.002816667	626
6.013183333	622
6.02345	616
6.033733333	617
6.04415	625
6.0544	615
6.064583333	611
6.074716667	608
6.084916667	612
6.095133333	613
6.105233333	606
6.1153	604
6.125433333	608
6.13555	607
6.14585	618
6.156133333	617
6.166483333	621
6.176983333	630
6.1875	631
6.198033333	632
6.208666667	638
6.21915	629
6.229583333	626
6.2399	619
6.250066667	610
6.260033333	598
6.2699	592
6.279766667	592
6.289666667	594
6.2996	596
6.309383333	587
6.319066667	581
6.328883333	589
6.338816667	596
6.348933333	607
6.359466667	632
6.370533333	664
6.38195	685
6.3935	693
6.40515	699
6.416683333	692
6.427616667	656
6.438283333	640
6.448666667	623
6.458933333	616
6.4693	622
6.479716667	625
6.490133333	625
6.500983333	651
6.512016667	662
6.5233	677
6.534683333	683
6.546133333	687
6.55745	679
6.56885	684
6.580033333	671
6.590683333	639
6.601133333	627
6.611333333	612
6.621533333	612
6.6319	622
6.64225	621
6.652783333	632
6.663583333	648
6.674483333	654
6.68525	646
6.696133333	653
6.7071	658
6.717966667	652
6.72885	653
6.73965	648
6.750166667	631
6.760683333	631
6.7711	625
6.781616667	631
6.792383333	646
6.803066667	641
6.81385	647
6.824583333	644
6.83505	628
6.8456	633
6.856133333	632
6.866766667	638
6.8774	638
6.88775	621
6.898216667	628
6.908783333	634
6.919516667	644
6.930383333	652
6.941366667	659
6.9523	656
6.9632	654
6.973733333	632
6.983966667	614
6.99405	605
7.004016667	598
7.014	599
7.024333333	620
7.034616667	617
7.045116667	630
7.055433333	619
7.065866667	626
7.07615	617
7.08635	612
7.096433333	605
7.106466667	602
7.116466667	600
7.126433333	598
7.13645	601
7.14645	600
7.15645	600
7.166266667	589
7.1762	596
7.186183333	599
7.19615	598
7.206233333	605
7.216016667	587
7.2259	593
7.235716667	589
7.2454	581
7.254783333	563
7.2642	565
7.273566667	562
7.282866667	558
7.291966667	546
7.300933333	538
7.310116667	551
7.319216667	546
7.32825	542
7.337016667	526
7.3461	545
7.355266667	550
7.364516667	555
7.373566667	543
7.383016667	567
7.392783333	586
7.402716667	596
7.41295	614
7.423116667	610
7.432816667	582
7.44285	602
7.4529	603
7.462816667	595
7.472283333	568
7.48215	592
7.491966667	589
7.501633333	580
7.51165	601
7.5216	597
7.531483333	593
7.541416667	596
7.551466667	603
7.5617	614
7.5715	588
7.58115	579
7.59065	570
7.60005	564
7.609366667	559
7.618716667	561
7.628216667	570
7.63785	578
7.647583333	584
7.657516667	596
7.667316667	588
7.677333333	601
7.687633333	618
7.6978	610
7.70825	627
7.7186	621
7.728733333	608
7.738833333	606
7.748716667	593
7.758583333	592
7.768533333	597
7.77845	595
7.78845	600
7.79845	600
7.808416667	598
7.818416667	600
7.82845	602
7.8383	591
7.8482	594
7.857816667	577
7.867433333	577
7.877033333	576
7.886483333	567
7.896066667	575
7.9057	578
7.9152	570
7.924833333	578
7.934466667	578
7.944033333	574
7.953483333	567
7.962816667	560
7.972383333	574
7.981833333	567
7.991283333	567
8.000866667	575
8.010583333	583
8.0203	583
8.029866667	574
8.0393	566
8.04875	567
8.057983333	554
8.067516667	572
8.076733333	553
8.085716667	539
8.095	557
8.10405	543
8.113383333	560
8.122666667	557
8.131983333	559
8.14165	580
8.151183333	572
8.160733333	573
8.17015	565
8.179616667	568
8.188933333	559
8.197966667	542
8.207066667	546
8.216083333	541
8.22535	556
8.234633333	557
8.24375	547
8.25305	558
8.262266667	553
8.271483333	553
8.2807	553
8.2899	552
8.2992	558
8.308466667	556
8.317566667	546
8.326683333	547
8.335833333	549
8.345116667	557
8.35435	554
8.363383333	542
8.372483333	546
8.3816	547
8.390883333	557
8.40025	562
8.409716667	568
8.4189	551
8.42835	567
8.437833333	569
8.447183333	561
8.456416667	554
8.46585	566
8.4753	567
8.484716667	565
8.493966667	555
8.503283333	559
8.512466667	551
8.521433333	538
8.5306	550
8.539616667	541
8.548683333	544
8.55755	532
8.566333333	527
8.575333333	540
8.5842	532
8.593383333	551
8.602583333	552
8.6122	577
8.621566667	562
8.631066667	570
8.640883333	589
8.65095	604
8.660983333	602
8.67095	598
8.681016667	604
8.691133333	607
8.700683333	573
8.71055	592
8.72025	582
8.729833333	575
8.739416667	575
8.749066667	579
8.758816667	585
8.7687	593
8.778416667	583
8.7883	593
8.79815	591
8.80805	594
8.81785	588
8.827683333	590
8.837633333	597
8.84735	583
8.857183333	590
8.867083333	594
8.876733333	579
8.88655	589
8.896366667	589
8.906083333	583
8.915833333	585
8.925333333	570
8.934966667	578
8.944533333	574
8.954016667	569
8.9636	575
8.97325	579
8.983033333	587
8.992566667	572
9.001783333	553
9.01105	556
9.020116667	544
9.029283333	550
9.038583333	558
9.048333333	585
9.057866667	572
9.067766667	594
9.077916667	609
9.088016667	606
9.098116667	606
9.108283333	610
9.118433333	609
9.12835	595
9.13785	570
9.147483333	578
9.156916667	566
9.166266667	561
9.175616667	561
9.184933333	559
9.194366667	566
9.203883333	571
9.213283333	564
9.2226	559
9.231933333	560
9.241266667	560
9.25055	557
9.259766667	553
9.269	554
9.278183333	551
9.287183333	540
9.296016667	530
9.30505	542
9.314	537
9.323083333	545
9.332133333	543
9.340983333	531
9.350066667	545
9.359066667	540
9.36785	527
9.37675	534
9.3856	531
9.394283333	521
9.4032	535
9.412066667	532
9.420866667	528
9.430016667	549
9.439266667	555
9.448633333	562
9.457766667	548
9.466866667	546
9.475866667	540
9.484766667	534
9.493566667	528
9.502383333	529
9.510833333	507
9.5191	496
9.527516667	505
9.535816667	498
9.544233333	505
9.552616667	503
9.560916667	498
9.569383333	508
9.577833333	507
9.586166667	500
9.594416667	495
9.602866667	507
9.611266667	504
9.6196	500
9.62785	495
9.63605	492
9.644483333	506
9.652866667	503
9.661083333	493
9.669533333	507
9.677916667	503
9.68655	518
9.69535	528
9.704233333	533
9.713066667	530
9.72185	527
9.7306	525
9.739283333	521
9.7481	529
9.756666667	514
9.765133333	508
9.773516667	503
9.781833333	499
9.790233333	504
9.79855	499
9.806766667	493
9.815133333	502
9.823516667	503
9.832	509
9.8408	528
9.849766667	538
9.85875	539
9.86785	546
9.876916667	544
9.886083333	550
9.895233333	549
9.90405	529
9.912933333	533
9.921533333	516
9.930216667	521
9.9388	515
9.947433333	518
9.956	514
9.96445	507
9.973116667	520
9.9818	521
9.990333333	512
9.998916667	515
10.00761667	522
10.01633333	523
10.02501667	521
10.03353333	511
10.04231667	527
10.05098333	520
10.05943333	507
10.06768333	495
10.07611667	506
10.08443333	499
10.0927	496
10.10085	489
10.10905	492
10.11725	492
10.12525	480
10.13321667	478
10.14126667	483
10.14933333	484
10.1573	478
10.16531667	481
10.17323333	475
10.18111667	473
10.18918333	484
10.1972	481
10.20525	483
10.21333333	485
10.22131667	479
10.22931667	480
10.23761667	498
10.24591667	498
10.2542	497
10.26241667	493
10.27058333	490
10.27888333	498
10.2871	493
10.29526667	490
10.30323333	478
10.31135	487
10.31938333	482
10.3273	475
10.33515	471
10.34303333	473
10.35096667	476
10.3588	470
10.36656667	466
10.37431667	465
10.38221667	474
10.39013333	475
10.39808333	477
10.40603333	477
10.41391667	473
10.42181667	474
10.42991667	486
10.43805	488
10.4463	495
10.45453333	494
10.4627	490
10.47098333	497
10.47921667	494
10.48725	482
10.49536667	487
10.50346667	486
10.51146667	480
10.5195	482
10.5275	480
10.53566667	490
10.5438	488
10.55196667	490
10.56008333	487
10.56845	502
10.57673333	497
10.58513333	504
10.59325	487
10.60138333	488
10.60956667	491
10.61778333	493
10.62586667	485
10.63388333	481
10.64175	472
10.6498	483
10.65775	477
10.66555	468
10.67321667	460
10.68101667	468
10.68875	464
10.69636667	457
10.70391667	453
10.71165	464
10.71935	462
10.72693333	455
10.73451667	455
10.74228333	466
10.75001667	464
10.75761667	456
10.76516667	453
10.77278333	457
10.78041667	458
10.78803333	457
10.79566667	458
10.80325	455
10.81091667	460
10.81883333	475
10.82675	475
10.83473333	479
10.84281667	485
10.8507	473
10.85865	477
10.86665	480
10.87468333	482
10.88265	478
10.8906	477
10.8984	468
10.9062	468
10.9141	474
10.92201667	475
10.92995	476
10.9378	471
10.94583333	482
10.95383333	480
10.96175	475
10.96946667	463
10.97733333	472
10.98518333	471
10.99298333	468
11.00063333	459
11.00833333	462
11.01598333	459
11.02356667	455
11.0312	458
11.03888333	461
11.04651667	458
11.0542	461
11.06205	471
11.06986667	469
11.07765	467
11.08545	468
11.0932	465
11.10115	477
11.10908333	476
11.117	475
11.12485	471
11.13258333	464
11.14046667	473
11.14831667	471
11.15605	464
11.16375	462
11.17146667	463
11.17908333	457
11.18666667	455
11.19435	461
11.20196667	457
11.20955	455
11.21698333	446
11.22465	460
11.23231667	460
11.23993333	457
11.2476	460
11.25513333	452
11.26285	463
11.27053333	461
11.27813333	456
11.28571667	455
11.29341667	462
11.30128333	472
11.30923333	477
11.31705	469
11.32483333	467
11.33273333	474
11.34061667	473
11.34845	470
11.35621667	466
11.36411667	474
11.37196667	471
11.37981667	471
11.38786667	483
11.39595	485
11.40406667	487
11.41208333	481
11.42015	484
11.4282	483
11.43631667	487
11.44426667	477
11.4523	482
11.4604	486
11.46845	483
11.47643333	479
11.48453333	486
11.49261667	485
11.50055	476
11.50868333	488
11.51683333	489
11.52496667	488
11.53303333	484
11.54123333	492
11.54935	487
11.55735	480
11.56531667	478
11.57336667	483
11.58128333	475
11.5891	469
11.59706667	478
11.60505	479
11.61296667	475
11.62083333	472
11.62891667	485
11.63705	488
11.64525	492
11.65325	480
11.66146667	493
11.66966667	492
11.67785	491
11.68585	480
11.6941	495
11.70225	489
11.7103	483
11.71845	489
11.72661667	490
11.73463333	481
11.74256667	476
11.75068333	487
11.75873333	483
11.76678333	483
11.77471667	476
11.78276667	483
11.79083333	484
11.79885	481
11.80675	474
11.81478333	482
11.82278333	480
11.83081667	482
11.83875	476
11.84656667	469
11.85456667	480
11.86255	479
11.87041667	472
11.87838333	478
11.8864	481
11.8943	474
11.90208333	467
11.91005	478
11.91798333	476
11.92578333	468
11.9336	469
11.94153333	476
11.94946667	476
11.95728333	469
11.96503333	465
11.9728	466
11.98058333	467
11.98843333	471
11.99628333	471
12.00406667	467
12.01181667	465
12.01971667	474
12.02766667	477
12.03563333	478
12.04353333	474
12.05156667	482
12.05966667	486
12.06776667	486
12.0757	476
12.0837	480
12.09171667	481
12.0997	479
12.10791667	493
12.11601667	486
12.12411667	486
12.1324	497
12.14075	501
12.149	495
12.15713333	488
12.16546667	500
12.17381667	501
12.18206667	495
12.1904	500
12.19858333	491
12.2069	499
12.21521667	499
12.22345	494
12.23165	492
12.23996667	499
12.2482	494
12.25633333	488
12.26436667	482
12.27246667	486
12.28056667	486
12.28855	479
12.29636667	469
12.30438333	481
12.31235	478
12.3202	471
12.32801667	469
12.33598333	478
12.34386667	473
12.3516	464
12.3594	468
12.36715	465
12.37486667	463
12.3827	470
12.39068333	479
12.3987	481
12.40661667	475
12.41448333	472
12.42243333	477
12.43046667	482
12.43841667	477
12.44636667	477
12.4542	470
12.46225	483
12.47028333	482
12.47825	478
12.48611667	472
12.49413333	481
12.50206667	476
12.51	476
12.51775	465
12.5256	471
12.5335	474
12.54136667	472
12.54921667	471
12.55713333	475
12.56516667	482
12.5733	488
12.58128333	479
12.5894	487
12.59756667	490
12.60553333	478
12.61343333	474
12.62146667	482
12.62956667	486
12.63766667	486
12.64581667	489
12.65393333	487
12.66196667	482
12.6702	494
12.67826667	484
12.68636667	486
12.69456667	492
12.70276667	492
12.71086667	486
12.71898333	487
12.72723333	495
12.73536667	488
12.74336667	480
12.75146667	486
12.75961667	489
12.76775	488
12.77588333	488
12.78386667	479
12.79215	497
12.80031667	490
12.8084	485
12.81626667	472
12.82426667	480
12.83226667	480
12.84016667	474
12.84806667	474
12.85605	479
12.86393333	473
12.87168333	465
12.8796	475
12.88741667	469
12.89516667	465
12.90283333	460
12.91066667	470
12.91853333	472
12.92646667	476
12.93436667	474
12.94235	479
12.95036667	481
12.9584	482
12.96626667	472
12.97416667	474
12.98215	479
12.99008333	476
12.99788333	468
13.00586667	479
13.01385	479
13.0217	471
13.02948333	467
13.03738333	474
13.04528333	474
13.0531	469
13.06093333	470
13.06893333	480
13.07698333	483
13.08498333	480
13.0929	475
13.10081667	475
13.1088	479
13.11668333	473
13.12446667	467
13.13216667	462
13.14005	473
13.1479	471
13.15563333	464
13.1634	466
13.1712	468
13.17895	465
13.18681667	472
13.19468333	472
13.20278333	486
13.21088333	486
13.21891667	482
13.22701667	486
13.23503333	481
13.24303333	480
13.25113333	486
13.25925	487
13.26725	480
13.27533333	485
13.28356667	494
13.29175	491
13.29988333	488
13.30815	496
13.31641667	496
13.32448333	484
13.33245	478
13.34065	492
13.34873333	485
13.35676667	482
13.36463333	472
13.37256667	476
13.3806	482
13.38863333	482
13.39666667	482
13.40465	479
13.41273333	485
13.42083333	486
13.42885	481
13.43678333	476
13.44485	484
13.45291667	484
13.46101667	486
13.46901667	480
13.47701667	480
13.48513333	487
13.49325	487
13.50121667	478
13.50916667	477
13.51726667	486
13.52536667	486
13.53336667	480
13.54131667	477
13.54933333	481
13.55735	481
13.56536667	481
13.5735	488
13.58165	489
13.5897	483
13.59795	495
13.60608333	488
13.6143	493
13.6224	486
13.63061667	493
13.63875	488
13.64696667	493
13.65525	497
13.6635	495
13.67166667	490
13.67996667	498
13.68818333	493
13.69628333	486
13.7043	481
13.7125	492
13.72056667	484
13.72838333	469
13.73615	466
13.74406667	475
13.75195	473
13.75973333	467
13.76741667	461
13.77533333	475
13.78326667	476
13.79113333	472
13.79896667	470
13.80688333	475
13.81493333	483
13.82308333	489
13.8312	487
13.83926667	484
13.84738333	487
13.85558333	492
13.8636	481
13.8717	486
13.87981667	487
13.8878	479
13.89571667	475
13.90381667	486
13.91195	488
13.92003333	485
13.92801667	479
13.93593333	475
13.94403333	486
13.9521	484
13.96008333	479
13.96813333	483
13.97628333	489
13.98435	484
13.99255	492
14.00058333	482
14.0086	481
14.0168	492
14.025	492
14.03306667	484
14.04118333	487
14.04935	490
14.0575	489
14.06555	483
14.07375	492
14.08193333	491
14.09	484
14.098	480
14.1062	492
14.11428333	485
14.1223	481
14.13038333	485
14.13855	490
14.14668333	488
14.1548	487
14.16286667	484
14.17105	491
14.1792	489
14.18736667	490
14.19548333	487
14.2038	499
14.21216667	502
14.22046667	498
14.22885	503
14.23731667	508
14.24581667	510
14.25411667	498
14.26248333	502
14.27083333	501
14.27913333	498
14.28731667	491
14.29563333	499
14.30391667	497
14.31203333	487
14.32033333	498
14.32856667	494
14.33661667	483
14.35318333	0
14.36136667	491
14.36961667	495
14.37798333	502
14.3862	493
14.39448333	497
14.4029	505
14.41121667	499
14.41945	494
14.42786667	505
14.4363	506
14.44455	495
14.45271667	490
14.461	497
14.46923333	494
14.4773	484
14.48521667	475
14.49308333	472
14.50108333	480
14.50908333	480
14.5171	481
14.52498333	473
14.53306667	485
14.54125	491
14.54943333	491
14.5575	484
14.56553333	482
14.57366667	488
14.58183333	490
14.59005	493
14.59818333	488
14.6063	487
14.61451667	493
14.62276667	495
14.63088333	487
14.63896667	485
14.64716667	492
14.65546667	498
14.66363333	490
14.67175	487
14.68003333	497
14.68828333	495
14.69651667	494
14.70465	488
14.71293333	497
14.7212	496
14.72935	489
14.73736667	481
14.74553333	490
14.75371667	491
14.76185	488
14.76988333	482
14.77813333	495
14.78638333	495
14.7946	493
14.80275	489
14.81095	492
14.8192	495
14.82728333	485
14.83523333	477
14.84316667	476
14.85111667	477
14.85896667	471
14.86683333	472
14.87463333	468
14.88233333	462
14.89023333	474
14.89816667	476
14.90598333	469
14.91373333	465
14.92166667	476
14.92965	479
14.93756667	475
14.94541667	471
14.95341667	480
14.96148333	484
14.9696	487
14.97775	489
14.9858	483
14.99396667	490
15.00211667	489
15.01021667	486
15.01826667	483
15.02621667	477
15.03436667	489
15.0424	482
15.05036667	478
15.05823333	472
15.06625	481
15.0743	483
15.08226667	478
15.0901	470
15.09803333	476
15.10585	469
15.11368333	470
15.1216	475
15.12946667	472
15.1372	464
15.14505	471
15.15298333	476
15.16098333	480
15.16885	472
15.17671667	472
15.18473333	481
15.19271667	479
15.2006	473
15.20835	465
15.21613333	467
15.22403333	474
15.23191667	473
15.2398	473
15.2476	468
15.25558333	479
15.26363333	483
15.27161667	479
15.27971667	486
15.28788333	490
15.29605	490
15.30416667	487
15.31231667	489
15.32058333	496
15.32891667	500
15.3371	491
15.34536667	496
15.3537	500
15.36193333	494
15.37006667	488
15.3784	500
15.3867	498
15.39493333	494
15.40305	487
15.41128333	494
15.41948333	492
15.42761667	488
15.43561667	480
15.44376667	489
15.45186667	486
15.45978333	475
15.46775	478
15.47573333	479
15.48365	475
15.49166667	481
15.49976667	486
15.5077	476
15.5156	474
15.52366667	484
15.53175	485
15.53968333	476
15.54766667	479
15.55571667	483
15.56378333	484
15.57168333	474
15.57965	478
15.5877	483
15.59565	477
15.6035	471
15.61138333	473
15.61931667	476
15.62721667	474
15.635	467
15.64288333	473
15.65076667	473
15.65855	467
15.6665	477
15.67443333	476
15.68226667	470
15.6902	476
15.6982	480
15.70616667	478
15.71403333	472
15.72205	481
15.73013333	485
15.73815	481
15.74605	474
15.75413333	485
15.76221667	485
15.77023333	481
15.77816667	476
15.7862	482
15.79418333	479
15.80221667	482
15.81038333	490
15.81848333	486
15.82656667	485
15.83488333	499
15.8432	499
15.85145	495
15.85956667	487
15.86775	491
15.87605	498
15.88431667	496
15.89256667	495
15.9008	494
15.9089	486
15.91726667	502
15.92565	503
15.93393333	497
15.94238333	507
15.95073333	501
15.95928333	513
15.96783333	513
15.97618333	501
15.98465	508
15.9931	507
16.00141667	499
16.00956667	489
16.01776667	492
16.02591667	489
16.03393333	481
16.04183333	474
16.0497	472
16.05771667	481
16.06568333	478
16.07368333	480
16.08158333	474
16.0896	481
16.09771667	487
16.10585	488
16.11406667	493
16.12216667	486
16.1304	494
16.13858333	491
16.14675	490
16.15475	480
16.16273333	479
16.1709	490
16.179	486
16.18701667	481
16.19498333	478
16.20293333	477
16.21095	481
16.21891667	478
16.22686667	477
16.23473333	472
16.24278333	483
16.25081667	482
16.25886667	483
16.26685	479
16.2749	483
16.28298333	485
16.29093333	477
16.29903333	486
16.30715	487
16.31533333	491
16.32343333	486
16.3317	496
16.33993333	494
16.34805	487
16.35621667	490
16.36443333	493
16.37255	487
16.38055	480
16.38843333	473
16.39636667	476
16.40435	479
16.41225	474
16.42011667	472
16.42818333	484
16.43618333	480
16.44405	472
16.45208333	482
16.46005	478
16.46795	474
16.47601667	484
16.48393333	475
16.4919	478
16.49995	483
16.50788333	476
16.51576667	473
16.52378333	481
16.53165	472
16.53956667	475
16.54763333	484
16.55563333	480
16.56351667	473
16.57155	482
16.57961667	484
16.5875	473
16.59535	471
16.61125	0
16.6191	471
16.62691667	469
16.63488333	478
16.64285	478
16.65073333	473
16.65861667	473
16.66663333	481
16.67451667	473
16.68243333	475
16.69033333	474
16.69816667	470
16.70593333	466
16.7138	472
16.72155	465
16.72941667	472
16.73733333	475
16.74518333	471
16.75306667	473
16.76101667	477
16.76906667	483
16.7771	482
16.78515	483
16.79308333	476
16.80105	478
16.80911667	484
16.81713333	481
16.82506667	476
16.83286667	468
16.84073333	472
16.84863333	474
16.85646667	470
16.86433333	472
16.87218333	471
16.88	469
16.8877	462
16.8955	468
16.90326667	466
16.91106667	468
16.9189	470
16.92671667	469
16.93446667	465
16.94231667	471
16.95013333	469
16.958	472
16.96593333	476
16.97388333	477
16.98193333	483
16.9899	478
16.99788333	479
17.00596667	485
17.01416667	492
17.02225	485
17.03035	486
17.0386	495
17.0467	486
17.05466667	478
17.06263333	478
17.07061667	479
17.07855	476
17.08628333	464
17.09395	460
17.10166667	463
17.10941667	465
17.11706667	459
17.12461667	453
17.13218333	454
17.13986667	461
17.14755	461
17.15506667	451
17.16255	449
17.17016667	457
17.17781667	459
17.18538333	454
17.19311667	464
17.20096667	471
17.20876667	468
17.21663333	472
17.2246	478
17.23251667	475
17.24055	482
17.24861667	484
17.25661667	480
17.26453333	475
17.2726	484
17.28066667	484
17.28855	473
17.29658333	482
17.3046	481
17.31265	483
17.32055	474
17.32856667	481
17.33655	479
17.34441667	472
17.35223333	469
17.36016667	476
17.3681	476
17.37601667	475
17.3838	467
17.39168333	473
17.39966667	479
17.40766667	480
17.4156	476
17.42353333	476
17.43153333	480
17.4395	478
17.44736667	472
17.45538333	481
17.46336667	479
17.47128333	475
17.47913333	471
17.48715	481
17.49513333	479
17.50306667	476
17.51091667	471
17.51886667	477
17.52678333	475
17.53473333	477
17.54268333	477
17.55045	466
17.55821667	466
17.56601667	468
17.57366667	459
17.58126667	456
17.58898333	463
17.59665	460
17.60421667	454
17.61176667	453
17.61945	461
17.62716667	463
17.63486667	462
17.64251667	459
17.65028333	466
17.65816667	473
17.66606667	474
17.67391667	471
17.68175	470
17.68968333	476
17.69761667	476
17.70556667	477
17.71355	479
17.72145	474
17.7294	477
17.73741667	481
17.74546667	483
17.75348333	481
17.7614	475
17.76941667	481
17.77725	470
17.7851	471
17.793	474
17.80088333	473
17.80876667	473
17.81651667	465
17.8244	473
17.83221667	469
17.84013333	475
17.84813333	480
17.85596667	470
17.86375	467
17.87146667	463
17.87926667	468
17.88713333	472
17.89498333	471
17.90276667	467
17.9105	464
17.91831667	469
17.92613333	469
17.9339	466
17.94158333	461
17.94936667	467
17.95715	467
17.96488333	464
17.97255	460
17.98033333	467
17.98808333	465
17.99586667	467
18.00363333	466
18.01146667	470
18.01943333	478
18.02735	475
18.03521667	472
18.0432	479
18.0512	480
18.05918333	479
18.067	469
18.07493333	476
18.0829	478
18.09081667	475
18.09868333	472
18.10668333	480
18.11456667	473
18.12243333	472
18.13031667	473
18.13833333	481
18.14621667	473
18.15401667	468
18.16195	476
18.16985	474
18.17766667	469
18.1854	464
18.1933	474
18.2012	474
18.209	468
18.21678333	467
18.22466667	473
18.23251667	471
18.24023333	463
18.24796667	464
18.25576667	468
18.26355	467
18.27128333	464
18.27915	472
18.28708333	476
18.295	475
18.30288333	473
18.31081667	476
18.31881667	480
18.32693333	487
18.33498333	483
18.34308333	486
18.3513	493
18.35956667	496
18.36771667	489
18.37595	494
18.38425	498
18.39241667	490
18.40061667	492
18.40886667	495
18.41711667	495
18.42523333	487
18.43335	487
18.44146667	487
18.44956667	486
18.45745	473
18.46541667	478
18.47335	476
18.48118333	470
18.48891667	464
18.49678333	472
18.50471667	476
18.51258333	472
18.52036667	467
18.52833333	478
18.53623333	474
18.54406667	470
18.55206667	480
18.56011667	483
18.56806667	477
18.57598333	475
18.5841	487
18.5922	486
18.60035	489
18.60841667	484
18.61655	488
18.6248	495
18.63311667	499
18.64128333	490
18.64943333	489
18.65766667	494
18.66583333	490
18.67396667	488
18.68203333	484
18.69011667	485
18.69833333	493
18.70633333	480
18.71428333	477
18.72236667	485
18.73051667	489
18.73856667	483
18.74658333	481
18.7547	487
18.76278333	485
18.77088333	486
18.77891667	482
18.78686667	477
18.7948	476
18.80275	477
18.81076667	481
18.81868333	475
18.82643333	465
18.83433333	474
18.8422	472
18.84996667	466
18.85771667	465
18.86561667	474
18.87348333	472
18.8813	469
18.8891	468
18.89698333	473
18.90476667	467
18.9125	464
18.92036667	472
18.92821667	471
18.9361	473
18.94391667	469
18.9519	479
18.95993333	482
18.96801667	485
18.976	479
18.98415	489
18.99231667	490
19.00035	482
19.00836667	481
19.0164	482
19.0245	486
19.03258333	485
19.0407	487
19.04888333	491
19.05695	484
19.06505	486
19.07326667	493
19.08141667	489
19.08948333	484
19.09753333	483
19.10573333	492
19.11396667	494
19.12223333	496
19.13051667	497
19.13876667	495
19.1469	488
19.15496667	484
19.16316667	492
19.17121667	483
19.17908333	472
19.18705	478
19.19498333	476
19.2028	469
19.21053333	464
19.21833333	468
19.22618333	471
19.23405	472
19.24188333	470
19.24968333	468
19.2576	475
19.26555	477
19.2735	477
19.28136667	472
19.28916667	468
19.29711667	477
19.30498333	472
19.31271667	464
19.32056667	471
19.32838333	469
19.33625	472
19.34398333	464
19.35173333	465
19.35958333	471
19.36748333	474
19.37528333	468
19.38305	466
19.39096667	475
19.39881667	471
19.40658333	466
19.41455	478
19.42241667	472
19.43021667	468
19.4382	479
19.4462	480
19.4542	480
19.46215	477
19.47013333	479
19.47818333	483
19.48625	484
19.49421667	478
19.5022	479
19.51031667	487
19.51848333	490
19.52646667	479
19.5347	494
19.5429	492
19.551	486
19.55903333	482
19.56716667	488
19.57526667	486
19.58325	479
19.59113333	473
19.59913333	480
19.60698333	471
19.61476667	467
19.6224	458
19.63021667	469
19.63791667	462
19.64571667	468
19.65355	470
19.66138333	470
19.66931667	476
19.67741667	486
19.68553333	487
19.69368333	489
19.70201667	500
19.71026667	495
19.71841667	489
19.72645	482
19.73458333	488
19.74256667	479
19.75056667	480
19.7585	476
19.76645	477
19.77435	474
19.78246667	487
19.79043333	478
19.79838333	477
19.80638333	480
19.81441667	482
19.8223	473
19.83011667	469
19.83783333	463
19.84571667	473
19.85351667	468
19.8612	461
19.8691	474
19.8769	468
19.88456667	460
19.89221667	459
19.90006667	471
19.90783333	466
19.91566667	470
19.92335	461
19.93121667	472
19.93905	470
19.94686667	469
19.95458333	463
19.96245	472
19.9703	471
19.9781	468
19.98583333	464
19.99366667	470
20.00143333	466
20.0091	460
20.01688333	467
20.02458333	462
20.03231667	464
20.03986667	453
20.04748333	457
20.05511667	458
20.06288333	466
20.0708	475
20.07886667	484
20.08685	479
20.09485	480
20.10293333	485
20.1113	502
20.1198	510
20.12816667	502
20.13665	509
20.14518333	512
20.16256667	0
20.17105	509
20.17961667	514
20.18803333	505
20.19653333	510
20.20511667	515
20.2137	515
20.22223333	512
20.23066667	506
20.23913333	508
20.24751667	503
20.25591667	504
20.26436667	507
20.2728	506
20.2812	504
20.28961667	505
20.29798333	502
20.30631667	500
20.31458333	496
20.3229	499
20.33121667	499
20.3396	503
20.34815	513
20.35686667	523
20.36555	521
20.37416667	517
20.38275	515
20.39146667	523
20.40015	521
20.40883333	521
20.41743333	516
20.42631667	533
20.43531667	540
20.4444	545
20.45356667	550
20.46266667	546
20.47166667	540
20.48066667	540
20.48955	533
20.4983	525
20.50696667	520
20.51558333	517
20.52425	520
20.53298333	524
20.54185	532
20.55081667	538
20.55983333	541
20.56901667	551
20.5784	563
20.58778333	563
20.5971	559
20.60621667	547
20.6152	539
20.62421667	541
20.63315	536
20.64208333	536
20.65113333	543
20.66035	553
20.66985	570
20.67943333	575
20.68895	571
20.69823333	557
20.70738333	549
20.7164	541
20.72536667	538
20.73436667	540
20.74358333	553
20.75278333	552
20.76195	550
20.77101667	544
20.78018333	550
20.78938333	552
20.79855	550
20.8077	549
20.81681667	547
20.82581667	540
20.83473333	535
20.84361667	533
20.85241667	528
20.86125	530
20.87003333	527
20.87873333	522
20.88736667	518
20.89605	521
20.90485	528
20.91368333	530
20.92258333	534
20.9316	541
20.94066667	544
20.94988333	553
20.9592	559
20.96866667	568
20.97836667	582
20.98826667	594
20.99821667	597
21.00821667	600
21.01831667	606
21.02841667	606
21.03845	602
21.04841667	598
21.05821667	588
21.06785	578
21.0774	573
21.08688333	569
21.0964	571
21.10606667	580
21.11596667	594
21.12591667	597
21.13593333	601
21.14596667	602
21.15618333	613
21.16663333	627
21.17716667	632
21.18771667	633
21.19813333	625
21.20845	619
21.21883333	623
21.22941667	635
21.2399	629
21.25021667	619
21.26038333	610
21.27048333	606
21.28056667	605
21.29075	611
21.30125	630
21.31188333	638
21.3226	643
21.33315	633
21.34343333	617
21.35346667	602
21.3633	590
21.37296667	580
21.38253333	574
21.39208333	573
21.40176667	581
21.41168333	595
21.42181667	608
21.43201667	612
21.44231667	618
21.45263333	619
21.46295	619
21.4732	615
21.48351667	619
21.49365	608
21.50376667	607
21.5139	608
21.52398333	605
21.53396667	599
21.54371667	585
21.55333333	577
21.56288333	573
21.5725	577
21.58221667	583
21.59181667	576
21.60153333	583
21.61126667	584
21.62118333	595
21.63126667	605
21.64151667	615
21.65156667	603
21.66158333	601
21.67163333	603
21.68165	601
21.69156667	595
21.70156667	600
21.71135	587
21.721	579
21.7306	576
21.74015	573
21.7497	573
21.75953333	590
21.7697	610
21.78006667	622
21.79048333	625
21.80115	640
21.81175	636
21.82246667	643
21.83288333	625
21.84343333	633
21.85381667	623
21.8643	629
21.87478333	629
21.88545	640
21.89636667	655
21.9073	656
21.91796667	640
21.92866667	642
21.93938333	643
21.94995	634
21.96033333	623
21.97088333	633
21.98148333	636
21.99225	646
22.00303333	647
22.01373333	642
22.02413333	624
22.03453333	624
22.04475	613
22.05488333	608
22.06486667	599
22.075	608
22.08513333	608
22.09521667	605
22.10538333	610
22.11536667	599
22.12528333	595
22.13511667	590
22.14495	590
22.155	603
22.1654	624
22.17613333	644
22.18655	625
22.19683333	617
22.20688333	603
22.21683333	597
22.22661667	587
22.23633333	583
22.24588333	573
22.25545	574
22.26501667	574
22.27448333	568
22.28395	568
22.2934	567
22.30295	573
22.31256667	577
22.32226667	582
22.33208333	589
22.34196667	593
22.35185	593
22.36173333	593
22.37161667	593
22.3815	593
22.39118333	581
22.40071667	572
22.41021667	570
22.41941667	552
22.4285	545
22.4376	546
22.44696667	562
22.4566	578
22.46631667	583
22.4764	605
22.48668333	617
22.49688333	612
22.50708333	612
22.51733333	615
22.52748333	609
22.53761667	608
22.54785	614
22.55828333	626
22.5688	631
22.5794	636
22.59	636
22.6005	630
22.61078333	617
22.62098333	612
22.63113333	609
22.6412	604
22.65148333	617
22.66165	610
22.67173333	605
22.68176667	602
22.69166667	594
22.70158333	595
22.71153333	597
22.72141667	593
22.73108333	580
22.74071667	578
22.75028333	574
22.75988333	576
22.76946667	575
22.77893333	568
22.78843333	570
22.79803333	576
22.80756667	572
22.81713333	574
22.8266	568
22.83606667	568
22.84563333	574
22.85535	583
22.86535	600
22.87555	612
22.88565	606
22.89565	600
22.9055	591
22.91525	585
22.9248	573
22.93431667	571
22.9438	569
22.95331667	571
22.96296667	579
22.97305	605
22.98328333	614
22.99351667	614
23.00391667	624
23.01435	626
23.0247	621
23.03501667	619
23.04535	620
23.05556667	613
23.06573333	610
23.07608333	621
23.08641667	620
23.09671667	618
23.10673333	601
23.11673333	600
23.12665	595
23.13661667	598
23.14665	602
23.15698333	620
23.16716667	611
23.1775	620
23.18785	621
23.1981	615
23.20816667	604
23.21816667	600
23.22815	599
23.23813333	599
23.24823333	606
23.25828333	603
23.26831667	602
23.27848333	610
23.2887	613
23.29903333	620
23.3094	622
23.31965	615
23.32993333	617
23.34031667	623
23.35075	626
23.36133333	635
23.3721	646
23.38268333	635
23.39326667	635
23.40365	623
23.41405	624
23.42445	624
23.43483333	623
23.44496667	608
23.45506667	606
23.46501667	597
23.47485	590
23.48483333	599
23.49508333	615
23.50521667	608
23.51531667	606
23.52536667	603
23.53543333	604
23.54551667	605
23.55553333	601
23.56531667	587
23.57503333	583
23.58463333	576
23.5942	574
23.60381667	577
23.61346667	579
23.62316667	582
23.63286667	582
23.6426	584
23.65225	579
23.66168333	566
23.6711	565
23.68028333	551
23.68938333	546
23.69831667	536
23.70726667	537
23.7162	536
23.72525	543
23.73468333	566
23.74445	586
23.75445	600
23.76448333	602
23.77458333	606
23.78478333	612
23.79516667	623
23.80575	635
23.81651667	646
23.827	629
23.83745	627
23.84768333	614
23.85768333	600
23.86751667	590
23.87728333	586
23.88703333	585
23.89678333	585
23.90643333	579
23.91603333	576
23.9257	580
23.9355	588
23.9454	594
23.95551667	607
23.96565	608
23.97586667	613
23.98633333	628
23.99688333	633
24.00776667	653
24.01841667	639
24.02903333	637
24.0396	634
24.0502	636
24.06065	627
24.0711	627
24.08143333	620
24.09173333	618
24.10188333	609
24.11193333	603
24.122	604
24.13213333	608
24.14228333	609
24.15253333	615
24.16285	619
24.17311667	616
24.18353333	625
24.19373333	612
24.20383333	606
24.2138	598
24.22358333	587
24.23323333	579
24.24278333	573
24.2523	571
24.26176667	568
24.27126667	570
24.28078333	571
24.29043333	579
24.30013333	582
24.31001667	593
24.32	599
24.33003333	602
24.34028333	615
24.35055	616
24.36096667	625
24.37133333	622
24.38165	619
24.39205	624
24.40248333	626
24.4129	625
24.42328333	623
24.43351667	614
24.44375	614
24.45388333	608
24.46403333	609
24.4743	616
24.48445	609
24.49461667	610
24.50483333	613
24.51525	625
24.52575	630
24.53615	624
24.5465	621
24.55685	621
24.56713333	617
24.57743333	618
24.58755	607
24.59761667	604
24.60768333	604
24.61766667	599
24.62761667	597
24.63743333	589
24.64721667	587
24.65703333	589
24.66701667	599
24.67725	614
24.68751667	616
24.69793333	625
24.70828333	621
24.71858333	618
24.72875	610
24.73876667	601
24.74868333	595
24.75841667	584
24.76803333	577
24.77756667	572
24.78698333	565
24.79638333	564
24.80581667	566
24.81545	578
24.82536667	595
24.83535	599
24.84526667	595
24.85535	605
24.86556667	613
24.87596667	624
24.88636667	624
24.89675	623
24.90713333	623
24.91751667	623
24.92791667	624
24.93821667	618
24.94845	614
24.9586	609
24.9686	600
24.97853333	596
24.9884	592
24.99805	579
25.00776667	583
25.01725	569
25.02681667	574
25.03661667	588
25.04678333	610
25.05731667	632
25.06776667	627
25.07843333	640
25.08893333	630
25.09916667	614
25.10951667	621
25.11983333	619
25.13018333	621
25.14038333	612
25.1508	625
25.16148333	641
25.17263333	669
25.18403333	684
25.19515	667
25.20606667	655
25.21703333	658
25.22783333	648
25.23836667	632
25.24866667	618
25.25893333	616
25.26913333	612
25.2795	622
25.2899	624
25.30076667	652
25.31181667	663
25.32291667	666
25.3339	659
25.34485	657
25.3556	645
25.36625	639
25.37673333	629
25.38698333	615
25.39711667	608
25.40715	602
25.41713333	599
25.42708333	597
25.43701667	596
25.44708333	604
25.45733333	615
25.46756667	614
25.47781667	615
25.48793333	607
25.49788333	597
25.50773333	591
25.5175	586
25.52718333	581
25.53695	586
25.54696667	601
25.55763333	640
25.56845	649
25.57963333	671
25.59095	679
25.6024	687
25.61375	681
25.62468333	656
25.63533333	639
25.64576667	626
25.65603333	616
25.66633333	618
25.6768	628
25.68738333	635
25.69785	628
25.70818333	620
25.71831667	608
25.72831667	600
25.73816667	591
25.748	590
25.75778333	587
25.76755	586
25.7773	585
25.7871	588
25.79683333	584
25.80641667	575
25.81586667	567
25.82525	563
25.8347	567
25.84421667	571
25.85385	578
25.8637	591
25.87365	597
25.88368333	602
25.89383333	609
25.9041	616
25.91463333	632
25.92536667	644
25.9362	650
25.9472	660
25.95803333	650
25.96868333	639
25.97901667	620
25.9891	605
25.99926667	610
26.00926667	600
26.01946667	612
26.02965	611
26.03998333	620
26.0506	637
26.06153333	656
26.07273333	672
26.08336667	638
26.09383333	628
26.10413333	618
26.11441667	617
26.1245	605
26.1346	606
26.1445	594
26.15436667	592
26.16436667	600
26.1746	614
26.18515	633
26.19576667	637
26.20641667	639
26.21725	650
26.22803333	647
26.23881667	647
26.24951667	642
26.26005	632
26.27046667	625
26.2809	626
26.29156667	640
26.30261667	663
26.31336667	645
26.32431667	657
26.33515	650
26.34588333	644
26.3564	631
26.36685	627
26.37711667	616
26.38758333	628
26.39845	652
26.40958333	668
26.42108333	690
26.43266667	695
26.44425	695
26.45563333	683
26.46711667	689
26.47873333	697
26.49076667	722
26.50325	749
26.51566667	745
26.52795	737
26.54003333	725
26.55155	691
26.56261667	664
26.57343333	649
26.58383333	624
26.59395	607
26.60381667	592
26.61366667	591
26.62351667	591
26.63368333	610
26.64416667	629
26.65475	635
26.66586667	667
26.67711667	675
26.68801667	654
26.69893333	655
26.70973333	648
26.7207	658
26.73166667	658
26.74225	635
26.75278333	632
26.7632	625
26.77363333	626
26.78418333	633
26.7946	625
26.80521667	637
26.816	647
26.827	660
26.83841667	685
26.8498	683
26.86105	675
26.87228333	674
26.88335	664
26.8943	657
26.9049	636
26.91548333	635
26.926	631
26.93645	627
26.94683333	623
26.9573	628
26.96783333	632
26.97885	661
26.99033333	689
27.00198333	699
27.01326667	677
27.02435	665
27.03541667	664
27.046	635
27.05646667	628
27.06708333	637
27.07793333	651
27.08906667	668
27.1002	668
27.11138333	671
27.12228333	654
27.13285	634
27.1433	627
27.15361667	619
27.16378333	610
27.17385	604
27.18405	612
27.19441667	622
27.20516667	645
27.21648333	679
27.22816667	701
27.24028333	727
27.25221667	716
27.26386667	699
27.27525	683
27.286	645
27.29653333	632
27.30673333	612
27.31676667	602
27.3266	590
27.33646667	592
27.34665	611
27.35703333	623
27.36783333	648
27.37885	661
27.38958333	644
27.40021667	638
27.41063333	625
27.42086667	614
27.43098333	607
27.44095	598
27.45086667	595
27.46083333	598
27.47108333	615
27.4815	625
27.4921	636
27.50261667	631
27.51326667	639
27.52405	647
27.53493333	653
27.54588333	657
27.55701667	668
27.56836667	681
27.58016667	708
27.59193333	706
27.60348333	693
27.61516667	701
27.62678333	697
27.63833333	693
27.64945	667
27.66036667	655
27.67113333	646
27.68203333	654
27.69325	673
27.70468333	686
27.71643333	705
27.72818333	705
27.74016667	719
27.75185	701
27.76336667	691
27.77456667	672
27.78576667	672
27.79676667	660
27.80766667	654
27.81865	659
27.82958333	656
27.84036667	647
27.85138333	661
27.86255	670
27.87388333	680
27.88535	688
27.89666667	679
27.90813333	688
27.91946667	680
27.93063333	670
27.94153333	654
27.95201667	629
27.96258333	634
27.97318333	636
27.98436667	671
27.99581667	687
28.0072	683
28.01895	705
28.0305	693
28.04176667	676
28.05301667	675
28.0641	665
28.07531667	673
28.08653333	673
28.09755	661
28.10853333	659
28.1195	658
28.1304	654
28.1412	648
28.15185	639
28.16248333	638
28.17301667	632
28.18348333	628
28.19386667	623
28.20411667	615
28.21415	602
28.22406667	595
28.23381667	585
28.24341667	576
28.2529	569
28.26231667	565
28.27181667	570
28.2814	575
28.29098333	575
28.30055	574
28.31016667	577
28.31986667	582
28.3299	602
28.34045	633
28.35111667	640
28.36188333	646
28.37261667	644
28.38333333	643
28.39386667	632
28.40436667	630
28.4148	626
28.42521667	625
28.4359	641
28.44646667	634
28.45686667	624
28.46726667	624
28.47748333	613
28.48766667	611
28.4979	614
28.50845	633
28.51933333	653
28.5302	652
28.5413	666
28.55236667	664
28.5631	644
28.57365	633
28.58391667	616
28.59395	602
28.60386667	595
28.61386667	600
28.62403333	610
28.6343	616
28.64478333	629
28.6554	637
28.6658	624
28.67633333	632
28.68688333	633
28.69745	634
28.70803333	635
28.7185	628
28.72881667	619
28.73896667	609
28.74908333	607
28.75893333	591
28.76888333	597
28.77868333	588
28.78828333	576
28.79785	574
28.80761667	586
28.81753333	595
28.82743333	594
28.83728333	591
28.84708333	588
28.85693333	591
28.86675	589
28.87668333	596
28.88668333	600
28.89673333	603
28.90683333	606
28.91756667	644
28.9286	662
28.93983333	674
28.95111667	677
28.96263333	691
28.974	682
28.98526667	676
28.99651667	675
29.00768333	670
29.0185	649
29.02903333	632
29.03938333	621
29.0494	601
29.05921667	589
29.06886667	579
29.07845	575
29.08801667	574
29.09791667	594
29.1083	623
29.11946667	670
29.1308	680
29.14223333	686
29.15346667	674
29.16445	659
29.17503333	635
29.18535	619
29.19543333	605
29.20526667	590
29.21496667	582
29.22471667	585
29.23453333	589
29.24441667	593
29.25446667	603
29.2647	614
29.27538333	641
29.28655	670
29.29793333	683
29.30921667	677
29.32033333	667
29.33116667	650
29.342	650
29.35261667	637
29.36316667	633
29.37353333	622
29.38385	619
29.39411667	616
29.40425	608
29.41436667	607
29.42433333	598
29.43423333	594
29.4441	592
29.4538	582
29.46341667	577
29.47305	578
29.48268333	578
29.4922	571
29.50171667	571
29.51151667	588
29.52153333	601
29.53195	625
29.54256667	637
29.55328333	643
29.5639	637
29.5744	630
29.58496667	634
29.59555	635
29.60618333	638
29.61685	640
29.62745	636
29.63785	624
29.64823333	623
29.65843333	612
29.66835	595
29.67823333	593
29.6879	580
29.6976	582
29.7076	600
29.71791667	619
29.72856667	639
29.7396	662
29.75093333	680
29.7622	676
29.77355	681
29.78463333	665
29.79543333	648
29.806	634
29.8164	624
29.82671667	619
29.83703333	619
29.84716667	608
29.85725	605
29.86725	600
29.87731667	604
29.88726667	597
29.89711667	591
29.90693333	589
29.91671667	587
29.92636667	579
29.93593333	574
29.9455	574
29.95496667	568
29.96471667	585
29.9747	599
29.98495	615
29.99588333	656
30.00663333	645
30.01733333	642
30.02793333	636
30.03833333	624
30.04858333	615
30.05863333	603
30.06846667	590
30.078	572
30.08745	567
30.09658333	548
30.10565	544
30.11476667	547
30.12395	551
30.13331667	562
30.14293333	577
30.15265	583
30.1626	597
30.17306667	628
30.18371667	639
30.19463333	655
30.20556667	656
30.21625	641
30.22645	612
30.23656667	607
30.24645	593
30.25626667	589
30.26593333	580
30.27565	583
30.28538333	584
30.29536667	599
30.30583333	628
30.31688333	663
30.32801667	668
30.33916667	669
30.35055	683
30.36173333	671
30.37278333	663
30.38353333	645
30.39416667	638
30.4046	626
30.41496667	622
30.42503333	604
30.43508333	603
30.44485	586
30.4545	579
30.46423333	584
30.47398333	585
30.48371667	584
30.49356667	591
30.50366667	606
30.51428333	637
30.52545	670
30.53671667	676
30.54803333	679
30.55931667	677
30.57048333	670
30.58115	640
30.59161667	628
30.60196667	621
30.61231667	621
30.62276667	627
30.63293333	610
30.64321667	617
30.65356667	621
30.66423333	640
30.6749	640
30.6857	648
30.69651667	649
30.7073	647
30.71781667	631
30.72846667	639
30.73886667	624
30.74915	617
30.75941667	616
30.76973333	619
30.77995	613
30.79023333	617
30.80035	607
30.81036667	601
30.82025	593
30.82996667	583
30.83981667	591
30.8498	599
30.85995	609
30.87	603
30.88025	615
30.89066667	625
30.90138333	643
30.91251667	668
30.92363333	667
30.93508333	687
30.94623333	669
30.95718333	657
30.96776667	635
30.9781	620
30.9882	606
30.99813333	596
31.00803333	594
31.01791667	593
31.02796667	603
31.03835	623
31.04878333	626
31.05913333	621
31.06926667	608
31.0792	596
31.08891667	583
31.09846667	573
31.10798333	571
31.11743333	567
31.12741667	599
31.1377	617
31.1483	636
31.1592	654
31.17016667	658
31.18118333	661
31.19241667	674
31.20371667	678
31.21465	656
31.2251	627
31.23531667	613
31.24545	608
31.25546667	601
31.26553333	604
31.27578333	615
31.28601667	614
31.29665	638
31.30775	666
31.31933333	695
31.33081667	689
31.34311667	738
31.35558333	748
31.36776667	731
31.38006667	738
31.39191667	711
31.4036	701
31.41503333	686
31.42611667	665
31.43716667	663
31.44806667	654
31.45898333	655
31.46971667	644
31.48053333	649
31.49121667	641
31.50195	644
31.5131	669
31.52453333	686
31.53613333	696
31.5476	688
31.55866667	664
31.56956667	654
31.58036667	648
31.5914	662
31.60241667	661
31.61356667	669
31.62505	689
31.63665	696
31.6477	663
31.65865	657
31.66953333	653
31.6802	640
31.6909	642
31.7016	642
31.71241667	649
31.72333333	655
31.73411667	647
31.74508333	658
31.756	655
31.76683333	650
31.77771667	653
31.78858333	652
31.79933333	645
31.81008333	645
31.82058333	630
31.83076667	611
31.84081667	603
31.85068333	592
31.86058333	594
31.87065	604
31.88076667	607
31.89081667	603
31.90091667	606
31.91115	614
31.92183333	641
31.93318333	681
31.94493333	705
31.95645	691
31.96795	690
31.97936667	685
31.99083333	688
32.00218333	681
