0.015833333	950
0.030666667	890
0.0444	824
0.058916667	871
0.072966667	843
0.08575	767
0.1	855
0.1147	882
0.129083333	863
0.1421	781
0.156983333	893
0.1725	931
0.185366667	772
0.197966667	756
0.211916667	837
0.2262	857
0.238816667	757
0.253083333	856
0.268116667	902
0.282183333	844
0.2949	763
0.308566667	820
0.3222	818
0.335166667	778
0.347066667	714
0.359883333	769
0.37295	784
0.387383333	866
0.40005	760
0.412983333	776
0.427	841
0.440333333	800
0.453733333	804
0.468166667	866
0.482966667	888
0.496666667	822
0.50995	797
0.522183333	734
0.534516667	740
0.547216667	762
0.559983333	766
0.572066667	725
0.584083333	721
0.597	775
0.61095	837
0.6235	753
0.636916667	805
0.651383333	868
0.666433333	903
0.67295	0
0.679216667	0
0.692233333	781
0.7057	808
0.719083333	803
0.7316	751
0.7441	750
0.757416667	799
0.77145	842
0.7852	825
0.797916667	763
0.811316667	804
0.825083333	826
0.83785	766
0.850583333	764
0.863116667	752
0.875133333	721
0.887316667	731
0.89895	698
0.910416667	688
0.922783333	742
0.936366667	815
0.949583333	793
0.96255	778
0.975066667	751
0.98655	689
0.99745	654
1.008383333	656
1.018883333	630
1.0296	643
1.041233333	698
1.052683333	687
1.06455	712
1.076633333	725
1.08965	781
1.10235	762
1.11495	756
1.12705	726
1.1392	729
1.151016667	709
1.1626	695
1.1749	738
1.187883333	779
1.202533333	879
1.2167	850
1.23005	801
1.242333333	737
1.255316667	779
1.2687	803
1.2812	750
1.29315	717
1.305833333	761
1.319283333	807
1.332466667	791
1.345416667	777
1.359066667	819
1.37295	833
1.385433333	749
1.39845	781
1.411666667	793
1.4246	776
1.436883333	737
1.450416667	812
1.464533333	847
1.4776	784
1.489833333	734
1.502883333	783
1.529083333	0
1.5425	805
1.55665	849
1.5706	837
1.583383333	767
1.597483333	846
1.611516667	842
1.6241	755
1.637066667	778
1.65005	779
1.663366667	799
1.675516667	729
1.701183333	0
1.7136	745
1.725733333	728
1.739166667	806
1.75295	827
1.76575	768
1.778833333	785
1.793183333	861
1.807116667	836
1.819483333	742
1.832483333	780
1.84535	772
1.85835	780
1.8704	723
1.8829	750
1.895383333	749
1.907816667	746
1.919683333	712
1.932	739
1.944816667	769
1.957766667	777
1.962533333	0
1.969716667	0
1.9826	773
1.995783333	791
2.00955	826
2.0219	741
2.034816667	775
2.048133333	799
2.0625	862
2.075133333	758
2.0875	742
2.100633333	788
2.114016667	803
2.127483333	808
2.139983333	750
2.152633333	759
2.165466667	770
2.17835	773
2.191516667	790
2.205183333	820
2.218283333	786
2.229833333	693
2.241283333	687
2.252783333	690
2.264516667	704
2.27585	680
2.286583333	644
2.297383333	648
2.308366667	659
2.31965	677
2.330683333	662
2.342466667	707
2.35465	731
2.366633333	719
2.378316667	701
2.389683333	682
2.401933333	735
2.428616667	0
2.4418	791
2.453616667	709
2.4653	701
2.47795	759
2.491183333	794
2.503583333	744
2.515883333	738
2.529233333	801
2.543533333	858
2.557733333	852
2.570833333	786
2.583883333	783
2.596966667	785
2.609966667	780
2.622516667	753
2.6344	713
2.6467	738
2.659416667	763
2.672766667	801
2.68635	815
2.69995	816
2.713033333	785
2.726066667	782
2.739083333	781
2.751466667	743
2.763233333	706
2.7744	670
2.78535	657
2.796833333	689
2.809616667	767
2.822583333	778
2.834483333	714
2.846833333	741
2.85985	781
2.873266667	805
2.885533333	736
2.898466667	776
2.91135	773
2.9235	729
2.93535	711
2.9474	723
2.95965	735
2.97205	744
2.9838	705
2.9959	726
3.008866667	778
3.022233333	802
3.03485	757
3.04685	720
3.059366667	751
3.071783333	745
3.08475	778
3.0979	789
3.1098	714
3.121833333	722
3.134633333	768
3.147916667	797
3.160333333	745
3.172966667	758
3.186183333	793
3.19915	778
3.212433333	797
3.224366667	716
3.2365	728
3.248783333	737
3.2618	781
3.274483333	761
3.286416667	716
3.298516667	726
3.311816667	798
3.325366667	813
3.33915	827
3.351933333	767
3.363883333	717
3.3754	691
3.386733333	680
3.397966667	674
3.409183333	673
3.420816667	698
3.434516667	822
3.448733333	853
3.475533333	0
3.48735	709
3.499516667	730
3.5117	731
3.524133333	746
3.53695	769
3.5492	735
3.561966667	766
3.575	782
3.5875	750
3.599983333	749
3.611816667	710
3.623	671
3.63395	657
3.64525	678
3.656316667	664
3.6677	683
3.6792	690
3.690833333	698
3.702633333	708
3.7146	718
3.726666667	724
3.7383	698
3.750066667	706
3.76245	743
3.774216667	706
3.785783333	694
3.79745	700
3.80965	732
3.8222	753
3.8349	762
3.847116667	733
3.860316667	792
3.873616667	798
3.886616667	780
3.899466667	771
3.91195	749
3.924416667	748
3.936433333	721
3.948733333	738
3.9616	772
3.975583333	839
3.9886	781
4.013883333	0
4.027116667	794
4.040316667	792
4.052783333	748
4.0646	709
4.076333333	704
4.088366667	722
4.100083333	703
4.11255	748
4.124283333	704
4.13615	712
4.148333333	731
4.160516667	731
4.1725	719
4.184233333	704
4.19625	721
4.2083	723
4.220416667	727
4.2329	749
4.244766667	712
4.2569	728
4.269283333	743
4.281983333	762
4.2941	727
4.306233333	728
4.318733333	750
4.330966667	734
4.342816667	711
4.355166667	741
4.367433333	736
4.379616667	731
4.391716667	726
4.404233333	751
4.4175	796
4.429683333	731
4.442083333	744
4.454783333	762
4.46775	778
4.4801	741
4.492383333	737
4.504916667	752
4.5177	767
4.5298	726
4.5417	714
4.5541	744
4.566616667	751
4.579216667	756
4.591116667	714
4.603183333	724
4.615266667	725
4.62785	755
4.639566667	703
4.651466667	714
4.663566667	726
4.676216667	759
4.6885	737
4.70055	723
4.71305	750
4.725633333	755
4.737866667	734
4.74945	695
4.76115	702
4.772933333	707
4.784883333	717
4.796366667	689
4.8079	692
4.819966667	724
4.8325	752
4.84435	711
4.85615	708
4.868	711
4.88005	723
4.89175	702
4.90325	690
4.914633333	683
4.925683333	663
4.93695	676
4.94855	696
4.9605	717
4.9729	744
4.9845	696
4.99535	651
5.00635	660
5.01795	696
5.029666667	703
5.04165	719
5.0548	789
5.068083333	797
5.081	775
5.093616667	757
5.105983333	742
5.11835	742
5.131016667	760
5.143216667	732
5.15495	704
5.167216667	736
5.18055	800
5.194433333	833
5.20765	793
5.220616667	778
5.232666667	723
5.244316667	699
5.25605	704
5.279233333	0
5.291	706
5.303466667	748
5.3161	758
5.32915	783
5.34125	726
5.353283333	722
5.36615	772
5.38	831
5.3943	858
5.407166667	772
5.41985	761
5.4328	777
5.4458	780
5.45815	741
5.4703	729
5.4832	774
5.495916667	763
5.508316667	744
5.520266667	717
5.533233333	778
5.546283333	783
5.559033333	765
5.571583333	753
5.58525	820
5.598816667	814
5.611483333	760
5.623533333	723
5.6359	742
5.64805	729
5.6604	741
5.67225	711
5.685016667	766
5.698683333	820
5.71195	796
5.72445	750
5.7372	765
5.7508	816
5.764566667	826
5.77715	755
5.789483333	740
5.802166667	761
5.815383333	793
5.828083333	762
5.840583333	750
5.8541	811
5.867883333	827
5.881216667	800
5.893316667	726
5.90605	764
5.918716667	760
5.93135	758
5.943866667	751
5.9576	824
5.971366667	826
5.984683333	799
5.999033333	861
6.0133	856
6.02675	807
6.039616667	772
6.052683333	784
6.065583333	774
6.077683333	726
6.089816667	728
6.10215	740
6.114433333	737
6.1278	802
6.14165	831
6.15555	834
6.16875	792
6.181083333	740
6.19305	718
6.20495	714
6.216616667	700
6.228266667	699
6.23995	701
6.25155	696
6.263266667	703
6.274833333	694
6.286966667	728
6.30175	887
6.314683333	776
6.328583333	834
6.341666667	785
6.35315	689
6.364	651
6.3746	636
6.3854	648
6.395866667	628
6.406216667	621
6.416816667	636
6.428516667	702
6.440433333	715
6.453433333	780
6.479666667	0
6.49265	779
6.504933333	737
6.516766667	710
6.528483333	703
6.5403	709
6.551933333	698
6.563183333	675
6.574466667	677
6.58655	725
6.598766667	733
6.610483333	703
6.62135	652
6.632533333	671
6.644833333	738
6.657116667	737
6.669733333	757
6.6828	784
6.697866667	904
6.713366667	930
6.7275	848
6.740166667	760
6.7533	788
6.766733333	806
6.780316667	815
6.793233333	775
6.805266667	722
6.81655	677
6.8277	669
6.839	678
6.850433333	686
6.861966667	692
6.8729	656
6.883483333	635
6.89435	652
6.905133333	647
6.91575	637
6.926016667	616
6.936283333	616
6.946516667	614
6.956366667	591
6.96625	593
6.97595	582
6.985566667	577
6.995183333	577
7.004833333	579
7.0146	586
7.024283333	581
7.033966667	581
7.04415	611
7.054916667	646
7.066533333	697
7.07815	697
7.089583333	686
7.10045	652
7.1121	699
7.1239	708
7.1359	720
7.147783333	713
7.158933333	669
7.170133333	672
7.181033333	654
7.191716667	641
7.20215	626
7.212533333	623
7.2229	622
7.233333333	626
7.243233333	594
7.25315	595
7.263183333	602
7.273	589
7.282816667	589
7.2925	581
7.30215	579
7.312066667	595
7.321983333	595
7.331766667	587
7.3415	584
7.3517	612
7.36245	645
7.372833333	623
7.38315	619
7.39415	660
7.40525	666
7.415966667	643
7.426916667	657
7.437616667	642
7.449283333	700
7.46	643
7.470883333	653
7.48185	658
7.492433333	635
7.502866667	626
7.513466667	636
7.524133333	640
7.53455	625
7.544716667	610
7.554983333	616
7.56545	628
7.57635	654
7.587	639
7.59745	627
7.607783333	620
7.618083333	618
7.6287	637
7.639083333	623
7.64915	604
7.659533333	623
7.670133333	636
7.680616667	629
7.691066667	627
7.701483333	625
7.71195	628
7.72225	618
7.732466667	613
7.7427	614
7.75285	609
7.762983333	608
7.77295	598
7.783233333	617
7.7938	634
7.80425	627
7.814583333	620
7.8248	613
7.845116667	0
7.854833333	583
7.864583333	585
7.874616667	602
7.884766667	609
7.894816667	603
7.904616667	588
7.914466667	591
7.924316667	591
7.9345	611
7.94525	645
7.955733333	629
7.9659	610
7.976283333	623
7.986816667	632
7.997166667	621
8.00755	623
8.017966667	625
8.028216667	615
8.0385	617
8.049083333	635
8.05975	640
8.07005	618
8.080433333	623
8.090933333	630
8.101583333	639
8.112016667	626
8.122216667	612
8.132316667	606
8.142616667	618
8.152933333	619
8.1631	610
8.173016667	595
8.183366667	621
8.193983333	637
8.204183333	612
8.214183333	600
8.2242	601
8.234466667	616
8.244816667	621
8.254716667	594
8.2647	599
8.274816667	607
8.284833333	601
8.294716667	593
8.30445	584
8.314316667	592
8.324233333	595
8.333983333	585
8.3438	589
8.35345	579
8.363216667	586
8.372966667	585
8.382816667	591
8.3927	593
8.40255	591
8.412433333	593
8.422116667	581
8.4318	581
8.44165	591
8.45175	606
8.4618	603
8.471583333	587
8.481283333	582
8.491366667	605
8.501666667	618
8.511483333	589
8.521133333	579
8.531033333	594
8.54115	607
8.55115	600
8.560833333	581
8.570533333	582
8.580783333	615
8.590783333	600
8.6006	589
8.6105	594
8.620733333	614
8.63095	613
8.64095	600
8.651016667	604
8.6612	611
8.671133333	596
8.681133333	600
8.690933333	588
8.700916667	599
8.710933333	601
8.72075	589
8.730416667	580
8.74035	596
8.7501	585
8.760333333	614
8.7703	598
8.780366667	604
8.790166667	588
8.799966667	588
8.809866667	594
8.819916667	603
8.829783333	592
8.839616667	590
8.84955	596
8.8597	609
8.869666667	598
8.879733333	604
8.889683333	597
8.900083333	624
8.9202	0
8.9301	594
8.940016667	595
8.95	599
8.959833333	590
8.9695	580
8.9793	588
8.98925	597
8.9991	591
9.0088	582
9.018416667	577
9.02835	596
9.03805	582
9.047466667	565
9.056933333	568
9.066733333	588
9.076283333	573
9.0857	565
9.095116667	565
9.104933333	589
9.114766667	590
9.124233333	568
9.1335	556
9.1433	588
9.152933333	578
9.162216667	557
9.171366667	549
9.180616667	555
9.18975	548
9.199016667	556
9.208	539
9.2173	558
9.2359	0
9.245	546
9.254133333	548
9.263366667	554
9.272483333	547
9.2817	553
9.290916667	553
9.300416667	570
9.309633333	553
9.3188	550
9.32795	549
9.337216667	556
9.3464	551
9.355483333	545
9.364666667	551
9.374	560
9.38335	561
9.392466667	547
9.401766667	558
9.4111	560
9.420366667	556
9.429583333	553
9.438766667	551
9.447983333	553
9.457216667	554
9.466316667	546
9.47555	554
9.484783333	554
9.49385	544
9.502983333	548
9.512016667	542
9.5211	545
9.530383333	557
9.53955	550
9.548466667	535
9.557433333	538
9.566633333	552
9.575733333	546
9.584783333	543
9.593783333	540
9.602733333	537
9.611866667	548
9.62115	557
9.630233333	545
9.639266667	542
9.648383333	547
9.657566667	551
9.666816667	555
9.676033333	553
9.68525	553
9.694566667	559
9.703883333	559
9.71315	556
9.722466667	559
9.7319	566
9.741266667	562
9.750616667	561
9.759783333	550
9.76895	550
9.778316667	562
9.787633333	559
9.796816667	551
9.8059	545
9.815233333	560
9.824533333	558
9.83375	553
9.8428	543
9.852083333	557
9.861433333	561
9.870766667	560
9.879816667	543
9.889066667	555
9.907566667	0
9.916683333	547
9.9258	547
9.935083333	557
9.944466667	563
9.953616667	549
9.962683333	544
9.971916667	554
9.981166667	555
9.99015	539
9.9992	543
10.00833333	548
10.01745	547
10.02673333	557
10.03595	553
10.04496667	541
10.05421667	555
10.06343333	553
10.07246667	542
10.0814	536
10.09046667	544
10.09956667	546
10.10848333	535
10.11748333	540
10.1263	529
10.13505	525
10.1438	525
10.15241667	517
10.16103333	517
10.1697	520
10.17833333	518
10.18696667	518
10.19543333	508
10.20423333	528
10.22173333	0
10.2303	514
10.23895	519
10.24753333	515
10.25631667	527
10.26503333	523
10.27361667	515
10.28223333	517
10.29088333	519
10.29958333	522
10.30828333	522
10.31681667	512
10.32565	530
10.3345	531
10.34343333	536
10.35218333	525
10.36106667	533
10.37016667	546
10.37928333	547
10.3885	553
10.3975	540
10.40636667	532
10.41535	539
10.42446667	547
10.43343333	538
10.44228333	531
10.45113333	531
10.45995	529
10.46888333	536
10.47785	538
10.48671667	532
10.49546667	525
10.50431667	531
10.51346667	549
10.52253333	544
10.53171667	551
10.5407	539
10.54963333	536
10.55886667	554
10.56786667	540
10.5768	536
10.58553333	524
10.59458333	543
10.60351667	536
10.61251667	540
10.62128333	526
10.63006667	527
10.63885	527
10.64786667	541
10.65686667	540
10.66605	551
10.67505	540
10.68386667	529
10.69291667	543
10.70206667	549
10.71105	539
10.72	537
10.72883333	530
10.73786667	542
10.74695	545
10.75623333	557
10.7652	538
10.77413333	536
10.78305	535
10.7921	543
10.80118333	545
10.81038333	552
10.8193	535
10.83726667	0
10.84635	545
10.8554	543
10.86448333	545
10.87341667	536
10.88225	530
10.89113333	533
10.90008333	537
10.90943333	561
10.91928333	591
10.92928333	600
10.93953333	615
10.9496	604
10.95988333	617
10.96988333	600
10.97928333	564
10.98861667	560
10.99758333	538
11.00645	532
11.01535	534
11.0242	531
11.03328333	545
11.04246667	551
11.0517	554
11.0611	564
11.07026667	550
11.0793	542
11.08843333	548
11.09766667	554
11.10685	551
11.11586667	541
11.12468333	529
11.13373333	543
11.14255	529
11.15138333	530
11.16005	520
11.16878333	524
11.17736667	515
11.18611667	525
11.19466667	513
11.20316667	510
11.21163333	508
11.2201	508
11.2285	504
11.2369	504
11.2455	516
11.25446667	538
11.26373333	556
11.27305	559
11.28261667	574
11.29235	584
11.30193333	575
11.31155	577
11.32138333	590
11.33093333	573
11.34021667	557
11.3493	545
11.35821667	535
11.36706667	531
11.37586667	528
11.3847	530
11.39336667	520
11.40211667	525
11.41053333	505
11.41923333	522
11.42795	523
11.43651667	514
11.44498333	508
11.45338333	504
11.46178333	504
11.47011667	500
11.47851667	504
11.48711667	516
11.49595	530
11.50491667	538
11.51411667	552
11.52353333	565
11.53301667	569
11.54216667	549
11.55108333	535
11.55993333	531
11.56883333	534
11.57776667	536
11.5865	524
11.59508333	515
11.60368333	516
11.61218333	510
11.62083333	519
11.62923333	504
11.63763333	504
11.64595	499
11.65463333	521
11.66331667	521
11.67208333	526
11.68076667	521
11.68926667	510
11.69796667	522
11.71548333	0
11.72425	526
11.733	525
11.74165	519
11.75031667	520
11.75891667	516
11.76746667	513
11.77585	503
11.78431667	508
11.79271667	504
11.80116667	507
11.80948333	499
11.81816667	521
11.82666667	510
11.83511667	507
11.84361667	510
11.8521	509
11.8605	504
11.86896667	508
11.87756667	516
11.88631667	525
11.89556667	555
11.90486667	558
11.91423333	562
11.92356667	560
11.933	566
11.9423	558
11.95113333	530
11.96011667	539
11.9689	527
11.97778333	533
11.98645	520
11.9953	531
12.0038	510
12.0208	0
12.02916667	502
12.03768333	511
12.04631667	518
12.0549	515
12.06336667	508
12.07185	509
12.08035	510
12.08906667	523
12.09776667	522
12.10636667	516
12.11501667	519
12.12358333	514
12.13215	514
12.14086667	523
12.1495	518
12.15795	507
12.16656667	517
12.17511667	513
12.18378333	520
12.19245	520
12.20106667	517
12.20965	515
12.21821667	514
12.22668333	508
12.23528333	516
12.24386667	515
12.25258333	523
12.26138333	528
12.27033333	537
12.27923333	534
12.28813333	534
12.2974	556
12.30673333	560
12.31625	571
12.32576667	571
12.34415	0
12.35305	534
12.36196667	535
12.37073333	526
12.37926667	512
12.3876	500
12.39603333	506
12.40428333	495
12.41291667	518
12.42131667	504
12.42965	500
12.43805	504
12.44663333	515
12.4553	520
12.46413333	530
12.47286667	524
12.4815	518
12.49031667	529
12.49928333	538
12.50803333	525
12.51678333	525
12.5255	523
12.53415	519
12.54293333	527
12.55156667	518
12.56006667	510
12.56865	515
12.57721667	514
12.58593333	523
12.59463333	522
12.60326667	518
12.61195	521
12.62048333	512
12.62926667	527
12.63788333	517
12.64645	514
12.65515	522
12.66386667	523
12.67251667	519
12.6812	521
12.68971667	511
12.69833333	517
12.707	520
12.71561667	517
12.72416667	513
12.7327	512
12.74128333	515
12.74968333	504
12.75833333	519
12.76671667	503
12.77516667	507
12.78375	515
12.79223333	509
12.80066667	506
12.8093	518
12.81781667	511
12.8264	515
12.83513333	524
12.84415	541
12.85295	528
12.86171667	526
12.8704	521
12.87921667	529
12.88793333	523
12.89666667	524
12.90536667	522
12.91403333	520
12.9229	532
12.93186667	538
12.94076667	534
12.94963333	532
12.9583	520
12.9668	510
12.97558333	527
12.98426667	521
12.99265	503
13.00116667	511
13.00958333	505
13.01813333	513
13.0266	508
13.03505	507
13.04346667	505
13.05205	515
13.06048333	506
13.06898333	510
13.07726667	497
13.09423333	0
13.10263333	504
13.11105	505
13.11935	498
13.1277	501
13.13618333	509
13.14485	520
13.1536	525
13.16216667	514
13.17096667	528
13.17996667	540
13.18891667	537
13.19783333	535
13.20678333	537
13.21585	544
13.22493333	545
13.2339	538
13.24288333	539
13.25211667	554
13.26128333	550
13.27043333	549
13.27945	541
13.28848333	542
13.29756667	545
13.30683333	556
13.3159	544
13.32491667	541
13.33398333	544
13.34325	556
13.35231667	544
13.36148333	550
13.37075	556
13.37991667	550
13.38888333	538
13.39788333	540
13.40683333	537
13.41575	535
13.4245	525
13.43326667	526
13.44176667	510
13.45055	527
13.4591	513
13.46765	513
13.47618333	512
13.4849	523
13.49371667	529
13.50253333	529
13.51118333	519
13.52015	538
13.52883333	521
13.53758333	525
13.5463	523
13.55511667	529
13.56381667	522
13.57253333	523
13.58123333	522
13.5897	508
13.59856667	532
13.6072	518
13.61586667	520
13.62466667	528
13.63345	527
13.64221667	526
13.65085	518
13.6595	519
13.66803333	512
13.67651667	509
13.68488333	502
13.69321667	500
13.70163333	505
13.71008333	507
13.71861667	512
13.727	503
13.73546667	508
13.74383333	502
13.75251667	521
13.76088333	502
13.76943333	513
13.77795	511
13.78655	516
13.79501667	508
13.80355	512
13.81203333	509
13.82055	511
13.82913333	515
13.8376	508
13.84616667	514
13.85481667	519
13.86336667	513
13.87201667	519
13.88065	518
13.88941667	526
13.89803333	517
13.90673333	522
13.91533333	516
13.92408333	525
13.93271667	518
13.94128333	514
13.95	523
13.96738333	0
13.97595	514
13.98461667	520
13.99331667	522
14.0021	527
14.0106	510
14.0195	534
14.02831667	529
14.03721667	534
14.04595	524
14.05475	528
14.06353333	527
14.07243333	534
14.08116667	524
14.08988333	523
14.09881667	536
14.10771667	534
14.11646667	525
14.12513333	520
14.134	532
14.14288333	533
14.15161667	524
14.16026667	519
14.169	524
14.17781667	529
14.18665	530
14.19546667	529
14.20426667	528
14.21263333	502
14.22165	541
14.23031667	520
14.23916667	531
14.24805	533
14.25708333	542
14.26618333	546
14.27543333	555
14.28476667	560
14.29431667	573
14.30373333	565
14.31305	559
14.32228333	554
14.33131667	542
14.34001667	522
14.34895	536
14.35771667	526
14.36653333	529
14.37515	517
14.3839	525
14.3925	516
14.4011	516
14.40956667	508
14.41808333	511
14.42658333	510
14.43498333	504
14.44331667	500
14.45163333	499
14.46	502
14.46843333	506
14.47678333	501
14.48506667	497
14.49343333	502
14.50188333	507
14.51048333	516
14.51891667	506
14.52753333	517
14.5361	514
14.54473333	518
14.55338333	519
14.56196667	515
14.57058333	517
14.5792	517
14.58793333	524
14.59638333	507
14.60496667	515
14.61355	515
14.62218333	518
14.63081667	518
14.6394	515
14.64798333	515
14.65655	514
14.66513333	515
14.67355	505
14.68203333	509
14.69048333	507
14.70793333	0
14.71675	529
14.72541667	520
14.73406667	519
14.74273333	520
14.75148333	525
14.76045	538
14.76971667	556
14.7792	569
14.78871667	571
14.79838333	580
14.80805	580
14.81796667	595
14.82783333	592
14.83765	589
14.84745	588
14.85715	582
14.86678333	578
14.87646667	581
14.88616667	582
14.8958	578
14.90531667	571
14.91461667	558
14.9237	545
14.93265	537
14.94145	528
14.95015	522
14.95886667	523
14.96753333	520
14.97601667	509
14.98451667	510
14.99305	512
15.00165	516
15.01041667	526
15.01925	530
15.02805	528
15.03676667	523
15.04561667	531
15.0546	539
15.06356667	538
15.07231667	525
15.08125	536
15.09013333	533
15.09896667	530
15.10755	515
15.1165	537
15.1255	540
15.13448333	539
15.1433	529
15.15218333	533
15.16108333	534
15.16996667	533
15.17883333	532
15.18763333	528
15.19655	535
15.20551667	538
15.21443333	535
15.2232	526
15.23213333	536
15.24101667	533
15.25	539
15.2588	528
15.26765	531
15.2766	537
15.28546667	532
15.29433333	532
15.30321667	533
15.31215	536
15.32108333	536
15.32991667	530
15.33883333	535
15.34781667	539
15.35676667	537
15.3656	530
15.37446667	532
15.38335	533
15.39226667	535
15.4012	536
15.4101	534
15.41901667	535
15.42813333	547
15.43711667	539
15.44596667	531
15.45503333	544
15.46406667	542
15.473	536
15.48183333	530
15.49068333	531
15.50835	0
15.51681667	508
15.52563333	529
15.53445	529
15.54326667	529
15.55191667	519
15.56066667	525
15.56951667	531
15.57841667	534
15.5873	533
15.5963	540
15.60545	549
15.61465	552
15.62371667	544
15.63285	548
15.6419	543
15.65108333	551
15.66006667	539
15.66891667	531
15.67783333	535
15.6866	526
15.6952	516
15.70366667	508
15.71215	509
15.72065	510
15.72918333	512
15.73755	502
15.74593333	503
15.75426667	500
15.7629	518
15.77116667	496
15.7796	506
15.7881	510
15.79681667	523
15.80538333	514
15.81406667	521
15.82286667	528
15.83186667	540
15.84061667	525
15.84941667	528
15.8584	539
15.86738333	539
15.87625	532
15.88506667	529
15.89401667	537
15.90305	542
15.91203333	539
15.92095	535
15.92995	540
15.93918333	554
15.9485	559
15.9576	546
15.96676667	550
15.97601667	555
15.98526667	555
15.99428333	541
16.00328333	540
16.01246667	551
16.02143333	538
16.03923333	0
16.04806667	530
16.05703333	538
16.06576667	524
16.07466667	534
16.0834	524
16.09221667	529
16.10073333	511
16.10948333	525
16.11808333	516
16.12678333	522
16.13543333	519
16.14393333	510
16.15278333	531
16.16151667	524
16.17021667	522
16.17888333	520
16.1877	529
16.19648333	527
16.20515	520
16.21376667	517
16.22253333	526
16.23121667	521
16.23975	512
16.24841667	520
16.25713333	523
16.26571667	515
16.27433333	517
16.28293333	516
16.29168333	525
16.3004	523
16.30905	519
16.31773333	521
16.32661667	533
16.33536667	525
16.3439	512
16.3527	528
16.36141667	523
16.37015	524
16.37885	522
16.38755	522
16.39631667	526
16.40508333	526
16.41385	526
16.4226	525
16.43135	525
16.44021667	532
16.44893333	523
16.45761667	521
16.46626667	519
16.47506667	528
16.48393333	532
16.49285	535
16.50163333	527
16.51046667	530
16.51928333	529
16.52816667	533
16.53701667	531
16.54581667	528
16.5546	527
16.56343333	530
16.5722	526
16.5809	522
16.58963333	524
16.59841667	527
16.60713333	523
16.61571667	515
16.62443333	523
16.6331	520
16.64175	519
16.65016667	505
16.659	530
16.66771667	523
16.67655	530
16.68541667	532
16.69423333	529
16.70298333	525
16.71183333	531
16.7208	538
16.72963333	530
16.73843333	528
16.7473	532
16.7563	540
16.765	522
16.77378333	527
16.78258333	528
16.79153333	537
16.80011667	515
16.80901667	534
16.81788333	532
16.8267	529
16.8357	540
16.84466667	538
16.85356667	534
16.86253333	538
16.8715	538
16.88036667	532
16.88921667	531
16.89805	530
16.90701667	538
16.9157	521
16.9244	522
16.93298333	515
16.9418	529
16.95046667	520
16.95913333	520
16.96776667	518
16.97661667	531
16.98525	518
16.99395	522
17.00271667	526
17.01158333	532
17.02038333	528
17.02925	532
17.03796667	523
17.04683333	532
17.05565	529
17.06446667	529
17.07313333	520
17.08198333	531
17.09086667	533
17.09961667	525
17.10841667	528
17.11725	530
17.12625	540
17.13513333	533
17.14416667	542
17.1533	548
17.16218333	533
17.17105	532
17.18001667	538
17.1889	533
17.19753333	518
17.20643333	534
17.21535	535
17.22423333	533
17.23295	523
17.24171667	526
17.25043333	523
17.25925	529
17.26786667	517
17.27656667	522
17.28533333	526
17.29391667	515
17.30266667	525
17.31143333	526
17.32021667	527
17.3291	533
17.33773333	518
17.3465	526
17.35533333	530
17.36415	529
17.37296667	529
17.38176667	528
17.3905	524
17.39933333	530
17.40801667	521
17.4168	527
17.42568333	533
17.4345	529
17.44311667	517
17.45205	536
17.46056667	511
17.4695	536
17.47816667	520
17.48691667	525
17.49561667	522
17.50431667	522
17.513	521
17.52165	519
17.53043333	527
17.53915	523
17.54785	522
17.55648333	518
17.5654	535
17.57411667	523
17.58283333	523
17.59156667	524
17.60026667	522
17.60893333	520
17.62598333	0
17.63458333	516
17.64306667	509
17.65163333	514
17.66008333	507
17.66875	520
17.67726667	511
17.68601667	525
17.69453333	511
17.70321667	521
17.7119	521
17.7207	528
17.72928333	515
17.73806667	527
17.74681667	525
17.75566667	531
17.7645	530
17.77305	513
17.78181667	526
17.79056667	525
17.79918333	517
17.80773333	513
17.81631667	515
17.82486667	513
17.8334	512
17.84173333	500
17.85015	505
17.85863333	509
17.8672	514
17.8756	504
17.8841	510
17.89271667	517
17.90138333	520
17.90995	514
17.9184	507
17.92718333	527
17.94448333	0
17.95305	514
17.9618	525
17.9704	516
17.97895	513
17.98761667	520
17.99626667	519
18.00486667	516
18.01345	515
18.02213333	521
18.03095	529
18.03966667	523
18.04836667	522
18.05695	515
18.06541667	508
18.07393333	511
18.08233333	504
18.09076667	506
18.09911667	501
18.10756667	507
18.11598333	505
18.12458333	516
18.13296667	503
18.14153333	514
18.15008333	513
18.15878333	522
18.1675	523
18.17618333	521
18.18483333	519
18.19368333	531
18.2024	523
18.21111667	523
18.21985	524
18.22856667	523
18.23743333	532
18.24595	511
18.25471667	526
18.26346667	525
18.27245	539
18.28133333	533
18.29025	535
18.29931667	544
18.30838333	544
18.31741667	542
18.32636667	537
18.33538333	541
18.34426667	533
18.3531	530
18.36185	525
18.3708	537
18.37936667	514
18.38816667	528
18.39695	527
18.40578333	530
18.4146	529
18.42305	507
18.4321	543
18.44091667	529
18.44961667	522
18.4583	521
18.46695	519
18.47558333	518
18.48413333	513
18.49263333	510
18.50135	523
18.50983333	509
18.51841667	515
18.52706667	519
18.53566667	516
18.54441667	525
18.55311667	522
18.56186667	525
18.57078333	535
18.57968333	534
18.58845	526
18.59725	528
18.60611667	532
18.61503333	535
18.62378333	525
18.6325	523
18.6412	522
18.64986667	520
18.65845	515
18.66711667	520
18.67585	524
18.68495	546
18.69388333	536
18.70296667	545
18.7119	536
18.72078333	533
18.72963333	531
18.73851667	533
18.74745	536
18.75621667	526
18.76483333	517
18.77366667	530
18.78248333	529
18.79135	532
18.8001	525
18.80898333	533
18.81788333	534
18.82673333	531
18.83553333	528
18.84438333	531
18.85333333	537
18.86203333	522
18.87083333	528
18.87931667	509
18.8882	533
18.89676667	514
18.90535	515
18.914	519
18.92275	525
18.93138333	518
18.94013333	525
18.94896667	530
18.95781667	531
18.96651667	522
18.9752	521
18.98405	531
18.9927	519
19.00131667	517
19.00995	518
19.01866667	523
19.02715	509
19.0357	513
19.04436667	520
19.053	518
19.06163333	518
19.07021667	515
19.0788	515
19.08755	525
19.09625	522
19.10476667	511
19.1134	518
19.12203333	518
19.13068333	519
19.13913333	507
19.14781667	521
19.15641667	516
19.1653	533
19.174	522
19.18275	525
19.19161667	532
19.20048333	532
19.20928333	528
19.21805	526
19.2268	525
19.23548333	521
19.24408333	516
19.25261667	512
19.26121667	516
19.26978333	514
19.27821667	506
19.28673333	511
19.29541667	521
19.30416667	525
19.31285	521
19.3216	525
19.33041667	529
19.33928333	532
19.34805	526
19.35676667	523
19.3655	524
19.37423333	524
19.38293333	522
19.39138333	507
19.40003333	519
19.40848333	507
19.41681667	500
19.42545	518
19.43383333	503
19.4424	514
19.45096667	514
19.45965	521
19.46825	516
19.47696667	523
19.4857	524
19.49465	537
19.50351667	532
19.5122	521
19.52113333	536
19.53003333	534
19.53883333	528
19.54756667	524
19.55641667	531
19.56521667	528
19.57396667	525
19.58261667	519
19.59133333	523
19.6	520
19.60856667	514
19.6173	524
19.62608333	527
19.63481667	524
19.64361667	528
19.65243333	529
19.66146667	542
19.67028333	529
19.67921667	536
19.68813333	535
19.69706667	536
19.7058	524
19.71461667	529
19.72336667	525
19.73206667	522
19.74068333	517
19.74935	520
19.75825	534
19.76685	516
19.7756	525
19.78425	519
19.79308333	530
19.80181667	524
19.8105	521
19.81925	525
19.8281	531
19.83686667	526
19.84561667	525
19.85435	524
19.86345	546
19.87238333	536
19.8813	535
19.8901	528
19.89905	537
19.90786667	529
19.91661667	525
19.92518333	514
19.93403333	531
19.94263333	516
19.95128333	519
19.95983333	513
19.96868333	531
19.97758333	534
19.98636667	527
19.9952	530
20.00416667	538
20.013	530
20.02198333	539
20.03083333	531
20.0397	532
20.0486	534
20.05731667	523
20.06621667	534
20.07503333	529
20.08383333	528
20.09243333	516
20.1012	526
20.10995	525
20.11878333	530
20.12753333	525
20.13656667	542
20.14586667	558
20.15501667	549
20.16406667	543
20.17326667	552
20.18275	569
20.1919	549
20.20145	573
20.20636667	0
20.21088333	0
20.2199	541
20.2288	534
20.23765	531
20.24635	522
20.25496667	517
20.26353333	514
20.272	508
20.28046667	508
20.289	512
20.29733333	500
20.3059	514
20.3145	516
20.3231	516
20.33181667	523
20.34036667	513
20.3489	512
20.3575	516
20.3661	516
20.3747	516
20.38343333	524
20.39231667	533
20.40153333	553
20.41086667	560
20.42006667	552
20.42965	575
20.44923333	0
20.4585	556
20.46795	567
20.47773333	587
20.4876	592
20.49723333	578
20.50673333	570
20.51623333	570
20.52608333	591
20.53585	586
20.54536667	571
20.55531667	597
20.56558333	616
20.57565	604
20.5856	597
20.59603333	626
20.6064	622
20.61653333	608
20.62686667	620
20.63745	635
20.64775	618
20.65788333	608
20.6684	631
20.67908333	641
20.68966667	635
20.70005	623
20.71036667	619
20.72101667	639
20.73228333	676
20.74331667	662
20.75406667	645
20.76498333	655
20.77628333	678
20.78793333	699
20.79875	649
20.80926667	631
20.81998333	643
20.83095	658
20.84225	678
20.8532	657
20.86423333	662
20.8761	712
20.88835	735
20.90073333	743
20.91203333	678
20.92301667	659
20.93421667	672
20.9456	683
20.957	684
20.96791667	655
20.97871667	648
20.99013333	685
21.00225	727
21.0143	723
21.02588333	695
21.0376	703
21.04918333	695
21.06088333	702
21.07216667	677
21.08348333	679
21.09516667	701
21.10745	737
21.11963333	731
21.13141667	707
21.1439	749
21.15645	753
21.16923333	767
21.18133333	726
21.19263333	678
21.20393333	678
21.21545	691
21.2269	687
21.2385	696
21.25101667	751
21.264	779
21.27626667	736
21.28805	707
21.30018333	728
21.31256667	743
21.32403333	688
21.33556667	692
21.34721667	699
21.35841667	672
21.36965	674
21.38133333	701
21.393	700
21.40541667	745
21.41738333	718
21.4296	733
21.44165	723
21.45338333	704
21.46495	694
21.47613333	671
21.48705	655
21.49758333	632
21.50808333	630
21.51828333	612
21.52813333	591
21.53795	589
21.54776667	589
21.55763333	592
21.56756667	596
21.57728333	583
21.58688333	576
21.59628333	564
21.6054	547
21.61431667	535
21.62318333	532
21.63231667	548
21.64158333	556
21.6511	571
21.66215	663
21.67446667	739
21.68676667	738
21.6989	728
21.71121667	739
21.7236	743
21.73518333	695
21.74688333	702
21.75841667	692
21.77001667	696
21.7812	671
21.79265	687
21.80461667	718
21.81675	728
21.82813333	683
21.83968333	693
21.85146667	707
21.86331667	711
21.87518333	712
21.88765	748
21.90016667	751
21.91233333	730
21.92415	709
21.936	711
21.94786667	712
21.9708	0
21.98186667	664
21.99328333	685
22.00516667	713
22.01686667	702
22.02873333	712
22.04061667	713
22.05218333	694
22.0638	697
22.07503333	674
22.08606667	662
22.09745	683
22.10936667	715
22.12105	701
22.13283333	707
22.14501667	731
22.15766667	759
22.17011667	747
22.18171667	696
22.19345	704
22.20535	714
22.21713333	707
22.2287	694
22.24055	711
22.25333333	767
22.26741667	845
22.2814	839
22.29428333	773
22.30698333	762
22.31935	742
22.33138333	722
22.34325	712
22.35431667	664
22.36565	680
22.37715	690
22.3889	705
22.40045	693
22.412	693
22.4239	714
22.43561667	703
22.44681667	672
22.45761667	648
22.46843333	649
22.47935	655
22.49081667	688
22.50261667	708
22.51476667	729
22.52681667	723
22.5384	695
22.55016667	706
22.56178333	697
22.57301667	674
22.5839	653
22.59501667	667
22.6063	677
22.61758333	677
22.6287	667
22.64005	681
22.65176667	703
22.66345	701
22.67496667	691
22.68673333	706
22.69873333	720
22.71055	709
22.7222	699
22.73403333	710
22.74591667	713
22.75778333	712
22.76941667	698
22.7814	719
22.7945	786
22.80718333	761
22.81893333	705
22.8309	718
22.84266667	706
22.8543	698
22.8657	684
22.87781667	727
22.8902	743
22.90213333	716
22.91396667	710
22.92631667	741
22.93828333	718
22.94963333	681
22.961	682
22.97246667	688
22.984	692
22.99506667	664
23.00618333	667
23.01773333	693
23.02991667	731
23.04198333	724
23.0536	697
23.06578333	731
23.07795	730
23.0901	729
23.10151667	685
23.11321667	702
23.12498333	706
23.13713333	729
23.14913333	720
23.16103333	714
23.17353333	750
23.18605	751
23.1987	759
23.21056667	712
23.22271667	729
23.2344	701
23.24601667	697
23.2573	677
23.26895	699
23.2814	747
23.29466667	796
23.30841667	825
23.32226667	831
23.33501667	765
23.34686667	711
23.35851667	699
23.37073333	733
23.3827	718
23.39423333	692
23.40588333	699
23.418	727
23.4304	744
23.4424	720
23.45428333	713
23.46663333	741
23.4791	748
23.49173333	758
23.50328333	693
23.51473333	687
23.5265	706
23.53828333	707
23.54985	694
23.56118333	680
23.57291667	704
23.5847	707
23.59696667	736
23.60923333	736
23.621	706
23.63328333	737
23.64551667	734
23.65783333	739
23.66961667	707
23.68188333	736
23.69395	724
23.7067	765
23.71923333	752
23.73085	697
23.74258333	704
23.75476667	731
23.76728333	751
23.77945	730
23.79165	732
23.80418333	752
23.81681667	758
23.82961667	768
23.84148333	712
23.853	691
23.86466667	700
23.8762	692
23.88788333	701
23.89923333	681
23.91056667	680
23.92245	713
23.93435	714
23.94593333	695
23.95733333	684
23.96883333	690
23.98055	703
23.99231667	706
24.00391667	696
24.0163	743
24.02916667	772
24.04128333	727
24.05321667	716
24.06543333	733
24.07758333	729
24.08963333	723
24.10103333	684
24.11263333	696
24.12426667	698
24.13578333	691
24.14688333	666
24.15838333	690
24.16993333	693
24.18175	709
24.19305	678
24.20426667	673
24.21568333	685
24.2272	691
24.23835	669
24.24916667	649
24.26006667	654
24.27131667	675
24.28301667	702
24.2944	683
24.30545	663
24.3165	663
24.32795	687
24.33976667	709
24.3511	680
24.3622	666
24.3734	672
24.38465	675
24.39595	678
24.40713333	671
24.41875	697
24.43046667	703
24.4425	722
24.45423333	704
24.46573333	690
24.47741667	701
24.48915	704
24.50066667	691
24.51165	659
24.52288333	674
24.53448333	696
24.54633333	711
24.55765	679
24.56928333	698
24.5809	697
24.59226667	682
24.60328333	661
24.61428333	660
24.62518333	654
24.63635	670
24.64706667	643
24.65756667	630
24.66805	629
24.67846667	625
24.68901667	633
24.6997	641
24.7101	624
24.72063333	632
24.73131667	641
24.74226667	657
24.75336667	666
24.7642	650
24.77466667	628
24.78518333	631
24.79553333	621
24.80606667	632
24.81688333	649
24.82756667	641
24.8385	656
24.84973333	674
24.86118333	687
24.87231667	668
24.88306667	645
24.89386667	648
24.90466667	648
24.91541667	645
24.92605	638
24.93701667	658
24.94853333	691
24.96038333	711
24.9716	673
24.98295	681
24.99423333	677
25.0053	664
25.01601667	643
25.02673333	643
25.03763333	654
25.0486	658
25.05941667	649
25.07033333	655
25.08176667	686
25.09345	701
25.10471667	676
25.11575	662
25.12713333	683
25.13871667	695
25.1506	713
25.16203333	686
25.17345	685
25.18503333	695
25.19668333	699
25.2085	709
25.22006667	694
25.2314	680
25.24298333	695
25.25438333	684
25.2658	685
25.27665	651
25.28776667	667
25.29921667	687
25.3105	677
25.32151667	661
25.33265	668
25.34385	672
25.35535	690
25.36636667	661
25.37728333	655
25.38833333	663
25.39946667	668
25.41056667	666
25.42143333	652
25.43261667	671
25.44335	644
25.45523333	713
25.4673	724
25.47891667	697
25.48976667	651
25.50031667	633
25.51106667	645
25.52178333	643
25.53265	652
25.5439	675
25.55608333	731
25.56716667	665
25.57805	653
25.58925	672
25.60111667	712
25.61346667	741
25.62516667	702
25.6364	674
25.6479	690
25.65955	699
25.67133333	707
25.68233333	660
25.69331667	659
25.70428333	658
25.71536667	665
25.72641667	663
25.73755	668
25.74905	690
25.76056667	691
25.7724	710
25.78388333	689
25.79538333	690
25.80751667	728
25.81943333	715
25.8309	688
25.8426	702
25.8543	702
25.86575	687
25.87681667	664
25.88783333	661
25.89915	679
25.91055	684
25.92245	714
25.93483333	743
25.94711667	737
25.95885	704
25.97055	702
25.98253333	719
25.99468333	729
26.00631667	698
26.01821667	714
26.03016667	717
26.0424	734
26.05373333	680
26.06521667	689
26.07665	686
26.08828333	698
26.10016667	713
26.11276667	756
26.12428333	691
26.13551667	674
26.14685	680
26.15843333	695
26.17003333	696
26.18155	691
26.19345	714
26.20516667	703
26.21645	677
26.22806667	697
26.23968333	697
26.25193333	735
26.26438333	747
26.2765	727
26.28813333	698
26.3	712
26.31173333	704
26.32358333	711
26.33481667	674
26.34601667	672
26.35771667	702
26.37016667	747
26.38273333	754
26.39463333	714
26.40616667	692
26.41763333	688
26.42926667	698
26.44086667	696
26.45265	707
26.46388333	674
26.47475	652
26.48561667	652
26.497	683
26.50866667	700
26.52005	683
26.5313	675
26.5428	690
26.55463333	710
26.56596667	680
26.57731667	681
26.58868333	682
26.60013333	687
26.6115	682
26.62245	657
26.63338333	656
26.64445	664
26.6558	681
26.667	672
26.6784	684
26.69003333	698
26.70181667	707
26.71393333	727
26.72561667	701
26.73746667	711
26.74901667	693
26.76065	698
26.77185	672
26.78305	672
26.79386667	649
26.80471667	651
26.81538333	640
26.82628333	654
26.83778333	690
26.84968333	714
26.86175	724
26.87311667	682
26.88468333	694
26.89661667	716
26.90855	716
26.92006667	691
26.93135	677
26.94266667	679
26.95436667	702
26.96661667	735
26.9782	695
26.98925	663
27.00016667	655
27.01103333	652
27.02188333	651
27.03265	646
27.04345	648
27.0548	681
27.06715	741
27.07935	732
27.09141667	724
27.10328333	712
27.11518333	714
27.12675	694
27.13773333	659
27.14903333	678
27.16013333	666
27.1714	676
27.18246667	664
27.19335	653
27.20458333	674
27.21581667	674
27.22723333	685
27.23928333	723
27.25065	682
27.26221667	694
27.27393333	703
27.28553333	696
27.29678333	675
27.30778333	660
27.3191	679
27.33046667	682
27.34178333	679
27.35326667	689
27.36456667	678
27.3758	674
27.3871	678
27.39881667	703
27.40995	668
27.42093333	659
27.4319	658
27.44316667	676
27.45543333	736
27.4674	718
27.47851667	667
27.48963333	667
27.5009	676
27.5125	696
27.52345	657
27.53425	648
27.54503333	647
27.55596667	656
27.56696667	660
27.57886667	714
27.59066667	708
27.60233333	700
27.61426667	716
27.6265	734
27.63813333	698
27.64925	667
27.66038333	668
27.67163333	675
27.68381667	731
27.69601667	732
27.70885	770
27.72103333	731
27.73336667	740
27.74536667	720
27.75748333	727
27.76941667	716
27.78058333	670
27.79155	658
27.80256667	661
27.81351667	657
27.8249	683
27.83556667	640
27.84633333	646
27.8573	658
27.86891667	697
27.88051667	696
27.89176667	675
27.9031	680
27.9147	696
27.92595	675
27.93701667	664
27.94793333	655
27.95838333	627
27.96881667	626
27.97985	662
27.99175	714
28.00375	720
28.01511667	682
28.02683333	703
28.03901667	731
28.0511	725
28.06275	699
28.07465	714
28.08705	744
28.09953333	749
28.11176667	734
28.12345	701
28.13511667	700
28.14666667	693
28.15791667	675
28.16896667	663
28.18025	677
28.19111667	652
28.20221667	666
28.21413333	715
28.22678333	759
28.23911667	740
28.2509	707
28.26241667	691
28.2736	671
28.2846	660
28.29551667	655
28.30641667	654
28.31745	662
28.32881667	682
28.34016667	681
28.35163333	688
28.36336667	704
28.37516667	708
28.38746667	738
28.39903333	694
28.4106	694
28.4223	702
28.43366667	682
28.44478333	667
28.4558	661
28.4669	666
28.47861667	703
28.48971667	666
28.50048333	646
28.51136667	653
28.52245	665
28.5339	687
28.54491667	661
28.5562	677
28.56766667	688
28.57893333	676
28.58983333	654
28.60068333	651
28.61153333	651
28.62253333	660
28.63335	649
28.64381667	628
28.65428333	628
28.6651	649
28.67651667	685
28.68748333	658
28.69806667	635
28.70901667	657
28.72091667	714
28.73288333	718
28.74496667	725
28.75708333	727
28.76836667	677
28.77938333	661
28.79078333	684
28.80205	676
28.81336667	679
28.82493333	694
28.8367	706
28.84831667	697
28.86	701
28.87095	657
28.88143333	629
28.89188333	627
28.9036	703
28.91685	795
28.93041667	814
28.94271667	738
28.95553333	769
28.96876667	794
28.98133333	754
28.99348333	729
29.00545	718
29.01688333	686
29.02861667	704
29.04021667	696
29.0519	701
29.06436667	748
29.07696667	756
29.0889	716
29.10025	681
29.11185	696
29.12313333	677
29.13393333	648
29.1445	634
29.15563333	668
29.16731667	701
29.17883333	691
29.19036667	692
29.20226667	714
29.21396667	702
29.22521667	675
29.23663333	685
29.24791667	677
29.25903333	667
29.26995	655
29.2809	657
29.2918	654
29.30258333	647
29.31371667	668
29.32521667	690
29.33695	704
29.34831667	682
29.35925	656
29.37021667	658
29.38103333	649
29.39168333	639
29.40208333	624
29.41265	634
29.424	681
29.43526667	676
29.44635	665
29.4573	657
29.46846667	670
29.48098333	751
29.49295	718
29.50455	696
29.51568333	668
29.5265	649
29.53718333	641
29.54796667	647
29.55853333	634
29.56945	655
29.58125	708
29.5948	813
29.60796667	790
29.62098333	781
29.63365	760
29.6461	747
29.65843333	740
29.6704	718
29.6824	720
29.69405	699
29.70555	690
29.71686667	679
29.72776667	654
29.73856667	648
29.7496	662
29.7611	690
29.77263333	692
29.78386667	674
29.79493333	664
29.80665	703
29.81865	720
29.83001667	682
29.84106667	663
29.85296667	714
29.86515	731
29.87671667	694
29.8882	689
29.89975	693
29.91173333	719
29.92428333	753
29.9366	739
29.94815	693
29.95978333	698
29.97143333	699
29.98311667	701
29.99451667	684
30.00561667	666
30.0169	677
30.02808333	671
30.03926667	671
30.05053333	676
30.06175	673
30.07271667	658
30.08358333	652
30.09431667	644
30.10491667	636
30.1156	641
30.12633333	644
30.13718333	651
30.14785	640
30.15841667	634
30.16898333	634
30.17981667	650
30.1906	647
30.20123333	638
30.21195	643
30.22241667	628
30.23251667	606
30.24255	602
30.25245	594
30.26255	606
30.27295	624
30.28318333	614
30.2938	637
30.30435	633
30.31476667	625
30.32513333	622
30.33588333	645
30.34666667	647
30.35746667	648
30.36776667	618
30.37813333	622
30.38893333	648
30.40016667	674
30.41111667	657
30.42193333	649
30.43296667	662
30.44453333	694
30.45571667	671
30.46705	680
30.47833333	677
30.48926667	656
30.50011667	651
30.51113333	661
30.52191667	647
30.53265	644
30.54346667	649
30.55398333	631
30.56458333	636
30.5752	637
30.58596667	646
30.5966	638
30.60743333	650
30.61873333	678
30.63043333	702
30.64248333	723
30.65496667	749
30.66785	773
30.68036667	751
30.69196667	696
30.70355	695
30.71475	672
30.726	675
30.73703333	662
30.74805	661
30.75965	696
30.77188333	734
30.7836	703
30.79543333	710
30.80758333	729
30.81978333	732
30.83195	730
30.84336667	685
30.85471667	681
30.86606667	681
30.87745	683
30.88871667	676
30.89958333	652
30.91048333	654
30.92203333	693
30.93395	715
30.94516667	673
30.95645	677
30.96775	678
30.97898333	674
30.98991667	656
31.00118333	676
31.01298333	708
31.02518333	732
31.03675	694
31.0485	705
31.06006667	694
31.07161667	693
31.08278333	670
31.09401667	674
31.10561667	696
31.11733333	703
31.1288	688
31.14013333	680
31.15171667	695
31.16353333	709
31.1749	682
31.18631667	685
31.1981	707
31.21028333	731
31.22193333	699
31.23343333	690
31.2451	700
31.25715	723
31.2696	747
31.2813	702
31.29285	693
31.30471667	712
31.31685	728
31.32843333	695
31.3397	676
31.35103333	680
31.36268333	699
31.37418333	690
31.38553333	681
31.39698333	687
31.40835	682
31.42001667	700
31.43098333	658
31.44175	646
31.45278333	662
31.46458333	708
31.47635	706
31.4879	693
31.50015	735
31.51261667	748
31.52501667	744
31.53711667	726
31.5486	689
31.55998333	683
31.57153333	693
31.5833	706
31.59485	693
31.6063	687
31.61775	687
31.62896667	673
31.63981667	651
31.65066667	651
31.6615	650
31.67293333	686
31.68363333	642
31.69435	643
31.7054	663
31.71681667	685
31.72778333	658
31.7388	661
31.75013333	680
31.76185	703
31.77308333	674
31.78433333	675
31.80676667	0
31.81808333	679
31.82891667	650
31.83976667	651
31.85033333	634
31.86131667	659
31.87271667	684
31.8841	683
31.89558333	689
31.9075	715
31.91901667	691
31.9303	677
31.94186667	694
31.95353333	700
31.96535	709
31.9764	663
31.98756667	670
31.99858333	661
32.00998333	684
