0.0094	564
0.018666667	556
0.028016667	561
0.037233333	553
0.046533333	558
0.055966667	566
0.0654	566
0.075016667	577
0.0851	605
0.095183333	605
0.105316667	608
0.115716667	624
0.126083333	622
0.136283333	612
0.146283333	600
0.156133333	591
0.165616667	569
0.174966667	561
0.1841	548
0.19315	543
0.202216667	544
0.211483333	556
0.220916667	566
0.230633333	583
0.24065	601
0.250866667	613
0.261433333	634
0.27235	655
0.282816667	628
0.2931	617
0.303183333	605
0.313033333	591
0.322683333	579
0.332183333	570
0.341566667	563
0.3508	554
0.360083333	557
0.369483333	564
0.37885	562
0.388633333	587
0.398966667	620
0.409183333	613
0.419533333	621
0.43025	643
0.4409	639
0.451316667	625
0.461383333	604
0.471266667	593
0.480866667	576
0.490216667	561
0.49925	542
0.508116667	532
0.516916667	528
0.52575	530
0.534716667	538
0.543866667	549
0.552966667	546
0.561966667	540
0.57105	545
0.58045	564
0.590366667	595
0.6006	614
0.612316667	703
0.62345	668
0.634033333	635
0.644633333	636
0.655116667	629
0.666033333	655
0.677166667	668
0.68795	647
0.698466667	631
0.7085	602
0.7184	594
0.728083333	581
0.737683333	576
0.747166667	569
0.75655	563
0.765916667	562
0.775483333	574
0.78535	592
0.7951	585
0.804566667	568
0.8238	0
0.8333	570
0.842866667	574
0.852716667	591
0.86285	608
0.873083333	614
0.883533333	627
0.893983333	627
0.904316667	620
0.91435	602
0.924266667	595
0.934066667	588
0.943733333	580
0.953366667	578
0.963083333	583
0.97305	598
0.983483333	626
0.99395	628
1.004283333	620
1.014466667	611
1.024366667	594
1.034116667	585
1.0437	575
1.053033333	560
1.062116667	545
1.071183333	544
1.080216667	542
1.090066667	591
1.101033333	658
1.1112	610
1.12165	627
1.132266667	637
1.142416667	609
1.152483333	604
1.162416667	596
1.17245	602
1.182333333	593
1.19205	583
1.201483333	566
1.21075	556
1.219933333	551
1.22885	535
1.237783333	536
1.24785	604
1.259916667	724
1.2716	701
1.283283333	701
1.294516667	674
1.305466667	657
1.316783333	679
1.328416667	698
1.340116667	702
1.351516667	684
1.362633333	667
1.373166667	632
1.383366667	612
1.393533333	610
1.403716667	611
1.4142	629
1.424566667	622
1.4357	668
1.44705	681
1.458666667	697
1.470516667	711
1.481916667	684
1.49295	662
1.503666667	643
1.51415	629
1.524166667	601
1.534116667	597
1.543883333	586
1.5536	583
1.5632	576
1.573	588
1.58295	597
1.593	603
1.60345	627
1.61425	648
1.624983333	644
1.635466667	629
1.646016667	633
1.656616667	636
1.667	623
1.677183333	611
1.68725	604
1.697216667	598
1.707066667	591
1.716733333	580
1.726416667	581
1.736416667	600
1.747216667	648
1.757583333	622
1.767883333	618
1.778583333	642
1.789666667	665
1.800883333	673
1.8114	631
1.821683333	617
1.831816667	608
1.841916667	606
1.85205	608
1.86215	606
1.8722	603
1.882166667	598
1.891966667	588
1.901533333	574
1.911066667	572
1.920783333	583
1.930916667	608
1.941283333	622
1.95195	640
1.963	663
1.9741	666
1.984933333	650
1.99555	637
2.006166667	637
2.016366667	612
2.026383333	601
2.03605	580
2.04545	564
2.054566667	547
2.063616667	543
2.07255	536
2.081516667	538
2.090683333	550
2.100866667	611
2.112183333	679
2.123483333	678
2.134166667	641
2.1446	626
2.15515	633
2.1657	633
2.1761	624
2.186216667	607
2.196033333	589
2.205533333	570
2.214866667	560
2.223983333	547
2.233016667	542
2.242133333	547
2.252016667	593
2.263766667	705
2.276216667	747
2.289116667	774
2.300833333	703
2.31175	655
2.322933333	671
2.333933333	660
2.344466667	632
2.35475	617
2.365283333	632
2.3768	691
2.38865	711
2.399666667	661
2.410533333	652
2.4211	634
2.431483333	623
2.441933333	627
2.452433333	630
2.463333333	654
2.4745	670
2.485483333	659
2.49615	640
2.506366667	613
2.516466667	606
2.526466667	600
2.53635	593
2.546216667	592
2.555883333	580
2.565466667	575
2.57495	569
2.584483333	572
2.594333333	591
2.604383333	603
2.6144	601
2.6242	588
2.633933333	584
2.643733333	588
2.653583333	591
2.663366667	587
2.67295	575
2.682333333	563
2.691583333	555
2.7008	553
2.71	552
2.7192	552
2.728733333	572
2.738733333	600
2.748883333	609
2.758733333	591
2.768483333	585
2.7782	583
2.788083333	593
2.798383333	618
2.808783333	624
2.8191	619
2.829116667	601
2.839116667	600
2.849116667	600
2.859066667	597
2.86905	599
2.878733333	581
2.888266667	572
2.897816667	573
2.907466667	579
2.917416667	597
2.927333333	595
2.937383333	603
2.9475	607
2.957683333	611
2.968016667	620
2.9781	605
2.988116667	601
2.998033333	595
3.0081	604
3.018433333	620
3.029216667	647
3.040683333	688
3.05185	670
3.062583333	644
3.073016667	626
3.083383333	622
3.093533333	609
3.103516667	599
3.1135	599
3.123383333	593
3.13325	592
3.1434	609
3.153933333	632
3.164083333	609
3.174283333	612
3.185083333	648
3.196783333	702
3.20915	742
3.221483333	740
3.233766667	737
3.245816667	723
3.257716667	714
3.269366667	699
3.28065	677
3.291466667	649
3.301816667	621
3.311683333	592
3.32135	580
3.330733333	563
3.34025	571
3.350883333	638
3.362883333	720
3.3742	679
3.385433333	674
3.396883333	687
3.408433333	693
3.419883333	687
3.43125	682
3.442383333	668
3.452983333	636
3.463533333	633
3.4738	616
3.48365	591
3.49335	582
3.502833333	569
3.512066667	554
3.521266667	552
3.530366667	546
3.5395	548
3.549016667	571
3.55875	584
3.5683	573
3.5779	576
3.587516667	577
3.597266667	585
3.60715	593
3.617383333	614
3.628916667	692
3.641016667	726
3.652733333	703
3.663716667	659
3.6745	647
3.68505	633
3.695166667	607
3.7049	584
3.714283333	563
3.723516667	554
3.732633333	547
3.741883333	555
3.751583333	582
3.761783333	612
3.7723	631
3.782533333	614
3.792916667	623
3.803233333	619
3.813416667	611
3.8236	611
3.8336	600
3.843466667	592
3.853366667	594
3.863266667	594
3.873316667	603
3.883183333	592
3.893283333	606
3.903516667	614
3.913633333	607
3.9235	592
3.933316667	589
3.9431	587
3.95295	591
3.9627	585
3.972216667	571
3.981716667	570
3.991333333	577
4.000883333	573
4.01055	580
4.020433333	593
4.030416667	599
4.040083333	580
4.049783333	582
4.059433333	579
4.069233333	588
4.07915	595
4.088966667	589
4.098533333	574
4.108	568
4.117316667	559
4.1267	563
4.136183333	569
4.1457	571
4.155033333	560
4.1643	556
4.18285	0
4.1927	591
4.202333333	578
4.2119	574
4.221433333	572
4.2311	580
4.240633333	572
4.2499	556
4.2591	552
4.268316667	553
4.2778	569
4.287583333	587
4.297183333	576
4.306916667	584
4.317783333	652
4.328866667	665
4.33945	635
4.350016667	634
4.36075	644
4.3717	657
4.382616667	655
4.39325	638
4.403583333	620
4.413533333	597
4.423383333	591
4.433216667	590
4.443183333	598
4.45345	616
4.463983333	632
4.4746	637
4.48505	627
4.495466667	625
4.5059	626
4.516033333	608
4.526066667	602
4.5362	608
4.546683333	629
4.558066667	683
4.570066667	720
4.582033333	718
4.59365	697
4.60485	672
4.615833333	659
4.626466667	638
4.636916667	627
4.64695	602
4.6569	597
4.666666667	586
4.676733333	604
4.687516667	647
4.6984	653
4.708616667	613
4.71875	608
4.729033333	617
4.73965	637
4.75055	654
4.7618	675
4.772883333	665
4.783883333	660
4.7947	649
4.80515	627
4.815333333	611
4.825466667	608
4.835516667	603
4.845583333	604
4.855716667	608
4.865666667	597
4.875666667	600
4.8857	602
4.895866667	610
4.9061	614
4.916066667	598
4.9259	590
4.935683333	587
4.945566667	593
4.955583333	601
4.965783333	612
4.9759	607
4.986116667	613
4.99635	614
5.0064	603
5.016416667	601
5.0263	593
5.036	582
5.045766667	586
5.055466667	582
5.0652	584
5.0749	582
5.08485	597
5.095416667	634
5.1071	701
5.1187	696
5.129516667	649
5.139916667	624
5.150383333	628
5.16085	628
5.1714	633
5.181783333	623
5.192	613
5.202233333	614
5.212416667	611
5.222533333	607
5.23255	601
5.242583333	602
5.2527	607
5.2632	630
5.274033333	650
5.28465	637
5.29535	642
5.305983333	638
5.316466667	629
5.326633333	610
5.336566667	596
5.34645	593
5.356316667	592
5.366283333	598
5.376433333	609
5.386783333	621
5.397216667	626
5.407616667	624
5.4178	611
5.4276	588
5.437316667	583
5.447083333	586
5.457016667	596
5.467566667	633
5.4784	650
5.48895	633
5.499783333	650
5.510683333	654
5.52135	640
5.531683333	620
5.541983333	618
5.55205	604
5.56195	594
5.5718	591
5.581666667	592
5.591416667	585
5.601266667	591
5.611183333	595
5.621183333	600
5.63155	622
5.642133333	635
5.65265	631
5.662916667	616
5.673166667	615
5.68345	617
5.693933333	629
5.704383333	627
5.714733333	621
5.724933333	612
5.734766667	590
5.74455	587
5.75425	582
5.763966667	583
5.7736	578
5.7831	570
5.792483333	563
5.801766667	557
5.811033333	556
5.820366667	560
5.829766667	564
5.839166667	564
5.848533333	562
5.858	568
5.867316667	559
5.876466667	549
5.88565	551
5.895216667	574
5.905033333	589
5.915083333	603
5.925466667	623
5.935916667	627
5.9462	617
5.9564	612
5.966233333	590
5.975716667	569
5.985066667	561
5.994366667	558
6.003883333	571
6.0135	577
6.02325	585
6.033083333	590
6.0431	601
6.053	594
6.06275	585
6.07255	588
6.082816667	616
6.0938	659
6.105266667	688
6.116616667	681
6.127733333	667
6.1382	628
6.148416667	613
6.15845	602
6.168083333	578
6.177516667	566
6.186933333	565
6.196316667	563
6.20585	572
6.2155	579
6.225	570
6.234466667	568
6.243966667	570
6.2537	584
6.263816667	607
6.2741	617
6.28475	639
6.29565	654
6.30675	666
6.31755	648
6.328433333	653
6.339183333	645
6.349933333	645
6.360483333	633
6.3709	625
6.381216667	619
6.39145	614
6.4015	603
6.411616667	607
6.421683333	604
6.431883333	612
6.442116667	614
6.4525	623
6.462966667	628
6.47355	635
6.48395	624
6.49435	624
6.5049	633
6.515416667	631
6.525716667	618
6.535883333	610
6.5459	601
6.55565	585
6.565133333	569
6.574433333	558
6.583566667	548
6.592633333	544
6.601666667	542
6.610716667	543
6.619783333	544
6.629016667	554
6.63865	578
6.64865	600
6.658916667	616
6.669016667	606
6.678866667	591
6.68865	587
6.698566667	595
6.708683333	607
6.7187	601
6.7288	606
6.739083333	617
6.74695	0
6.7493	0
6.755766667	0
6.7587	0
6.76315	0
6.767416667	0
6.77065	0
6.781616667	658
6.792933333	679
6.805633333	762
6.817266667	698
6.829183333	715
6.8407	691
6.851916667	673
6.86285	656
6.87325	624
6.883283333	602
6.893016667	584
6.90265	578
6.912283333	578
6.9219	577
6.931683333	587
6.941733333	603
6.952333333	636
6.962466667	608
6.972766667	618
6.983733333	658
6.995533333	708
7.007116667	695
7.018116667	660
7.028833333	643
7.0394	634
7.050133333	644
7.061216667	665
7.07225	662
7.082816667	634
7.093383333	634
7.10355	610
7.11355	600
7.123433333	593
7.133483333	603
7.143916667	626
7.154816667	654
7.165666667	651
7.176366667	642
7.186766667	624
7.197083333	619
7.207133333	603
7.21735	613
7.227416667	604
7.237266667	591
7.24735	605
7.257416667	604
7.267466667	603
7.277316667	591
7.287016667	582
7.296916667	594
7.306633333	583
7.3166	598
7.326416667	589
7.335883333	568
7.3453	565
7.354716667	565
7.364316667	576
7.374133333	589
7.384133333	600
7.3941	598
7.404033333	596
7.41405	601
7.4241	603
7.434066667	598
7.4443	614
7.454233333	596
7.46425	601
7.474433333	611
7.484616667	611
7.49485	614
7.504883333	602
7.514883333	600
7.52495	604
7.53485	594
7.544783333	596
7.554833333	603
7.5647	592
7.574583333	593
7.584333333	585
7.593933333	576
7.603683333	585
7.6136	595
7.6238	612
7.6345	642
7.6448	618
7.654966667	610
7.66515	611
7.675483333	620
7.68595	628
7.6964	627
7.706716667	619
7.717033333	619
7.727366667	620
7.737533333	610
7.747683333	609
7.757966667	617
7.768216667	615
7.7781	593
7.78845	621
7.798783333	620
7.809416667	638
7.819783333	622
7.830516667	644
7.84145	656
7.852083333	638
7.863	655
7.87385	651
7.8844	633
7.894683333	617
7.90475	604
7.914783333	602
7.924866667	605
7.934483333	577
7.944583333	606
7.9556	661
7.966933333	680
7.978066667	668
7.988883333	649
8	667
8.011483333	689
8.022283333	648
8.032816667	632
8.04345	638
8.053683333	614
8.063633333	597
8.0736	598
8.083616667	601
8.093533333	595
8.103433333	594
8.113416667	599
8.123233333	589
8.133083333	591
8.142733333	579
8.152533333	588
8.1625	598
8.17235	591
8.182333333	599
8.19265	619
8.20295	618
8.213266667	619
8.223333333	604
8.2331	586
8.242833333	584
8.2526	586
8.262733333	608
8.27315	625
8.283133333	599
8.292766667	578
8.302283333	571
8.311683333	564
8.321266667	575
8.33145	611
8.341583333	608
8.352	625
8.362133333	608
8.372016667	593
8.381833333	589
8.39135	571
8.400866667	571
8.4105	578
8.42035	591
8.430316667	598
8.440566667	615
8.45115	635
8.4617	633
8.47265	657
8.483766667	667
8.494316667	633
8.5044	605
8.514266667	592
8.52405	587
8.5344	621
8.54455	609
8.554666667	607
8.565533333	652
8.576766667	674
8.587566667	648
8.5986	662
8.60975	669
8.620233333	629
8.630666667	626
8.641466667	648
8.652033333	634
8.662133333	606
8.672083333	597
8.681983333	594
8.691616667	578
8.701466667	591
8.711466667	600
8.721733333	616
8.732116667	623
8.742766667	639
8.753716667	657
8.764266667	633
8.775466667	672
8.786166667	642
8.796733333	634
8.807633333	654
8.818083333	627
8.8284	619
8.838516667	607
8.84835	590
8.858033333	581
8.867766667	584
8.877683333	595
8.88735	580
8.89735	600
8.907716667	622
8.917816667	606
8.927766667	597
8.937866667	606
8.94805	611
8.9583	615
8.968533333	614
8.9786	604
8.9886	600
8.998616667	601
9.008733333	607
9.018933333	612
9.029166667	614
9.03955	623
9.050066667	631
9.060883333	649
9.07165	646
9.082866667	673
9.093733333	652
9.104433333	642
9.115133333	642
9.125316667	611
9.135516667	612
9.145483333	598
9.155316667	590
9.165166667	591
9.175183333	601
9.184966667	587
9.1949	596
9.205366667	628
9.215883333	631
9.2262	619
9.236566667	622
9.2466	602
9.256583333	599
9.266216667	578
9.27575	572
9.285083333	560
9.294483333	564
9.303816667	560
9.31335	572
9.32295	576
9.332416667	568
9.342233333	589
9.352083333	591
9.361716667	578
9.37115	566
9.380716667	574
9.389966667	555
9.399416667	567
9.40895	572
9.418	543
9.426966667	538
9.436116667	549
9.445183333	544
9.454783333	576
9.465116667	620
9.474616667	570
9.484166667	573
9.493916667	585
9.50355	578
9.51295	564
9.522333333	563
9.531783333	567
9.541283333	570
9.55045	550
9.559733333	557
9.5691	562
9.578166667	544
9.5873	548
9.5965	552
9.605883333	563
9.615216667	560
9.6246	563
9.634033333	566
9.643566667	572
9.652833333	556
9.6621	556
9.671416667	559
9.681016667	576
9.690566667	573
9.69985	557
9.709283333	566
9.719733333	627
9.72955	589
9.73925	582
9.748683333	566
9.7581	565
9.767583333	569
9.7767	547
9.785933333	554
9.795133333	552
9.804366667	554
9.81355	551
9.822433333	533
9.83145	541
9.84055	546
9.8496	543
9.8584	528
9.8673	534
9.876183333	533
9.885116667	536
9.893933333	529
9.902883333	537
9.9122	559
9.9215	558
9.930633333	548
9.940066667	566
9.94955	569
9.958983333	566
9.968416667	566
9.97775	560
9.9871	561
9.996233333	548
10.0053	544
10.0143	540
10.02336667	544
10.0324	542
10.04138333	539
10.05045	544
10.05965	552
10.06861667	538
10.07771667	546
10.08681667	546
10.0959	545
10.10485	537
10.1139	543
10.12298333	545
10.13196667	539
10.14108333	547
10.15003333	537
10.15883333	528
10.16768333	531
10.17661667	536
10.18543333	529
10.19436667	536
10.20318333	529
10.21196667	527
10.22075	527
10.22951667	526
10.23821667	522
10.2469	521
10.2556	522
10.26433333	524
10.2729	514
10.28146667	514
10.29006667	516
10.29855	509
10.30703333	509
10.31553333	510
10.32396667	506
10.33241667	507
10.34098333	514
10.34973333	525
10.3584	520
10.36736667	538
10.37633333	538
10.38531667	539
10.39431667	540
10.40343333	547
10.4124	538
10.4214	540
10.43048333	545
10.4393	529
10.44818333	533
10.45698333	528
10.46563333	519
10.47426667	518
10.48283333	514
10.49141667	515
10.5001	521
10.5087	516
10.51723333	512
10.52581667	515
10.53423333	505
10.54268333	507
10.5511	505
10.55953333	506
10.56811667	515
10.57676667	519
10.58525	509
10.5938	513
10.60285	543
10.61233333	569
10.6219	574
10.631	546
10.6401	546
10.6494	558
10.65901667	577
10.66833333	559
10.67743333	546
10.68658333	549
10.69573333	549
10.70495	553
10.7141	549
10.72305	537
10.73201667	538
10.74103333	541
10.75003333	540
10.7588	526
10.76765	531
10.7766	537
10.78553333	536
10.79423333	522
10.80301667	527
10.81213333	547
10.8216	568
10.83086667	556
10.83981667	537
10.84891667	546
10.85828333	562
10.86775	568
10.87678333	542
10.88586667	545
10.895	548
10.90411667	547
10.91323333	547
10.9223	544
10.93123333	536
10.94016667	536
10.94905	533
10.9579	531
10.96651667	517
10.97518333	520
10.98386667	521
10.99241667	513
11.001	515
11.00983333	530
11.01866667	530
11.02745	527
11.03628333	530
11.04513333	531
11.05401667	533
11.06285	530
11.07175	534
11.08073333	539
11.08951667	527
11.09833333	529
11.10713333	528
11.11581667	521
11.12455	524
11.13335	528
11.14211667	526
11.15078333	520
11.15945	520
11.16811667	520
11.1767	515
11.18511667	505
11.1935	503
11.20173333	494
11.21008333	501
11.21858333	510
11.2275	535
11.23601667	511
11.24463333	517
11.25335	523
11.26186667	511
11.2704	512
11.27901667	517
11.28765	518
11.29626667	517
11.30498333	523
11.31368333	522
11.32243333	525
11.3309	508
11.33945	513
11.34811667	520
11.35686667	525
11.3656	524
11.37443333	530
11.38343333	540
11.39228333	531
11.40118333	534
11.41021667	542
11.4192	539
11.42813333	536
11.43696667	530
11.44578333	529
11.4545	523
11.46315	519
11.47178333	518
11.48043333	519
11.48928333	531
11.49795	520
11.50696667	541
11.51608333	547
11.52508333	540
11.53431667	554
11.5436	557
11.55293333	560
11.56226667	560
11.57143333	550
11.58058333	549
11.58956667	539
11.59835	527
11.60726667	535
11.61613333	532
11.62481667	521
11.63358333	526
11.64228333	522
11.65111667	530
11.65973333	517
11.66855	529
11.67748333	536
11.68645	538
11.6952	525
11.70398333	527
11.71291667	536
11.72205	548
11.73126667	553
11.74016667	534
11.74906667	534
11.75823333	550
11.76726667	542
11.77631667	543
11.78521667	534
11.79441667	552
11.8039	569
11.81288333	539
11.82205	550
11.83161667	574
11.84126667	579
11.85063333	562
11.85973333	546
11.86893333	552
11.8783	562
11.88753333	554
11.89673333	552
11.90608333	561
11.91523333	549
11.92446667	554
11.93381667	561
11.943	551
11.95216667	550
11.96143333	556
11.97078333	561
11.97986667	545
11.98898333	547
11.99821667	554
12.00743333	553
12.0169	568
12.02583333	536
12.0348	538
12.04391667	547
12.05305	548
12.06193333	533
12.07096667	542
12.08015	551
12.08913333	539
12.09811667	539
12.10701667	534
12.11571667	522
12.12418333	508
12.13261667	506
12.141	503
12.14968333	521
12.1585	529
12.167	510
12.17568333	521
12.1846	535
12.1934	528
12.20221667	529
12.21125	542
12.22043333	551
12.22963333	552
12.23878333	549
12.24768333	534
12.25648333	528
12.26516667	521
12.27378333	517
12.28243333	519
12.29103333	516
12.29955	511
12.30803333	509
12.31663333	516
12.32541667	527
12.33388333	508
12.34265	526
12.352	561
12.36201667	601
12.37135	560
12.39073333	0
12.40023333	570
12.40976667	572
12.4192	566
12.42863333	566
12.43811667	569
12.44741667	558
12.45656667	549
12.47503333	0
12.48426667	554
12.49355	557
12.5026	543
12.5117	546
12.52083333	548
12.53003333	552
12.53923333	552
12.5484	550
12.55755	549
12.56675	552
12.57603333	557
12.58536667	560
12.59451667	549
12.60368333	550
12.61306667	563
12.62238333	559
12.63168333	558
12.64098333	558
12.65038333	564
12.65996667	575
12.66915	551
12.67876667	577
12.68848333	583
12.69808333	576
12.70741667	560
12.72608333	0
12.73523333	549
12.74443333	552
12.75378333	561
12.76281667	542
12.77191667	546
12.78118333	556
12.79035	550
12.79951667	550
12.80875	554
12.81816667	565
12.82723333	544
12.8364	550
12.84571667	559
12.855	557
12.86418333	551
12.87341667	554
12.8825	545
12.89158333	545
12.90073333	549
12.91	556
12.91901667	541
12.92808333	544
12.93733333	555
12.94678333	567
12.95605	556
12.96523333	551
12.97458333	561
12.98383333	555
12.99283333	540
13.00178333	537
13.01073333	537
13.0197	538
13.02858333	533
13.03743333	531
13.04626667	530
13.0552	536
13.06405	531
13.07281667	526
13.08165	530
13.09051667	532
13.09915	518
13.10788333	524
13.11666667	527
13.12563333	538
13.13426667	518
13.14296667	522
13.15175	527
13.1606	531
13.1692	516
13.17781667	517
13.18665	530
13.19536667	523
13.20396667	516
13.21266667	522
13.22143333	526
13.23015	523
13.23891667	526
13.24775	530
13.25645	522
13.26511667	520
13.27371667	516
13.28228333	514
13.29091667	518
13.29961667	522
13.30846667	531
13.31718333	523
13.32581667	518
13.33446667	519
13.34338333	535
13.35223333	531
13.36113333	534
13.36983333	522
13.37865	529
13.38758333	536
13.39646667	533
13.4053	530
13.41401667	523
13.42263333	517
13.43118333	513
13.43961667	506
13.44803333	505
13.45626667	494
13.4644	488
13.47246667	484
13.48068333	493
13.489	499
13.4975	510
13.50601667	511
13.5147	521
13.5233	516
13.53183333	512
13.54045	517
13.54891667	508
13.55746667	513
13.56608333	517
13.57468333	516
13.58326667	515
13.59181667	513
13.60043333	517
13.6089	508
13.61736667	508
13.62588333	511
13.63451667	518
13.64308333	514
13.65191667	530
13.66048333	514
13.66896667	509
13.67748333	511
13.68641667	536
13.69626667	591
13.70546667	552
13.7148	560
13.72421667	565
13.73343333	553
13.74253333	546
13.75173333	552
13.7607	538
13.76961667	535
13.77846667	531
13.78721667	525
13.79581667	516
13.8044	515
13.81306667	520
13.82155	509
13.83001667	508
13.83851667	510
13.84711667	516
13.8564	557
13.86543333	542
13.8744	538
13.88396667	574
13.89368333	583
13.90281667	548
13.91221667	564
13.92205	590
13.93185	588
13.94155	582
13.95105	570
13.96051667	568
13.9696	545
13.97861667	541
13.98761667	540
13.99665	542
14.01446667	0
14.02338333	535
14.03213333	525
14.04085	523
14.04971667	532
14.05883333	547
14.068	550
14.07696667	538
14.0859	536
14.09505	549
14.10423333	551
14.11316667	536
14.12198333	529
14.13103333	543
14.1402	550
14.14918333	539
14.15816667	539
14.1672	542
14.17626667	544
14.18521667	537
14.19403333	529
14.20303333	540
14.21183333	528
14.22068333	531
14.22965	538
14.23861667	538
14.24735	524
14.25613333	527
14.26506667	536
14.27385	527
14.28261667	526
14.29153333	535
14.30048333	537
14.30923333	525
14.31808333	531
14.32706667	539
14.33595	533
14.34486667	535
14.35386667	540
14.36288333	541
14.37185	538
14.3809	543
14.38976667	532
14.39851667	525
14.4072	521
14.41593333	524
14.42463333	522
14.4333	520
14.44195	519
14.45056667	517
14.45913333	514
14.46778333	519
14.47655	526
14.48513333	515
14.49385	523
14.5028	537
14.51151667	523
14.52025	524
14.52901667	526
14.53765	518
14.54635	522
14.55508333	524
14.5637	517
14.57241667	523
14.58123333	529
14.58998333	525
14.59871667	524
14.6075	527
14.61618333	521
14.62485	520
14.63345	516
14.64211667	520
14.65083333	523
14.65971667	533
14.66841667	522
14.67716667	525
14.68613333	538
14.69515	541
14.70403333	533
14.71305	541
14.72223333	551
14.73135	547
14.74033333	539
14.74965	559
14.75875	546
14.76821667	568
14.77791667	582
14.78726667	561
14.79678333	571
14.80653333	585
14.81606667	572
14.82575	581
14.8353	573
14.84483333	572
14.85423333	564
14.86341667	551
14.87251667	546
14.8815	539
14.89038333	533
14.89913333	525
14.90795	529
14.91691667	538
14.92595	542
14.93503333	545
14.94421667	551
14.95318333	538
14.96211667	536
14.97108333	538
14.97985	526
14.98866667	529
14.99753333	532
15.0063	526
15.01515	531
15.02393333	527
15.0326	520
15.0413	522
15.05015	531
15.05886667	523
15.06755	521
15.07623333	521
15.08495	523
15.0937	525
15.10251667	529
15.11148333	538
15.12033333	531
15.12906667	524
15.13796667	534
15.14706667	546
15.15601667	537
15.16513333	547
15.17421667	545
15.18335	548
15.19271667	562
15.202	557
15.21105	543
15.22006667	541
15.22908333	541
15.23815	544
15.24725	546
15.25643333	551
15.2653	532
15.27423333	536
15.28331667	545
15.29228333	538
15.3011	529
15.30993333	530
15.31885	535
15.3278	537
15.33665	531
15.34543333	527
15.35443333	540
15.36331667	533
15.37198333	520
15.38063333	519
15.38923333	516
15.3979	520
15.40681667	535
15.41571667	534
15.42445	524
15.43343333	539
15.44245	541
15.45128333	530
15.4601	529
15.469	534
15.47793333	536
15.48681667	533
15.49561667	528
15.50436667	525
15.51323333	532
15.52183333	516
15.5305	520
15.53936667	532
15.54861667	555
15.55755	536
15.56645	534
15.57551667	544
15.58471667	552
15.59393333	553
15.60298333	543
15.61208333	546
15.62113333	543
15.63011667	539
15.63885	524
15.64771667	532
15.65673333	541
15.6657	538
15.67446667	526
15.68336667	534
15.69251667	549
15.70165	548
15.7106	537
15.71955	537
15.72871667	550
15.73775	542
15.74683333	545
15.75603333	552
15.76536667	560
15.77438333	541
15.78351667	548
15.79271667	552
15.8018	545
15.81081667	541
15.81988333	544
15.82871667	530
15.83773333	541
15.84685	547
15.8558	537
15.86486667	544
15.87391667	543
15.88318333	556
15.89226667	545
15.90151667	555
15.91041667	534
15.9195	545
15.9287	552
15.93778333	545
15.94676667	539
15.95581667	543
15.96488333	544
15.9737	529
15.98255	531
15.9915	537
16.00038333	533
16.00918333	528
16.018	529
16.0269	534
16.03573333	530
16.0444	520
16.05315	525
16.06205	534
16.071	537
16.07983333	530
16.08863333	528
16.09756667	536
16.10656667	540
16.11565	545
16.1247	543
16.13366667	538
16.14238333	523
16.15098333	516
16.15958333	516
16.16848333	534
16.17771667	554
16.18636667	519
16.19483333	508
16.20346667	518
16.21236667	534
16.22131667	537
16.23018333	532
16.23886667	521
16.24783333	538
16.25715	559
16.26645	558
16.2756	549
16.28493333	560
16.29431667	563
16.30333333	541
16.3125	550
16.32175	555
16.33085	546
16.3488	0
16.35766667	532
16.36648333	529
16.37511667	518
16.38356667	507
16.3919	500
16.40016667	496
16.40845	497
16.41686667	505
16.4258	536
16.43465	531
16.4432	513
16.45193333	524
16.46125	559
16.47048333	554
16.47921667	524
16.48805	530
16.49763333	575
16.50793333	0
16.5172	556
16.52658333	563
16.5362	577
16.54585	579
16.5552	561
16.56463333	566
16.57416667	572
16.5836	566
16.59268333	545
16.60178333	546
16.61106667	557
16.62025	551
16.62911667	532
16.63801667	534
16.64741667	564
16.65693333	571
16.66603333	546
16.67501667	539
16.68438333	562
16.69413333	585
16.7038	580
16.71305	555
16.7225	567
16.73193333	566
16.7414	568
16.75043333	542
16.75958333	549
16.76876667	551
16.778	554
16.78695	537
16.796	543
16.80526667	556
16.81408333	529
16.82301667	536
16.83218333	550
16.84153333	561
16.85048333	537
16.85953333	543
16.86871667	551
16.87783333	547
16.88683333	540
16.8961	556
16.90536667	556
16.91433333	538
16.92343333	546
16.93261667	551
16.94166667	543
16.95065	539
16.95955	534
16.96841667	532
16.97713333	523
16.98603333	534
16.99521667	551
17.0042	539
17.01333333	548
17.02238333	543
17.03126667	533
17.04053333	556
17.04996667	566
17.0591	548
17.06846667	562
17.07813333	580
17.0876	568
17.09718333	575
17.10688333	582
17.11615	556
17.12546667	559
17.13458333	547
17.14353333	537
17.15258333	543
17.16146667	533
17.17041667	537
17.17943333	541
17.18833333	534
17.1971	526
17.20576667	520
17.21446667	522
17.22333333	532
17.23258333	555
17.24193333	561
17.25111667	551
17.26013333	541
17.26901667	533
17.27791667	534
17.28705	548
17.29603333	539
17.30541667	563
17.31501667	576
17.32438333	562
17.33368333	558
17.3429	553
17.35198333	545
17.36076667	527
17.3697	536
17.37848333	527
17.38735	532
17.39631667	538
17.4052	533
17.4141	534
17.42335	555
17.43265	558
17.44196667	559
17.45146667	570
17.46086667	564
17.4703	566
17.48001667	583
17.48978333	586
17.49918333	564
17.50858333	564
17.5179	559
17.52691667	541
17.53595	542
17.54505	546
17.55425	552
17.56338333	548
17.57243333	543
17.58143333	540
17.59056667	548
17.60001667	567
17.60941667	564
17.61875	560
17.628	555
17.6372	552
17.64615	537
17.65496667	529
17.66358333	517
17.6722	517
17.6811	534
17.69073333	578
17.7001	562
17.70921667	547
17.71905	590
17.73198333	0
17.74238333	624
17.75263333	615
17.76316667	632
17.7733	608
17.78351667	613
17.7936	605
17.80328333	581
17.81296667	581
17.82266667	582
17.8324	584
17.84203333	578
17.85178333	585
17.86158333	588
17.87118333	576
17.88076667	575
17.89026667	570
17.8997	566
17.9089	552
17.91803333	548
17.92723333	552
17.93653333	558
17.94575	553
17.95493333	551
17.96416667	554
17.97365	569
17.98296667	559
17.99231667	561
18.00163333	559
18.01076667	548
18.0198	542
18.02905	555
18.03786667	529
18.04703333	550
18.05625	553
18.06546667	553
18.07448333	541
18.08355	544
18.09278333	554
18.10183333	543
18.11086667	542
18.11988333	541
18.12896667	545
18.13783333	532
18.1468	538
18.15585	543
18.16473333	533
18.17356667	530
18.18253333	538
18.1918	556
18.20101667	553
18.2103	557
18.21981667	571
18.22946667	579
18.23883333	562
18.24831667	569
18.25795	578
18.26721667	556
18.27651667	558
18.28603333	571
18.2956	574
18.30485	555
18.314	549
18.3231	546
18.33208333	539
18.34103333	537
18.35001667	539
18.3592	551
18.36836667	550
18.37743333	544
18.38651667	545
18.39563333	547
18.4049	556
18.41403333	548
18.42306667	542
18.43238333	559
18.44153333	549
18.45055	541
18.45948333	536
18.46843333	537
18.47723333	528
18.48581667	515
18.49443333	517
18.50305	517
18.51168333	518
18.52086667	551
18.53043333	574
18.5396	550
18.54861667	541
18.55773333	547
18.56683333	546
18.57581667	539
18.5847	533
18.5935	528
18.60248333	539
18.61166667	551
18.62088333	553
18.62995	544
18.63901667	544
18.64831667	558
18.6577	563
18.66696667	556
18.67601667	543
18.68505	542
18.69445	564
18.70413333	581
18.71333333	552
18.72256667	554
18.73188333	559
18.7411	553
18.75016667	544
18.75923333	544
18.76845	553
18.7776	549
18.78653333	536
18.79548333	537
18.80448333	540
18.81336667	533
18.8222	530
18.83113333	536
18.84003333	534
18.84878333	525
18.8576	529
18.86625	519
18.87495	522
18.88381667	532
18.89328333	568
18.9028	571
18.91181667	541
18.92078333	538
18.93023333	567
18.93983333	576
18.94888333	543
18.95798333	546
18.96746667	569
18.97713333	580
18.98651667	563
18.99575	554
19.00491667	550
19.01388333	538
19.02278333	534
19.03186667	545
19.04091667	543
19.04985	536
19.05888333	542
19.06803333	549
19.07711667	545
19.08623333	547
19.0955	556
19.10486667	562
19.11411667	555
19.12346667	561
19.13301667	573
19.1422	551
19.15145	555
19.1607	555
19.16976667	544
19.1786	530
19.18731667	523
19.19598333	520
19.20468333	522
19.2134	523
19.22208333	521
19.23068333	516
19.23931667	518
19.24798333	520
19.25651667	512
19.265	509
19.27361667	517
19.2825	533
19.29158333	545
19.30058333	540
19.30973333	549
19.31896667	554
19.3283	560
19.33855	615
19.34856667	601
19.35845	593
19.36778333	560
19.37725	568
19.3873	603
19.39733333	602
19.40686667	572
19.41653333	580
19.42616667	578
19.43575	575
19.445	555
19.45401667	541
19.46325	554
19.47293333	581
19.48311667	611
19.49271667	576
19.50231667	576
19.5115	551
19.52076667	556
19.52988333	547
19.53891667	542
19.5479	539
19.55695	543
19.56603333	545
19.57491667	533
19.58395	542
19.59301667	544
19.60201667	540
19.61091667	534
19.6199	539
19.62905	549
19.6381	543
19.64725	549
19.65663333	563
19.66628333	579
19.67558333	558
19.68531667	584
19.6947	563
19.704	558
19.71361667	577
19.72296667	561
19.7322	554
19.74148333	557
19.7507	553
19.75965	537
19.76851667	532
19.77755	542
19.78668333	548
19.79565	538
19.80453333	533
19.81346667	536
19.82271667	555
19.83221667	570
19.84155	560
19.85071667	550
19.85981667	546
19.86918333	562
19.87833333	549
19.88743333	546
19.89666667	554
19.90603333	562
19.91501667	539
19.92405	542
19.93328333	554
19.94255	556
19.95148333	536
19.9604	535
19.96948333	545
19.97863333	549
19.98771667	545
19.99683333	547
20.00595	547
20.01493333	539
20.0241	550
20.03336667	556
20.04251667	549
20.05193333	565
20.06123333	558
20.0702	538
20.0793	546
20.08871667	565
20.09838333	580
20.10753333	549
20.1168	556
20.12621667	565
20.13536667	549
20.14441667	543
20.14908333	0
20.1504	0
20.15353333	0
20.16268333	549
20.17175	544
20.18176667	601
20.19165	593
20.20075	546
20.20985	546
20.21925	564
20.22891667	580
20.23868333	586
20.24846667	587
20.25783333	562
20.2675	580
20.27768333	611
20.28763333	597
20.29805	625
20.30868333	638
20.31933333	639
20.33095	697
20.34236667	685
20.353	638
20.36318333	611
20.37278333	576
20.3824	577
20.39295	633
20.40456667	697
20.41501667	627
20.42515	608
20.43576667	637
20.44698333	673
20.45928333	738
20.47088333	696
20.48166667	647
20.49183333	610
20.5018	598
20.51155	585
20.52146667	595
20.53181667	621
20.54238333	634
20.55248333	606
20.56236667	593
20.57198333	577
20.58163333	579
20.592	622
20.60261667	637
20.61385	674
20.62593333	725
20.63841667	749
20.65051667	726
20.66131667	648
20.67158333	616
20.68168333	606
20.69203333	621
20.70356667	692
20.71493333	682
20.72693333	720
20.73931667	743
20.752	761
20.76495	777
20.77645	690
20.78801667	694
20.79938333	682
20.81055	670
20.82163333	665
20.83263333	660
20.84351667	653
20.85495	686
20.86735	744
20.87856667	673
20.88923333	640
20.9004	670
20.91206667	700
20.92355	689
20.93455	660
20.94495	624
20.95535	624
20.9656	615
20.97593333	620
20.98685	655
20.99736667	631
21.00946667	726
21.02123333	706
21.03173333	630
21.04235	637
21.05348333	668
21.06495	688
21.07546667	631
21.08566667	612
21.09603333	622
21.10668333	639
21.118	679
21.13041667	745
21.14125	650
21.15266667	685
21.1644	704
21.1761	702
21.18698333	653
21.19805	664
21.20966667	697
21.22158333	715
21.23345	712
21.24415	642
21.25511667	658
21.26608333	658
21.27693333	651
21.28723333	618
21.29798333	645
21.3099	715
21.3228	774
21.33428333	689
21.34508333	648
21.35676667	701
21.36915	743
21.38145	738
21.3935	723
21.40611667	757
21.41826667	729
21.42998333	703
21.44091667	656
21.45205	668
21.46355	690
21.47541667	712
21.48663333	673
21.4991	748
21.51241667	799
21.52533333	775
21.53706667	704
21.54893333	712
21.5615	754
21.57415	759
21.58605	714
21.59836667	739
21.61093333	754
21.62331667	743
21.63483333	691
21.64751667	761
21.66081667	798
21.67501667	852
21.68878333	826
21.70225	808
21.71513333	773
21.72753333	744
21.73906667	692
21.75011667	663
21.76108333	658
21.77256667	689
21.78465	725
21.79736667	763
21.80951667	729
21.82143333	715
21.83346667	722
21.84606667	756
21.85803333	718
21.86875	643
21.87905	618
21.88951667	628
21.90096667	687
21.91283333	712
21.92385	661
21.93481667	658
21.94625	686
21.9581	711
21.96976667	700
21.98093333	670
21.99221667	677
22.0032	659
22.01418333	659
22.02491667	644
22.03513333	613
22.04553333	624
22.05731667	707
22.0739	0
22.08883333	0
22.10291667	845
22.11626667	801
22.12848333	733
22.14125	766
22.15423333	779
22.16665	745
22.17873333	725
22.18985	667
22.20078333	656
22.21155	646
22.22196667	625
22.2322	614
22.24243333	614
22.25251667	605
22.26256667	603
22.27245	593
22.28208333	578
22.2915	565
22.30101667	571
22.3106	575
22.32015	573
22.32971667	574
22.3391	563
22.34856667	568
22.3671	0
22.37618333	545
22.38518333	540
22.3941	535
22.40296667	532
22.41185	533
22.42078333	536
22.42976667	539
22.4388	542
22.44815	561
22.45785	582
22.46773333	593
22.47748333	585
22.48738333	594
22.49755	610
22.50805	630
22.51873333	641
22.52948333	645
22.54006667	635
22.5504	620
22.56076667	622
22.57145	641
22.58175	618
22.59148333	584
22.60106667	575
22.61058333	571
22.62046667	593
22.6322	704
22.64348333	677
22.6541	637
22.66521667	667
22.67576667	633
22.68616667	624
22.69643333	616
22.70648333	603
22.71633333	591
22.72601667	581
22.73571667	582
22.7454	581
22.75515	585
22.76538333	614
22.77588333	630
22.7869	661
22.79875	711
22.81076667	721
22.82321667	747
22.83591667	762
22.84833333	745
22.86025	715
22.87168333	686
22.88241667	644
22.89315	644
22.9039	645
22.91495	663
22.92591667	658
22.93783333	715
22.95015	739
22.9623	729
22.97446667	730
22.98586667	684
22.99726667	684
23.00841667	669
23.01935	656
23.03003333	641
23.04043333	624
23.05088333	627
23.06166667	647
23.07311667	687
23.085	713
23.09673333	704
23.10811667	683
23.11938333	676
23.13	637
23.14068333	641
23.1514	643
23.162	636
23.17286667	652
23.18325	623
23.19348333	614
23.20396667	629
23.21566667	702
23.22775	725
23.23955	708
23.25083333	677
23.26186667	662
23.27255	641
23.28271667	610
23.2928	605
23.30286667	604
23.31325	623
23.3238	633
23.33435	633
23.34458333	614
23.3554	649
23.36611667	643
23.37663333	631
23.38671667	605
23.39668333	598
23.40645	586
23.41623333	587
23.42616667	596
23.43673333	634
23.44721667	629
23.45858333	682
23.47045	712
23.48203333	695
23.49335	679
23.50498333	698
23.5165	691
23.52771667	673
23.53841667	642
23.54881667	624
23.55906667	615
23.56906667	600
23.57871667	579
23.58828333	574
23.59801667	584
23.60803333	601
23.61776667	584
23.62718333	565
23.63668333	570
23.64665	598
23.65665	600
23.66636667	583
23.67608333	583
23.68576667	581
23.69578333	601
23.7064	637
23.7177	678
23.72875	663
23.73918333	626
23.74943333	615
23.7597	616
23.76995	615
23.77995	600
23.7897	585
23.7995	588
23.80955	603
23.82013333	635
23.83058333	627
23.8409	619
23.85168333	647
23.86343333	705
23.87565	733
23.88786667	733
23.89965	707
23.91086667	673
23.92175	653
23.9325	645
23.94301667	631
23.95361667	636
23.96443333	649
23.97546667	662
23.98678333	679
23.99933333	753
24.01201667	761
24.02448333	748
24.03661667	728
24.04926667	759
24.06198333	763
24.07383333	711
24.08473333	654
24.09551667	647
24.10591667	624
24.11591667	600
24.1259	599
24.13593333	602
24.14628333	621
24.15703333	645
24.16743333	624
24.17741667	599
24.18728333	592
24.19708333	588
24.20718333	606
24.2181	655
24.22945	681
24.24096667	691
24.25245	689
24.26401667	694
24.27548333	688
24.28666667	671
24.29781667	669
24.30846667	639
24.3189	626
24.3294	630
24.33991667	631
24.35078333	652
24.3622	685
24.3729	642
24.38376667	652
24.39426667	630
24.40461667	621
24.41466667	603
24.42455	593
24.43443333	593
24.44463333	612
24.4552	634
24.46566667	628
24.47613333	628
24.48718333	663
24.49825	664
24.50935	666
24.52041667	664
24.53106667	639
24.54148333	625
24.55135	592
24.56101667	580
24.57053333	571
24.58018333	579
24.5907	631
24.60318333	749
24.6156	745
24.62771667	727
24.63951667	708
24.651	689
24.66193333	656
24.6724	628
24.68278333	623
24.69353333	645
24.70466667	668
24.71605	683
24.72698333	656
24.73768333	642
24.74786667	611
24.75786667	600
24.76771667	591
24.7774	581
24.78691667	571
24.79655	578
24.80625	582
24.81606667	589
24.82563333	574
24.83521667	575
24.84483333	577
24.85475	595
24.86436667	577
24.87385	569
24.88353333	581
24.89336667	590
24.90343333	604
24.91356667	608
24.92356667	600
24.93358333	601
24.9435	595
24.95333333	590
24.96335	601
24.974	639
24.9855	690
24.99785	741
25.01036667	751
25.02216667	708
25.03428333	727
25.04515	652
25.05538333	614
25.06513333	585
25.07471667	575
25.08425	572
25.09453333	617
25.10606667	692
25.11718333	667
25.12911667	716
25.1416	749
25.15451667	775
25.16705	752
25.17833333	677
25.18988333	693
25.20176667	713
25.21283333	664
25.22318333	621
25.23318333	600
25.24315	598
25.25315	600
25.26285	582
25.2724	573
25.28223333	590
25.29305	649
25.30553333	749
25.31828333	765
25.33141667	788
25.34396667	753
25.35618333	733
25.3677	691
25.37853333	650
25.38931667	647
25.4005	671
25.4127	732
25.42556667	772
25.43786667	738
25.44983333	718
25.46155	703
25.47295	684
25.48393333	659
25.49438333	627
25.50478333	624
25.51581667	662
25.52816667	741
25.54051667	741
25.55191667	684
25.56228333	622
25.5727	625
25.58276667	604
25.59293333	610
25.60333333	624
25.61378333	627
25.62451667	644
25.63541667	654
25.64603333	637
25.65693333	654
25.6684	688
25.6795	666
25.69016667	640
25.70086667	642
25.71143333	634
25.72183333	624
25.73206667	614
25.74225	611
25.7525	615
25.76298333	629
25.77311667	608
25.78331667	612
25.7937	623
25.80441667	643
25.81508333	640
25.8258	643
25.83653333	644
25.84706667	632
25.85743333	622
25.86791667	629
25.87833333	625
25.88865	619
25.89873333	605
25.90876667	602
25.91845	581
25.92786667	565
25.93716667	558
25.9465	560
25.95606667	574
25.96665	635
25.9781	687
25.98996667	712
26.002	722
26.01376667	706
26.02518333	685
26.03636667	671
26.04738333	661
26.05798333	636
26.06841667	626
26.07931667	654
26.09056667	675
26.10186667	678
26.11285	659
26.12426667	685
26.13613333	712
26.14713333	660
26.15856667	686
26.16931667	645
26.17986667	633
26.1905	638
26.20131667	649
26.21235	662
26.22306667	643
26.23345	623
26.24386667	625
26.2544	632
26.26545	663
26.27678333	680
26.2876	649
26.29841667	649
26.30946667	663
26.32096667	690
26.33273333	706
26.344	676
26.35478333	647
26.36581667	662
26.3772	683
26.38903333	710
26.40136667	740
26.41348333	727
26.42561667	728
26.43668333	664
26.44775	664
26.45853333	647
26.46903333	630
26.47903333	600
26.48941667	623
26.50063333	673
26.51215	691
26.52345	678
26.53418333	644
26.54515	658
26.55628333	668
26.56741667	668
26.57831667	654
26.58933333	661
26.60065	679
26.61241667	706
26.62451667	726
26.63635	710
26.6482	711
26.66095	765
26.67403333	785
26.68666667	758
26.69925	755
26.71166667	745
26.7239	734
26.73576667	712
26.74738333	697
26.75848333	666
26.76955	664
26.78035	648
26.79076667	625
26.80146667	642
26.81266667	672
26.82465	719
26.83686667	733
26.84903333	730
26.86101667	719
26.87261667	696
26.88373333	667
26.89443333	642
26.90531667	653
26.91658333	676
26.92768333	666
26.93886667	671
26.94935	629
26.96005	642
26.97076667	643
26.98196667	672
26.99368333	703
27.00496667	677
27.0164	686
27.02785	687
27.03943333	695
27.0509	688
27.0622	678
27.07261667	625
27.08315	632
27.09393333	647
27.10521667	677
27.11665	686
27.12831667	700
27.1395	671
27.15051667	661
27.16141667	654
27.1722	647
27.18261667	625
27.19311667	630
27.20376667	639
27.21448333	643
27.22515	640
27.23533333	611
27.24546667	608
27.2559	626
27.26705	669
27.27875	702
27.28963333	653
27.3008	670
27.31196667	670
27.32285	653
27.3333	627
27.34381667	631
27.35415	620
27.3645	621
27.3745	600
27.38446667	598
27.39436667	594
27.40411667	585
27.41351667	564
27.42278333	556
27.43216667	563
27.44163333	568
27.45151667	593
27.46218333	640
27.47363333	687
27.48538333	705
27.49741667	722
27.50968333	736
27.5218	727
27.53358333	707
27.54516667	695
27.55616667	660
27.5668	638
27.57731667	631
27.58798333	640
27.5988	649
27.60956667	646
27.62143333	712
27.634	754
27.64633333	740
27.65861667	737
27.67068333	724
27.68251667	710
27.69368333	670
27.70458333	654
27.71483333	615
27.72513333	618
27.73535	613
27.74611667	646
27.757	653
27.76738333	623
27.77776667	623
27.78841667	639
27.7993	653
27.80993333	638
27.82035	625
27.8311	645
27.842	654
27.85296667	658
27.86376667	648
27.87433333	634
27.88443333	606
27.89445	601
27.90448333	602
27.91458333	606
27.92493333	621
27.9351	610
27.94535	615
27.95578333	626
27.9667	655
27.97763333	656
27.98888333	675
28.0002	679
28.01173333	692
28.0231	682
28.03416667	664
28.04526667	666
28.05613333	652
28.0665	622
28.07643333	596
28.0863	592
28.096	582
28.1057	582
28.11505	561
28.1242	549
28.1334	552
28.14303333	578
28.15413333	666
28.166	712
28.17796667	718
28.18978333	709
28.2013	691
28.21266667	682
28.22358333	655
28.23421667	638
28.24441667	612
28.25433333	595
28.26433333	600
28.27478333	627
28.28655	706
28.2985	717
28.30965	669
28.32091667	676
28.33246667	693
28.34443333	718
28.35623333	708
28.3673	664
28.37816667	652
28.38903333	652
28.39965	637
28.4103	639
28.42103333	644
28.43173333	642
28.44256667	650
28.45355	659
28.46448333	656
28.475	631
28.4858	648
28.49661667	649
28.50743333	649
28.51775	619
28.52795	612
28.53866667	643
28.55026667	696
28.56241667	729
28.57353333	667
28.58425	643
28.59493333	641
28.6058	652
28.61651667	643
28.62691667	624
28.63716667	615
28.64723333	604
28.6571	592
28.66721667	607
28.67781667	636
28.68911667	678
28.7005	683
28.71183333	680
28.72256667	644
28.73378333	673
28.74555	706
28.7573	705
28.76841667	667
28.77906667	639
28.78931667	615
28.7996	617
28.80993333	620
28.82073333	648
28.83188333	669
28.84243333	633
28.85303333	636
28.86373333	642
28.87488333	669
28.88621667	680
28.8978	695
28.90875	657
28.91935	636
28.93003333	641
28.94056667	632
28.9508	614
28.96081667	601
28.9708	599
28.98091667	607
28.991	605
29.00108333	605
29.01093333	591
29.02091667	599
29.03078333	592
29.04116667	623
29.05146667	618
29.06158333	607
29.0715	595
29.0812	582
29.09088333	581
29.10036667	569
29.10985	569
29.11931667	568
29.12886667	573
29.13823333	562
29.14758333	561
29.15706667	569
29.16666667	576
29.17653333	592
29.18638333	591
29.19598333	576
29.20553333	573
29.21505	571
29.22441667	562
29.2336	551
29.24273333	548
29.25201667	557
29.26243333	625
29.27281667	623
29.28285	602
29.29333333	629
29.30531667	719
29.3185	791
29.3304	714
29.34175	681
29.35391667	730
29.36565	704
29.37655	654
29.38696667	625
29.39708333	607
29.4068	583
29.41631667	571
29.42565	560
29.43538333	584
29.44691667	692
29.4598	773
29.47153333	704
29.48281667	677
29.4958	779
29.50971667	835
29.52385	848
29.5375	819
29.55038333	773
29.56168333	678
29.57205	622
29.58211667	604
29.59211667	600
29.6026	629
29.61305	627
29.62308333	602
29.63335	616
29.64548333	728
29.65853333	783
29.67065	727
29.6823	699
29.69306667	646
29.70366667	636
29.71421667	633
29.72493333	643
29.73533333	624
29.74623333	654
29.75805	709
29.77055	750
29.78285	738
29.79465	708
29.80618333	692
29.81796667	707
29.83043333	748
29.84356667	788
29.85621667	759
29.86875	752
29.88116667	745
29.89313333	718
29.90408333	657
29.91451667	626
29.92495	626
29.93531667	622
29.94525	596
29.95513333	593
29.965	592
29.97536667	622
29.98696667	696
29.99906667	726
30.0109	710
30.02166667	646
30.0322	632
30.04263333	626
30.05315	631
30.0641	657
30.07561667	691
30.0874	707
30.09911667	703
30.11131667	732
30.12313333	709
30.13505	715
30.14738333	740
30.16001667	758
30.17226667	735
30.18345	671
30.19375	618
30.20375	600
30.2135	585
30.22356667	604
30.23565	725
30.24786667	733
30.25966667	708
30.2723	758
30.28551667	793
30.29946667	837
30.31295	809
30.32608333	788
30.33918333	786
30.35163333	747
30.36401667	743
30.37615	728
30.3877	693
30.39845	645
30.40885	624
30.41938333	632
30.4311	703
30.44448333	803
30.4571	757
30.46901667	715
30.48083333	709
30.49235	691
30.503	639
30.51328333	617
30.52415	652
30.53581667	700
30.54691667	666
30.55736667	627
30.56846667	666
30.58066667	732
30.59215	689
30.60356667	685
30.6155	716
30.62793333	746
30.63986667	716
30.65146667	696
30.66266667	672
30.67296667	618
30.68305	605
30.69306667	601
30.70345	623
30.71533333	713
30.72781667	749
30.73868333	652
30.74918333	630
30.7598	637
30.77015	621
30.78068333	632
30.79216667	689
30.80495	767
30.81776667	769
30.82913333	682
30.83985	643
30.8506	645
30.86176667	670
30.87393333	730
30.88586667	716
30.89736667	690
30.9084	662
30.9187	618
30.9289	612
30.93888333	599
30.94903333	609
30.96006667	662
30.97208333	721
30.98543333	801
30.99858333	789
31.01113333	753
31.02365	751
31.03558333	716
31.04731667	704
31.0585	671
31.06878333	617
31.07881667	602
31.08878333	598
31.09938333	636
31.11091667	692
31.12328333	742
31.1347	685
31.14523333	632
31.15606667	650
31.16641667	621
31.1767	617
31.18741667	643
31.19901667	696
31.21088333	712
31.22331667	746
31.23488333	694
31.24625	682
31.25841667	730
31.27088333	748
31.28296667	725
31.29505	725
31.3065	687
31.31728333	647
31.32763333	621
31.33743333	588
31.34725	589
31.3577	627
31.37225	873
31.38681667	874
31.40093333	847
31.41438333	807
31.42718333	768
31.43858333	684
31.45046667	713
31.46351667	783
31.47676667	795
31.48886667	726
31.5002	680
31.51115	657
31.52173333	635
31.53228333	633
31.54255	616
31.55325	642
31.56586667	757
31.57946667	816
31.5927	794
31.6061	804
31.61916667	784
31.6317	752
31.6437	720
31.65476667	664
31.66583333	664
31.67686667	662
31.68828333	685
31.69993333	699
31.71136667	686
31.72216667	648
31.73358333	685
31.74503333	687
31.75676667	704
31.7682	686
31.77996667	706
31.79185	713
31.80403333	731
31.81585	709
31.82726667	685
31.8385	674
31.84893333	626
31.85931667	623
31.86943333	607
31.87928333	591
31.88925	598
31.89966667	625
31.91063333	658
31.92173333	666
31.93235	637
31.94241667	604
31.95233333	595
31.96203333	582
31.97153333	570
31.98085	559
31.9901	555
31.99931667	553
32.00865	560
