0.01055	633
0.021	627
0.031283333	617
0.041233333	597
0.051183333	597
0.06095	586
0.070666667	583
0.080383333	583
0.09015	586
0.099883333	584
0.109866667	599
0.1201	614
0.130816667	643
0.141766667	657
0.152083333	619
0.162016667	596
0.172283333	616
0.183066667	647
0.194316667	675
0.205533333	673
0.216233333	642
0.22695	643
0.238066667	667
0.24955	689
0.261066667	691
0.272216667	669
0.283483333	676
0.29465	670
0.30595	678
0.317283333	680
0.328583333	678
0.33985	676
0.351433333	695
0.36295	691
0.37385	654
0.384483333	638
0.394933333	627
0.405183333	615
0.415116667	596
0.42475	578
0.434283333	572
0.444016667	584
0.4541	605
0.464333333	614
0.47415	589
0.484183333	602
0.494666667	629
0.505316667	639
0.515733333	625
0.525766667	602
0.536	614
0.546466667	628
0.557483333	661
0.568316667	650
0.57905	644
0.590316667	676
0.601883333	694
0.613433333	693
0.62475	679
0.636133333	683
0.647833333	702
0.659933333	726
0.67165	703
0.682833333	671
0.694016667	671
0.705516667	690
0.717416667	714
0.728583333	670
0.7394	649
0.75035	657
0.761283333	656
0.77185	634
0.782083333	614
0.792266667	611
0.8026	620
0.8126	600
0.822516667	595
0.832666667	609
0.843166667	630
0.853483333	619
0.86385	622
0.874566667	643
0.885383333	649
0.895683333	618
0.905983333	618
0.916516667	632
0.9268	617
0.937033333	614
0.947516667	629
0.958116667	636
0.9685	623
0.97895	627
0.989616667	640
1.000266667	639
1.0109	638
1.0213	624
1.031816667	631
1.042366667	633
1.0527	620
1.0631	624
1.073616667	631
1.084183333	634
1.0945	619
1.10495	627
1.115516667	634
1.126083333	634
1.13655	628
1.146716667	610
1.157166667	627
1.167683333	631
1.178216667	632
1.188416667	612
1.198816667	624
1.209566667	645
1.220416667	651
1.230983333	634
1.2419	655
1.253216667	679
1.26475	692
1.275916667	670
1.287066667	669
1.298383333	679
1.309133333	645
1.319616667	629
1.330183333	634
1.340816667	638
1.351216667	624
1.3614	611
1.37195	633
1.38265	642
1.39355	654
1.404716667	670
1.41585	668
1.4269	663
1.43775	651
1.448666667	655
1.459633333	658
1.47015	631
1.480683333	632
1.49135	640
1.50215	648
1.512716667	634
1.523366667	639
1.534183333	649
1.544933333	645
1.555483333	633
1.566033333	633
1.576666667	638
1.587116667	627
1.597666667	633
1.608316667	639
1.618883333	634
1.629566667	641
1.640583333	661
1.651683333	666
1.6625	649
1.673283333	647
1.6843	661
1.69545	669
1.706866667	685
1.717916667	663
1.728716667	648
1.739633333	655
1.7507	664
1.761666667	658
1.772366667	642
1.78315	647
1.7941	657
1.806083333	719
1.8177	697
1.829016667	679
1.8406	695
1.851983333	683
1.863366667	683
1.874366667	660
1.885383333	661
1.896466667	665
1.9073	650
1.917866667	634
1.928466667	636
1.939233333	646
1.94975	631
1.960333333	635
1.971116667	647
1.981983333	652
1.99255	634
2.00305	630
2.013383333	620
2.023583333	612
2.033966667	623
2.0444	626
2.05495	633
2.065266667	619
2.075766667	630
2.086516667	645
2.097333333	649
2.107816667	629
2.1182	623
2.1286	624
2.138916667	619
2.149016667	606
2.1591	605
2.169466667	622
2.180233333	646
2.19085	637
2.201466667	637
2.212183333	643
2.2229	643
2.233333333	626
2.244	640
2.254666667	640
2.265066667	624
2.275716667	639
2.28665	656
2.297383333	644
2.307983333	636
2.318616667	638
2.329233333	637
2.339833333	636
2.350383333	633
2.360783333	624
2.37085	604
2.380766667	595
2.39085	605
2.401066667	613
2.411316667	615
2.421466667	609
2.432016667	633
2.4434	683
2.4547	678
2.465883333	671
2.477333333	687
2.488916667	695
2.5002	677
2.511216667	661
2.521983333	646
2.532566667	635
2.542733333	610
2.5526	592
2.5623	582
2.571933333	578
2.5816	580
2.591133333	572
2.600683333	573
2.61045	586
2.620416667	598
2.630766667	621
2.6409	608
2.65105	609
2.661466667	625
2.672133333	640
2.683183333	663
2.693933333	645
2.7048	652
2.71595	669
2.727433333	689
2.739133333	702
2.750116667	659
2.761083333	658
2.771766667	641
2.782333333	634
2.7927	622
2.803066667	622
2.814	656
2.82545	687
2.836833333	683
2.848016667	671
2.85965	698
2.871516667	712
2.88355	722
2.89465	666
2.905266667	637
2.915833333	634
2.926633333	648
2.937533333	654
2.948433333	654
2.9591	640
2.970016667	655
2.981366667	681
2.992666667	678
3.003883333	673
3.015383333	690
3.026833333	687
3.037766667	656
3.04855	647
3.059566667	661
3.070783333	673
3.081683333	654
3.092416667	644
3.1032	647
3.11385	639
3.1241	615
3.134283333	611
3.1449	637
3.156	666
3.166766667	646
3.177633333	652
3.188766667	668
3.199916667	669
3.210733333	649
3.221666667	656
3.232883333	673
3.2441	673
3.25495	651
3.2659	657
3.276916667	661
3.28785	656
3.29845	636
3.308933333	629
3.319566667	638
3.330033333	628
3.340416667	623
3.350833333	625
3.36145	637
3.372266667	649
3.38295	641
3.39375	648
3.405016667	676
3.416716667	702
3.427866667	669
3.439083333	673
3.450266667	671
3.461333333	664
3.471933333	636
3.482233333	618
3.492716667	629
3.503416667	642
3.514466667	663
3.525316667	651
3.536483333	670
3.547983333	690
3.559266667	677
3.570383333	667
3.581783333	684
3.593166667	683
3.604066667	654
3.614766667	642
3.625566667	648
3.636216667	639
3.64695	644
3.657733333	647
3.66865	655
3.679366667	643
3.690016667	639
3.700833333	649
3.711483333	639
3.722416667	656
3.733583333	670
3.74455	658
3.755733333	671
3.766983333	675
3.778033333	663
3.789283333	675
3.800683333	684
3.8119	673
3.82265	645
3.833266667	637
3.844	644
3.854733333	644
3.8656	652
3.876333333	644
3.886883333	633
3.897316667	626
3.907616667	618
3.9177	605
3.9278	606
3.937766667	598
3.947583333	589
3.95745	592
3.967366667	595
3.977383333	601
3.98725	592
3.99705	588
4.007116667	604
4.017216667	606
4.0272	599
4.03735	609
4.0476	615
4.057783333	611
4.068133333	621
4.078583333	627
4.08925	640
4.09975	630
4.11015	624
4.120583333	626
4.13095	622
4.141283333	620
4.1517	625
4.162066667	622
4.172033333	598
4.182083333	603
4.1922	607
4.202466667	616
4.212716667	615
4.223	617
4.2335	630
4.24415	639
4.254466667	619
4.264883333	625
4.2754	631
4.285883333	629
4.296183333	618
4.306483333	618
4.316983333	630
4.32745	628
4.33765	612
4.347833333	611
4.358066667	614
4.368483333	625
4.378666667	611
4.3887	602
4.39895	615
4.40935	624
4.419633333	617
4.429866667	614
4.440166667	618
4.450633333	628
4.461066667	626
4.4716	632
4.482383333	647
4.493166667	647
4.5036	626
4.514216667	637
4.524983333	646
4.5356	637
4.545916667	619
4.556283333	622
4.566916667	638
4.5778	653
4.588433333	638
4.5989	628
4.609483333	635
4.620383333	654
4.63135	658
4.642016667	640
4.652766667	645
4.663616667	651
4.674166667	633
4.684383333	613
4.69455	610
4.704933333	623
4.715483333	633
4.726166667	641
4.736683333	631
4.747366667	641
4.758316667	657
4.76925	656
4.779916667	640
4.7906	641
4.801283333	641
4.811783333	630
4.821983333	612
4.831916667	596
4.841816667	594
4.85175	596
4.861716667	598
4.87155	590
4.88135	588
4.891116667	586
4.90095	590
4.910733333	587
4.9203	574
4.929716667	565
4.939316667	576
4.9492	593
4.95875	573
4.968316667	574
4.97815	590
4.98815	600
4.99805	594
5.0077	579
5.017583333	593
5.027633333	603
5.037966667	620
5.047966667	600
5.05825	617
5.068916667	640
5.0797	647
5.090316667	637
5.101133333	649
5.112066667	656
5.1226	632
5.1331	630
5.143716667	637
5.15435	638
5.16495	636
5.17565	642
5.186266667	637
5.196566667	618
5.2068	614
5.217183333	623
5.227666667	629
5.238133333	628
5.2484	616
5.2587	618
5.268916667	613
5.27915	614
5.289166667	601
5.299033333	592
5.308716667	581
5.318266667	573
5.32755	557
5.336766667	553
5.346	554
5.354883333	533
5.363716667	530
5.372483333	526
5.38125	526
5.38985	516
5.398366667	511
5.406883333	511
5.415433333	513
5.42415	523
5.433066667	535
5.442266667	552
5.451483333	553
5.460683333	552
5.47	559
5.479483333	569
5.489133333	579
5.499166667	602
5.5094	614
5.519816667	625
5.53045	638
5.5408	621
5.551083333	617
5.561183333	606
5.57115	598
5.58105	594
5.590916667	592
5.600683333	586
5.610266667	575
5.619816667	573
5.6293	569
5.638866667	574
5.648533333	580
5.658133333	576
5.667633333	570
5.686716667	0
5.696166667	567
5.70525	545
5.714166667	535
5.723	530
5.731733333	524
5.74025	511
5.74865	504
5.757	501
5.7653	498
5.773633333	500
5.782366667	524
5.791783333	565
5.802283333	630
5.814266667	719
5.827766667	0
5.8404	758
5.851716667	679
5.862566667	651
5.873533333	658
5.88465	667
5.8958	669
5.906966667	670
5.918883333	715
5.9312	739
5.942666667	688
5.95425	695
5.965983333	704
5.977483333	690
5.9883	649
5.99935	663
6.01095	696
6.023033333	725
6.034416667	683
6.046183333	706
6.058133333	717
6.07005	715
6.081816667	706
6.09345	698
6.104883333	686
6.116266667	683
6.1275	674
6.138683333	671
6.149516667	650
6.1599	623
6.170416667	631
6.181583333	670
6.193783333	732
6.205333333	693
6.216683333	681
6.228233333	693
6.240333333	726
6.252316667	719
6.263616667	678
6.274816667	672
6.286266667	687
6.297283333	661
6.3083	661
6.3192	654
6.329733333	632
6.340016667	617
6.350483333	628
6.361033333	633
6.371433333	624
6.381966667	632
6.392833333	652
6.4042	682
6.415233333	662
6.426383333	669
6.4385	727
6.450583333	725
6.462383333	708
6.474233333	711
6.486133333	714
6.49785	703
6.509466667	697
6.52085	683
6.532216667	682
6.543366667	669
6.554366667	660
6.565166667	648
6.575433333	616
6.585766667	620
6.596766667	660
6.608766667	720
6.62085	725
6.632633333	707
6.644366667	704
6.655566667	672
6.6668	674
6.67825	687
6.68995	702
6.701233333	677
6.7124	670
6.72375	681
6.73515	684
6.745816667	640
6.756416667	636
6.7669	629
6.77745	633
6.787766667	619
6.798316667	633
6.80925	656
6.82055	678
6.831716667	670
6.843033333	679
6.854533333	690
6.866033333	690
6.877316667	677
6.88875	686
6.900233333	689
6.911416667	671
6.922116667	642
6.9329	647
6.943983333	665
6.955433333	687
6.96645	661
6.977616667	670
6.98845	650
6.999416667	658
7.010333333	655
7.021033333	642
7.031466667	626
7.0419	626
7.052516667	637
7.06285	620
7.07335	630
7.084116667	646
7.09485	644
7.105483333	638
7.116266667	647
7.127366667	666
7.1379	632
7.148616667	643
7.159216667	636
7.169516667	618
7.179983333	628
7.190266667	617
7.200266667	600
7.210116667	591
7.220016667	594
7.230016667	600
7.239883333	592
7.249933333	603
7.2601	610
7.270366667	616
7.280516667	609
7.29085	620
7.301166667	619
7.311283333	607
7.321316667	602
7.3315	611
7.3415	600
7.35135	591
7.361233333	593
7.3713	604
7.381183333	593
7.390983333	588
7.400783333	588
7.410766667	599
7.420633333	592
7.430233333	576
7.439866667	578
7.4496	584
7.459283333	581
7.468833333	573
7.478366667	572
7.488033333	580
7.497666667	578
7.507233333	574
7.5166	562
7.526033333	566
7.535466667	566
7.544766667	558
7.55395	551
7.56315	552
7.572433333	557
7.581583333	549
7.590616667	542
7.599783333	550
7.60915	562
7.618466667	559
7.62765	551
7.636883333	554
7.646316667	566
7.655716667	564
7.664966667	555
7.67415	551
7.683516667	562
7.69275	554
7.701866667	547
7.71095	545
7.720133333	551
7.7293	550
7.7384	546
7.747483333	545
7.756683333	552
7.766066667	563
7.775266667	552
7.784316667	543
7.793533333	553
7.8029	562
7.812433333	572
7.82185	565
7.831233333	563
7.84065	565
7.85015	570
7.859516667	562
7.868766667	555
7.878166667	564
7.8876	566
7.896966667	562
7.906216667	555
7.915516667	558
7.9251	575
7.934683333	575
7.944066667	563
7.953483333	565
7.963033333	573
7.972583333	573
7.981933333	561
7.991233333	558
8.0007	568
8.010283333	575
8.01975	568
8.0291	561
8.038616667	571
8.0483	581
8.057833333	572
8.067116667	557
8.07645	560
8.086016667	574
8.095633333	577
8.105033333	564
8.114416667	563
8.124083333	580
8.13385	586
8.1434	573
8.152983333	575
8.16265	580
8.172483333	590
8.182233333	585
8.1918	574
8.2013	570
8.2109	576
8.2207	588
8.230433333	584
8.240033333	576
8.249783333	585
8.259766667	599
8.269616667	591
8.279266667	579
8.289083333	589
8.298916667	590
8.3088	593
8.318566667	586
8.32825	581
8.337833333	575
8.347283333	567
8.356666667	563
8.365983333	559
8.375283333	558
8.384416667	548
8.393433333	541
8.402483333	543
8.41145	538
8.42025	528
8.429033333	527
8.437933333	534
8.446833333	534
8.4556	526
8.46465	543
8.4739	555
8.483266667	562
8.492466667	552
8.501883333	565
8.511633333	585
8.521383333	585
8.5311	583
8.5409	588
8.55065	585
8.56035	582
8.570183333	590
8.580083333	594
8.589766667	581
8.599583333	589
8.6095	595
8.619366667	592
8.629033333	580
8.6387	580
8.648216667	571
8.657816667	576
8.667433333	577
8.676966667	572
8.686366667	564
8.695783333	565
8.70525	568
8.714583333	560
8.72395	562
8.7335	573
8.743066667	574
8.752483333	565
8.76185	562
8.771366667	571
8.780933333	574
8.7904	568
8.79975	561
8.809033333	557
8.818416667	563
8.827833333	565
8.8371	556
8.8463	552
8.85555	555
8.8648	555
8.87415	561
8.883333333	551
8.892433333	546
8.901516667	545
8.91065	548
8.91975	546
8.9287	537
8.937733333	542
8.946783333	543
8.9559	547
8.964933333	542
8.97395	541
8.983083333	548
8.99225	550
9.001316667	544
9.010416667	546
9.019633333	553
9.02895	559
9.03815	552
9.047283333	548
9.056483333	552
9.06565	550
9.0747	543
9.083733333	542
9.092783333	543
9.10175	538
9.110666667	535
9.119583333	535
9.128466667	533
9.137366667	534
9.146166667	528
9.154966667	528
9.163783333	529
9.17255	526
9.181233333	521
9.189916667	521
9.198583333	520
9.2072	517
9.2157	510
9.224183333	509
9.232683333	510
9.2411	505
9.24945	501
9.257766667	499
9.266066667	498
9.27445	503
9.282766667	499
9.290933333	490
9.299083333	489
9.307266667	491
9.31545	491
9.323733333	497
9.33195	493
9.340116667	490
9.348283333	490
9.35655	496
9.364733333	491
9.372983333	495
9.381166667	491
9.389316667	489
9.3976	497
9.40585	495
9.41405	492
9.422166667	487
9.430316667	489
9.43845	488
9.44655	486
9.454566667	481
9.46255	479
9.47055	480
9.478516667	478
9.486566667	483
9.494516667	477
9.502466667	477
9.510466667	480
9.518566667	486
9.526683333	487
9.53475	484
9.542766667	481
9.5508	482
9.558866667	484
9.566966667	486
9.57505	485
9.583166667	487
9.591216667	483
9.599233333	481
9.607233333	480
9.615216667	479
9.6232	479
9.631133333	476
9.639033333	474
9.6469	472
9.65475	471
9.662616667	472
9.670466667	471
9.678283333	469
9.686066667	467
9.693883333	469
9.701666667	467
9.709466667	468
9.71725	467
9.725033333	467
9.732783333	465
9.740533333	465
9.748333333	468
9.756066667	464
9.763916667	471
9.77175	470
9.779533333	467
9.787333333	468
9.795133333	468
9.803	472
9.81095	477
9.818866667	475
9.82675	473
9.83465	474
9.842483333	470
9.850316667	470
9.8581	467
9.865983333	473
9.873933333	477
9.881983333	483
9.889916667	476
9.897866667	477
9.9059	482
9.913983333	485
9.9221	487
9.930216667	487
9.938233333	481
9.946283333	483
9.954333333	483
9.962333333	480
9.970283333	477
9.9782	475
9.9861	474
9.994	474
10.00186667	472
10.00973333	472
10.01758333	471
10.02541667	470
10.03325	470
10.0411	471
10.04893333	470
10.05665	463
10.0644	465
10.0721	462
10.07975	459
10.08743333	461
10.09508333	459
10.10271667	458
10.11036667	459
10.11796667	456
10.12558333	457
10.13318333	456
10.1408	457
10.14841667	457
10.15606667	459
10.16368333	457
10.1713	457
10.17888333	455
10.1865	457
10.19416667	460
10.20186667	462
10.20953333	460
10.21715	457
10.22476667	457
10.23241667	459
10.24005	458
10.24768333	458
10.25535	460
10.26303333	461
10.27066667	458
10.27836667	462
10.28606667	462
10.29376667	462
10.30141667	459
10.30911667	462
10.31678333	460
10.32446667	461
10.33213333	460
10.33973333	456
10.3473	454
10.35486667	454
10.36238333	451
10.36996667	455
10.37753333	454
10.3851	454
10.39261667	451
10.40013333	451
10.40761667	449
10.41508333	448
10.42248333	444
10.4299	445
10.43736667	448
10.44481667	447
10.45233333	451
10.45981667	449
10.46731667	450
10.47481667	450
10.48233333	451
10.48988333	453
10.49741667	452
10.505	455
10.51253333	452
10.52003333	450
10.52755	451
10.53503333	449
10.54251667	449
10.54998333	448
10.55743333	447
10.56485	445
10.57226667	445
10.57966667	444
10.58716667	450
10.59465	449
10.60208333	446
10.60945	442
10.61685	444
10.6243	447
10.63168333	443
10.63908333	444
10.64653333	447
10.65405	451
10.66153333	449
10.66905	451
10.67655	450
10.68405	450
10.69155	450
10.69901667	448
10.7065	449
10.71396667	448
10.72145	449
10.72891667	448
10.73638333	448
10.74381667	446
10.75125	446
10.75866667	445
10.76606667	444
10.77348333	445
10.78081667	440
10.7882	443
10.79558333	443
10.80296667	443
10.81033333	442
10.81775	445
10.82518333	446
10.83261667	446
10.84006667	447
10.8475	446
10.85506667	454
10.8628	464
10.87058333	467
10.87833333	465
10.88603333	462
10.89373333	462
10.90141667	461
10.9091	461
10.91678333	461
10.92446667	461
10.93215	461
10.93978333	458
10.9474	457
10.95498333	455
10.9626	457
10.97015	453
10.97773333	455
10.98535	457
10.99293333	455
11.0005	454
11.00808333	455
11.01571667	458
11.02335	458
11.03098333	458
11.03856667	455
11.04616667	456
11.05373333	454
11.06135	457
11.0689	453
11.07641667	451
11.08395	452
11.09145	450
11.09901667	454
11.10661667	456
11.11415	452
11.12166667	451
11.1292	452
11.13676667	454
11.14438333	457
11.15195	454
11.15953333	455
11.1671	454
11.17463333	452
11.18218333	453
11.18971667	452
11.1972	449
11.20468333	449
11.21208333	444
11.21948333	444
11.2269	445
11.23425	441
11.24158333	440
11.24895	442
11.25628333	440
11.2637	445
11.27103333	440
11.27835	439
11.28568333	440
11.29295	436
11.3003	441
11.30765	441
11.31496667	439
11.32228333	439
11.3296	439
11.33693333	440
11.34416667	434
11.3515	440
11.35876667	436
11.36608333	439
11.37346667	443
11.38081667	441
11.38821667	444
11.39558333	442
11.40296667	443
11.41038333	445
11.41783333	447
11.42533333	450
11.43283333	450
11.44028333	447
11.44771667	446
11.45515	446
11.4626	447
11.47003333	446
11.47745	445
11.48483333	443
11.49221667	443
11.49963333	445
11.50701667	443
11.51441667	444
11.5218	443
11.52918333	443
11.53655	442
11.54395	444
11.55133333	443
11.55868333	441
11.56605	442
11.5734	441
11.5807	438
11.58798333	437
11.59526667	437
11.60253333	436
11.60975	433
11.617	435
11.6242	432
11.6314	432
11.63856667	430
11.64571667	429
11.65286667	429
11.66003333	430
11.66716667	428
11.67428333	427
11.68143333	429
11.68858333	429
11.69578333	432
11.703	433
11.71016667	430
11.7174	434
11.72461667	433
11.73188333	436
11.73913333	435
11.74638333	435
11.75363333	435
11.76086667	434
11.7682	440
11.77553333	440
11.78281667	437
11.79011667	438
11.79743333	439
11.80481667	443
11.81218333	442
11.81955	442
11.8269	441
11.83426667	442
11.84158333	439
11.84891667	440
11.85623333	439
11.86351667	437
11.87078333	436
11.87805	436
11.8853	435
11.89251667	433
11.89973333	433
11.90688333	429
11.91406667	431
11.92125	431
11.92846667	433
11.93573333	436
11.94296667	434
11.95023333	436
11.95756667	440
11.96495	443
11.97235	444
11.9797	441
11.98706667	442
11.99445	443
12.0018	441
12.00916667	442
12.01653333	442
12.02383333	438
12.03111667	437
12.03838333	436
12.0456	433
12.05283333	434
12.05998333	429
12.06716667	431
12.07431667	429
12.08146667	429
12.08863333	430
12.09581667	431
12.10295	428
12.11013333	431
12.11731667	431
12.1246	437
12.13183333	434
12.13908333	435
12.14631667	434
12.15358333	436
12.16086667	437
12.16821667	441
12.17558333	442
12.18293333	441
12.19026667	440
12.19765	443
12.20513333	449
12.21263333	450
12.22008333	447
12.22751667	446
12.23491667	444
12.24231667	444
12.24971667	444
12.25706667	441
12.26438333	439
12.27168333	438
12.27896667	437
12.28625	437
12.29355	438
12.30085	438
12.30813333	437
12.3154	436
12.32271667	439
12.33006667	441
12.33741667	441
12.34473333	439
12.35205	439
12.35943333	443
12.3669	448
12.37435	447
12.38176667	445
12.38921667	447
12.39673333	451
12.40436667	458
12.4119	452
12.41943333	452
12.42696667	452
12.43451667	453
12.44206667	453
12.44965	455
12.45718333	452
12.4647	451
12.47216667	448
12.47966667	450
12.48716667	450
12.49461667	447
12.50201667	444
12.50943333	445
12.51685	445
12.5243	447
12.53178333	449
12.53918333	444
12.54661667	446
12.55408333	448
12.56158333	450
12.5691	451
12.57655	447
12.58398333	446
12.59143333	447
12.59891667	449
12.60646667	453
12.614	452
12.62151667	451
12.62896667	447
12.63641667	447
12.64386667	447
12.65128333	445
12.65876667	449
12.66621667	447
12.67366667	447
12.68115	449
12.68866667	451
12.6962	452
12.70371667	451
12.71123333	451
12.71873333	450
12.72626667	452
12.73381667	453
12.74143333	457
12.74896667	452
12.75645	449
12.76395	450
12.77146667	451
12.77895	449
12.78641667	448
12.79388333	448
12.8013	445
12.80868333	443
12.81605	442
12.82338333	440
12.83063333	435
12.83783333	432
12.84505	433
12.85225	432
12.85945	432
12.86658333	428
12.87366667	425
12.88078333	427
12.88781667	422
12.89486667	423
12.90191667	423
12.90895	422
12.91595	420
12.92295	420
12.93	423
12.93705	423
12.94415	426
12.95128333	428
12.95841667	428
12.96553333	427
12.97268333	429
12.97986667	431
12.98701667	429
12.99421667	432
13.00141667	432
13.00861667	432
13.01585	434
13.02305	432
13.03026667	433
13.03753333	436
13.04475	433
13.05198333	434
13.0592	433
13.06648333	437
13.0738	439
13.08115	441
13.08843333	437
13.09575	439
13.10313333	443
13.11051667	443
13.11791667	444
13.12528333	442
13.1326	439
13.13993333	440
13.14725	439
13.15461667	442
13.16195	440
13.16925	438
13.17655	438
13.18381667	436
13.19116667	441
13.1985	440
13.20576667	436
13.21306667	438
13.22043333	442
13.22783333	444
13.23526667	446
13.24258333	439
13.24991667	440
13.25726667	441
13.26463333	442
13.27201667	443
13.27941667	444
13.2868	443
13.29416667	442
13.30155	443
13.30893333	443
13.3163	442
13.32363333	440
13.33096667	440
13.33831667	441
13.34566667	441
13.35305	443
13.36033333	437
13.36763333	438
13.37496667	440
13.38235	443
13.3898	447
13.39721667	445
13.40465	446
13.4121	447
13.41965	453
13.42718333	452
13.43468333	450
13.44215	448
13.44961667	448
13.45713333	451
13.46461667	449
13.47215	452
13.47963333	449
13.48706667	446
13.49445	443
13.5018	441
13.50918333	443
13.51653333	441
13.52386667	440
13.53116667	438
13.53848333	439
13.5458	439
13.55305	435
13.56026667	433
13.56745	431
13.5747	435
13.58193333	434
13.58908333	429
13.59623333	429
13.6034	430
13.61061667	433
13.61783333	433
13.62506667	434
13.6323	434
13.63958333	437
13.6469	439
13.65421667	439
13.66151667	438
13.66883333	439
13.6762	442
13.68361667	445
13.691	443
13.69838333	443
13.70575	442
13.7131	441
13.72041667	439
13.72775	440
13.73503333	437
13.7423	436
13.74958333	437
13.75681667	434
13.7641	437
13.77135	435
13.7786	435
13.78585	435
13.79316667	439
13.80048333	439
13.8078	439
13.81508333	437
13.82236667	437
13.82966667	438
13.83698333	439
13.84431667	440
13.85163333	439
13.85896667	440
13.86631667	441
13.87363333	439
13.88093333	438
13.88821667	437
13.89548333	436
13.90276667	437
13.91006667	438
13.91735	437
13.92461667	436
13.93188333	436
13.93911667	434
13.94635	434
13.95361667	436
13.96083333	433
13.96808333	435
13.9753	433
13.98258333	437
13.98986667	437
13.99718333	439
14.00443333	435
14.01163333	432
14.01885	433
14.02608333	434
14.03336667	437
14.04065	437
14.0479	435
14.05515	435
14.0624	435
14.06968333	437
14.07698333	438
14.08426667	437
14.09156667	438
14.09886667	438
14.10615	437
14.11343333	437
14.12073333	438
14.12796667	434
14.13523333	436
14.14248333	435
14.14978333	438
14.15705	436
14.1643	435
14.17155	435
14.17878333	434
14.18603333	435
14.19325	433
14.20046667	433
14.20765	431
14.21483333	431
14.22205	433
14.2293	435
14.2366	438
14.24383333	434
14.2511	436
14.25835	435
14.2656	435
14.2729	438
14.2802	438
14.28745	435
14.2947	435
14.30195	435
14.3092	435
14.31648333	437
14.3237	433
14.33091667	433
14.33813333	433
14.34536667	434
14.35261667	435
14.3599	437
14.36716667	436
14.3744	434
14.38166667	436
14.38893333	436
14.3962	436
14.40345	435
14.41073333	437
14.41801667	437
14.42531667	438
14.4326	437
14.43986667	436
14.44713333	436
14.45445	439
14.46178333	440
14.46905	436
14.47626667	433
14.4835	434
14.49071667	433
14.49798333	436
14.50533333	441
14.51266667	440
14.51993333	436
14.52723333	438
14.5346	442
14.54198333	443
14.54933333	441
14.55666667	440
14.56395	437
14.57125	438
14.57855	438
14.58588333	440
14.5932	439
14.60048333	437
14.60775	436
14.61503333	437
14.6223	436
14.62961667	439
14.63688333	436
14.64411667	434
14.65138333	436
14.65863333	435
14.66591667	437
14.67315	434
14.68036667	433
14.68761667	435
14.69483333	433
14.70205	433
14.70926667	433
14.71646667	432
14.72361667	429
14.73078333	430
14.73796667	431
14.74511667	429
14.75228333	430
14.75945	430
14.7666	429
14.77373333	428
14.78086667	428
14.78796667	426
14.79505	425
14.8021	423
14.80915	423
14.8162	423
14.82326667	424
14.83035	425
14.83745	426
14.84461667	430
14.85176667	429
14.85898333	433
14.86615	430
14.87336667	433
14.88065	437
14.88798333	440
14.8954	445
14.9028	444
14.91021667	445
14.9177	449
14.92525	453
14.93275	450
14.94025	450
14.94775	450
14.95528333	452
14.96283333	453
14.97041667	455
14.97796667	453
14.9855	452
14.993	450
15.00053333	452
15.00808333	453
15.0156	451
15.0231	450
15.03058333	449
15.03808333	450
15.04563333	453
15.0532	454
15.06063333	446
15.06808333	447
15.07553333	447
15.083	448
15.09048333	449
15.09791667	446
15.10533333	445
15.11271667	443
15.12016667	447
15.12761667	447
15.13501667	444
15.14243333	445
15.14985	445
15.15731667	448
15.16481667	450
15.17235	452
15.17986667	451
15.18741667	453
15.19498333	454
15.20263333	459
15.21025	457
15.21781667	454
15.2254	455
15.23301667	457
15.2407	461
15.24841667	463
15.25605	458
15.26368333	458
15.27135	460
15.2791	465
15.28683333	464
15.29455	463
15.30226667	463
15.30995	461
15.31771667	466
15.3254	461
15.33298333	455
15.34055	454
15.3481	453
15.35566667	454
15.36321667	453
15.3707	449
15.37815	447
15.38568333	452
15.39315	448
15.4006	447
15.40798333	443
15.41545	448
15.42295	450
15.43045	450
15.43796667	451
15.44543333	448
15.4529	448
15.46043333	452
15.46795	451
15.47551667	454
15.48306667	453
15.4906	452
15.49815	453
15.50571667	454
15.51325	452
15.52076667	451
15.52825	449
15.53575	450
15.54323333	449
15.5507	448
15.55813333	446
15.56553333	444
15.57293333	444
15.58035	445
15.58775	444
15.59515	444
15.60251667	442
15.60986667	441
15.61721667	441
15.62456667	441
15.63195	443
15.63926667	439
15.6466	440
15.65393333	440
15.66136667	446
15.66881667	447
15.67621667	444
15.68358333	442
15.69095	442
15.69838333	446
15.70586667	449
15.71331667	447
15.72075	446
15.72816667	445
15.73561667	447
15.7431	449
15.75056667	448
15.75796667	444
15.76533333	442
15.77273333	444
15.78015	445
15.78755	444
15.79491667	442
15.80226667	441
15.80963333	442
15.81698333	441
15.8243	439
15.83156667	436
15.83881667	435
15.84606667	435
15.85331667	435
15.86058333	436
15.86781667	434
15.87503333	433
15.88226667	434
15.88951667	435
15.8968	437
15.9041	438
15.91138333	437
15.91866667	437
15.92596667	438
15.93335	443
15.94078333	446
15.9482	445
15.95555	441
15.96291667	442
15.97028333	442
15.97763333	441
15.98505	445
15.99238333	440
15.99966667	437
16.00695	437
16.01425	438
16.0215	435
16.02876667	436
16.036	434
16.04316667	430
16.05035	431
16.05756667	433
16.0648	434
16.07205	435
16.07926667	433
16.08653333	436
16.09388333	441
16.10131667	446
16.10875	446
16.11613333	443
16.12355	445
16.13108333	452
16.13866667	455
16.14626667	456
16.1538	452
16.1613	450
16.16881667	451
16.17633333	451
16.18381667	449
16.19123333	445
16.19861667	443
16.20601667	444
16.21338333	442
16.2207	439
16.22796667	436
16.23521667	435
16.24243333	433
16.24961667	431
16.25681667	432
16.26398333	430
16.27115	430
16.27833333	431
16.28553333	432
16.29278333	435
16.29998333	432
16.30718333	432
16.3144	433
16.32166667	436
16.32893333	436
16.33615	433
16.34336667	433
16.3506	434
16.35785	435
16.36516667	439
16.3725	440
16.37978333	437
16.38706667	437
16.39438333	439
16.4017	439
16.409	438
16.41631667	439
16.42361667	438
16.43093333	439
16.43828333	441
16.44568333	444
16.45311667	446
16.46053333	445
16.4679	442
16.47533333	446
16.48271667	443
16.49015	446
16.49753333	443
16.5049	442
16.51223333	440
16.51956667	440
16.52688333	439
16.53421667	440
16.54151667	438
16.54881667	438
16.55618333	442
16.56355	442
16.57095	444
16.57831667	442
16.58566667	441
16.593	440
16.60033333	440
16.6077	442
16.61501667	439
16.62231667	438
16.62963333	439
16.63693333	438
16.64421667	437
16.6515	437
16.65875	435
16.666	435
16.67325	435
16.68051667	436
16.68773333	433
16.6949	430
16.70208333	431
16.70925	430
16.71643333	431
16.72365	433
16.73081667	430
16.73798333	430
16.74515	430
16.75235	432
16.7596	435
16.76685	435
16.77401667	430
16.78125	434
16.78845	432
16.79568333	434
16.8029	433
16.8101	432
16.81731667	433
16.82451667	432
16.83175	434
16.83896667	433
16.84618333	433
16.8534	433
16.86061667	433
16.86783333	433
16.87506667	434
16.88223333	430
16.88941667	431
16.8966	431
16.90373333	428
16.9109	430
16.91806667	430
16.92521667	429
16.93235	428
16.93953333	431
16.94675	433
16.95406667	439
16.96141667	441
16.96873333	439
16.97601667	437
16.98333333	439
16.99066667	440
16.99803333	442
17.00536667	440
17.01273333	442
17.0201	442
17.0275	444
17.03493333	446
17.04231667	443
17.04966667	441
17.05705	443
17.06443333	443
17.07183333	444
17.07925	445
17.08661667	442
17.09396667	441
17.1013	440
17.1087	444
17.11603333	440
17.12335	439
17.13068333	440
17.13801667	440
17.14538333	442
17.15271667	440
17.16003333	439
17.16738333	441
17.17471667	440
17.18206667	441
17.18946667	444
17.19681667	441
17.20415	440
17.21143333	437
17.21873333	438
17.22601667	437
17.23331667	438
17.2406	437
17.24788333	437
17.25513333	435
17.2624	436
17.26965	435
17.27691667	436
17.28416667	435
17.29141667	435
17.29865	434
17.306	441
17.31336667	442
17.3207	440
17.32801667	439
17.33533333	439
17.34268333	441
17.35008333	444
17.35745	442
17.36476667	439
17.3721	440
17.37943333	440
17.38678333	441
17.39411667	440
17.40141667	438
17.40873333	439
17.416	436
17.42326667	436
17.43055	437
17.4378	435
17.44505	435
17.45231667	436
17.45958333	436
17.46693333	441
17.47428333	441
17.48158333	438
17.48883333	435
17.49611667	437
17.50341667	438
17.51078333	442
17.5181	439
17.52536667	436
17.53265	437
17.54	441
17.54735	441
17.55468333	440
17.562	439
17.5693	438
17.57658333	437
17.58388333	438
17.59115	436
17.59838333	434
17.60558333	432
17.61276667	431
17.61995	431
17.62715	432
17.63435	432
17.64153333	431
17.6487	430
17.65588333	431
17.66315	436
17.67045	438
17.67776667	439
17.68506667	438
17.69238333	439
17.69976667	443
17.70721667	447
17.71466667	447
17.72206667	444
17.72948333	445
17.73693333	447
17.74441667	449
17.7519	449
17.75936667	448
17.76681667	447
17.77425	446
17.78171667	448
17.7892	449
17.79665	447
17.80403333	443
17.81141667	443
17.81878333	442
17.82615	442
17.83351667	442
17.84085	440
17.84816667	439
17.85545	437
17.86275	438
17.87006667	439
17.87736667	438
17.88465	437
17.89195	438
17.89928333	440
17.90663333	441
17.91396667	440
17.92126667	438
17.92858333	439
17.93595	442
17.94328333	440
17.95066667	443
17.95801667	441
17.96533333	439
17.97265	439
17.97993333	437
17.98718333	435
17.99446667	437
18.00166667	432
18.00888333	433
18.0161	433
18.02333333	434
18.03055	433
18.03776667	433
18.04501667	435
18.05225	434
18.0595	435
18.06676667	436
18.07398333	433
18.08116667	431
18.08836667	432
18.09556667	432
18.10273333	430
18.10993333	432
18.11708333	429
18.12423333	429
18.13136667	428
18.13846667	426
18.14555	425
18.1526	423
18.15963333	422
18.16666667	422
18.17376667	426
18.18083333	424
18.18791667	425
18.195	425
18.20213333	428
18.20936667	434
18.21663333	436
18.22388333	435
18.23111667	434
18.23838333	436
18.2456	433
18.2529	438
18.26013333	434
18.26733333	432
18.27451667	431
18.28171667	432
18.2889	431
18.29608333	431
18.30323333	429
18.31035	427
18.31748333	428
18.3246	427
18.33173333	428
18.33888333	429
18.34593333	423
18.35305	427
18.36013333	425
18.36725	427
18.37433333	425
18.38141667	425
18.38848333	424
18.39553333	423
18.40263333	426
18.40976667	428
18.4169	428
18.42403333	428
18.43115	427
18.43826667	427
18.44538333	427
18.45248333	426
18.45955	424
18.46661667	424
18.47368333	424
18.48076667	425
18.48793333	430
18.4951	430
18.5022	426
18.50931667	427
18.51646667	429
18.5236	428
18.53075	429
18.53788333	428
18.545	427
18.55211667	427
18.55921667	426
18.56635	428
18.57346667	427
18.58055	425
18.58763333	425
18.59466667	422
18.60168333	421
18.6087	421
18.61568333	419
18.62265	418
18.62958333	416
18.63651667	416
18.6434	413
18.65026667	412
18.65718333	415
18.66406667	413
18.67095	413
18.67783333	413
18.6847	412
18.6916	414
18.6985	414
18.70548333	419
18.71253333	423
18.71961667	425
18.72668333	424
18.73376667	425
18.74085	425
18.74798333	428
18.75513333	429
18.76226667	428
18.76938333	427
18.7765	427
18.78363333	428
18.79073333	426
18.79783333	426
18.80493333	426
18.81201667	425
18.81915	428
18.82628333	428
18.8334	427
18.8405	426
18.84761667	427
18.85471667	426
18.86181667	426
18.86893333	427
18.876	424
18.88305	423
18.89006667	421
18.89711667	423
18.9042	425
18.9113	426
18.91848333	431
18.92565	430
18.9329	435
18.94015	435
18.94743333	437
18.95473333	438
18.9621	442
18.96956667	448
18.9771	452
18.98458333	449
18.99206667	449
18.99956667	450
19.00713333	454
19.01466667	452
19.02221667	453
19.02971667	450
19.03718333	448
19.04461667	446
19.05206667	447
19.05948333	445
19.06686667	443
19.07421667	441
19.08163333	445
19.08905	445
19.0964	441
19.10376667	442
19.11108333	439
19.11845	442
19.12586667	445
19.13321667	441
19.14055	440
19.14788333	440
19.15521667	440
19.16261667	444
19.17	443
19.17733333	440
19.18466667	440
19.19205	443
19.19946667	445
19.20698333	451
19.21443333	447
19.22188333	447
19.22935	448
19.23681667	448
19.24421667	444
19.25156667	441
19.2589	440
19.26621667	439
19.27348333	436
19.28071667	434
19.28788333	430
19.2951	433
19.30228333	431
19.30948333	432
19.31673333	435
19.32395	433
19.33115	432
19.33833333	431
19.34553333	432
19.35275	433
19.35996667	433
19.36711667	429
19.3743	431
19.38151667	433
19.3888	437
19.39603333	434
19.40325	433
19.4105	435
19.4178	438
19.4251	438
19.43238333	437
19.43965	436
19.44693333	437
19.45423333	438
19.46153333	438
19.46876667	434
19.476	434
19.48326667	436
19.49058333	439
19.49788333	438
19.50516667	437
19.51241667	435
19.51975	440
19.52708333	440
19.5344	439
19.54166667	436
19.54893333	436
19.55623333	438
19.56361667	443
19.571	443
19.57833333	440
19.58565	439
19.59305	444
19.60048333	446
19.60786667	443
19.61523333	442
19.62258333	441
19.63	445
19.63738333	443
19.64478333	444
19.6522	445
19.6596	444
19.66706667	448
19.67453333	448
19.68196667	446
19.68938333	445
19.69678333	444
19.70418333	444
19.71156667	443
19.71891667	441
19.72625	440
19.73355	438
19.74083333	437
19.74811667	437
19.75541667	438
19.76268333	436
19.76991667	434
19.77711667	432
19.7843	431
19.79151667	433
19.79871667	432
19.80591667	432
19.81311667	432
19.82038333	436
19.82756667	431
19.83475	431
19.84191667	430
19.84911667	432
19.85638333	436
19.86361667	434
19.8708	431
19.878	432
19.88523333	434
19.89248333	435
19.8998	439
19.9071	438
19.91438333	437
19.92168333	438
19.92905	442
19.93638333	440
19.94368333	438
19.95098333	438
19.95826667	437
19.96553333	436
19.97278333	435
19.97995	430
19.98713333	431
19.9943	430
20.00138333	425
20.0085	427
20.01558333	425
20.0227	427
20.02991667	433
20.03716667	435
20.04451667	441
20.0519	443
20.05925	441
20.0666	441
20.07406667	448
20.08158333	451
20.08913333	453
20.09665	451
20.10413333	449
20.11158333	447
20.11905	448
20.12663333	455
20.13416667	452
20.1417	452
20.14933333	458
20.15703333	462
20.16476667	464
20.17248333	463
20.18018333	462
20.18801667	470
20.19591667	474
20.20381667	474
20.2117	473
20.2196	474
20.22776667	490
20.23603333	496
20.24421667	491
20.25238333	490
20.2608	505
20.2695	522
20.27828333	527
20.2868	511
20.29525	507
20.30396667	523
20.31278333	529
20.32141667	518
20.3301	521
20.33903333	536
20.34815	547
20.35716667	541
20.36591667	525
20.37445	512
20.3831	519
20.39171667	517
20.40018333	508
20.4087	511
20.41753333	530
20.42625	523
20.43493333	521
20.44408333	549
20.45358333	570
20.4632	577
20.47235	549
20.48135	540
20.49078333	566
20.50041667	578
20.50993333	571
20.51905	547
20.5284	561
20.53786667	568
20.5475	578
20.55668333	551
20.56568333	540
20.57491667	554
20.5844	569
20.59375	561
20.60278333	542
20.61198333	552
20.62138333	564
20.63075	562
20.63998333	554
20.6499	595
20.6598	594
20.6696	588
20.67893333	560
20.68828333	561
20.69805	586
20.70798333	596
20.71793333	597
20.72751667	575
20.73685	560
20.74668333	590
20.75688333	612
20.76715	616
20.77681667	580
20.78666667	591
20.79658333	595
20.80618333	576
20.81575	574
20.82573333	599
20.83581667	605
20.84603333	613
20.85575	583
20.8652	567
20.87483333	578
20.885	610
20.89521667	613
20.90508333	592
20.91455	568
20.92401667	568
20.93405	602
20.9441	603
20.95421667	607
20.9638	575
20.9734	576
20.98336667	598
20.99321667	591
21.00271667	570
21.01206667	561
21.0218	584
21.03176667	598
21.04143333	580
21.05088333	567
21.06028333	564
21.0698	571
21.07908333	557
21.08825	550
21.09761667	562
21.10711667	570
21.11663333	571
21.12595	559
21.13503333	545
21.14435	559
21.15421667	592
21.16433333	607
21.17415	589
21.18375	576
21.19363333	593
21.20388333	615
21.21403333	609
21.22373333	582
21.23375	601
21.24393333	611
21.25401667	605
21.26366667	579
21.2733	578
21.28296667	580
21.29256667	576
21.30186667	558
21.31123333	562
21.3206	562
21.32973333	548
21.3388	544
21.34796667	550
21.35715	551
21.36626667	547
21.37518333	535
21.38403333	531
21.393	538
21.40203333	542
21.41098333	537
21.4199	535
21.42866667	526
21.43751667	531
21.44641667	534
21.4554	539
21.46431667	535
21.47303333	523
21.48181667	527
21.49065	530
21.49948333	530
21.5082	523
21.51711667	535
21.52621667	546
21.5352	539
21.54416667	538
21.55335	551
21.56251667	550
21.57163333	547
21.58075	547
21.58976667	541
21.5986	530
21.60736667	526
21.61625	533
21.62515	534
21.63408333	536
21.6433	553
21.65263333	560
21.66186667	554
21.67096667	546
21.68003333	544
21.68911667	545
21.69815	542
21.70705	534
21.71593333	533
21.72466667	524
21.73321667	513
21.74175	512
21.75028333	512
21.75881667	512
21.76736667	513
21.7759	512
21.78441667	511
21.79308333	520
21.80193333	531
21.81101667	545
21.82013333	547
21.8295	562
21.83875	555
21.84815	564
21.85755	564
21.86686667	559
21.87626667	564
21.88603333	586
21.896	598
21.9059	594
21.9153	564
21.92465	561
21.93418333	572
21.94375	574
21.95331667	574
21.96285	572
21.97233333	569
21.98166667	560
21.99083333	550
21.99998333	549
22.00915	550
22.0183	549
22.02743333	548
22.03653333	546
22.04555	541
22.05465	546
22.06375	546
22.07288333	548
22.08196667	545
22.09103333	544
22.10023333	552
22.10945	553
22.1186	549
22.1277	546
22.13676667	544
22.14583333	544
22.15485	541
22.16378333	536
22.17255	526
22.18136667	529
22.19016667	528
22.19895	527
22.20776667	529
22.21658333	529
22.22528333	522
22.23388333	516
22.24233333	507
22.25071667	503
22.25918333	508
22.26776667	515
22.27661667	531
22.28551667	534
22.29506667	573
22.30526667	612
22.31575	629
22.32586667	607
22.33606667	612
22.34615	605
22.35648333	620
22.36676667	617
22.3769	608
22.3869	600
22.39696667	604
22.407	602
22.41703333	602
22.42705	601
22.43703333	599
22.44706667	602
22.45703333	598
22.46683333	588
22.47658333	585
22.48626667	581
22.496	584
22.50546667	568
22.51508333	577
22.52483333	585
22.53468333	591
22.54456667	593
22.55435	587
22.56385	570
22.57305	552
22.58215	546
22.59111667	538
22.59993333	529
22.60868333	525
22.61756667	533
22.62661667	543
22.63578333	550
22.64501667	554
22.65441667	564
22.66385	566
22.67335	570
22.68273333	563
22.69223333	570
22.70171667	569
22.71123333	571
22.72073333	570
22.73018333	567
22.7394	553
22.74868333	557
22.75803333	561
22.7676	574
22.77746667	592
22.78748333	601
22.79751667	602
22.8076	605
22.81771667	607
22.82786667	609
22.838	608
22.84818333	611
22.85831667	608
22.86836667	603
22.87846667	606
22.88853333	604
22.89853333	600
22.90833333	588
22.918	580
22.92766667	580
22.93738333	583
22.9471	583
22.95656667	568
22.96598333	565
22.97553333	573
22.98518333	579
22.99503333	591
23.005	598
23.01496667	598
23.02495	599
23.03481667	592
23.04453333	583
23.05408333	573
23.06348333	564
23.07266667	551
23.08166667	540
23.09066667	540
23.09976667	546
23.10886667	546
23.11795	545
23.127	543
23.13603333	542
23.14491667	533
23.15378333	532
23.16273333	537
23.17183333	546
23.1811	556
23.19021667	547
23.19956667	561
23.20946667	594
23.21988333	625
23.2303	625
23.24066667	622
23.25075	605
23.26076667	601
23.27066667	594
23.28056667	594
23.29046667	594
23.30031667	591
23.31003333	583
23.31965	577
23.32893333	557
23.33806667	548
23.34736667	558
23.35713333	586
23.36743333	618
23.37735	595
23.38721667	592
23.39756667	621
23.40843333	652
23.41941667	659
23.43041667	660
23.44101667	636
23.45165	638
23.4623	639
23.47281667	631
23.48306667	615
23.49325	611
23.50355	618
23.51371667	610
23.5238	605
23.5339	606
23.5442	618
23.55451667	619
23.5648	617
23.57508333	617
23.58533333	615
23.59543333	606
23.60553333	606
23.61545	595
23.62536667	595
23.63521667	591
23.64506667	591
23.65486667	588
23.66481667	597
23.67478333	598
23.68471667	596
23.69466667	597
23.70456667	594
23.71408333	571
23.72346667	563
23.73286667	564
23.74243333	574
23.75213333	582
23.76201667	593
23.77178333	586
23.78148333	582
23.79128333	588
23.8012	595
23.81116667	598
23.8209	584
23.83048333	575
23.84045	598
23.85096667	631
23.86181667	651
23.8722	623
23.88278333	635
23.89338333	636
23.9041	643
23.91451667	625
23.92473333	613
23.93475	601
23.94448333	584
23.95396667	569
23.96325	557
23.97241667	550
23.98161667	552
23.99086667	555
24.00021667	561
24.00963333	565
24.0192	574
24.0296	624
24.04031667	643
24.05111667	648
24.06196667	651
24.07288333	655
24.08371667	650
24.09428333	634
24.10458333	618
24.11473333	609
24.12456667	590
24.13436667	588
24.14413333	586
24.15381667	581
24.16368333	592
24.174	619
24.18483333	650
24.19538333	633
24.20586667	629
24.21641667	633
24.2271	641
24.23768333	635
24.24815	628
24.25846667	619
24.26868333	613
24.27875	604
24.28868333	596
24.29848333	588
24.30808333	576
24.31751667	566
24.32673333	553
24.33583333	546
24.34493333	546
24.35403333	546
24.36315	547
24.37213333	539
24.38115	541
24.39045	558
24.40021667	586
24.41036667	609
24.42016667	588
24.43003333	592
24.44025	613
24.4507	627
24.46118333	629
24.4712	601
24.481	588
24.49078333	587
24.50061667	590
24.51028333	580
24.51993333	579
24.52976667	590
24.53981667	603
24.55003333	613
24.55993333	594
24.57005	607
24.58055	630
24.59118333	638
24.60203333	651
24.61266667	638
24.62335	641
24.63403333	641
24.64475	643
24.65568333	656
24.66641667	644
24.67721667	648
24.68805	650
24.69893333	653
24.70953333	636
24.7201	634
24.73085	645
24.7416	645
24.75238333	647
24.763	637
24.77345	627
24.78393333	629
24.7947	646
24.80561667	655
24.8162	635
24.82661667	625
24.83721667	636
24.84785	638
24.85833333	629
24.86866667	620
24.87908333	625
24.88923333	609
24.89938333	609
24.90958333	612
24.9198	613
24.92993333	608
24.93993333	600
24.94981667	593
24.9594	575
24.96895	573
24.97843333	569
24.98796667	572
24.99755	575
25.00718333	578
25.0169	583
25.02668333	587
25.03656667	593
25.04653333	598
25.05643333	594
25.06628333	591
25.07601667	584
25.08576667	585
25.09548333	583
25.10526667	587
25.11498333	583
25.12465	580
25.1341	567
25.1435	564
25.15291667	565
25.16233333	565
25.17168333	561
25.18105	562
25.19033333	557
25.19943333	546
25.2084	538
25.21733333	536
25.22623333	534
25.23518333	537
25.24426667	545
25.25371667	567
25.26305	560
25.27228333	554
25.2816	559
25.2913	582
25.30123333	596
25.31103333	588
25.32061667	575
25.33041667	588
25.34035	596
25.35033333	599
25.36011667	587
25.36995	590
25.38003333	605
25.39028333	615
25.40043333	609
25.41033333	594
25.42038333	603
25.4306	613
25.44085	615
25.45103333	611
25.46118333	609
25.47156667	623
25.4821	632
25.49261667	631
25.50278333	610
25.51298333	612
25.52335	622
25.53386667	631
25.54403333	610
25.55426667	614
25.56473333	628
25.57528333	633
25.58566667	623
25.59615	629
25.60658333	626
25.61706667	629
25.62753333	628
25.6377	610
25.64785	609
25.65825	624
25.6689	639
25.6795	636
25.68996667	628
25.70041667	627
25.71103333	637
25.72168333	639
25.73216667	629
25.74268333	631
25.75326667	635
25.76381667	633
25.77423333	625
25.78461667	623
25.79503333	625
25.80536667	620
25.81568333	619
25.82598333	618
25.83638333	624
25.84671667	620
25.8569	611
25.86691667	601
25.87701667	606
25.88731667	618
25.89768333	622
25.90801667	620
25.91838333	622
25.92891667	632
25.93941667	630
25.95	635
25.96073333	644
25.9712	628
25.98148333	617
25.99181667	620
26.00213333	619
26.01231667	611
26.0224	605
26.03255	609
26.04275	612
26.053	615
26.0631	606
26.07333333	614
26.08343333	606
26.09346667	602
26.1036	608
26.11376667	610
26.12375	599
26.13375	600
26.14381667	604
26.15391667	606
26.16388333	598
26.17365	586
26.1835	591
26.19338333	593
26.20328333	594
26.21315	592
26.22296667	589
26.23273333	586
26.2424	580
26.252	576
26.2616	576
26.27118333	575
26.28076667	575
26.29046667	582
26.30021667	585
26.31015	596
26.32046667	619
26.33096667	630
26.34143333	628
26.35205	637
26.36288333	650
26.37348333	636
26.38376667	617
26.3941	620
26.40438333	617
26.41453333	609
26.42458333	603
26.4347	607
26.44493333	614
26.45501667	605
26.46501667	600
26.47521667	612
26.48568333	628
26.4963	637
26.50681667	631
26.51746667	639
26.528	632
26.53808333	605
26.54816667	605
26.5582	602
26.56825	603
26.5782	597
26.58793333	584
26.59783333	594
26.60775	595
26.61791667	610
26.62815	614
26.6383	609
26.64823333	596
26.65826667	602
26.66838333	607
26.6786	613
26.68876667	610
26.69891667	609
26.70923333	619
26.71945	613
26.7298	621
26.7402	624
26.75063333	626
26.7609	616
26.77131667	625
26.78146667	609
26.79178333	619
26.80211667	620
26.81251667	624
26.82273333	613
26.83286667	608
26.84298333	607
26.85321667	614
26.86348333	616
26.87375	616
26.88403333	617
26.89448333	627
26.90491667	626
26.91511667	612
26.9252	605
26.93541667	613
26.94575	620
26.95598333	614
26.96608333	606
26.97623333	609
26.98641667	611
26.99663333	613
27.00676667	608
27.01683333	604
27.02705	613
27.03733333	617
27.04746667	608
27.05745	599
27.06751667	604
27.07745	596
27.0872	585
27.09686667	580
27.1066	584
27.11638333	587
27.12608333	582
27.13575	580
27.14536667	577
27.15503333	580
27.16458333	573
27.17403333	567
27.18343333	564
27.19273333	558
27.20196667	554
27.21106667	546
27.22001667	537
27.229	539
27.23793333	536
27.24678333	531
27.25563333	531
27.26448333	531
27.2735	541
27.2825	540
27.29155	543
27.30048333	536
27.3094	535
27.31851667	547
27.3278	557
27.3371	558
27.34638333	557
27.35556667	551
27.36465	545
27.37373333	545
27.38276667	542
27.39176667	540
27.40076667	540
27.40963333	532
27.41843333	528
27.42731667	533
27.43656667	555
27.4462	578
27.45648333	617
27.46653333	603
27.47661667	605
27.48748333	652
27.49831667	650
27.50946667	669
27.52021667	645
27.5307	629
27.54121667	631
27.55193333	643
27.56256667	638
27.57293333	622
27.58351667	635
27.59436667	651
27.60511667	645
27.61556667	627
27.62623333	640
27.63695	643
27.64798333	662
27.65885	652
27.66948333	638
27.68045	658
27.69135	654
27.7022	651
27.71286667	640
27.72326667	624
27.73351667	615
27.74356667	603
27.75336667	588
27.76301667	579
27.7726	575
27.78215	573
27.79223333	605
27.80215	595
27.81196667	589
27.8217	584
27.83138333	581
27.84116667	587
27.85095	587
27.86081667	592
27.8706	587
27.88033333	584
27.89	580
27.89976667	586
27.90946667	582
27.91923333	586
27.92903333	588
27.93866667	578
27.94831667	579
27.95796667	579
27.96765	581
27.97745	588
27.98738333	596
27.99718333	588
28.00693333	585
28.017	604
28.02748333	629
28.03821667	644
28.0489	641
28.0595	636
28.07003333	632
28.08036667	620
28.09073333	622
28.10118333	627
28.11156667	623
28.12186667	618
28.13203333	610
28.14213333	606
28.15243333	618
28.16285	625
28.17328333	626
28.18376667	629
28.19428333	631
28.20475	628
28.21518333	626
28.22551667	620
28.23571667	612
28.24578333	604
28.25581667	602
28.2656	587
28.27518333	575
28.28475	574
28.29443333	581
28.30423333	588
28.31405	589
28.32388333	590
28.33371667	590
28.34351667	588
28.35321667	582
28.36278333	574
28.37226667	569
28.3817	566
28.39095	555
28.40005	546
28.40905	540
28.41801667	538
28.42713333	547
28.43636667	554
28.44558333	553
28.45496667	563
28.46476667	588
28.4751	620
28.48581667	643
28.49605	614
28.5065	627
28.5171	636
28.52768333	635
28.53836667	641
28.54905	641
28.55965	636
28.57011667	628
28.58053333	625
28.5909	622
28.60106667	610
28.61115	605
28.62091667	586
28.6304	569
28.63985	567
28.64953333	581
28.65955	601
28.67003333	629
28.68093333	654
28.69165	643
28.70236667	643
28.71291667	633
28.72333333	625
28.73358333	615
28.74361667	602
28.75338333	586
28.76295	574
28.77245	570
28.78185	564
28.79126667	565
28.80068333	565
28.81028333	576
28.82001667	584
28.82991667	594
28.83988333	598
28.84983333	597
28.85966667	590
28.8695	590
28.8792	582
28.88883333	578
28.8983	568
28.90751667	553
28.91655	542
28.92546667	535
28.93435	533
28.94331667	538
28.95238333	544
28.96176667	563
28.97138333	577
28.98095	574
28.9906	579
29.00075	609
29.01118333	626
29.02135	610
29.03166667	619
29.04191667	615
29.05206667	609
29.06213333	604
29.07235	613
29.08265	618
29.09276667	607
29.10296667	612
29.11341667	627
29.12386667	627
29.13435	629
29.14488333	632
29.15515	616
29.16551667	622
29.17588333	622
29.18648333	636
29.19708333	636
29.20766667	635
29.21835	641
29.22935	660
29.24033333	659
29.25068333	621
29.26106667	623
29.2715	626
29.28203333	632
29.29245	625
29.30283333	623
29.31303333	612
29.32341667	623
29.33398333	634
29.34463333	639
29.35505	625
29.36558333	632
29.37631667	644
29.387	641
29.39745	627
29.40805	636
29.41871667	640
29.42941667	642
29.43991667	630
29.45051667	636
29.4609	623
29.47121667	619
29.48171667	630
29.49243333	643
29.5031	640
29.51358333	629
29.52413333	633
29.53483333	642
29.5456	646
29.5562	636
29.56646667	616
29.5767	614
29.587	618
29.5974	624
29.60773333	620
29.61793333	612
29.62821667	617
29.63868333	628
29.649	619
29.65906667	604
29.66925	611
29.6795	615
29.68986667	622
29.70013333	616
29.71035	613
29.72043333	605
29.73071667	617
29.7414	641
29.7523	654
29.76311667	649
29.77416667	663
29.78495	647
29.79566667	643
29.80613333	628
29.8167	634
29.82733333	638
29.83805	643
29.84851667	628
29.85896667	627
29.86948333	631
29.88011667	638
29.89058333	628
29.90105	628
29.91163333	635
29.9223	640
29.93271667	625
29.9434	641
29.9542	648
29.9651	654
29.97565	633
29.98603333	623
29.99636667	620
30.00653333	610
30.0166	604
30.02663333	602
30.03681667	611
30.04688333	604
30.05696667	605
30.06686667	594
30.07665	587
30.08635	582
30.09601667	580
30.10578333	586
30.11573333	597
30.12593333	612
30.13613333	612
30.1465	622
30.15696667	628
30.16755	635
30.17793333	623
30.18836667	626
30.19898333	637
30.2097	643
30.22033333	638
30.231	640
30.24195	657
30.25288333	656
30.2634	631
30.27395	633
30.28455	636
30.29496667	625
30.3052	614
30.3154	612
30.32566667	616
30.33605	623
30.34651667	628
30.35681667	618
30.36698333	610
30.37701667	602
30.38706667	603
30.39708333	601
30.40693333	591
30.41673333	588
30.42668333	597
30.43665	598
30.44665	600
30.45658333	596
30.46668333	606
30.4769	613
30.48725	621
30.4975	615
30.5078	618
30.51813333	620
30.5285	622
30.53895	627
30.5491	609
30.55916667	604
30.56916667	600
30.57908333	595
30.58893333	591
30.59861667	581
30.6081	569
30.61743333	560
30.62665	553
30.6357	543
30.64468333	539
30.65351667	530
30.66231667	528
30.67103333	523
30.67968333	519
30.68831667	518
30.69688333	514
30.70553333	519
30.7144	532
30.72338333	539
30.73273333	561
30.74246667	584
30.75286667	624
30.76366667	648
30.77451667	651
30.78513333	637
30.79548333	621
30.80571667	614
30.8158	605
30.82565	591
30.83528333	578
30.84471667	566
30.85396667	555
30.86303333	544
30.87198333	537
30.88081667	530
30.88948333	520
30.89806667	515
30.90666667	516
30.9154	524
30.92443333	542
30.93345	541
30.94233333	533
30.95126667	536
30.96095	581
30.9725	693
30.98443333	716
30.99676667	740
31.00851667	705
31.02025	704
31.032	705
31.0435	690
31.05428333	647
31.06503333	645
31.07585	649
31.08676667	655
31.09775	659
31.10868333	656
31.11948333	648
31.1301	637
31.1407	636
31.1511	624
31.16135	615
31.1715	609
31.1818	618
31.19208333	617
31.20216667	605
31.21216667	600
31.22238333	613
31.23266667	617
31.2429	614
31.25318333	617
31.26368333	630
31.2743	637
31.28475	627
31.29541667	640
31.30616667	645
31.31655	623
31.32686667	619
31.33716667	618
31.34753333	622
31.35793333	624
31.36828333	621
31.37843333	609
31.38873333	618
31.3993	634
31.40971667	625
31.41996667	615
31.43035	623
31.4409	633
31.4512	618
31.46141667	613
31.47156667	609
31.48178333	613
31.49208333	618
31.50253333	627
31.51273333	612
31.52265	595
31.53286667	613
31.54335	629
31.55383333	629
31.56426667	626
31.57441667	609
31.58465	614
31.59508333	626
31.60546667	623
31.61578333	619
31.6263	631
31.63713333	650
31.64811667	659
31.65901667	654
31.6697	641
31.68036667	640
31.69101667	639
31.70163333	637
31.71208333	627
31.72263333	633
31.73325	637
31.74386667	637
31.7546	644
31.7654	648
31.77605	639
31.78663333	635
31.79728333	639
31.80791667	638
31.81823333	619
31.82856667	620
31.83891667	621
31.84926667	621
31.85933333	604
31.86936667	602
31.8795	608
31.88981667	619
31.8999	605
31.91	606
31.92023333	614
31.9305	616
31.9405	600
31.95061667	607
31.96078333	610
31.97083333	603
31.98068333	591
31.99055	592
