0.009216667	553
0.018283333	544
0.02715	532
0.035983333	530
0.044833333	531
0.053866667	542
0.0632	560
0.072966667	586
0.083433333	628
0.093866667	626
0.103933333	604
0.113966667	602
0.123966667	600
0.133966667	600
0.144416667	627
0.155616667	672
0.167133333	691
0.178883333	705
0.1906	703
0.202116667	691
0.213033333	655
0.223783333	645
0.234483333	642
0.245333333	651
0.256066667	644
0.266966667	654
0.27755	635
0.287866667	619
0.298066667	612
0.308416667	621
0.318866667	627
0.3295	638
0.33985	621
0.35005	612
0.3604	621
0.37085	627
0.381	609
0.3909	594
0.400666667	586
0.410683333	601
0.420866667	611
0.430833333	598
0.44075	595
0.4509	609
0.461283333	623
0.4717	625
0.482016667	619
0.492266667	615
0.502766667	630
0.5133	632
0.524066667	646
0.53475	641
0.545233333	629
0.555883333	639
0.5666	643
0.577433333	650
0.588316667	653
0.598766667	627
0.609183333	625
0.619716667	632
0.63045	644
0.641183333	644
0.651716667	632
0.662333333	637
0.673116667	647
0.683966667	651
0.694616667	639
0.704983333	622
0.715316667	620
0.7258	629
0.7365	642
0.747416667	655
0.757933333	631
0.76815	613
0.77835	612
0.788816667	628
0.799383333	634
0.809733333	621
0.8197	598
0.829533333	590
0.83945	595
0.849466667	601
0.8595	602
0.869366667	592
0.8792	590
0.889216667	601
0.899333333	607
0.9094	604
0.919283333	593
0.929116667	590
0.939033333	595
0.949233333	612
0.9595	616
0.96955	603
0.979583333	602
0.9897	607
1.000033333	620
1.010416667	623
1.020616667	612
1.030733333	607
1.040833333	606
1.0511	616
1.061583333	629
1.0723	643
1.083116667	649
1.0935	623
1.103533333	602
1.113333333	588
1.123116667	587
1.133066667	597
1.143066667	600
1.152816667	585
1.162216667	564
1.171533333	559
1.18095	565
1.190733333	587
1.2008	604
1.2107	594
1.2204	582
1.230116667	583
1.23995	590
1.250066667	607
1.26045	623
1.2707	615
1.280783333	605
1.2908	601
1.301	612
1.311366667	622
1.321566667	612
1.3315	596
1.341316667	589
1.351183333	592
1.361083333	594
1.371016667	596
1.380816667	588
1.39045	578
1.399916667	568
1.409266667	561
1.418733333	568
1.428433333	582
1.438433333	600
1.44895	631
1.4595	633
1.469983333	629
1.480166667	611
1.490016667	591
1.499616667	576
1.509133333	571
1.5187	574
1.528533333	590
1.53865	607
1.548783333	608
1.559266667	629
1.569833333	634
1.580266667	626
1.5905	614
1.600466667	598
1.610066667	576
1.61945	563
1.6287	555
1.63785	549
1.647033333	551
1.656366667	560
1.6659	572
1.675783333	593
1.686233333	627
1.696983333	645
1.7083	679
1.7197	684
1.730883333	671
1.741566667	641
1.7518	614
1.761616667	589
1.77115	572
1.7805	561
1.7898	558
1.799066667	556
1.8084	560
1.817916667	571
1.82745	572
1.837133333	581
1.847	592
1.856966667	598
1.867133333	610
1.877366667	614
1.8877	620
1.897666667	598
1.907333333	580
1.916633333	558
1.925733333	546
1.934716667	539
1.943783333	544
1.9528	541
1.961683333	533
1.97055	532
1.979383333	530
1.988333333	537
1.997516667	551
2.006816667	558
2.01605	554
2.025433333	563
2.035133333	582
2.04525	607
2.055716667	628
2.066116667	624
2.076316667	612
2.08665	620
2.097366667	643
2.108183333	649
2.119166667	659
2.12955	623
2.139733333	611
2.149983333	615
2.16045	628
2.171066667	637
2.181316667	615
2.191416667	606
2.201433333	601
2.21165	613
2.222083333	626
2.232433333	621
2.24265	613
2.252716667	604
2.262833333	607
2.2731	616
2.283583333	629
2.294016667	626
2.304216667	612
2.314183333	598
2.324166667	599
2.334283333	607
2.344516667	614
2.35485	620
2.364916667	604
2.374766667	591
2.38465	593
2.394733333	605
2.404983333	615
2.415033333	603
2.42495	595
2.4349	597
2.445083333	611
2.455333333	615
2.4656	616
2.475566667	598
2.4852	578
2.494566667	562
2.503666667	546
2.51265	539
2.521666667	541
2.53055	533
2.539416667	532
2.5481	521
2.5568	522
2.565683333	533
2.575083333	564
2.58515	604
2.594933333	587
2.6045	574
2.61465	609
2.625283333	638
2.636266667	659
2.646833333	634
2.657083333	615
2.667733333	639
2.678733333	660
2.689966667	674
2.700666667	642
2.710933333	616
2.72125	619
2.731716667	628
2.7423	635
2.752766667	628
2.763	614
2.773133333	608
2.783466667	620
2.794	632
2.804516667	631
2.814533333	601
2.8243	586
2.834033333	584
2.843816667	587
2.85375	596
2.863433333	581
2.873	574
2.88275	585
2.893016667	616
2.9035	629
2.913816667	619
2.92385	602
2.933983333	608
2.944433333	627
2.955116667	641
2.965533333	625
2.975616667	605
2.985766667	609
2.9961	620
3.006816667	643
3.017466667	639
3.027833333	622
3.037933333	606
3.048	604
3.0583	618
3.068916667	637
3.079316667	624
3.089366667	603
3.099516667	609
3.10985	620
3.120283333	626
3.130516667	614
3.140416667	594
3.1503	593
3.1604	606
3.170766667	622
3.181016667	615
3.190966667	597
3.200816667	591
3.210816667	600
3.220866667	603
3.2311	614
3.241033333	596
3.250833333	588
3.260766667	596
3.270883333	607
3.281233333	621
3.2917	628
3.3018	606
3.311683333	593
3.321483333	588
3.331333333	591
3.34145	607
3.3516	609
3.3617	606
3.371583333	593
3.381266667	581
3.390966667	582
3.400833333	592
3.410933333	606
3.420883333	597
3.430583333	582
3.4402	577
3.449933333	584
3.45995	601
3.470016667	604
3.47985	590
3.489583333	584
3.499366667	587
3.509383333	601
3.519633333	615
3.5301	628
3.540316667	613
3.5504	605
3.560366667	598
3.570433333	604
3.580783333	621
3.5912	625
3.601416667	613
3.611533333	607
3.621616667	605
3.63185	614
3.642066667	613
3.6523	614
3.662316667	601
3.672016667	582
3.68165	578
3.69155	594
3.701883333	620
3.7127	649
3.723333333	638
3.7336	616
3.743916667	619
3.75465	644
3.76605	684
3.777483333	686
3.788683333	672
3.7995	649
3.809783333	617
3.820116667	620
3.83075	638
3.841783333	662
3.852883333	666
3.863983333	666
3.874666667	641
3.884983333	619
3.895233333	615
3.9056	622
3.91615	633
3.926483333	620
3.93665	610
3.947016667	622
3.9577	641
3.968866667	670
3.979783333	655
3.990283333	630
4.000666667	623
4.011216667	633
4.022283333	664
4.033466667	671
4.044	632
4.054	600
4.063783333	587
4.07355	586
4.083433333	593
4.0934	598
4.1034	600
4.113066667	580
4.12255	569
4.132133333	575
4.142016667	593
4.152233333	613
4.162233333	600
4.171933333	582
4.1815	574
4.191083333	575
4.2005	565
4.209816667	559
4.219366667	573
4.22945	605
4.239666667	613
4.2497	602
4.260066667	622
4.270833333	646
4.28195	667
4.293233333	677
4.3042	658
4.314433333	614
4.3246	610
4.335066667	628
4.3457	638
4.356616667	655
4.367016667	624
4.37705	602
4.38705	600
4.397133333	605
4.407366667	614
4.417366667	600
4.427183333	589
4.4373	607
4.447666667	622
4.457916667	615
4.468016667	606
4.478066667	603
4.488366667	618
4.498883333	631
4.509533333	639
4.519866667	620
4.5299	602
4.539816667	595
4.549766667	597
4.559566667	588
4.569083333	571
4.5785	565
4.588083333	575
4.598016667	596
4.608166667	609
4.61825	605
4.628283333	602
4.638533333	615
4.649183333	639
4.660116667	656
4.670716667	636
4.681433333	643
4.692316667	653
4.703033333	643
4.7133	616
4.723216667	595
4.733283333	604
4.74345	610
4.753666667	613
4.763716667	603
4.773533333	589
4.783466667	596
4.793583333	607
4.803766667	611
4.813733333	598
4.8235	586
4.833216667	583
4.843066667	591
4.853033333	598
4.862966667	596
4.87265	581
4.88225	576
4.8921	591
4.90205	597
4.912016667	598
4.92175	584
4.9314	579
4.941116667	583
4.950866667	585
4.960433333	574
4.96985	565
4.97915	558
4.9883	549
4.997483333	551
5.006533333	543
5.015733333	552
5.025633333	594
5.036	622
5.046233333	614
5.05615	595
5.0667	633
5.0777	660
5.089083333	683
5.100166667	665
5.110566667	624
5.121066667	630
5.13175	641
5.142383333	638
5.1531	643
5.163283333	611
5.17305	586
5.18275	582
5.192583333	590
5.20235	586
5.212066667	583
5.221633333	574
5.231283333	579
5.241283333	600
5.2515	613
5.261783333	617
5.271966667	611
5.282333333	622
5.293183333	651
5.304366667	671
5.315666667	678
5.326366667	642
5.336816667	627
5.347483333	640
5.358316667	650
5.36905	644
5.379583333	632
5.389633333	603
5.399566667	596
5.409433333	592
5.419183333	585
5.428683333	570
5.43805	562
5.447433333	563
5.456933333	570
5.46665	583
5.476183333	572
5.485966667	587
5.496383333	625
5.507383333	660
5.518483333	666
5.5289	625
5.539316667	625
5.550116667	648
5.561333333	673
5.572633333	678
5.583816667	671
5.594566667	645
5.605366667	648
5.616416667	663
5.6275	665
5.638633333	668
5.649183333	633
5.659416667	614
5.669783333	622
5.68035	634
5.69105	642
5.701933333	653
5.712666667	644
5.72295	617
5.733266667	619
5.7439	638
5.75475	651
5.765416667	640
5.775783333	622
5.78595	610
5.7962	615
5.8065	618
5.816916667	625
5.8271	611
5.836933333	590
5.846766667	590
5.85685	605
5.867166667	619
5.8774	614
5.887333333	596
5.89735	601
5.90775	624
5.9185	645
5.929233333	644
5.939483333	615
5.949433333	597
5.959383333	597
5.969666667	617
5.980183333	631
5.991033333	651
6.001633333	636
6.01195	619
6.0221	609
6.032483333	623
6.0428	619
6.05305	615
6.063033333	599
6.072816667	587
6.082566667	585
6.092483333	595
6.102683333	612
6.112983333	618
6.123233333	615
6.133283333	603
6.143333333	603
6.153616667	617
6.163966667	621
6.174233333	616
6.184183333	597
6.1941	595
6.2043	612
6.214683333	623
6.225033333	621
6.235283333	615
6.245233333	597
6.255166667	596
6.265183333	601
6.275533333	621
6.285783333	615
6.2958	601
6.30575	597
6.31585	606
6.326033333	611
6.336333333	618
6.346416667	605
6.356233333	589
6.365966667	584
6.3758	590
6.38575	597
6.395616667	592
6.4053	581
6.415	582
6.424833333	590
6.434833333	600
6.444833333	600
6.454616667	587
6.464233333	577
6.473983333	585
6.483883333	594
6.493783333	594
6.503533333	585
6.51305	571
6.522483333	566
6.532066667	575
6.541716667	579
6.5514	581
6.560916667	571
6.5703	563
6.57985	573
6.589533333	581
6.5993	586
6.608966667	580
6.6185	572
6.6282	582
6.63815	597
6.648166667	601
6.657916667	585
6.66755	578
6.677233333	581
6.687	586
6.6968	588
6.70655	585
6.716066667	571
6.725466667	564
6.73495	569
6.744566667	577
6.7542	578
6.763733333	572
6.773333333	576
6.783133333	588
6.792916667	587
6.80235	566
6.8116	555
6.820883333	557
6.830066667	551
6.8391	542
6.848033333	536
6.8569	532
6.865666667	526
6.874516667	531
6.88355	542
6.89245	534
6.901133333	521
6.909816667	521
6.9186	527
6.9275	534
6.936366667	532
6.945233333	532
6.954183333	537
6.963233333	543
6.972166667	536
6.98145	557
6.9907	555
7	558
7.009033333	542
7.01785	529
7.026616667	526
7.035366667	525
7.044083333	523
7.052733333	519
7.061316667	515
7.06995	518
7.078733333	527
7.087466667	524
7.096133333	520
7.104933333	528
7.113783333	531
7.122483333	522
7.1311	517
7.1398	522
7.148316667	511
7.1568	509
7.165333333	512
7.173716667	503
7.182133333	505
7.190483333	501
7.1987	493
7.207	498
7.215266667	496
7.223533333	496
7.231983333	507
7.24045	508
7.248716667	496
7.257083333	502
7.265483333	504
7.273966667	509
7.282433333	508
7.290816667	503
7.29925	506
7.3078	513
7.3163	510
7.324816667	511
7.333216667	504
7.341666667	507
7.35025	515
7.358883333	518
7.367566667	521
7.376266667	522
7.38485	515
7.393383333	512
7.40205	520
7.410733333	521
7.419266667	512
7.427733333	508
7.4362	508
7.444816667	517
7.453566667	525
7.462316667	525
7.47095	518
7.479483333	512
7.488283333	528
7.49715	532
7.506016667	532
7.514833333	529
7.523583333	525
7.532516667	536
7.541583333	544
7.55045	532
7.559316667	532
7.5681	527
7.57685	525
7.58575	534
7.594516667	526
7.603166667	519
7.611816667	519
7.620416667	516
7.629183333	526
7.637983333	528
7.646566667	515
7.655133333	514
7.663683333	513
7.672383333	522
7.681183333	528
7.6898	517
7.6983	510
7.706733333	506
7.7152	508
7.723816667	517
7.732283333	508
7.740733333	507
7.749066667	500
7.7576	512
7.76615	513
7.77465	510
7.783116667	508
7.79155	506
7.800116667	514
7.808816667	522
7.817633333	529
7.826416667	527
7.835116667	522
7.84405	536
7.85315	546
7.862183333	542
7.871166667	539
7.879966667	528
7.888866667	534
7.897766667	534
7.9065	524
7.9151	516
7.923633333	512
7.932166667	512
7.940616667	507
7.948983333	502
7.957316667	500
7.96565	500
7.974166667	511
7.982683333	511
7.9912	511
7.999633333	506
8.008033333	504
8.016483333	507
8.024983333	510
8.033566667	515
8.042033333	508
8.0504	502
8.058916667	511
8.06745	512
8.076016667	514
8.084516667	510
8.092866667	501
8.101266667	504
8.109716667	507
8.118266667	513
8.126716667	507
8.13495	494
8.1432	495
8.1515	498
8.15995	507
8.168333333	503
8.176533333	492
8.184816667	497
8.193083333	496
8.201483333	504
8.20985	502
8.218116667	496
8.22635	494
8.2345	489
8.242733333	494
8.251033333	498
8.259316667	497
8.267466667	489
8.275566667	486
8.283766667	492
8.292016667	495
8.300283333	496
8.30845	490
8.316616667	490
8.324883333	496
8.333166667	497
8.341516667	501
8.349766667	495
8.358033333	496
8.3664	502
8.37495	513
8.38355	516
8.392033333	509
8.4005	508
8.409016667	511
8.417683333	520
8.426366667	521
8.43505	521
8.443633333	515
8.452133333	510
8.460766667	518
8.469333333	514
8.477883333	513
8.486283333	504
8.494616667	500
8.5031	509
8.511683333	515
8.52035	520
8.52885	510
8.537283333	506
8.545766667	509
8.554266667	510
8.562933333	520
8.571516667	515
8.58005	512
8.588483333	506
8.597033333	513
8.6056	514
8.614116667	511
8.62245	500
8.630783333	500
8.639233333	507
8.647716667	509
8.6562	509
8.66455	501
8.672933333	503
8.681466667	512
8.690116667	519
8.698833333	523
8.707283333	507
8.715833333	513
8.724416667	515
8.73315	524
8.741766667	517
8.750333333	514
8.758833333	510
8.76735	511
8.775933333	515
8.784433333	510
8.792833333	504
8.80115	499
8.80955	504
8.818	507
8.8263	498
8.834533333	494
8.842783333	495
8.8512	505
8.85965	507
8.868016667	502
8.876316667	498
8.884583333	496
8.893	505
8.901566667	514
8.9102	518
8.918616667	505
8.92705	506
8.935566667	511
8.944216667	519
8.953	527
8.961616667	517
8.970116667	510
8.97865	512
8.98735	522
8.9962	531
9.004966667	526
9.013533333	514
9.022116667	515
9.030916667	528
9.03975	530
9.04865	534
9.05725	516
9.06585	516
9.074716667	532
9.08365	536
9.09245	528
9.100833333	503
9.109133333	498
9.117316667	491
9.12545	488
9.13355	486
9.1416	483
9.149633333	482
9.157633333	480
9.16555	475
9.173383333	470
9.1811	463
9.188783333	461
9.196466667	461
9.20415	461
9.2118	459
9.219466667	460
9.227066667	456
9.234733333	460
9.242416667	461
9.250116667	462
9.257766667	459
9.2654	458
9.2731	462
9.280916667	469
9.2888	473
9.2966	468
9.304316667	463
9.312083333	466
9.319866667	467
9.32755	461
9.33515	456
9.342766667	457
9.350366667	456
9.358033333	460
9.365633333	456
9.3732	454
9.380766667	454
9.388366667	456
9.396066667	462
9.40375	461
9.4114	459
9.419083333	461
9.42685	466
9.434583333	464
9.4422	457
9.449833333	458
9.457466667	458
9.465083333	457
9.472666667	455
9.4802	452
9.487716667	451
9.495233333	451
9.502783333	453
9.510333333	453
9.517816667	449
9.52525	446
9.532716667	448
9.54015	446
9.547633333	449
9.555083333	447
9.562483333	444
9.569866667	443
9.577316667	447
9.58475	446
9.592183333	446
9.59955	442
9.6069	441
9.61425	441
9.621566667	439
9.628866667	438
9.636166667	438
9.64345	437
9.650733333	437
9.658033333	438
9.665266667	434
9.6725	434
9.679733333	434
9.68695	433
9.694183333	434
9.701433333	435
9.70865	433
9.715883333	434
9.7231	433
9.730416667	439
9.737666667	435
9.744883333	433
9.752116667	434
9.75935	434
9.766566667	433
9.773783333	433
9.780983333	432
9.78815	430
9.795333333	431
9.802533333	432
9.809683333	429
9.816833333	429
9.823966667	428
9.831133333	430
9.838316667	431
9.845483333	430
9.852666667	431
9.8598	428
9.86695	429
9.874083333	428
9.8812	427
9.888283333	425
9.895383333	426
9.9024	421
9.909483333	425
9.916516667	422
9.923533333	421
9.930566667	422
9.937633333	424
9.944783333	429
9.951883333	426
9.958983333	426
9.9661	427
9.9732	426
9.980283333	425
9.98735	424
9.994433333	425
10.00146667	422
10.0085	422
10.01561667	427
10.0227	425
10.02978333	425
10.03685	424
10.0439	423
10.05093333	422
10.05798333	423
10.06505	424
10.07206667	421
10.07908333	421
10.08608333	420
10.09305	418
10.1	417
10.10696667	418
10.11386667	414
10.12078333	415
10.12765	412
10.13455	414
10.14141667	412
10.14825	410
10.15513333	413
10.16198333	411
10.16883333	411
10.17571667	413
10.18256667	411
10.18943333	412
10.19633333	414
10.20325	415
10.21016667	415
10.21708333	415
10.22403333	417
10.23093333	414
10.23786667	416
10.2448	416
10.25166667	412
10.25858333	415
10.26548333	414
10.2724	415
10.27928333	413
10.28615	412
10.293	411
10.29981667	409
10.3067	413
10.31346667	406
10.32026667	408
10.32703333	406
10.33386667	410
10.34065	407
10.34745	408
10.35426667	409
10.36111667	411
10.36795	410
10.37473333	407
10.38156667	410
10.3884	410
10.39525	411
10.4021	411
10.4089	408
10.4157	408
10.42251667	409
10.4293	407
10.43603333	404
10.4428	406
10.44953333	404
10.45628333	405
10.463	403
10.46968333	401
10.47633333	399
10.483	400
10.48965	399
10.49626667	397
10.50291667	399
10.50955	398
10.51616667	397
10.52278333	397
10.52938333	396
10.536	397
10.5426	396
10.54923333	398
10.55581667	395
10.56245	398
10.56906667	397
10.57573333	400
10.58235	397
10.58898333	398
10.5956	397
10.60223333	398
10.60885	397
10.61543333	395
10.62203333	396
10.6286	394
10.63515	393
10.6417	393
10.64831667	397
10.65485	392
10.66145	396
10.66803333	395
10.67456667	392
10.68116667	396
10.68778333	397
10.69448333	402
10.70111667	398
10.70776667	399
10.71441667	399
10.7211	401
10.72778333	401
10.73441667	398
10.74105	398
10.7477	399
10.75433333	398
10.76101667	401
10.76766667	399
10.77433333	400
10.78098333	399
10.78765	400
10.79433333	401
10.80105	403
10.80776667	403
10.81446667	402
10.82116667	402
10.82788333	403
10.83458333	402
10.84126667	401
10.84795	401
10.85463333	401
10.86131667	401
10.86798333	400
10.8747	403
10.88141667	403
10.88808333	400
10.8948	403
10.9015	402
10.90816667	400
10.91483333	400
10.9215	400
10.92813333	398
10.93478333	399
10.9414	397
10.94801667	397
10.9546	395
10.96118333	395
10.96778333	396
10.97438333	396
10.98096667	395
10.98755	395
10.99416667	397
11.00081667	399
11.00741667	396
11.01405	398
11.02063333	395
11.02728333	399
11.03393333	399
11.0406	400
11.04723333	398
11.05388333	399
11.06053333	399
11.06721667	401
11.0739	401
11.08058333	401
11.08725	400
11.09395	402
11.10063333	401
11.10735	403
11.114	399
11.12065	399
11.12726667	397
11.13393333	400
11.14055	397
11.14718333	398
11.15381667	398
11.16043333	397
11.16703333	396
11.1737	400
11.18031667	397
11.18691667	396
11.19351667	396
11.2001	395
11.20668333	395
11.21325	394
11.21978333	392
11.22633333	393
11.23288333	393
11.23938333	390
11.24591667	392
11.25241667	390
11.25888333	388
11.26543333	393
11.27193333	390
11.27848333	393
11.28496667	389
11.29148333	391
11.29801667	392
11.30455	392
11.31108333	392
11.31758333	390
11.32406667	389
11.33056667	390
11.33708333	391
11.3436	391
11.35008333	389
11.3566	391
11.36308333	389
11.36958333	390
11.37608333	390
11.3826	391
11.38911667	391
11.39563333	391
11.40213333	390
11.40866667	392
11.41516667	390
11.42173333	394
11.42823333	390
11.43476667	392
11.44128333	391
11.4478	391
11.45433333	392
11.46093333	396
11.46753333	396
11.47416667	398
11.4808	398
11.48741667	397
11.49401667	396
11.50061667	396
11.50721667	396
11.51393333	403
11.52058333	399
11.52721667	398
11.53385	398
11.5405	399
11.54716667	400
11.55381667	399
11.56045	398
11.56706667	397
11.5737	398
11.58035	399
11.58695	396
11.59355	396
11.60015	396
11.60668333	392
11.61325	394
11.61976667	391
11.62625	389
11.63278333	392
11.63928333	390
11.64576667	389
11.65226667	390
11.65871667	387
11.66516667	387
11.67163333	388
11.67808333	387
11.68453333	387
11.69096667	386
11.6974	386
11.70383333	386
11.7103	388
11.7168	390
11.72333333	392
11.72983333	390
11.73633333	390
11.74288333	393
11.74948333	396
11.75613333	399
11.76285	403
11.76951667	400
11.77623333	403
11.78291667	401
11.78966667	405
11.79648333	409
11.80328333	408
11.81003333	405
11.81676667	404
11.82346667	402
11.83015	401
11.83678333	398
11.84341667	398
11.85001667	396
11.8566	395
11.86316667	394
11.86975	395
11.87628333	392
11.88283333	393
11.88935	391
11.89591667	394
11.90243333	391
11.90895	391
11.91546667	391
11.92198333	391
11.92851667	392
11.93505	392
11.94156667	391
11.94805	389
11.9546	393
11.9611	390
11.96761667	391
11.97415	392
11.98063333	389
11.98715	391
11.99363333	389
12.00013333	390
12.0066	388
12.01305	387
12.0195	387
12.02595	387
12.0324	387
12.03891667	391
12.0454	389
12.05191667	391
12.05838333	388
12.0649	391
12.07143333	392
12.07801667	395
12.08456667	393
12.09111667	393
12.09768333	394
12.1042	391
12.11081667	397
12.11741667	396
12.12396667	393
12.13053333	394
12.13708333	393
12.14361667	392
12.15015	392
12.15668333	392
12.1632	391
12.1697	390
12.17626667	394
12.18283333	394
12.18941667	395
12.196	395
12.20255	393
12.20913333	395
12.21578333	399
12.22243333	399
12.22906667	398
12.2357	398
12.24233333	398
12.24898333	399
12.25558333	396
12.26215	394
12.2687	393
12.27526667	394
12.28188333	397
12.28846667	395
12.29501667	393
12.3016	395
12.30816667	394
12.31473333	394
12.32128333	393
12.3278	391
12.3343	390
12.3408	390
12.34728333	389
12.35373333	387
12.36015	385
12.3666	387
12.37306667	388
12.3796	392
12.38613333	392
12.39261667	389
12.39908333	388
12.40558333	390
12.4121	391
12.41865	393
12.42518333	392
12.4317	391
12.4382	390
12.44473333	392
12.45128333	393
12.45776667	389
12.46425	389
12.47075	390
12.4772	387
12.48366667	388
12.49015	389
12.49661667	388
12.50311667	390
12.50961667	390
12.5161	389
12.52261667	391
12.52911667	390
12.53565	392
12.54215	390
12.54865	390
12.55515	390
12.5617	393
12.56826667	394
12.5748	392
12.58133333	392
12.58788333	393
12.59446667	395
12.601	392
12.60755	393
12.61408333	392
12.62063333	393
12.62718333	393
12.63365	388
12.64015	390
12.64661667	388
12.65308333	388
12.65951667	386
12.66593333	385
12.67236667	386
12.6788	386
12.6852	384
12.69165	387
12.6981	387
12.7046	390
12.71101667	385
12.71746667	387
12.72388333	385
12.73035	388
12.73676667	385
12.74321667	387
12.74963333	385
12.75608333	387
12.76253333	387
12.76901667	389
12.77543333	385
12.78191667	389
12.78838333	388
12.79485	388
12.80128333	386
12.80773333	387
12.81416667	386
12.8206	386
12.82701667	385
12.83343333	385
12.8398	382
12.84618333	383
12.85255	382
12.85893333	383
12.86531667	383
12.87165	380
12.87801667	382
12.88435	380
12.89066667	379
12.89706667	384
12.9034	380
12.90976667	382
12.91611667	381
12.92248333	382
12.92888333	384
12.93526667	383
12.94163333	382
12.948	382
12.95438333	383
12.96075	382
12.96713333	383
12.97348333	381
12.97981667	380
12.98615	380
12.99248333	380
12.99885	382
13.00521667	382
13.01155	380
13.01786667	379
13.0242	380
13.03053333	380
13.0369	382
13.0432	378
13.04953333	380
13.05586667	380
13.06223333	382
13.06861667	383
13.07506667	387
13.08145	383
13.08785	384
13.09426667	385
13.1007	386
13.10715	387
13.11363333	389
13.12006667	386
13.1265	386
13.1329	384
13.1393	384
13.14566667	382
13.15208333	385
13.15845	382
13.16485	384
13.1712	381
13.17758333	383
13.18396667	383
13.19038333	385
13.19675	382
13.20315	384
13.20951667	382
13.21593333	385
13.2223	382
13.22875	387
13.2352	387
13.24165	387
13.2481	387
13.25456667	388
13.26103333	388
13.26753333	390
13.27398333	387
13.28043333	387
13.28686667	386
13.29331667	387
13.29975	386
13.30618333	386
13.31258333	384
13.319	385
13.32541667	385
13.33183333	385
13.33821667	383
13.34463333	385
13.35105	385
13.3574	381
13.36376667	382
13.37013333	382
13.37651667	383
13.38291667	384
13.38926667	381
13.39565	383
13.40201667	382
13.40841667	384
13.41478333	382
13.42116667	383
13.42751667	381
13.4339	383
13.44036667	388
13.44673333	382
13.45313333	384
13.45953333	384
13.46593333	384
13.47233333	384
13.47878333	387
13.48516667	383
13.49158333	385
13.49795	382
13.50435	384
13.51086667	391
13.51731667	387
13.52375	386
13.5302	387
13.53668333	389
13.54313333	387
13.54956667	386
13.55598333	385
13.56241667	386
13.56886667	387
13.57528333	385
13.5817	385
13.58813333	386
13.59463333	390
13.60115	391
13.60768333	392
13.61418333	390
13.62071667	392
13.62721667	390
13.63375	392
13.64028333	392
13.64678333	390
13.6533	391
13.65978333	389
13.66631667	392
13.6728	389
13.67928333	389
13.68575	388
13.69225	390
13.69871667	388
13.70516667	387
13.71163333	388
13.71805	385
13.72446667	385
13.73088333	385
13.73738333	390
13.74378333	384
13.7502	385
13.75663333	386
13.76308333	387
13.76956667	389
13.776	386
13.78245	387
13.78885	384
13.7953	387
13.80176667	388
13.80818333	385
13.81458333	384
13.82096667	383
13.82738333	385
13.83376667	383
13.84013333	382
13.84648333	381
13.85285	382
13.8593	387
13.86576667	388
13.87215	383
13.87855	384
13.88496667	385
13.89145	389
13.89795	390
13.90448333	392
13.91101667	392
13.91756667	393
13.92411667	393
13.93075	398
13.9374	399
13.94403333	398
13.95066667	398
13.95728333	397
13.96393333	399
13.97063333	402
13.97728333	399
13.98391667	398
13.99056667	399
13.99718333	397
14.00381667	398
14.01041667	396
14.01698333	394
14.02355	394
14.0301	393
14.03665	393
14.04323333	395
14.04975	391
14.0563	393
14.06286667	394
14.06948333	397
14.0761	397
14.08271667	397
14.08933333	397
14.09598333	399
14.1026	397
14.1092	396
14.11581667	397
14.12238333	394
14.12896667	395
14.13553333	394
14.14208333	393
14.14858333	390
14.15511667	392
14.16165	392
14.16813333	389
14.17465	391
14.18115	390
14.18763333	389
14.19411667	389
14.20066667	393
14.20715	389
14.21361667	388
14.22011667	390
14.22661667	390
14.2331	389
14.2396	390
14.24606667	388
14.25255	389
14.2591	393
14.2657	396
14.27226667	394
14.27883333	394
14.28541667	395
14.29206667	399
14.29875	401
14.3054	399
14.31208333	401
14.31875	400
14.32545	402
14.33218333	404
14.33885	400
14.34555	402
14.35221667	400
14.35891667	402
14.3656	401
14.37226667	400
14.37886667	396
14.38543333	394
14.39196667	392
14.39851667	393
14.40506667	393
14.41165	395
14.41823333	395
14.42481667	395
14.43136667	393
14.43793333	394
14.4445	394
14.45111667	397
14.45766667	393
14.46423333	394
14.4708	394
14.47735	393
14.48388333	392
14.4904	391
14.49688333	389
14.5034	391
14.5099	390
14.51638333	389
14.52288333	390
14.52936667	389
14.53581667	387
14.54226667	387
14.54875	389
14.55521667	388
14.56168333	388
14.56815	388
14.5746	387
14.5811	390
14.58755	387
14.59401667	388
14.60046667	387
14.60691667	387
14.61331667	384
14.61971667	384
14.62613333	385
14.63251667	383
14.63891667	384
14.6453	383
14.65165	381
14.65798333	380
14.66435	382
14.6707	381
14.67706667	382
14.68343333	382
14.6898	382
14.69618333	383
14.70256667	383
14.70898333	385
14.7154	385
14.72181667	385
14.72823333	385
14.73465	385
14.7411	387
14.74753333	386
14.75391667	383
14.76033333	385
14.76675	385
14.77315	384
14.77955	384
14.78596667	385
14.79236667	384
14.79875	383
14.8052	387
14.8116	384
14.81798333	383
14.8244	385
14.8308	384
14.83721667	385
14.84365	386
14.85006667	385
14.85648333	385
14.86293333	387
14.86933333	384
14.87583333	390
14.8823	388
14.88875	387
14.89521667	388
14.90168333	388
14.90813333	387
14.91463333	390
14.92106667	386
14.92751667	387
14.93391667	384
14.94035	386
14.94676667	385
14.95323333	388
14.95963333	384
14.96606667	386
14.97246667	384
14.97891667	387
14.98533333	385
14.99175	385
14.99815	384
15.00458333	386
15.011	385
15.01746667	388
15.0239	386
15.03031667	385
15.03673333	385
15.0432	388
15.04963333	386
15.05608333	387
15.06251667	386
15.06895	386
15.07538333	386
15.08185	388
15.08826667	385
15.0947	386
15.1011	384
15.10755	387
15.11396667	385
15.1204	386
15.12678333	383
15.13325	388
15.13966667	385
15.14615	389
15.15258333	386
15.15901667	386
15.16545	386
15.17191667	388
15.17838333	388
15.18481667	386
15.19123333	385
15.19773333	390
15.20421667	389
15.2107	389
15.21718333	389
15.22366667	389
15.23018333	391
15.2367	391
15.24313333	386
15.2496	388
15.25606667	388
15.2625	386
15.2689	384
15.27531667	385
15.28171667	384
15.28816667	387
15.2946	386
15.301	384
15.3074	384
15.31381667	385
15.32021667	384
15.32668333	388
15.3331	385
15.33953333	386
15.34596667	386
15.35245	389
15.3589	387
15.36533333	386
15.37178333	387
15.37821667	386
15.38466667	387
15.39106667	384
15.39748333	385
15.4039	385
15.4103	384
15.41673333	386
15.42315	385
15.42955	384
15.43593333	383
15.4423	382
15.44863333	380
15.45496667	380
15.46131667	381
15.46763333	379
15.47395	379
15.48028333	380
15.4866	379
15.49295	381
15.49926667	379
15.5056	380
15.5119	378
15.51821667	379
15.52448333	376
15.53083333	381
15.53716667	380
15.54348333	379
15.54978333	378
15.5561	379
15.56241667	379
15.56873333	379
15.57513333	384
15.5815	382
15.58786667	382
15.59425	383
15.60065	384
15.60705	384
15.61341667	382
15.61986667	387
15.62626667	384
15.63271667	387
15.63913333	385
15.64555	385
15.65193333	383
15.65835	385
15.66471667	382
15.67108333	382
15.67746667	383
15.68385	383
15.69021667	382
15.69666667	387
15.70305	383
15.70946667	385
15.71585	383
15.72226667	385
15.72866667	384
15.73505	383
15.74141667	382
15.74781667	384
15.7542	383
15.76061667	385
15.767	383
15.77338333	383
15.77978333	384
15.78618333	384
15.79256667	383
15.79895	383
15.80531667	382
15.81171667	384
15.81818333	388
15.82456667	383
15.83096667	384
15.83741667	387
15.8438	383
15.8502	384
15.85655	381
15.86293333	383
15.86933333	384
15.87568333	381
15.88201667	380
15.88835	380
15.89466667	379
15.90096667	378
15.90726667	378
15.91356667	378
15.91985	377
15.92616667	379
15.93245	377
15.93876667	379
15.94503333	376
15.95133333	378
15.95763333	378
15.96393333	378
15.97023333	378
15.97651667	377
15.9828	377
15.98906667	376
15.99533333	376
16.0016	376
16.00785	375
16.01411667	376
16.02038333	376
16.02663333	375
16.03288333	375
16.03916667	377
16.0454	374
16.05161667	373
16.05783333	373
16.06408333	375
16.07028333	372
16.07651667	374
16.08271667	372
16.08891667	372
16.09513333	373
16.10131667	371
16.10756667	375
16.11375	371
16.11993333	371
16.12615	373
16.13235	372
16.13856667	373
16.14476667	372
16.15098333	373
16.15721667	374
16.16341667	372
16.16961667	372
16.17588333	376
16.1821	373
16.18831667	373
16.19453333	373
16.20078333	375
16.20708333	378
16.21343333	381
16.21978333	381
16.22618333	384
16.23255	382
16.23893333	383
16.24531667	383
16.25171667	384
16.25811667	384
16.26455	386
16.27096667	385
16.27738333	385
16.28378333	384
16.29021667	386
16.29665	386
16.30306667	385
16.30946667	384
16.31583333	382
16.32221667	383
16.32856667	381
16.3349	380
16.34125	381
16.34756667	379
16.35391667	381
16.36028333	382
16.36661667	380
16.37296667	381
16.37931667	381
16.38566667	381
16.39201667	381
16.39835	380
16.40468333	380
16.41105	382
16.4174	381
16.4237	378
16.43005	381
16.43635	378
16.44266667	379
16.44895	377
16.4552	375
16.46143333	374
16.46766667	374
16.47391667	375
16.48018333	376
16.48641667	374
16.49265	374
16.4989	375
16.50511667	373
16.5114	377
16.51761667	373
16.52385	374
16.53008333	374
16.53633333	375
16.54258333	375
16.54881667	374
16.55505	374
16.56126667	373
16.56756667	378
16.57381667	375
16.58006667	375
16.58628333	373
16.5926	379
16.5989	378
16.6052	378
16.61148333	377
16.61786667	383
16.62425	383
16.63063333	383
16.63701667	383
16.6434	383
16.6498	384
16.65623333	386
16.6627	388
16.66915	387
16.6756	387
16.6821	390
16.68858333	389
16.6951	391
16.70161667	391
16.70813333	391
16.71465	391
16.72118333	392
16.72766667	389
16.73418333	391
16.74063333	387
16.74713333	390
16.75358333	387
16.76006667	389
16.76656667	390
16.7731	392
16.77965	393
16.78626667	397
16.79285	395
16.7994	393
16.80596667	394
16.81256667	396
16.8192	398
16.82578333	395
16.8324	397
16.83898333	395
16.84556667	395
16.85213333	394
16.85868333	393
16.8652	391
16.87173333	392
16.87821667	389
16.8847	389
16.89115	387
16.8976	387
16.90408333	389
16.91053333	387
16.91696667	386
16.92341667	387
16.92983333	385
16.93628333	387
16.94278333	390
16.94923333	387
16.9557	388
16.96218333	389
16.96865	388
16.9752	393
16.98168333	389
16.9882	391
16.99471667	391
17.00121667	390
17.0077	389
17.01416667	388
17.02063333	388
17.0271	388
17.03355	387
17.04001667	388
17.04646667	387
17.0529	386
17.05933333	386
17.06578333	387
17.07223333	387
17.07868333	387
17.08511667	386
17.09158333	388
17.09798333	384
17.1044	385
17.11086667	388
17.11735	389
17.12388333	392
17.13045	394
17.13701667	394
17.14355	392
17.1501	393
17.15665	393
17.16318333	392
17.16975	394
17.17633333	395
17.18288333	393
17.18941667	392
17.19593333	391
17.2024	388
17.20888333	389
17.21533333	387
17.22175	385
17.22823333	389
17.23468333	387
17.2411	385
17.24755	387
17.25401667	388
17.26046667	387
17.26691667	387
17.27335	386
17.2798	387
17.28633333	392
17.29283333	390
17.29933333	390
17.30583333	390
17.3124	394
17.319	396
17.32555	393
17.3321	393
17.33863333	392
17.34523333	396
17.3518	394
17.35838333	395
17.36496667	395
17.3716	398
17.37821667	397
17.3848	395
17.39138333	395
17.39798333	396
17.40463333	399
17.41126667	398
17.41788333	397
17.42451667	398
17.43113333	397
17.43781667	401
17.44448333	400
17.45116667	401
17.4578	398
17.46446667	400
17.4711	398
17.47775	399
17.48436667	397
17.49098333	397
17.49756667	395
17.50418333	397
17.51075	394
17.5173	393
17.52386667	394
17.53046667	396
17.5371	398
17.5437	396
17.5503	396
17.55698333	401
17.56363333	399
17.5703	400
17.57693333	398
17.5836	400
17.5903	402
17.59696667	400
17.60365	401
17.61033333	401
17.61703333	402
17.6238	406
17.63053333	404
17.63725	403
17.644	405
17.65076667	406
17.65753333	406
17.6643	406
17.67105	405
17.67778333	404
17.68448333	402
17.69116667	401
17.69783333	400
17.70448333	399
17.71113333	399
17.71776667	398
17.72438333	397
17.73098333	396
17.73753333	393
17.74415	397
17.7507	393
17.75723333	392
17.76378333	393
17.77033333	393
17.77686667	392
17.7834	392
17.7899	390
17.79641667	391
17.80296667	393
17.8095	392
17.81601667	391
17.82253333	391
17.82905	391
17.83565	396
17.84223333	395
17.84878333	393
17.85535	394
17.86193333	395
17.86855	397
17.87515	396
17.88175	396
17.88833333	395
17.89495	397
17.90158333	398
17.90823333	399
17.91485	397
17.92146667	397
17.92806667	396
17.93466667	396
17.94128333	397
17.94786667	395
17.95443333	394
17.96103333	396
17.96756667	392
17.9741	392
17.98063333	392
17.98715	391
17.99365	390
18.00016667	391
18.00666667	390
18.01315	389
18.01963333	389
18.02608333	387
18.03256667	389
18.03905	389
18.04551667	388
18.05195	386
18.05841667	388
18.06486667	387
18.07131667	387
18.07778333	388
18.08425	388
18.0907	387
18.0972	390
18.10368333	389
18.11018333	390
18.11665	388
18.12311667	388
18.12956667	387
18.13601667	387
18.14246667	387
18.14888333	385
18.15531667	386
18.16173333	385
18.16821667	389
18.17475	392
18.18125	390
18.18773333	389
18.19428333	393
18.20083333	393
18.20736667	392
18.21388333	391
18.22043333	393
18.22696667	392
18.23346667	390
18.23996667	390
18.24643333	388
18.25288333	387
18.25933333	387
18.26578333	387
18.2722	385
18.27861667	385
18.28503333	385
18.29146667	386
18.29788333	385
18.3043	385
18.31071667	385
18.31713333	385
18.3236	388
18.33013333	392
18.33661667	389
18.34311667	390
18.34961667	390
18.35613333	391
18.36261667	389
18.36911667	390
18.37556667	387
18.38205	389
18.3885	387
18.39496667	388
18.4014	386
18.40785	387
18.41426667	385
18.42071667	387
18.42718333	388
18.43363333	387
18.44008333	387
18.44651667	386
18.45298333	388
18.45948333	390
18.466	391
18.47251667	391
18.47901667	390
18.48555	392
18.49211667	394
18.49868333	394
18.50521667	392
18.51176667	393
18.51831667	393
18.52485	392
18.53135	390
18.53786667	391
18.5444	392
18.55091667	391
18.5574	389
18.56388333	389
18.57036667	389
18.57688333	391
18.58336667	389
18.58985	389
18.59633333	389
18.60283333	390
18.60935	391
18.61581667	388
18.62231667	390
18.6288	389
18.63531667	391
18.64178333	388
18.64826667	389
18.65475	389
18.66123333	389
18.66778333	393
18.67433333	393
18.68088333	393
18.68745	394
18.694	393
18.70053333	392
18.70705	391
18.7136	393
18.72013333	392
18.72668333	393
18.73325	394
18.7398	393
18.7463	390
18.75285	393
18.75943333	395
18.76596667	392
18.77255	395
18.77906667	391
18.7856	392
18.7921	390
18.79865	393
18.80511667	388
18.81156667	387
18.8181	392
18.82456667	388
18.83105	389
18.8375	387
18.84396667	388
18.85043333	388
18.85688333	387
18.86331667	386
18.86973333	385
18.87618333	387
18.8826	385
18.88905	387
18.89545	384
18.90185	384
18.90825	384
18.91468333	386
18.9211	385
18.92751667	385
18.93391667	384
18.9403	383
18.94671667	385
18.95308333	382
18.95943333	381
18.96578333	381
18.97215	382
18.97851667	382
18.98485	380
18.99116667	379
18.9975	380
19.00381667	379
19.01015	380
19.01646667	379
19.02278333	379
19.0291	379
19.03546667	382
19.0418	380
19.0481	378
19.05441667	379
19.06073333	379
19.06706667	380
19.07336667	378
19.07965	377
19.08593333	377
19.09226667	380
19.0986	380
19.10493333	380
19.11125	379
19.11758333	380
19.12395	382
19.13033333	383
19.1367	382
19.14308333	383
19.14946667	383
19.15585	383
19.16226667	385
19.1687	386
19.1751	384
19.18151667	385
19.18791667	384
19.19428333	382
19.20068333	384
19.20703333	381
19.21343333	384
19.2198	382
19.22616667	382
19.23253333	382
19.23886667	380
19.24521667	381
19.25156667	381
19.25795	383
19.2643	381
19.27065	381
19.27701667	382
19.28338333	382
19.2897	379
19.29606667	382
19.30243333	382
19.30883333	384
19.31521667	383
19.3216	383
19.32805	387
19.33448333	386
19.34091667	386
19.34736667	387
19.35385	389
19.36028333	386
19.36671667	386
19.37313333	385
19.37953333	384
19.38596667	386
19.39241667	387
19.39883333	385
19.40523333	384
19.41163333	384
19.41806667	386
19.4245	386
19.43088333	383
19.4373	385
19.44366667	382
19.45008333	385
19.45645	382
19.46281667	382
19.46916667	381
19.47555	383
19.48195	384
19.48835	384
19.49476667	385
19.50118333	385
19.50761667	386
19.51405	386
19.52045	384
19.52685	384
19.53326667	385
19.53966667	384
19.54606667	384
19.55246667	384
19.55885	383
19.56528333	386
19.57166667	383
19.57805	383
19.58441667	382
19.59078333	382
19.59716667	383
19.60356667	384
19.60996667	384
19.61631667	381
19.62275	386
19.62918333	386
19.63558333	384
19.64201667	386
19.6484	383
19.65485	387
19.66126667	385
19.66771667	387
19.67418333	388
19.68061667	386
19.68708333	388
19.69355	388
19.70005	390
19.7065	387
19.71295	387
19.71945	390
19.72596667	391
19.73248333	391
19.739	391
19.7455	390
19.75208333	395
19.75863333	393
19.76516667	392
19.7717	392
19.77823333	392
19.78475	391
19.79125	390
19.79775	390
19.80425	390
19.81076667	391
19.81725	389
19.82376667	391
19.83025	389
19.83675	390
19.84323333	389
19.84973333	390
19.8562	388
19.8627	390
19.86915	387
19.87563333	389
19.88211667	389
19.88856667	387
19.89501667	387
19.90151667	390
19.90801667	390
19.91453333	391
19.92103333	390
19.92751667	389
19.934	389
19.94048333	389
19.94695	388
19.95345	390
19.95993333	389
19.96641667	389
19.97291667	390
19.9794	389
19.98586667	388
19.99233333	388
19.99881667	389
20.0053	389
20.01175	387
20.01821667	388
20.02465	386
20.03108333	386
20.03755	388
20.0441	393
20.0506	390
20.0571	390
20.06358333	389
20.0701	391
20.07663333	392
20.08326667	398
20.08983333	394
20.09638333	393
20.10295	394
20.1096	399
20.11633333	404
20.12308333	405
20.12981667	404
20.13651667	402
20.14323333	403
20.14996667	404
20.15675	407
20.1636	411
20.17038333	407
20.17715	406
20.18393333	407
20.19073333	408
20.19753333	408
20.2044	412
20.21128333	413
20.21816667	413
20.22498333	409
20.23181667	410
20.23876667	417
20.24571667	417
20.25273333	421
20.25966667	416
20.26658333	415
20.27346667	413
20.28035	413
20.2873	417
20.29425	417
20.3013	423
20.30838333	425
20.31548333	426
20.32256667	425
20.32958333	421
20.33661667	422
20.3437	425
20.35086667	430
20.358	428
20.36505	423
20.37211667	424
20.37918333	424
20.38636667	431
20.39355	431
20.40066667	427
20.40771667	423
20.41488333	430
20.42211667	434
20.42943333	439
20.43678333	441
20.44403333	435
20.4512	430
20.45833333	428
20.46545	427
20.47261667	430
20.47976667	429
20.48683333	424
20.49385	421
20.50085	420
20.50786667	421
20.51488333	421
20.52188333	420
20.52886667	419
20.5358	416
20.54271667	415
20.54968333	418
20.55676667	425
20.56398333	433
20.5713	439
20.57883333	452
20.58653333	462
20.59421667	461
20.60175	452
20.60941667	460
20.61715	464
20.625	471
20.63278333	467
20.64045	460
20.6482	465
20.656	468
20.66366667	460
20.67126667	456
20.67893333	460
20.68666667	464
20.69435	461
20.70196667	457
20.70955	455
20.71701667	448
20.72445	446
20.73186667	445
20.73931667	447
20.74685	452
20.75451667	460
20.76235	470
20.77016667	469
20.77805	473
20.78586667	469
20.79356667	462
20.80115	455
20.80861667	448
20.81601667	444
20.82338333	442
20.83088333	450
20.83835	448
20.84575	444
20.8532	447
20.86071667	451
20.86815	446
20.87566667	451
20.88325	455
20.89086667	457
20.89841667	453
20.90595	452
20.9136	459
20.92136667	466
20.92903333	460
20.93666667	458
20.9443	458
20.952	462
20.95973333	464
20.96743333	462
20.9751	460
20.98283333	464
20.99058333	465
20.99826667	461
21.00598333	463
21.01381667	470
21.02173333	475
21.02966667	476
21.03753333	472
21.04556667	482
21.05378333	493
21.06198333	492
21.07006667	485
21.07828333	493
21.08661667	500
21.09513333	511
21.1036	508
21.11191667	499
21.12043333	511
21.12911667	521
21.13771667	516
21.14616667	507
21.15445	497
21.1627	495
21.17098333	497
21.1792	493
21.18733333	488
21.19531667	479
21.20313333	469
21.2109	466
21.21865	465
21.22653333	473
21.2345	478
21.24241667	475
21.25023333	469
21.258	466
21.2658	468
21.27375	477
21.28181667	484
21.28991667	486
21.29781667	474
21.30561667	468
21.31346667	471
21.32136667	474
21.32933333	478
21.33731667	479
21.34523333	475
21.35321667	479
21.36141667	492
21.36975	500
21.37805	498
21.38623333	491
21.3947	508
21.40318333	509
21.41153333	501
21.41983333	498
21.42826667	506
21.43685	515
21.4455	519
21.45405	513
21.46241667	502
21.47076667	501
21.47916667	504
21.48763333	508
21.49613333	510
21.50453333	504
21.51288333	501
21.52128333	504
21.52986667	515
21.53858333	523
21.5472	517
21.55563333	506
21.5639	496
21.57223333	500
21.58065	505
21.58915	510
21.59743333	497
21.6055	484
21.6135	480
21.62141667	475
21.6295	485
21.63788333	503
21.64643333	513
21.65503333	516
21.66363333	516
21.67221667	515
21.6808	515
21.6894	516
21.6979	510
21.70623333	500
21.71446667	494
21.72268333	493
21.7309	493
21.73906667	490
21.74721667	489
21.75553333	499
21.76418333	519
21.773	529
21.78171667	523
21.79045	524
21.7993	531
21.80796667	520
21.81645	509
21.82506667	517
21.8336	512
21.84196667	502
21.85023333	496
21.8585	496
21.86685	501
21.87508333	494
21.88326667	491
21.89146667	492
21.89976667	498
21.90816667	504
21.91675	515
21.9254	519
21.93398333	515
21.94235	502
21.95065	498
21.95891667	496
21.96733333	505
21.9757	502
21.98405	501
21.9925	507
22.001	510
22.00941667	505
22.0178	503
22.02628333	509
22.03475	508
22.04336667	517
22.05183333	508
22.06013333	498
22.06835	493
22.07653333	491
22.08476667	494
22.09283333	484
22.10093333	486
22.1091	490
22.1172	486
22.12531667	487
22.13355	494
22.14181667	496
22.15025	506
22.15876667	511
22.16716667	504
22.1756	506
22.18403333	506
22.19253333	510
22.20108333	513
22.20971667	518
22.21836667	519
22.227	518
22.23578333	527
22.24443333	519
22.25293333	510
22.26135	505
22.2698	507
22.27836667	514
22.28706667	522
22.2958	524
22.30453333	524
22.31346667	536
22.3223	530
22.33083333	512
22.33921667	503
22.34758333	502
22.35598333	504
22.36446667	509
22.37301667	513
22.38168333	520
22.39041667	524
22.39915	524
22.40783333	521
22.41651667	521
22.42516667	519
22.43365	509
22.44196667	499
22.45023333	496
22.45851667	497
22.46686667	501
22.47513333	496
22.48328333	489
22.4914	487
22.49958333	491
22.5079	499
22.51606667	490
22.52416667	486
22.53225	485
22.54038333	488
22.54866667	497
22.55698333	499
22.56543333	507
22.57398333	513
22.58263333	519
22.59133333	522
22.60001667	521
22.60873333	523
22.61741667	521
22.62608333	520
22.6347	517
22.6433	516
22.65185	513
22.66016667	499
22.6684	494
22.6765	486
22.68456667	484
22.69261667	483
22.70061667	480
22.70875	488
22.717	495
22.72548333	509
22.73408333	516
22.7427	517
22.75141667	523
22.76008333	520
22.76873333	519
22.77733333	516
22.78596667	518
22.79426667	498
22.80251667	495
22.81063333	487
22.81866667	482
22.82673333	484
22.83495	493
22.84338333	506
22.85195	514
22.86076667	529
22.86968333	535
22.87868333	540
22.88765	538
22.89665	540
22.90571667	544
22.9149	551
22.92388333	539
22.93248333	516
22.94098333	510
22.94945	508
22.9579	507
22.9662	498
22.97446667	496
22.98288333	505
22.99145	514
23	513
23.0087	522
23.0175	528
23.02613333	518
23.03493333	528
23.04381667	533
23.05281667	540
23.06171667	534
23.07073333	541
23.07983333	546
23.0887	532
23.09761667	535
23.10656667	537
23.11541667	531
23.12423333	529
23.1331	532
23.14196667	532
23.15068333	523
23.1593	517
23.16798333	521
23.17678333	528
23.18558333	528
23.19433333	525
23.20296667	518
23.21163333	520
23.22038333	525
23.2292	529
23.23793333	524
23.24666667	524
23.2556	536
23.26471667	547
23.27391667	552
23.28303333	547
23.29195	535
23.30103333	545
23.31025	553
23.3192	537
23.32803333	530
23.33696667	536
23.34591667	537
23.35478333	532
23.3636	529
23.37263333	542
23.38201667	563
23.39176667	585
23.40145	581
23.41095	570
23.42043333	569
23.43011667	581
23.4399	587
23.4497	588
23.4592	570
23.4684	552
23.47748333	545
23.48661667	548
23.49586667	555
23.5052	560
23.5143	546
23.52333333	542
23.53246667	548
23.54151667	543
23.55051667	540
23.55946667	537
23.56851667	543
23.57751667	540
23.58638333	532
23.59541667	542
23.60458333	550
23.61381667	554
23.62285	542
23.63185	540
23.64088333	542
23.6499	541
23.65881667	535
23.66758333	526
23.67626667	521
23.68486667	516
23.69351667	519
23.70225	524
23.71101667	526
23.71985	530
23.72893333	545
23.73776667	530
23.74653333	526
23.75543333	534
23.76456667	548
23.77385	557
23.78308333	554
23.7924	559
23.80175	561
23.811	555
23.8203	558
23.82963333	560
23.83886667	554
23.84795	545
23.85703333	545
23.8661	544
23.87513333	542
23.88408333	537
23.89288333	528
23.90166667	527
23.91055	533
23.9195	537
23.92846667	538
23.93753333	544
23.94658333	543
23.95578333	552
23.96496667	551
23.97403333	544
23.983	538
23.99201667	541
24.00106667	543
24.01008333	541
24.01901667	536
24.02785	530
24.03681667	538
24.046	551
24.05518333	551
24.06436667	551
24.07343333	544
24.08233333	534
24.09115	529
24.09996667	529
24.10891667	537
24.1179	539
24.12678333	533
24.13558333	528
24.14435	526
24.15301667	520
24.16163333	517
24.17018333	513
24.17873333	513
24.1873	514
24.19585	513
24.20445	516
24.21298333	512
24.22148333	510
24.22986667	503
24.2383	506
24.24685	513
24.25558333	524
24.26465	544
24.27353333	533
24.28223333	522
24.29098333	525
24.29988333	534
24.30901667	548
24.31838333	562
24.3277	559
24.33683333	548
24.34606667	554
24.35533333	556
24.36485	571
24.37441667	574
24.38376667	561
24.39311667	561
24.40263333	571
24.4121	568
24.42131667	553
24.43048333	550
24.43966667	551
24.44885	551
24.45803333	551
24.46713333	546
24.47611667	539
24.48501667	534
24.49398333	538
24.50303333	543
24.51223333	552
24.52128333	543
24.5302	535
24.53901667	529
24.54788333	532
24.55666667	527
24.5655	530
24.57455	543
24.5837	549
24.59288333	551
24.6021	553
24.61118333	545
24.62015	538
24.6292	543
24.6383	546
24.64738333	545
24.6564	541
24.66535	537
24.67451667	550
24.68371667	552
24.69293333	553
24.702	544
24.71091667	535
24.71985	536
24.72885	540
24.738	549
24.74713333	548
24.75615	541
24.765	531
24.77378333	527
24.78263333	531
24.79153333	534
24.80035	529
24.80906667	523
24.81785	527
24.82678333	536
24.8359	547
24.845	546
24.85406667	544
24.86315	545
24.87231667	550
24.88153333	553
24.8907	550
24.89988333	551
24.90926667	563
24.91873333	568
24.92801667	557
24.93715	548
24.9463	549
24.95558333	557
24.96486667	557
24.97413333	556
24.98315	541
24.99198333	530
25.00071667	524
25.00938333	520
25.01825	532
25.02736667	547
25.0363	536
25.0452	534
25.0543	546
25.06346667	550
25.07265	551
25.08171667	544
25.09075	542
25.10018333	566
25.10968333	570
25.11896667	557
25.1281	548
25.13713333	542
25.1461	538
25.155	534
25.16393333	536
25.17308333	549
25.1824	559
25.19196667	574
25.20161667	579
25.21118333	574
25.22075	574
25.23038333	578
25.24	577
25.24938333	563
25.25853333	549
25.26748333	537
25.27648333	540
25.28558333	546
25.29493333	561
25.3042	556
25.31335	549
25.3225	549
25.33178333	557
25.34101667	554
25.35026667	555
25.35951667	555
25.36873333	553
25.3778	544
25.38678333	539
25.39576667	539
25.40475	539
25.41371667	538
25.4226	533
25.43138333	527
25.44013333	525
25.44885	523
25.45771667	532
25.46658333	532
25.4754	529
25.48413333	524
25.49291667	527
25.50175	530
25.51055	528
25.51936667	529
25.52821667	531
25.53713333	535
25.54621667	545
25.55521667	540
25.5642	539
25.57335	549
25.5825	549
25.59156667	544
25.60073333	550
25.60991667	551
25.61895	542
25.62803333	545
25.63715	547
25.64635	552
25.65575	564
25.66508333	560
25.67436667	557
25.68366667	558
25.69308333	565
25.7025	565
25.71171667	553
25.72086667	549
25.73003333	550
25.73916667	548
25.74818333	541
25.75726667	545
25.76628333	541
25.77528333	540
25.78428333	540
25.79343333	549
25.80261667	551
25.81171667	546
25.82053333	529
25.82936667	530
25.83813333	526
25.84703333	534
25.85588333	531
25.86471667	530
25.87366667	537
25.8827	542
25.89183333	548
25.90088333	543
25.9099	541
25.91886667	538
25.92781667	537
25.93693333	547
25.94628333	561
25.95556667	557
25.9647	548
25.97383333	548
25.98296667	548
25.99201667	543
26.00118333	550
26.01023333	543
26.0192	538
26.02823333	542
26.03725	541
26.04626667	541
26.05538333	547
26.06455	550
26.07376667	553
26.08271667	537
26.09155	530
26.1003	525
26.10888333	515
26.11748333	516
26.12611667	518
26.13465	512
26.14316667	511
26.15178333	517
26.16051667	524
26.1693	527
26.17805	525
26.18681667	526
26.19578333	538
26.2049	547
26.21413333	554
26.22313333	540
26.23206667	536
26.24103333	538
26.25005	541
26.2592	549
26.2683	546
26.2772	534
26.28605	531
26.29501667	538
26.30413333	547
26.31315	541
26.32215	540
26.33128333	548
26.34056667	557
26.34995	563
26.35926667	559
26.36851667	555
26.37788333	562
26.38738333	570
26.39696667	575
26.40683333	592
26.41646667	578
26.42598333	571
26.43538333	564
26.44468333	558
26.4539	553
26.46316667	556
26.47245	557
26.4819	567
26.49111667	553
26.50003333	535
26.5089	532
26.51786667	538
26.52688333	541
26.53576667	533
26.54476667	540
26.55383333	544
26.56288333	543
26.57208333	552
26.58168333	576
26.59165	598
26.60173333	605
26.61186667	608
26.62198333	607
26.63203333	603
26.64191667	593
26.65156667	579
26.66098333	565
26.67011667	548
26.679	533
26.68785	531
26.6967	531
26.70565	537
26.71456667	535
26.72358333	541
26.73253333	537
26.74163333	546
26.751	562
26.76058333	575
26.77008333	570
26.7795	565
26.78911667	577
26.79903333	595
26.80868333	579
26.81816667	569
26.82776667	576
26.8334	0
26.83748333	0
26.85683333	0
26.8662	562
26.87545	555
26.88471667	556
26.89403333	559
26.90338333	561
26.91278333	564
26.92213333	561
26.93126667	548
26.94035	545
26.94946667	547
26.95851667	543
26.96753333	541
26.97663333	546
26.98586667	554
26.99521667	561
27.0047	569
27.0139	552
27.0229	540
27.0319	540
27.04098333	545
27.05011667	548
27.05916667	543
27.06816667	540
27.07713333	538
27.08616667	542
27.09536667	552
27.10456667	552
27.11358333	541
27.12253333	537
27.13161667	545
27.14093333	559
27.15021667	557
27.15941667	552
27.16875	560
27.17848333	584
27.18841667	596
27.19813333	583
27.20758333	567
27.2171	571
27.22678333	581
27.23641667	578
27.2458	563
27.25511667	559
27.26441667	558
27.27346667	543
27.28236667	534
27.29118333	529
27.29978333	516
27.30856667	527
27.31773333	550
27.32713333	564
27.33675	577
27.34675	600
27.35688333	608
27.36721667	620
27.37706667	591
27.38666667	576
27.39648333	589
27.4062	583
27.41551667	559
27.42493333	565
27.43445	571
27.444	573
27.45385	591
27.46388333	602
27.47386667	599
27.48376667	594
27.49326667	570
27.50265	563
27.51191667	556
27.5211	551
27.53055	567
27.5401	573
27.54956667	568
27.55928333	583
27.56843333	549
27.5774	538
27.58628333	533
27.59508333	528
27.60393333	531
27.613	544
27.62231667	559
27.63166667	561
27.64106667	564
27.65045	563
27.65966667	553
27.66861667	537
27.67756667	537
27.68638333	529
27.69551667	548
27.70501667	570
27.71441667	564
27.72398333	574
27.73351667	572
27.74288333	562
27.75223333	561
27.76171667	569
27.77136667	579
27.78088333	571
27.79033333	567
27.79985	571
27.80948333	578
27.8193	589
27.82925	597
27.8392	597
27.84928333	605
27.85928333	600
27.86908333	588
27.87888333	588
27.88848333	576
27.89786667	563
27.90721667	561
27.9165	557
27.92571667	553
27.93483333	547
27.94388333	543
27.9528	535
27.96163333	530
27.97881667	0
27.98725	506
27.99563333	503
28.00405	505
28.0126	513
28.02106667	508
28.02961667	513
28.03833333	523
28.04701667	521
28.0557	521
28.06448333	527
28.07333333	531
28.08216667	530
28.09106667	534
28.10015	545
28.10956667	565
28.11913333	574
28.12865	571
28.13805	564
28.14731667	556
28.15661667	558
28.16588333	556
28.17536667	569
28.18508333	583
28.19485	586
28.20451667	580
28.21405	572
28.22361667	574
28.23333333	583
28.24301667	581
28.25245	566
28.26183333	563
28.27136667	572
28.28105	581
28.29066667	577
28.30001667	561
28.30916667	549
28.3183	548
28.32746667	550
28.33675	557
28.34585	546
28.35515	558
28.36443333	557
28.3737	556
28.38278333	545
28.39183333	543
28.40083333	540
28.40985	541
28.41881667	538
28.4276	527
28.4364	528
28.44521667	529
28.4539	521
28.46241667	511
28.47096667	513
28.47951667	513
28.48808333	514
28.49696667	533
28.50571667	525
28.51443333	523
28.5232	526
28.53216667	538
28.54148333	559
28.55061667	548
28.5596	539
28.56873333	548
28.57788333	549
28.587	547
28.59615	549
28.6054	555
28.61483333	566
28.6241	556
28.63335	555
28.64275	564
28.65223333	569
28.66176667	572
28.67098333	553
28.67995	538
28.6888	531
28.69763333	530
28.70646667	530
28.7153	530
28.72413333	530
28.73298333	531
28.74208333	546
28.7514	559
28.76058333	551
28.76956667	539
28.77855	539
28.78768333	548
28.79716667	569
28.80706667	594
28.817	596
28.82673333	584
28.83643333	582
28.84618333	585
28.85583333	579
28.8653	568
28.8748	570
28.88436667	574
28.89395	575
28.90343333	569
28.91275	559
28.9222	567
28.93171667	571
28.94131667	576
28.95083333	571
28.96008333	555
28.96931667	554
28.97858333	556
28.98796667	563
28.99728333	559
29.0064	547
29.01543333	542
29.02445	541
29.03348333	542
29.04243333	537
29.05131667	533
29.06015	530
29.0691	537
29.0781	540
29.08723333	548
29.09621667	539
29.10503333	529
29.11385	529
29.12276667	535
29.13193333	550
29.14118333	555
29.15036667	551
29.15943333	544
29.16868333	555
29.17806667	563
29.18743333	562
29.1966	550
29.20585	555
29.21523333	563
29.22483333	576
29.23445	577
29.24383333	563
29.2532	562
29.26271667	571
29.27233333	577
29.28211667	587
29.29163333	571
29.30093333	558
29.3103	562
29.31966667	562
29.32893333	556
29.33805	547
29.34713333	545
29.3564	556
29.36585	567
29.37548333	578
29.38501667	572
29.39483333	589
29.40491667	605
29.41523333	619
29.42561667	623
29.43558333	598
29.44535	586
29.45528333	596
29.46536667	605
29.47553333	610
29.48545	595
29.49505	576
29.50468333	578
29.5144	583
29.52388333	569
29.53326667	563
29.54281667	573
29.55216667	561
29.56151667	561
29.57108333	574
29.58091667	590
29.59075	590
29.60061667	592
29.61058333	598
29.6204	589
29.62973333	560
29.63895	553
29.6481	549
29.65728333	551
29.66683333	573
29.6769	604
29.68693333	602
29.69716667	614
29.70726667	606
29.71703333	586
29.72673333	582
29.73658333	591
29.74638333	588
29.75643333	603
29.7661	580
29.77541667	559
29.78465	554
29.79406667	565
29.80338333	559
29.81261667	554
29.82211667	570
29.83165	572
29.84088333	554
29.85013333	555
29.85951667	563
29.8688	557
29.87781667	541
29.88693333	547
29.89621667	557
29.9057	569
29.91525	573
29.92488333	578
29.93446667	575
29.94393333	568
29.95338333	567
29.96288333	570
29.97225	562
29.98161667	562
29.99115	572
30.00081667	580
30.01015	560
30.01923333	545
30.02825	541
30.03736667	547
30.04663333	556
30.05601667	563
30.06523333	553
30.07421667	539
30.08316667	537
30.09213333	538
30.10116667	542
30.10998333	529
30.1187	523
30.12733333	518
30.13608333	525
30.14488333	528
30.15358333	522
30.16233333	525
30.17133333	540
30.18041667	545
30.1897	557
30.19875	543
30.2078	543
30.217	552
30.22638333	563
30.23608333	582
30.2461	601
30.25611667	601
30.26596667	591
30.2755	572
30.28526667	586
30.29518333	595
30.30515	598
30.31518333	602
30.32483333	579
30.3343	568
30.34393333	578
30.35346667	572
30.36291667	567
30.37211667	552
30.38123333	547
30.3903	544
30.3994	546
30.40851667	547
30.41746667	537
30.42645	539
30.43561667	550
30.44501667	564
30.4545	569
30.46386667	562
30.47316667	558
30.48256667	564
30.49223333	580
30.50171667	569
30.51096667	555
30.52035	563
30.52985	570
30.53936667	571
30.54885	569
30.55823333	563
30.56775	571
30.57745	582
30.5875	603
30.59718333	581
30.60681667	578
30.61656667	585
30.62678333	613
30.63705	616
30.64736667	619
30.6575	608
30.66703333	572
30.67646667	566
30.686	572
30.69571667	583
30.70548333	586
30.71525	586
30.7248	573
30.73415	561
30.74343333	557
30.75283333	564
30.76221667	563
30.77188333	580
30.78186667	599
30.79173333	592
30.80153333	588
30.81103333	570
30.82026667	554
30.82941667	549
30.83861667	552
30.84793333	559
30.85731667	563
30.86673333	565
30.87596667	554
30.88528333	559
30.89468333	564
30.90431667	578
30.91408333	586
30.92348333	564
30.93286667	563
30.94241667	573
30.95195	572
30.96128333	560
30.97041667	548
30.97948333	544
30.98858333	546
30.9978	553
31.00705	555
31.01615	546
31.02521667	544
31.03445	554
31.04391667	568
31.05338333	568
31.0627	559
31.07203333	560
31.08146667	566
31.091	572
31.10055	573
31.10983333	557
31.1191	556
31.12841667	559
31.13785	566
31.14718333	560
31.1564	553
31.16573333	560
31.17528333	573
31.18486667	575
31.19428333	565
31.20355	556
31.21271667	550
31.22208333	562
31.23151667	566
31.24075	554
31.24981667	544
31.25881667	540
31.26791667	546
31.27713333	553
31.28656667	566
31.29571667	549
31.30483333	547
31.31418333	561
31.32371667	572
31.33358333	592
31.34333333	585
31.3529	574
31.3626	582
31.37238333	587
31.38208333	582
31.39151667	566
31.40086667	561
31.41036667	570
31.42016667	588
31.43026667	606
31.44048333	613
31.45023333	585
31.4597	568
31.46913333	566
31.47863333	570
31.488	562
31.49743333	566
31.50731667	593
31.51731667	600
31.52753333	613
31.53748333	597
31.54708333	576
31.55678333	582
31.56655	586
31.57645	594
31.58641667	598
31.59643333	601
31.60613333	582
31.61555	565
31.62493333	563
31.6343	562
31.6439	576
31.65373333	590
31.66335	577
31.6727	561
31.68193333	554
31.69125	559
31.70065	564
31.71021667	574
31.71985	578
31.7295	579
31.7391	576
31.7486	570
31.7581	570
31.76753333	566
31.77696667	566
31.78628333	559
31.79543333	549
31.80428333	531
31.81311667	530
31.82188333	526
31.8309	541
31.84046667	574
31.85041667	597
31.8603	593
31.87008333	587
31.87973333	579
31.88931667	575
31.89891667	576
31.90843333	571
31.9176	550
31.92668333	545
31.93586667	551
31.94533333	568
31.95475	565
31.96396667	553
31.9733	560
31.9824	546
31.99151667	547
