0.009433333	566
0.01905	577
0.028833333	587
0.038783333	597
0.048916667	608
0.059183333	616
0.069433333	615
0.079733333	618
0.090033333	618
0.100666667	638
0.111733333	664
0.1227	658
0.133666667	658
0.144566667	654
0.155233333	640
0.1658	634
0.176183333	623
0.186516667	620
0.196683333	610
0.20675	604
0.216883333	608
0.227133333	615
0.237233333	606
0.247366667	608
0.257483333	607
0.267616667	608
0.277766667	609
0.288033333	616
0.29825	613
0.30865	624
0.319033333	623
0.329383333	621
0.339983333	636
0.350583333	636
0.36105	628
0.371266667	613
0.381316667	603
0.39115	590
0.400966667	589
0.41075	587
0.420533333	587
0.430333333	588
0.440116667	587
0.449966667	591
0.45985	593
0.469783333	596
0.4797	595
0.489666667	598
0.49955	593
0.509416667	592
0.519316667	594
0.52945	608
0.53975	618
0.550066667	619
0.56025	611
0.570383333	608
0.58035	598
0.5902	591
0.6	588
0.60975	585
0.619416667	580
0.629016667	576
0.6386	575
0.648266667	580
0.658266667	600
0.668833333	634
0.67975	655
0.690766667	661
0.701883333	667
0.713216667	680
0.7245	677
0.735566667	664
0.746166667	636
0.75635	611
0.76635	600
0.776166667	589
0.786133333	598
0.79605	595
0.806	597
0.816183333	611
0.826466667	617
0.837066667	636
0.848116667	663
0.859166667	663
0.8703	668
0.881416667	667
0.8924	659
0.903466667	664
0.914583333	667
0.9254	649
0.935983333	635
0.9465	631
0.956966667	628
0.967366667	624
0.97785	629
0.988116667	616
0.998316667	612
1.00855	614
1.018683333	608
1.0287	601
1.038716667	601
1.0486	593
1.058416667	589
1.068216667	588
1.077916667	582
1.087616667	582
1.097566667	597
1.10765	605
1.117933333	617
1.128216667	617
1.138316667	606
1.148283333	598
1.158066667	587
1.167683333	577
1.177116667	566
1.186566667	567
1.196016667	567
1.205333333	559
1.214633333	558
1.223883333	555
1.2331	553
1.242333333	554
1.251616667	557
1.261166667	573
1.271133333	598
1.281566667	626
1.291916667	621
1.30215	614
1.31225	606
1.322233333	599
1.33215	595
1.342016667	592
1.35185	590
1.361733333	593
1.371666667	596
1.381683333	601
1.391683333	600
1.401616667	596
1.411433333	589
1.421183333	585
1.431016667	590
1.441016667	600
1.45125	614
1.46175	630
1.47245	642
1.483283333	650
1.494183333	654
1.505016667	650
1.51565	638
1.526166667	631
1.53655	623
1.5467	609
1.556866667	610
1.56695	605
1.5769	597
1.586783333	593
1.596716667	596
1.606583333	592
1.616483333	594
1.626533333	603
1.637033333	630
1.647866667	650
1.65915	677
1.67025	666
1.681033333	647
1.6917	640
1.702183333	629
1.7126	625
1.722916667	619
1.733216667	618
1.7433	605
1.753333333	602
1.763266667	596
1.7731	590
1.782983333	593
1.792783333	588
1.803016667	614
1.813716667	642
1.8244	641
1.834883333	629
1.845466667	635
1.855833333	622
1.865966667	608
1.875983333	601
1.885883333	594
1.895733333	591
1.9055	586
1.91525	585
1.9251	591
1.935066667	598
1.945083333	601
1.955033333	597
1.964933333	594
1.974983333	603
1.985133333	609
1.99535	613
2.005533333	611
2.015733333	612
2.026233333	630
2.036916667	641
2.04765	644
2.0582	633
2.068633333	626
2.079066667	626
2.0896	632
2.099966667	622
2.110266667	618
2.120533333	616
2.130916667	623
2.141633333	643
2.152166667	632
2.162566667	624
2.172733333	610
2.1828	604
2.192816667	601
2.202883333	604
2.212966667	605
2.223283333	619
2.233683333	624
2.24395	616
2.254333333	623
2.264733333	624
2.2751	622
2.28525	609
2.295316667	604
2.305366667	603
2.31555	611
2.3258	615
2.3362	624
2.3466	624
2.356816667	613
2.36715	620
2.37765	630
2.388266667	637
2.398683333	625
2.409183333	630
2.41985	640
2.430916667	664
2.44215	674
2.452983333	650
2.463766667	647
2.4747	656
2.4857	660
2.4964	642
2.507	636
2.517733333	644
2.52845	643
2.539016667	634
2.549433333	625
2.559783333	621
2.5704	637
2.581316667	655
2.592116667	648
2.602633333	631
2.612933333	618
2.623066667	608
2.632983333	595
2.642883333	594
2.652933333	603
2.6632	616
2.67375	633
2.684466667	643
2.695133333	640
2.70575	637
2.71605	618
2.7263	615
2.73645	609
2.746733333	617
2.75725	631
2.767533333	617
2.778083333	633
2.788716667	638
2.799533333	649
2.81065	667
2.8216	657
2.832483333	653
2.843216667	644
2.8541	653
2.864716667	637
2.875133333	625
2.88535	613
2.895416667	604
2.9054	599
2.915366667	598
2.925233333	592
2.934983333	585
2.944683333	582
2.954483333	588
2.964283333	588
2.974233333	597
2.984183333	597
2.994133333	597
3.004083333	597
3.0141	601
3.024333333	614
3.034933333	636
3.0458	652
3.056233333	626
3.06645	613
3.076583333	608
3.086766667	611
3.097066667	618
3.107666667	636
3.118633333	658
3.129333333	642
3.139783333	627
3.150366667	635
3.160966667	636
3.17165	641
3.182283333	638
3.192766667	629
3.20325	629
3.213916667	640
3.22515	674
3.23665	690
3.248566667	715
3.26095	743
3.273333333	743
3.2856	736
3.2977	726
3.3097	720
3.321416667	703
3.332816667	684
3.34395	668
3.355133333	671
3.366183333	663
3.377016667	650
3.38805	662
3.399116667	664
3.410333333	673
3.421566667	674
3.432483333	655
3.443116667	638
3.453566667	627
3.464	626
3.474733333	644
3.486033333	678
3.49715	667
3.50815	660
3.51925	666
3.53045	672
3.5418	681
3.552733333	656
3.563716667	659
3.574516667	648
3.585116667	636
3.595466667	621
3.605683333	613
3.6158	607
3.626033333	614
3.636333333	618
3.64685	631
3.657666667	649
3.668583333	655
3.67925	640
3.689916667	640
3.700783333	652
3.711733333	657
3.72255	649
3.733316667	646
3.743783333	628
3.754016667	614
3.764233333	613
3.774416667	611
3.784783333	622
3.795483333	642
3.805916667	626
3.816333333	625
3.826666667	620
3.836983333	619
3.8472	613
3.857383333	611
3.867533333	609
3.877683333	609
3.887783333	606
3.897783333	600
3.907733333	597
3.917533333	588
3.927166667	578
3.936766667	576
3.946483333	583
3.956416667	596
3.966233333	589
3.976	586
3.98565	579
3.995283333	578
4.005133333	591
4.015183333	603
4.025266667	605
4.035833333	634
4.046783333	657
4.057883333	666
4.068666667	647
4.079433333	646
4.0897	616
4.099883333	611
4.11	607
4.1201	606
4.13005	597
4.139916667	592
4.14965	584
4.159366667	583
4.1692	590
4.17925	603
4.189466667	613
4.199683333	613
4.209983333	618
4.22045	628
4.2309	627
4.24155	639
4.252216667	640
4.2629	641
4.2735	636
4.2841	636
4.2947	636
4.305133333	626
4.315466667	620
4.325683333	613
4.33575	604
4.345766667	601
4.355833333	604
4.366016667	611
4.376133333	607
4.386083333	597
4.395933333	591
4.405883333	597
4.416166667	617
4.42675	635
4.43715	624
4.44775	636
4.458733333	659
4.469383333	639
4.479816667	626
4.490083333	616
4.500233333	609
4.51025	601
4.520133333	593
4.5299	586
4.539583333	581
4.549183333	576
4.558666667	569
4.567983333	559
4.577183333	552
4.586233333	543
4.595166667	536
4.604183333	541
4.61305	532
4.621866667	529
4.6308	536
4.63985	543
4.649033333	551
4.658366667	560
4.667983333	577
4.677833333	591
4.687966667	608
4.698083333	607
4.708383333	618
4.719066667	641
4.729666667	636
4.740233333	634
4.750783333	633
4.76115	622
4.77155	624
4.7818	615
4.791816667	601
4.801833333	601
4.81175	595
4.821583333	590
4.8315	595
4.841216667	583
4.850883333	580
4.860583333	582
4.870633333	603
4.880883333	615
4.8913	625
4.9022	654
4.9133	666
4.923983333	641
4.93465	640
4.945566667	655
4.956433333	652
4.967	634
4.977616667	637
4.9881	629
4.99855	627
5.00885	618
5.019183333	620
5.029283333	606
5.0393	601
5.0491	588
5.058916667	589
5.069016667	606
5.0794	623
5.089816667	625
5.100266667	627
5.110566667	618
5.120633333	604
5.130716667	605
5.140716667	600
5.150683333	598
5.1606	595
5.170633333	602
5.180966667	620
5.1914	626
5.201733333	620
5.212033333	618
5.2224	622
5.232783333	623
5.24325	628
5.253783333	632
5.26445	640
5.275133333	641
5.28585	643
5.29655	642
5.307283333	644
5.318133333	651
5.328816667	641
5.339383333	634
5.3498	625
5.360116667	619
5.3704	617
5.3807	618
5.39095	615
5.401366667	625
5.411966667	636
5.4225	632
5.432966667	628
5.4432	614
5.453316667	607
5.4633	599
5.47335	603
5.483516667	610
5.493566667	603
5.5037	608
5.51385	609
5.523883333	602
5.533883333	600
5.54385	598
5.553883333	602
5.563833333	597
5.573833333	600
5.583683333	591
5.593533333	591
5.603516667	599
5.613666667	609
5.62365	599
5.633533333	593
5.643383333	591
5.65315	586
5.662916667	586
5.672666667	585
5.682566667	594
5.692683333	607
5.703033333	621
5.713583333	633
5.724316667	644
5.734916667	636
5.74535	626
5.75555	612
5.765516667	598
5.775433333	595
5.785266667	590
5.795166667	594
5.805016667	591
5.815116667	606
5.825233333	607
5.8355	616
5.845633333	608
5.855616667	599
5.8656	599
5.875633333	602
5.885816667	611
5.89605	614
5.906366667	619
5.9167	620
5.927183333	629
5.937733333	633
5.948416667	641
5.959183333	646
5.970383333	672
5.9814	661
5.992466667	664
6.003433333	658
6.014133333	642
6.024983333	651
6.035783333	648
6.04655	646
6.05705	630
6.0674	621
6.0777	618
6.08815	627
6.09865	630
6.109416667	646
6.12025	650
6.130933333	641
6.141816667	653
6.15275	656
6.164	675
6.175033333	662
6.186133333	666
6.197183333	663
6.208166667	659
6.21905	653
6.229916667	652
6.240616667	642
6.2511	629
6.261316667	613
6.271516667	612
6.2817	611
6.291933333	614
6.302233333	618
6.3129	640
6.323683333	647
6.334233333	633
6.344866667	638
6.3554	632
6.3659	630
6.3763	624
6.3867	624
6.39715	627
6.40755	624
6.417883333	620
6.428016667	608
6.437883333	592
6.447666667	587
6.457466667	588
6.46725	587
6.477033333	587
6.486816667	587
6.496683333	592
6.506516667	590
6.516383333	592
6.5263	595
6.536266667	598
6.546416667	609
6.556683333	616
6.566883333	612
6.576933333	603
6.586916667	599
6.5968	593
6.6065	582
6.616283333	587
6.62605	586
6.6357	579
6.645366667	580
6.6551	584
6.6651	600
6.67515	603
6.685216667	604
6.695533333	619
6.705983333	627
6.716683333	642
6.7276	655
6.738516667	655
6.749183333	640
6.759833333	639
6.770366667	632
6.78075	623
6.7912	627
6.801733333	632
6.811883333	609
6.821966667	605
6.8319	596
6.841633333	584
6.851333333	582
6.861133333	588
6.871033333	594
6.88105	601
6.891216667	610
6.902016667	648
6.9138	707
6.925233333	686
6.936133333	654
6.94655	625
6.9567	609
6.966616667	595
6.976583333	598
6.986433333	591
6.996416667	599
7.006283333	592
7.015983333	582
7.025666667	581
7.035333333	580
7.045333333	600
7.0558	628
7.06635	633
7.076733333	623
7.087066667	620
7.097433333	622
7.10805	637
7.11835	618
7.128333333	599
7.138266667	596
7.148233333	598
7.15795	583
7.167633333	581
7.177333333	582
7.186983333	579
7.196666667	581
7.206033333	562
7.21545	565
7.225	573
7.234383333	563
7.2437	559
7.252716667	541
7.261916667	552
7.270983333	544
7.279833333	531
7.288683333	531
7.297566667	533
7.3065	536
7.31535	531
7.324166667	529
7.332983333	529
7.3419	535
7.3507	528
7.359416667	523
7.368066667	519
7.376766667	522
7.385633333	532
7.394416667	527
7.4034	539
7.412433333	542
7.42145	541
7.4304	537
7.439166667	526
7.4478	518
7.456583333	527
7.465366667	527
7.474133333	526
7.482883333	525
7.491633333	525
7.5004	526
7.509433333	542
7.518566667	548
7.527733333	550
7.5369	550
7.545816667	535
7.554916667	546
7.564033333	547
7.572983333	537
7.58175	526
7.590416667	520
7.59905	518
7.6077	519
7.61645	525
7.625183333	524
7.633933333	525
7.642716667	527
7.6517	539
7.6607	540
7.66945	525
7.678483333	542
7.68775	556
7.697183333	566
7.706333333	549
7.715733333	564
7.725283333	573
7.734933333	579
7.744366667	566
7.753916667	573
7.763816667	594
7.77395	608
7.78365	582
7.793616667	598
7.8036	599
7.81315	573
7.822583333	566
7.83185	556
7.841183333	560
7.850483333	558
7.859533333	543
7.868833333	558
7.878016667	551
7.887066667	543
7.89595	533
7.904933333	539
7.914016667	545
7.923266667	555
7.932466667	552
7.94185	563
7.951466667	577
7.961116667	579
7.97055	566
7.980216667	580
7.990166667	597
7.999966667	588
8.00955	575
8.019433333	593
8.029266667	590
8.039233333	598
8.048716667	569
8.058366667	579
8.06795	575
8.077383333	566
8.086733333	561
8.096083333	561
8.105683333	576
8.115216667	572
8.124766667	573
8.134483333	583
8.144366667	593
8.153933333	574
8.163616667	581
8.173216667	576
8.1825	557
8.1916	546
8.200683333	545
8.209783333	546
8.218933333	549
8.2281	550
8.237216667	547
8.246566667	561
8.255933333	562
8.265483333	573
8.275416667	596
8.285333333	595
8.295133333	588
8.304616667	569
8.314	563
8.3234	564
8.332666667	556
8.3422	572
8.351716667	571
8.360916667	552
8.370433333	571
8.379866667	566
8.389166667	558
8.3981	536
8.40725	549
8.41615	534
8.424966667	529
8.4336	518
8.442466667	532
8.451433333	538
8.460616667	551
8.469516667	534
8.478566667	543
8.487833333	556
8.497466667	578
8.5072	584
8.516566667	562
8.526433333	592
8.5366	610
8.546833333	614
8.5569	604
8.567166667	616
8.5778	638
8.5879	606
8.598133333	614
8.608483333	621
8.618316667	590
8.628066667	585
8.63785	587
8.647116667	556
8.656233333	547
8.66525	541
8.674316667	544
8.683283333	538
8.692183333	534
8.70125	544
8.710533333	557
8.719916667	563
8.728983333	544
8.738416667	566
8.7479	569
8.757266667	562
8.76655	557
8.775883333	560
8.78535	568
8.794466667	547
8.803766667	558
8.81325	569
8.822633333	563
8.8319	556
8.841466667	574
8.85115	581
8.860583333	566
8.870133333	573
8.879733333	576
8.888916667	551
8.89815	554
8.907316667	550
8.916383333	544
8.925233333	531
8.934116667	533
8.9432	545
8.952383333	551
8.961533333	549
8.9707	550
8.980233333	572
8.989833333	576
8.9992	562
9.008583333	563
9.018166667	575
9.027683333	571
9.036816667	548
9.046133333	559
9.05535	553
9.064466667	547
9.073433333	538
9.082483333	543
9.091583333	546
9.100516667	536
9.109416667	534
9.118316667	534
9.127266667	537
9.1361	530
9.144933333	530
9.153866667	536
9.162833333	538
9.171533333	522
9.180366667	530
9.189166667	528
9.197683333	511
9.206266667	515
9.214866667	516
9.2233	506
9.231683333	503
9.240116667	506
9.248666667	513
9.257066667	504
9.265333333	496
9.273783333	507
9.282116667	500
9.29045	500
9.298566667	487
9.306666667	486
9.314833333	490
9.323166667	500
9.331516667	501
9.33985	500
9.347933333	485
9.3563	502
9.3646	498
9.372666667	484
9.380733333	484
9.3889	490
9.39705	489
9.404983333	476
9.413033333	483
9.421166667	488
9.429233333	484
9.43715	475
9.44525	486
9.453433333	491
9.4615	484
9.469416667	475
9.477433333	481
9.4855	484
9.493666667	490
9.5016	476
9.509466667	472
9.517366667	474
9.52525	473
9.533183333	476
9.541166667	479
9.549216667	483
9.55705	470
9.565066667	481
9.573083333	481
9.58095	472
9.5888	471
9.596666667	472
9.604633333	478
9.612383333	465
9.62035	478
9.628316667	478
9.636133333	469
9.643983333	471
9.651866667	473
9.659633333	466
9.66725	457
9.675016667	466
9.68285	470
9.690733333	473
9.69845	463
9.706166667	463
9.713916667	465
9.721533333	457
9.729316667	467
9.73715	470
9.74485	462
9.752683333	470
9.760616667	476
9.768433333	469
9.77615	463
9.783983333	470
9.791766667	467
9.799366667	456
9.807083333	463
9.81475	460
9.822316667	454
9.830066667	465
9.837916667	471
9.845566667	459
9.853183333	457
9.860866667	461
9.868516667	459
9.875916667	444
9.8835	455
9.891	450
9.898566667	454
9.905983333	445
9.913516667	452
9.921	449
9.928383333	443
9.9357	439
9.9432	450
9.95065	447
9.958016667	442
9.965333333	439
9.97275	445
9.980216667	448
9.987666667	447
9.995033333	442
10.00243333	444
10.01	454
10.01745	447
10.02496667	451
10.03258333	457
10.04016667	455
10.04768333	451
10.05531667	458
10.06303333	463
10.0706	454
10.07813333	452
10.08571667	455
10.09331667	456
10.10073333	445
10.10813333	444
10.11555	445
10.12303333	449
10.13038333	441
10.1377	439
10.14505	441
10.15248333	446
10.15998333	450
10.16753333	453
10.17498333	447
10.18245	448
10.19001667	454
10.19761667	456
10.2054	467
10.21308333	461
10.22066667	455
10.22835	461
10.23608333	464
10.24371667	458
10.25131667	456
10.25898333	460
10.26666667	461
10.27418333	451
10.28163333	447
10.28906667	446
10.29648333	445
10.30395	448
10.31148333	452
10.31886667	443
10.32616667	438
10.3335	440
10.34086667	442
10.34826667	444
10.35563333	442
10.36291667	437
10.3702	437
10.37751667	439
10.38483333	439
10.39225	445
10.3997	447
10.40715	447
10.41455	444
10.422	447
10.4294	444
10.43676667	442
10.4441	440
10.45153333	446
10.45896667	446
10.46633333	442
10.47365	439
10.481	441
10.48845	447
10.49588333	446
10.50326667	443
10.51065	443
10.51803333	443
10.52538333	441
10.53265	436
10.53993333	437
10.54721667	437
10.5545	437
10.56163333	428
10.56885	433
10.57605	432
10.58335	438
10.59066667	439
10.59793333	436
10.60513333	432
10.61236667	434
10.61961667	435
10.62685	434
10.63408333	434
10.64118333	426
10.64823333	423
10.65536667	428
10.66243333	424
10.66941667	419
10.6765	425
10.68358333	425
10.6907	427
10.69776667	424
10.70481667	423
10.71196667	429
10.7191	428
10.72626667	430
10.73326667	420
10.74038333	427
10.7475	427
10.7546	426
10.7617	426
10.76873333	422
10.77568333	417
10.78275	424
10.78975	420
10.79685	426
10.8038	417
10.8108	420
10.81783333	422
10.82488333	423
10.83181667	416
10.8388	419
10.84578333	419
10.85278333	420
10.8597	415
10.86661667	415
10.8736	419
10.88053333	416
10.8874	412
10.89421667	409
10.90108333	412
10.90795	412
10.9148	411
10.92161667	409
10.92836667	405
10.93515	407
10.94196667	409
10.94883333	412
10.95566667	410
10.9624	404
10.9692	408
10.97596667	406
10.98278333	409
10.9896	409
10.99635	405
11.00305	402
11.00976667	403
11.0165	404
11.02325	405
11.03003333	407
11.0369	412
11.0438	414
11.05071667	415
11.05758333	412
11.0645	415
11.07145	417
11.07848333	422
11.08558333	426
11.0927	427
11.09975	423
11.1068	423
11.11383333	422
11.1209	424
11.12798333	425
11.13508333	426
11.14216667	425
11.1492	422
11.15625	423
11.16325	420
11.17031667	424
11.17736667	423
11.18438333	421
11.19128333	414
11.19816667	413
11.20515	419
11.2121	417
11.21908333	419
11.22606667	419
11.23293333	412
11.23993333	420
11.2469	418
11.25386667	418
11.26076667	414
11.26763333	412
11.27453333	414
11.28146667	416
11.28833333	412
11.29515	409
11.3019	405
11.30876667	412
11.31558333	409
11.3224	409
11.32921667	409
11.33598333	406
11.34276667	407
11.3496	410
11.3565	414
11.36341667	415
11.37035	416
11.37721667	412
11.38403333	409
11.39086667	410
11.39778333	415
11.40473333	417
11.41165	415
11.41851667	412
11.42538333	412
11.43225	412
11.43913333	413
11.44608333	417
11.45305	418
11.46003333	419
11.46693333	414
11.47391667	419
11.48086667	417
11.48776667	414
11.49456667	408
11.50148333	415
11.50833333	411
11.51518333	411
11.52191667	404
11.52866667	405
11.53545	407
11.54226667	409
11.54898333	403
11.55573333	405
11.56241667	401
11.5692	407
11.576	408
11.58283333	410
11.58968333	411
11.59646667	407
11.6033	410
11.61021667	415
11.61711667	414
11.62391667	408
11.63075	410
11.63761667	412
11.64451667	414
11.65138333	412
11.6582	409
11.66505	411
11.67195	414
11.67885	414
11.6857	411
11.69251667	409
11.69931667	408
11.70616667	411
11.71293333	406
11.71965	403
11.72636667	403
11.73311667	405
11.73986667	405
11.74665	407
11.75341667	406
11.76018333	406
11.7669	403
11.7736	402
11.78031667	403
11.7871	407
11.79391667	409
11.80073333	409
11.80765	415
11.81458333	416
11.82155	418
11.82846667	415
11.83541667	417
11.84235	416
11.84938333	422
11.85633333	417
11.86328333	417
11.87016667	413
11.87708333	415
11.88395	412
11.89091667	418
11.89786667	417
11.9048	416
11.91171667	415
11.9186	413
11.92553333	416
11.93246667	416
11.93945	419
11.94633333	413
11.9532	412
11.96013333	416
11.96706667	416
11.97391667	411
11.98075	410
11.98765	414
11.99453333	413
12.00136667	410
12.00818333	409
12.015	409
12.02176667	406
12.02855	407
12.03533333	407
12.04205	403
12.0487	399
12.05541667	403
12.06218333	406
12.06891667	404
12.0756	401
12.08226667	400
12.08891667	399
12.09553333	397
12.10221667	401
12.10895	404
12.1157	405
12.1225	408
12.12926667	406
12.13606667	408
12.14288333	409
12.14978333	414
12.15668333	414
12.16351667	410
12.17026667	405
12.17706667	408
12.18381667	405
12.19061667	408
12.1974	407
12.20421667	409
12.21101667	408
12.2178	407
12.22463333	410
12.23148333	411
12.23841667	416
12.24535	416
12.25226667	415
12.2591	410
12.26605	417
12.27298333	416
12.27993333	417
12.28688333	417
12.29386667	419
12.30073333	412
12.30771667	419
12.31465	416
12.32156667	415
12.32841667	411
12.3353	413
12.34213333	410
12.34893333	408
12.35566667	404
12.36248333	409
12.3693	409
12.37613333	410
12.38293333	408
12.38971667	407
12.39655	410
12.4034	411
12.41016667	406
12.41693333	406
12.4237	406
12.43048333	407
12.4373	409
12.44405	405
12.45076667	403
12.45753333	406
12.46425	403
12.471	405
12.47771667	403
12.48431667	396
12.49105	404
12.49775	402
12.50441667	400
12.51101667	396
12.51776667	405
12.5245	404
12.53121667	403
12.5379	401
12.54458333	401
12.55128333	402
12.55801667	404
12.56468333	400
12.5713	397
12.57793333	398
12.58458333	399
12.59125	400
12.60453333	0
12.61113333	396
12.6178	400
12.62453333	404
12.63123333	402
12.63791667	401
12.64451667	396
12.65113333	397
12.65773333	396
12.66436667	398
12.671	398
12.6776	396
12.68415	393
12.69073333	395
12.6973	394
12.70388333	395
12.71045	394
12.71695	390
12.72346667	391
12.72996667	390
12.73648333	391
12.74298333	390
12.74948333	390
12.75593333	387
12.76248333	393
12.76908333	396
12.77566667	395
12.78221667	393
12.78876667	393
12.79538333	397
12.80196667	395
12.80853333	394
12.81506667	392
12.82165	395
12.82825	396
12.83485	396
12.84136667	391
12.84788333	391
12.85443333	393
12.86105	397
12.86765	396
12.8742	393
12.88083333	398
12.88748333	399
12.89413333	399
12.90068333	393
12.90733333	399
12.91396667	398
12.92058333	397
12.92716667	395
12.9338	398
12.9404	396
12.94705	399
12.95361667	394
12.96018333	394
12.96675	394
12.97336667	397
12.98001667	399
12.98673333	403
12.99345	403
13.00016667	403
13.00685	401
13.01355	402
13.0203	405
13.02705	405
13.03375	402
13.04038333	398
13.04713333	405
13.05385	403
13.06053333	401
13.06716667	398
13.07385	401
13.08056667	403
13.0872	398
13.09381667	397
13.1005	401
13.10718333	401
13.11386667	401
13.12046667	396
13.12711667	399
13.13375	398
13.14045	402
13.14713333	401
13.15371667	395
13.16035	398
13.16701667	400
13.17371667	402
13.1804	401
13.18705	399
13.1937	399
13.20033333	398
13.207	400
13.2136	396
13.22015	393
13.22671667	394
13.23335	398
13.24	399
13.24655	393
13.25318333	398
13.25981667	398
13.26641667	396
13.27296667	393
13.2795	392
13.28603333	392
13.29261667	395
13.29918333	394
13.30568333	390
13.31221667	392
13.31881667	396
13.32543333	397
13.33208333	399
13.3387	397
13.34528333	395
13.35195	400
13.35861667	400
13.36531667	402
13.37191667	396
13.37856667	399
13.38525	401
13.3919	399
13.39846667	394
13.40513333	400
13.41178333	399
13.41841667	398
13.42498333	394
13.43156667	395
13.43818333	397
13.44475	394
13.4513	393
13.4578	390
13.4644	396
13.47098333	395
13.47753333	393
13.48398333	387
13.49051667	392
13.49706667	393
13.50361667	393
13.51013333	391
13.51661667	389
13.52316667	393
13.52971667	393
13.5363	395
13.54281667	391
13.54931667	390
13.55585	392
13.5624	393
13.5689	390
13.5754	390
13.58196667	394
13.58851667	393
13.595	389
13.60146667	388
13.60798333	391
13.61451667	392
13.62105	392
13.6275	387
13.63395	387
13.6404	387
13.64691667	391
13.6534	389
13.65988333	389
13.66628333	384
13.67276667	389
13.67923333	388
13.6857	388
13.69218333	389
13.69871667	392
13.70523333	391
13.71166667	386
13.71811667	387
13.7246	389
13.73115	393
13.73763333	389
13.74411667	389
13.75068333	394
13.75721667	392
13.76376667	393
13.77028333	391
13.77683333	393
13.78338333	393
13.78991667	392
13.79635	386
13.80286667	391
13.80935	389
13.81585	390
13.82233333	389
13.82886667	392
13.83541667	393
13.84195	392
13.84846667	391
13.85488333	385
13.8614	391
13.86791667	391
13.8744	389
13.88085	387
13.8873	387
13.89381667	391
13.90035	392
13.90693333	395
13.91348333	393
13.92001667	392
13.92655	392
13.93311667	394
13.93965	392
13.94618333	392
13.95258333	384
13.95908333	390
13.96558333	390
13.97211667	392
13.97863333	391
13.98511667	389
13.99163333	391
13.99813333	390
14.00463333	390
14.01115	391
14.01773333	395
14.0244	400
14.03108333	401
14.0378	403
14.04448333	401
14.05126667	407
14.05801667	405
14.06475	404
14.07153333	407
14.07833333	408
14.08511667	407
14.09183333	403
14.0986	406
14.10535	405
14.11208333	404
14.11881667	404
14.12546667	399
14.13218333	403
14.13888333	402
14.14551667	398
14.1521	395
14.15866667	394
14.16526667	396
14.17181667	393
14.17835	392
14.18478333	386
14.19123333	387
14.19765	385
14.20413333	389
14.21066667	392
14.21723333	394
14.22381667	395
14.2304	395
14.23695	393
14.24358333	398
14.2502	397
14.2568	396
14.26335	393
14.26996667	397
14.27658333	397
14.28316667	395
14.28968333	391
14.2963	397
14.30291667	397
14.30953333	397
14.3161	394
14.32276667	400
14.3294	398
14.33603333	398
14.34256667	392
14.34921667	399
14.3558	395
14.36236667	394
14.36886667	390
14.37546667	396
14.38206667	396
14.38863333	394
14.39516667	392
14.40176667	396
14.40835	395
14.41493333	395
14.42146667	392
14.42806667	396
14.43466667	396
14.44125	395
14.44781667	394
14.45438333	394
14.46101667	398
14.4677	401
14.4744	402
14.48113333	404
14.4879	406
14.49465	405
14.50145	408
14.50825	408
14.515	405
14.52173333	404
14.52848333	405
14.53523333	405
14.54195	403
14.54861667	400
14.55528333	400
14.56198333	402
14.56866667	401
14.57528333	397
14.58181667	392
14.58843333	397
14.59501667	395
14.60165	398
14.6083	399
14.6149	396
14.6215	396
14.6281	396
14.63476667	400
14.6414	398
14.64803333	398
14.65465	397
14.66125	396
14.66781667	394
14.67445	398
14.68113333	401
14.68775	397
14.69438333	398
14.70105	400
14.70766667	397
14.71421667	393
14.72086667	399
14.72743333	394
14.73396667	392
14.74043333	388
14.74703333	396
14.7536	394
14.76015	393
14.76658333	386
14.77316667	395
14.77971667	393
14.78625	392
14.79276667	391
14.79933333	394
14.80596667	398
14.81253333	394
14.81913333	396
14.82576667	398
14.83238333	397
14.839	397
14.8456	396
14.8522	396
14.85883333	398
14.86536667	392
14.87186667	390
14.87843333	394
14.88508333	399
14.8917	397
14.89828333	395
14.90496667	401
14.91163333	400
14.91828333	399
14.92488333	396
14.93163333	405
14.9383	400
14.94501667	403
14.95165	398
14.95845	408
14.96521667	406
14.97201667	408
14.97876667	405
14.98558333	409
14.99241667	410
14.99923333	409
15.00605	409
15.0128	405
15.01958333	407
15.02626667	401
15.03295	401
15.03963333	401
15.04628333	399
15.05283333	393
15.05941667	395
15.066	395
15.07256667	394
15.07905	389
15.08556667	391
15.09211667	393
15.09865	392
15.10511667	388
15.11166667	393
15.1182	392
15.12468333	389
15.13115	388
15.13766667	391
15.14416667	390
15.15056667	384
15.15696667	384
15.16341667	387
15.16991667	390
15.1764	389
15.18285	387
15.1893	387
15.19583333	392
15.2024	394
15.20893333	392
15.21541667	389
15.22186667	387
15.22841667	393
15.23491667	390
15.24136667	387
15.24783333	388
15.25438333	393
15.26093333	393
15.26758333	399
15.27426667	401
15.28095	401
15.28761667	400
15.29426667	399
15.30095	401
15.30768333	404
15.3144	403
15.32111667	403
15.32785	404
15.33455	402
15.34121667	400
15.34796667	405
15.35468333	403
15.36133333	399
15.36796667	398
15.37461667	399
15.38128333	400
15.38795	400
15.3946	399
15.40121667	397
15.40793333	403
15.41458333	399
15.42121667	398
15.4278	395
15.43435	393
15.44093333	395
15.4475	394
15.4541	396
15.4606	390
15.46713333	392
15.47365	391
15.48023333	395
15.48676667	392
15.4933	392
15.4999	396
15.50651667	397
15.51316667	399
15.51973333	394
15.52635	397
15.533	399
15.53966667	400
15.54625	395
15.5529	399
15.55953333	398
15.56618333	399
15.57276667	395
15.57935	395
15.58595	396
15.5926	399
15.5992	396
15.60576667	394
15.61233333	394
15.61896667	398
15.6256	398
15.6322	396
15.63876667	394
15.64538333	397
15.65205	400
15.65871667	400
15.66531667	396
15.672	401
15.6787	402
15.68541667	403
15.69215	404
15.69893333	407
15.70575	409
15.7126	411
15.71941667	409
15.72626667	411
15.73316667	414
15.74	410
15.74685	411
15.75368333	410
15.76046667	407
15.76718333	403
15.7739	403
15.78061667	403
15.78728333	400
15.79395	400
15.80063333	401
15.80733333	402
15.81403333	402
15.82066667	398
15.82733333	400
15.83405	403
15.84071667	400
15.84733333	397
15.85401667	401
15.86071667	402
15.86738333	400
15.87405	400
15.88075	402
15.88746667	403
15.89418333	403
15.90085	400
15.90761667	406
15.91436667	405
15.92105	401
15.9277	399
15.93435	399
15.94103333	401
15.94771667	401
15.95441667	402
15.96105	398
15.96773333	401
15.97441667	401
15.98111667	402
15.98771667	396
15.9944	401
16.00106667	400
16.00771667	399
16.0143	395
16.02096667	400
16.02761667	399
16.03421667	396
16.0408	395
16.04743333	398
16.05408333	399
16.06073333	399
16.06731667	395
16.07396667	399
16.08066667	402
16.08733333	400
16.09393333	396
16.10053333	396
16.10721667	401
16.1138	395
16.12031667	391
16.1268	389
16.13336667	394
16.13986667	390
16.14631667	387
16.15275	386
16.15925	390
16.16571667	388
16.17218333	388
16.17865	388
16.18518333	392
16.1917	391
16.19816667	388
16.20463333	388
16.21108333	387
16.21758333	390
16.2241	391
16.23058333	389
16.23703333	387
16.2435	388
16.25006667	394
16.25663333	394
16.26321667	395
16.26976667	393
16.27641667	399
16.28303333	397
16.28956667	392
16.29611667	393
16.3027	395
16.30925	393
16.31575	390
16.32226667	391
16.32881667	393
16.33536667	393
16.3419	392
16.34836667	388
16.35491667	393
16.36145	392
16.36796667	391
16.37441667	387
16.38095	392
16.38745	390
16.39398333	392
16.40043333	387
16.40695	391
16.4135	393
16.42005	393
16.42655	390
16.43313333	395
16.43971667	395
16.44626667	393
16.45278333	391
16.45936667	395
16.46595	395
16.47248333	392
16.47896667	389
16.48553333	394
16.49208333	393
16.49855	388
16.50503333	389
16.51155	391
16.51808333	392
16.52458333	390
16.5311	391
16.5376	390
16.54415	393
16.55068333	392
16.55718333	390
16.5637	391
16.57026667	394
16.57683333	394
16.58335	391
16.5899	393
16.59645	393
16.60305	396
16.60963333	395
16.61618333	393
16.6228	397
16.62943333	398
16.63605	397
16.64265	396
16.64928333	398
16.65593333	399
16.66258333	399
16.66923333	399
16.67596667	404
16.68268333	403
16.6894	403
16.69611667	403
16.7028	401
16.70946667	400
16.71613333	400
16.7227	394
16.72938333	401
16.73596667	395
16.74256667	396
16.74906667	390
16.75558333	391
16.7621	391
16.76861667	391
16.77518333	394
16.78173333	393
16.78833333	396
16.79491667	395
16.8015	395
16.808	390
16.81456667	394
16.82116667	396
16.82778333	397
16.83438333	396
16.84095	394
16.8475	393
16.85406667	394
16.86065	395
16.86725	396
16.87385	396
16.88048333	398
16.88721667	404
16.894	407
16.90071667	403
16.90746667	405
16.91428333	409
16.92118333	414
16.9281	415
16.93495	411
16.94176667	409
16.94865	413
16.95546667	409
16.96216667	402
16.96885	401
16.97556667	403
16.98223333	400
16.98885	397
16.99541667	394
17.00203333	397
17.0086	394
17.01513333	392
17.02161667	389
17.02818333	394
17.0347	391
17.04118333	389
17.04763333	387
17.05413333	390
17.06063333	390
17.06716667	392
17.0737	392
17.0802	390
17.08673333	392
17.09331667	395
17.09993333	397
17.10661667	401
17.1133	401
17.11995	399
17.12661667	400
17.13326667	399
17.14001667	405
17.14675	404
17.15345	402
17.1601	399
17.16683333	404
17.17358333	405
17.18038333	408
17.1871	403
17.19383333	404
17.2006	406
17.20735	405
17.21405	402
17.22068333	398
17.22735	400
17.23403333	401
17.24066667	398
17.24725	395
17.25383333	395
17.26045	397
17.26705	396
17.27368333	398
17.28031667	398
17.28695	398
17.29356667	397
17.30025	401
17.3069	399
17.31355	399
17.3201	393
17.32665	393
17.33323333	395
17.33978333	393
17.34635	394
17.35283333	389
17.35925	385
17.36573333	389
17.3722	388
17.37865	387
17.38506667	385
17.39158333	391
17.39806667	389
17.40458333	391
17.4111	391
17.4177	396
17.42433333	398
17.43096667	398
17.43768333	403
17.44436667	401
17.45101667	399
17.45771667	402
17.46446667	405
17.47121667	405
17.47795	404
17.48463333	401
17.49135	403
17.49808333	404
17.50481667	404
17.51156667	405
17.51828333	403
17.52493333	399
17.53158333	399
17.5383	403
17.54503333	404
17.55168333	399
17.55831667	398
17.56501667	402
17.57171667	402
17.57836667	399
17.58496667	396
17.59163333	400
17.59828333	399
17.60493333	399
17.61156667	398
17.61818333	397
17.62486667	401
17.6315	398
17.63808333	395
17.64465	394
17.6512	393
17.65773333	392
17.66423333	390
17.67068333	387
17.67718333	390
17.68368333	390
17.6902	391
17.69668333	389
17.70308333	384
17.70955	388
17.71605	390
17.72253333	389
17.72898333	387
17.73546667	389
17.74195	389
17.74845	390
17.75485	384
17.76128333	386
17.76771667	386
17.7742	389
17.78063333	386
17.78706667	386
17.79358333	391
17.80013333	393
17.80663333	390
17.81308333	387
17.81965	394
17.82625	396
17.83286667	397
17.8395	398
17.84615	399
17.85278333	398
17.8595	403
17.86625	405
17.87298333	404
17.87968333	402
17.8864	403
17.89313333	404
17.8999	406
17.90658333	401
17.91335	406
17.9201	405
17.92683333	404
17.9335	400
17.94021667	403
17.94686667	399
17.95345	395
17.96005	396
17.96665	396
17.97321667	394
17.97973333	391
17.98628333	393
17.99286667	395
17.99945	395
18.006	393
18.01261667	397
18.01925	398
18.02586667	397
18.03243333	394
18.0391	400
18.04576667	400
18.05246667	402
18.05916667	402
18.06593333	406
18.07275	409
18.0795	405
18.0863	408
18.09311667	409
18.1	413
18.10698333	419
18.1139	415
18.12081667	415
18.1278	419
18.13481667	421
18.14173333	415
18.14868333	417
18.1556	415
18.16251667	415
18.16945	416
18.17633333	413
18.18328333	417
18.19023333	417
18.19716667	416
18.20403333	412
18.21091667	413
18.21785	416
18.2248	417
18.23171667	415
18.23856667	411
18.2454	410
18.25231667	415
18.25915	410
18.26595	408
18.27268333	404
18.27953333	411
18.28635	409
18.29318333	410
18.29996667	407
18.30685	413
18.31373333	413
18.32065	415
18.32755	414
18.33443333	413
18.34135	415
18.3483	417
18.35516667	412
18.36201667	411
18.36888333	412
18.37581667	416
18.38285	422
18.38973333	413
18.39678333	423
18.40386667	425
18.41096667	426
18.41808333	427
18.42523333	429
18.4323	424
18.43938333	425
18.44645	424
18.45358333	428
18.46056667	419
18.46755	419
18.4746	423
18.48163333	422
18.4886	418
18.49565	423
18.50268333	422
18.5098	427
18.51686667	424
18.52383333	418
18.53091667	425
18.53798333	424
18.545	421
18.55196667	418
18.55898333	421
18.56598333	420
18.57291667	416
18.57981667	414
18.5868	419
18.59371667	415
18.60056667	411
18.60741667	411
18.6143	413
18.62118333	413
18.6281	415
18.63501667	415
18.6419	413
18.64876667	412
18.65571667	417
18.66261667	414
18.66951667	414
18.67641667	414
18.68336667	417
18.69038333	421
18.69738333	420
18.70443333	423
18.71138333	417
18.71836667	419
18.72538333	421
18.73236667	419
18.73928333	415
18.74625	418
18.75313333	413
18.75995	409
18.76676667	409
18.77366667	414
18.7805	410
18.78731667	409
18.79413333	409
18.80098333	411
18.80781667	410
18.81463333	409
18.82156667	416
18.82843333	412
18.83523333	408
18.8421	412
18.84896667	412
18.85581667	411
18.86256667	405
18.8694	410
18.8762	408
18.88295	405
18.88966667	403
18.89643333	406
18.90316667	404
18.90991667	405
18.9166	401
18.9234	408
18.93018333	407
18.93693333	405
18.9437	406
18.95053333	410
18.95736667	410
18.96415	407
18.97106667	415
18.9779	410
18.98475	411
18.99156667	409
18.99841667	411
19.00531667	414
19.01213333	409
19.01896667	410
19.02583333	412
19.03266667	410
19.03946667	408
19.04631667	411
19.05315	410
19.05998333	410
19.0668	409
19.07358333	407
19.08038333	408
19.08713333	405
19.0939	406
19.10065	405
19.10741667	406
19.11413333	403
19.12091667	407
19.12763333	403
19.13431667	401
19.14093333	397
19.14763333	402
19.15425	397
19.16083333	395
19.16741667	395
19.17401667	396
19.1806	395
19.18711667	391
19.19373333	397
19.2003	394
19.20683333	392
19.21336667	392
19.21995	395
19.22648333	392
19.23301667	392
19.23953333	391
19.24608333	393
19.25265	394
19.25915	390
19.26563333	389
19.27221667	395
19.27878333	394
19.28535	394
19.29186667	391
19.29846667	396
19.30511667	399
19.31175	398
19.31836667	397
19.32508333	403
19.33176667	401
19.33841667	399
19.34508333	400
19.35175	400
19.35843333	401
19.36506667	398
19.37173333	400
19.37841667	401
19.3851	401
19.39171667	397
19.3984	401
19.40508333	401
19.41171667	398
19.41831667	396
19.42495	398
19.43156667	397
19.43813333	394
19.44465	391
19.45123333	395
19.45778333	393
19.46428333	390
19.47083333	393
19.47736667	392
19.4839	392
19.49041667	391
19.49703333	397
19.50365	397
19.51023333	395
19.51683333	396
19.52346667	398
19.53006667	396
19.53665	395
19.54321667	394
19.5498	395
19.5564	396
19.5629	390
19.5695	396
19.57608333	395
19.58266667	395
19.58921667	393
19.59585	398
19.60248333	398
19.6091	397
19.61573333	398
19.6224	400
19.62905	399
19.63566667	397
19.64233333	400
19.64901667	401
19.65565	398
19.66225	396
19.66893333	401
19.67558333	399
19.68225	400
19.68881667	394
19.69546667	399
19.70211667	399
19.70878333	400
19.7154	397
19.72208333	401
19.72878333	402
19.73543333	399
19.74206667	398
19.74876667	402
19.75541667	399
19.76205	398
19.76868333	398
19.77533333	399
19.78203333	402
19.78868333	399
19.79536667	401
19.80203333	400
19.80871667	401
19.81533333	397
19.82203333	402
19.82871667	401
19.83541667	402
19.84203333	397
19.84873333	402
19.85541667	401
19.86205	398
19.86866667	397
19.87533333	400
19.88198333	399
19.88861667	398
19.8952	395
19.90185	399
19.90846667	397
19.91501667	393
19.92156667	393
19.92813333	394
19.93471667	395
19.9412	389
19.94771667	391
19.95428333	394
19.96085	394
19.96738333	392
19.97393333	393
19.98051667	395
19.9871	395
19.99363333	392
20.0002	394
20.00676667	394
20.01328333	391
20.01976667	389
20.02628333	391
20.03281667	392
20.03936667	393
20.04593333	394
20.05248333	393
20.05906667	395
20.06563333	394
20.07221667	395
20.07886667	399
20.0855	398
20.09216667	400
20.0989	404
20.10556667	400
20.11236667	408
20.11916667	408
20.12603333	412
20.13291667	413
20.1398	413
20.14668333	413
20.15358333	414
20.16056667	419
20.16745	413
20.1744	417
20.18836667	0
20.19536667	420
20.20238333	421
20.20941667	422
20.21645	422
20.22355	426
20.23075	432
20.23806667	439
20.24545	443
20.25281667	442
20.26013333	439
20.26746667	440
20.27473333	436
20.28205	439
20.28941667	442
20.29688333	448
20.30443333	453
20.31205	457
20.31956667	451
20.32708333	451
20.33453333	447
20.34198333	447
20.34945	448
20.35693333	449
20.3646	460
20.37228333	461
20.37995	460
20.38755	456
20.39513333	455
20.4027	454
20.41018333	449
20.41771667	452
20.42526667	453
20.43276667	450
20.44033333	454
20.44803333	462
20.45561667	455
20.46318333	454
20.47068333	450
20.47823333	453
20.48576667	452
20.49338333	457
20.50106667	461
20.50866667	456
20.5163	458
20.52388333	455
20.53151667	458
20.53915	458
20.54686667	463
20.5547	470
20.56246667	466
20.5702	464
20.5779	462
20.5856	462
20.59335	465
20.60115	468
20.6091	477
20.61716667	484
20.62511667	477
20.6331	479
20.64118333	485
20.64928333	486
20.65728333	480
20.66516667	473
20.67308333	475
20.68095	472
20.68891667	478
20.69678333	472
20.7047	475
20.71271667	481
20.72071667	480
20.72863333	475
20.73655	475
20.7445	477
20.75245	477
20.76041667	478
20.76845	482
20.77648333	482
20.7846	487
20.7927	486
20.80085	489
20.8091	495
20.81736667	496
20.82553333	490
20.83378333	495
20.84211667	500
20.85053333	505
20.859	508
20.8675	510
20.87598333	509
20.88451667	512
20.8931	515
20.90176667	520
20.91045	521
20.9192	525
20.92793333	524
20.93683333	534
20.9457	532
20.9546	534
20.96356667	538
20.97246667	534
20.98125	527
20.98996667	523
20.9986	518
21.00708333	509
21.01548333	504
21.02378333	498
21.03218333	504
21.04053333	501
21.04893333	504
21.05743333	510
21.06595	511
21.07451667	514
21.08306667	513
21.09163333	514
21.1002	514
21.10875	513
21.11726667	511
21.12575	509
21.13405	498
21.14231667	496
21.1505	491
21.15851667	481
21.16646667	477
21.1743	470
21.18223333	476
21.19021667	479
21.19803333	469
21.20585	469
21.21376667	475
21.2217	476
21.2297	480
21.2377	480
21.24571667	481
21.2538	485
21.26193333	488
21.27015	493
21.27833333	491
21.28655	493
21.29478333	494
21.303	493
21.31123333	494
21.31948333	495
21.32783333	501
21.33626667	506
21.34478333	511
21.35333333	513
21.36186667	512
21.37035	509
21.37881667	508
21.38726667	507
21.3958	512
21.40446667	520
21.413	512
21.42198333	539
21.43111667	548
21.44058333	568
21.45036667	587
21.46036667	600
21.47051667	609
21.4805	599
21.49026667	586
21.49973333	568
21.50893333	552
21.518	544
21.52691667	535
21.53586667	537
21.54493333	544
21.5541	550
21.56341667	559
21.57286667	567
21.58236667	570
21.59195	575
21.60141667	568
21.6107	557
21.61971667	541
21.62866667	537
21.63753333	532
21.6463	526
21.65505	525
21.66376667	523
21.67238333	517
21.6809	511
21.68928333	503
21.69763333	501
21.70596667	500
21.71423333	496
21.72248333	495
21.73075	496
21.73901667	496
21.74736667	501
21.75568333	499
21.76401667	500
21.7724	503
21.78083333	506
21.7893	508
21.79771667	505
21.80626667	513
21.81483333	514
21.82356667	524
21.83233333	526
21.84113333	528
21.85003333	534
21.85885	529
21.86756667	523
21.8763	524
21.88506667	526
21.89383333	526
21.9026	526
21.91136667	526
21.92015	527
21.92901667	532
21.93778333	526
21.94653333	525
21.95526667	524
21.96403333	526
21.97283333	528
21.98171667	533
21.99065	536
21.99958333	536
22.0085	535
22.01735	531
22.02601667	520
22.03451667	510
22.04293333	505
22.05125	499
22.05953333	497
22.06786667	500
22.07618333	499
22.08455	502
22.09306667	511
22.10166667	516
22.11036667	522
22.11908333	523
22.12786667	527
22.13673333	532
22.1457	538
22.1548	546
22.16381667	541
22.1728	539
22.18176667	538
22.1908	542
22.20005	555
22.20935	558
22.21873333	563
22.22818333	567
22.23775	574
22.24718333	566
22.25646667	557
22.26573333	556
22.275	556
22.28445	567
22.29398333	572
22.3036	577
22.31323333	578
22.32286667	578
22.33246667	576
22.34208333	577
22.35186667	587
22.36183333	598
22.37198333	609
22.38231667	620
22.39276667	627
22.40298333	613
22.4131	607
22.42316667	604
22.43338333	613
22.44353333	609
22.45343333	594
22.46306667	578
22.47258333	571
22.48211667	572
22.49171667	576
22.50121667	570
22.51061667	564
22.51993333	559
22.52928333	561
22.53866667	563
22.548	560
22.55723333	554
22.56638333	549
22.57546667	545
22.58451667	543
22.59346667	537
22.60241667	537
22.61121667	528
22.61995	524
22.62861667	520
22.63733333	523
22.64598333	519
22.65453333	513
22.6632	520
22.67196667	526
22.68078333	529
22.68518333	0
22.6896	0
22.69843333	530
22.70721667	527
22.71591667	522
22.7248	533
22.73375	537
22.74268333	536
22.75153333	531
22.76036667	530
22.76921667	531
22.77796667	525
22.78673333	526
22.79556667	530
22.80443333	532
22.8133	532
22.82215	531
22.83091667	526
22.83953333	517
22.8481	514
22.85668333	515
22.8653	517
22.87396667	520
22.8826	518
22.89125	519
22.90011667	532
22.90906667	537
22.91798333	535
22.92698333	540
22.9361	547
22.94521667	547
22.95431667	546
22.9633	539
22.9722	534
22.98086667	520
22.9894	512
22.99793333	512
23.00641667	509
23.01493333	511
23.02351667	515
23.03216667	519
23.04093333	526
23.04978333	531
23.05871667	536
23.06771667	540
23.07678333	544
23.0858	541
23.09473333	536
23.10368333	537
23.11266667	539
23.12163333	538
23.13065	541
23.13975	546
23.14885	546
23.158	549
23.16718333	551
23.17643333	555
23.18571667	557
23.19506667	561
23.20443333	562
23.21386667	566
23.2233	566
23.23286667	574
23.2425	578
23.25205	573
23.26151667	568
23.27088333	562
23.28028333	564
23.28981667	572
23.29946667	579
23.30918333	583
23.3188	577
23.3284	576
23.3379	570
23.34725	561
23.35646667	553
23.36555	545
23.37448333	536
23.38338333	534
23.39221667	530
23.40105	530
23.40988333	530
23.41883333	537
23.42781667	539
23.43678333	538
23.44565	532
23.45451667	532
23.4634	533
23.47223333	530
23.48106667	530
23.48996667	534
23.49875	527
23.50756667	529
23.51651667	537
23.52561667	546
23.53486667	555
23.54431667	567
23.55386667	573
23.56351667	579
23.57315	578
23.58273333	575
23.59228333	573
23.6017	565
23.61111667	565
23.62058333	568
23.6302	577
23.63991667	583
23.64975	590
23.65963333	593
23.66955	595
23.67936667	589
23.68913333	586
23.6988	580
23.70836667	574
23.71785	569
23.72738333	572
23.73693333	573
23.74656667	578
23.75621667	579
23.76583333	577
23.77546667	578
23.78508333	577
23.7948	583
23.8046	588
23.81448333	593
23.82443333	597
23.83438333	597
23.84411667	584
23.85373333	577
23.86311667	563
23.87245	560
23.88181667	562
23.8913	569
23.90093333	578
23.91055	577
23.92011667	574
23.92981667	582
23.9396	587
23.94921667	577
23.95878333	574
23.96808333	558
23.97721667	548
23.9863	545
23.99523333	536
24.00411667	533
24.013	533
24.02195	537
24.031	543
24.04011667	547
24.04928333	550
24.05863333	561
24.06805	565
24.07751667	568
24.087	569
24.09653333	572
24.1062	580
24.11596667	586
24.12573333	586
24.13538333	579
24.14485	568
24.1542	561
24.16335	549
24.17238333	542
24.18126667	533
24.19023333	538
24.19923333	540
24.20828333	543
24.21725	538
24.22625	540
24.23536667	547
24.24456667	552
24.2538	554
24.26311667	559
24.27251667	564
24.28193333	565
24.29138333	567
24.30078333	564
24.31011667	560
24.31941667	558
24.32871667	558
24.33803333	559
24.34735	559
24.35653333	551
24.36566667	548
24.3749	554
24.38413333	554
24.39341667	557
24.40268333	556
24.41196667	557
24.4212	554
24.43045	555
24.43966667	553
24.44891667	555
24.45813333	553
24.46736667	554
24.47663333	556
24.4858	550
24.49506667	556
24.50415	545
24.51323333	545
24.5223	544
24.53146667	550
24.54065	551
24.54995	558
24.55921667	556
24.56841667	552
24.5776	551
24.5868	552
24.59606667	556
24.60545	563
24.6149	567
24.62435	567
24.63391667	574
24.64346667	573
24.65293333	568
24.66236667	566
24.67183333	568
24.68125	565
24.69058333	560
24.6999	559
24.70911667	553
24.71841667	558
24.72771667	558
24.73703333	559
24.74646667	566
24.75585	563
24.76525	564
24.7746	561
24.78393333	560
24.7932	556
24.80241667	553
24.81151667	546
24.8205	539
24.82935	531
24.83813333	527
24.84683333	522
24.85573333	534
24.86455	529
24.87321667	520
24.88186667	519
24.89073333	532
24.89938333	519
24.90805	520
24.91673333	521
24.92558333	531
24.93438333	528
24.94326667	533
24.95226667	540
24.96138333	547
24.97051667	548
24.97951667	540
24.98848333	538
24.99743333	537
25.0062	526
25.0151	534
25.02405	537
25.03305	540
25.04211667	544
25.05128333	550
25.06053333	555
25.0698	556
25.07906667	556
25.08823333	550
25.09743333	552
25.10673333	558
25.11618333	567
25.12566667	569
25.13516667	570
25.14465	569
25.1543	579
25.16403333	584
25.1738	586
25.18351667	583
25.19326667	585
25.203	584
25.21271667	583
25.22243333	583
25.23225	589
25.24208333	590
25.25183333	585
25.26148333	579
25.27113333	579
25.28078333	579
25.29048333	582
25.30018333	582
25.30978333	576
25.31935	574
25.32903333	581
25.33876667	584
25.34845	581
25.35813333	581
25.36765	571
25.3772	573
25.38683333	578
25.39658333	585
25.40633333	585
25.41601667	581
25.42566667	579
25.43538333	583
25.44516667	587
25.45516667	600
25.46526667	606
25.47551667	615
25.48585	620
25.49623333	623
25.50643333	612
25.5164	598
25.52621667	589
25.53606667	591
25.54613333	604
25.5563	610
25.56661667	619
25.57681667	612
25.58693333	607
25.5971	610
25.60708333	599
25.61696667	593
25.62671667	585
25.63645	584
25.646	573
25.65555	573
25.66511667	574
25.6747	575
25.68443333	584
25.69418333	585
25.70396667	587
25.71373333	586
25.7234	580
25.7331	582
25.74276667	580
25.75231667	573
25.76176667	567
25.77115	563
25.78035	552
25.7895	549
25.79863333	548
25.80771667	545
25.81676667	543
25.82571667	537
25.83485	548
25.84433333	569
25.85378333	567
25.86331667	572
25.87298333	580
25.88295	598
25.893	603
25.90313333	608
25.91323333	606
25.92348333	615
25.93381667	620
25.94413333	619
25.95425	607
25.96416667	595
25.97385	581
25.98336667	571
25.99288333	571
26.00253333	579
26.01231667	587
26.02205	584
26.03175	582
26.04138333	578
26.05095	574
26.06053333	575
26.0702	580
26.07981667	577
26.0893	569
26.09875	567
26.1082	567
26.11765	567
26.12698333	560
26.13621667	554
26.14538333	550
26.15465	556
26.1639	555
26.17308333	551
26.18235	556
26.19146667	547
26.20065	551
26.20985	552
26.21911667	556
26.2286	569
26.2381	570
26.24755	567
26.25703333	569
26.26675	583
26.2768	603
26.28703333	614
26.29738333	621
26.30768333	618
26.3179	613
26.32811667	613
26.33833333	613
26.34848333	609
26.35861667	608
26.36868333	604
26.37861667	596
26.38838333	586
26.39806667	581
26.40783333	586
26.41766667	590
26.42746667	588
26.4372	584
26.44701667	589
26.45673333	583
26.46655	589
26.47628333	584
26.48605	586
26.49573333	581
26.50545	583
26.51511667	580
26.52488333	586
26.53476667	593
26.54483333	604
26.55511667	617
26.56535	614
26.5756	615
26.5857	606
26.59566667	598
26.60553333	592
26.6155	598
26.62576667	616
26.63628333	631
26.64676667	629
26.6572	626
26.66731667	607
26.6773	599
26.68716667	592
26.69703333	592
26.7069	592
26.7168	594
26.72681667	601
26.7368	599
26.74671667	595
26.75666667	597
26.76666667	600
26.77678333	607
26.7869	607
26.79681667	595
26.80668333	592
26.81651667	590
26.82646667	597
26.83665	611
26.84691667	616
26.85703333	607
26.86723333	612
26.87751667	617
26.88781667	618
26.89795	608
26.90793333	599
26.91783333	594
26.92773333	594
26.93773333	600
26.94776667	602
26.95781667	603
26.96788333	604
26.97786667	599
26.98788333	601
26.99791667	602
27.00803333	607
27.01801667	599
27.02791667	594
27.03778333	592
27.04775	598
27.0576	591
27.06715	573
27.07651667	562
27.0858	557
27.095	552
27.10431667	559
27.114	581
27.12391667	595
27.13401667	606
27.14426667	615
27.1547	626
27.16516667	628
27.17541667	615
27.18581667	624
27.19628333	628
27.20688333	636
27.21736667	629
27.22775	623
27.23806667	619
27.24826667	612
27.25851667	615
27.26861667	606
27.27876667	609
27.28878333	601
27.2987	595
27.3085	588
27.31825	585
27.328	585
27.33781667	589
27.34763333	589
27.35745	589
27.36743333	599
27.3776	610
27.38785	615
27.39801667	610
27.40805	602
27.41791667	592
27.42773333	589
27.43745	583
27.4472	585
27.45685	579
27.46645	576
27.47595	570
27.48538333	566
27.49483333	567
27.50433333	570
27.51381667	569
27.52326667	567
27.53265	563
27.54205	564
27.55135	558
27.56068333	560
27.57015	568
27.57956667	565
27.589	566
27.59836667	562
27.6078	566
27.6171	558
27.62636667	556
27.63568333	559
27.64505	562
27.65448333	566
27.66398333	570
27.67363333	579
27.68348333	591
27.69351667	602
27.7033	587
27.71296667	580
27.72255	575
27.73223333	581
27.74191667	581
27.75163333	583
27.76113333	570
27.77056667	566
27.77991667	561
27.7892	557
27.79828333	545
27.80728333	540
27.8163	541
27.82541667	547
27.83456667	549
27.84366667	546
27.85288333	553
27.86228333	564
27.87168333	564
27.88113333	567
27.89038333	555
27.89961667	554
27.90881667	552
27.91796667	549
27.92701667	543
27.9362	551
27.94565	567
27.95531667	580
27.9652	593
27.97533333	608
27.98555	613
27.99585	618
28.00608333	614
28.01636667	617
28.0268	626
28.03738333	635
28.04801667	638
28.05855	632
28.0688	615
28.07886667	604
28.08868333	589
28.09828333	576
28.10771667	566
28.11711667	564
28.12646667	561
28.1359	566
28.1453	564
28.15463333	560
28.1639	556
28.17323333	560
28.18263333	564
28.19215	571
28.20166667	571
28.21131667	579
28.22103333	583
28.23073333	582
28.2405	586
28.2505	600
28.2605	600
28.2704	594
28.28023333	590
28.28986667	578
28.2993	566
28.30868333	563
28.31806667	563
28.32745	563
28.33678333	560
28.34618333	564
28.3558	577
28.36541667	577
28.37505	578
28.38463333	575
28.3942	574
28.40363333	566
28.41293333	558
28.4222	556
28.43148333	557
28.44063333	549
28.44985	553
28.45918333	560
28.46855	562
28.47795	564
28.48745	570
28.4971	579
28.50701667	595
28.51698333	598
28.52708333	606
28.53733333	615
28.5477	622
28.558	618
28.56821667	613
28.57825	602
28.58801667	586
28.59771667	582
28.60731667	576
28.61693333	577
28.6266	580
28.63623333	578
28.64583333	576
28.65558333	585
28.6655	595
28.6755	600
28.68548333	599
28.6955	601
28.70553333	602
28.71561667	605
28.72565	602
28.73575	606
28.74583333	605
28.75585	601
28.7657	591
28.77545	585
28.78526667	589
28.79513333	592
28.80493333	588
28.8149	598
28.82498333	605
28.835	601
28.84495	597
28.85496667	601
28.86488333	595
28.87485	598
28.88493333	605
28.89511667	611
28.90525	608
28.91525	600
28.92505	588
28.9348	585
28.94465	591
28.9546	597
28.96455	597
28.9747	609
28.98496667	616
28.99538333	625
29.00601667	638
29.01658333	634
29.02698333	624
29.0371	607
29.04716667	604
29.05726667	606
29.06736667	606
29.07735	599
29.08726667	595
29.09706667	588
29.10685	587
29.11678333	596
29.1267	595
29.1365	588
29.14623333	584
29.15586667	578
29.1655	578
29.1751	576
29.18466667	574
29.19416667	570
29.20363333	568
29.21311667	569
29.22275	578
29.23245	582
29.2422	585
29.25193333	584
29.26181667	593
29.27176667	597
29.2817	596
29.29156667	592
29.30138333	589
29.31106667	581
29.32081667	585
29.33085	602
29.34088333	602
29.35085	598
29.36086667	601
29.37105	611
29.3813	615
29.39158333	617
29.40186667	617
29.41201667	609
29.42208333	604
29.43208333	600
29.44188333	588
29.45151667	578
29.46088333	562
29.4701	553
29.47935	555
29.48861667	556
29.4979	557
29.5072	558
29.5168	576
29.52685	603
29.53716667	619
29.54755	623
29.5579	621
29.56828333	623
29.57868333	624
29.58903333	621
29.59925	613
29.60938333	608
29.61923333	591
29.62898333	585
29.63861667	578
29.64828333	580
29.65815	592
29.66803333	593
29.67803333	600
29.68815	607
29.69841667	616
29.70888333	628
29.71916667	617
29.72936667	612
29.73941667	603
29.74938333	598
29.75935	598
29.76918333	590
29.77898333	588
29.78868333	582
29.79845	586
29.8085	603
29.81878333	617
29.82898333	612
29.83915	610
29.84921667	604
29.85915	596
29.86898333	590
29.87873333	585
29.8884	580
29.89795	573
29.90738333	566
29.91663333	555
29.92568333	543
29.93475	544
29.94381667	544
29.95301667	552
29.96226667	555
29.97171667	567
29.98116667	567
29.99081667	579
30.0005	581
30.01026667	586
30.01995	581
30.0296	579
30.03925	579
30.04885	576
30.05856667	583
30.06866667	606
30.0793	638
30.09033333	662
30.1012	652
30.11168333	629
30.1219	613
30.132	606
30.14188333	593
30.15158333	582
30.16118333	576
30.1708	577
30.18033333	572
30.1899	574
30.19953333	578
30.20925	583
30.21888333	578
30.22853333	579
30.23813333	576
30.24785	583
30.2575	579
30.26713333	578
30.27686667	584
30.28683333	598
30.29715	619
30.30766667	631
30.3181	626
30.32838333	617
30.33858333	612
30.34876667	611
30.35885	605
30.36875	594
30.3787	597
30.38831667	577
30.39778333	568
30.40726667	569
30.41686667	576
30.42648333	577
30.43625	586
30.44608333	590
30.4561	601
30.46638333	617
30.47676667	623
30.48721667	627
30.49781667	636
30.50848333	640
30.5191	637
30.52971667	637
30.54011667	624
30.5503	611
30.56035	603
30.57036667	601
30.58035	599
30.59043333	605
30.60063333	612
30.61091667	617
30.62091667	600
30.63081667	594
30.64055	584
30.65016667	577
30.65993333	586
30.66998333	603
30.68001667	602
30.69001667	600
30.70001667	600
30.7101	605
30.72021667	607
30.73038333	610
30.74071667	620
30.75095	614
30.76106667	607
30.77111667	603
30.7811	599
30.79098333	593
30.80088333	594
30.81085	598
30.8208	597
30.83073333	596
30.84071667	599
30.85056667	591
30.86033333	586
30.87005	583
30.87968333	578
30.88931667	578
30.89896667	579
30.90855	575
30.91823333	581
30.92795	583
30.93778333	590
30.94773333	597
30.95783333	606
30.96815	619
30.97866667	631
30.98913333	628
30.9997	634
31.01018333	629
31.02043333	615
31.0304	598
31.04018333	587
31.04981667	578
31.0593	569
31.06875	567
31.07816667	565
31.08735	551
31.09645	546
31.10555	546
31.11481667	556
31.1241	557
31.13346667	562
31.14303333	574
31.15256667	572
31.16218333	577
31.17181667	578
31.18128333	568
31.19055	556
31.20003333	569
31.20926667	554
31.21826667	540
31.22725	539
31.23628333	542
31.24551667	554
31.25483333	559
31.2642	562
31.27383333	578
31.2837	592
31.29381667	607
31.30391667	606
31.31393333	601
31.32393333	600
31.3338	592
31.34371667	595
31.3536	593
31.36343333	590
31.37335	595
31.38326667	595
31.39318333	595
31.40298333	588
31.41266667	581
31.42228333	577
31.43175	568
31.44126667	571
31.45091667	579
31.46071667	588
31.47071667	600
31.48093333	613
31.49143333	630
31.5019	628
31.51246667	634
31.52308333	637
31.53368333	636
31.54416667	629
31.5546	626
31.5648	612
31.5749	606
31.58486667	598
31.59463333	586
31.60426667	578
31.61381667	573
31.6232	563
31.63263333	566
31.64208333	567
31.65153333	567
31.66093333	564
31.67021667	557
31.67938333	550
31.6887	559
31.69805	561
31.70746667	565
31.71683333	562
31.72608333	555
31.73528333	552
31.74433333	543
31.75325	535
31.7621	531
31.77103333	536
31.78001667	539
31.78921667	552
31.79845	554
31.80776667	559
31.81708333	559
31.82633333	555
31.8357	562
31.84515	567
31.85456667	565
31.86415	575
31.8738	579
31.88341667	577
31.89288333	568
31.90236667	569
31.9116	554
31.92076667	550
31.93011667	561
31.9396	569
31.94925	579
31.95908333	590
31.96923333	609
31.97946667	614
31.98993333	628
32.00026667	620
