0.011266667	676
0.0226	680
0.03375	669
0.044933333	671
0.056316667	683
0.0676	677
0.07855	657
0.089766667	673
0.100916667	669
0.111983333	664
0.123116667	668
0.133983333	652
0.144733333	645
0.15525	631
0.166016667	646
0.176716667	642
0.187283333	634
0.197733333	627
0.208083333	621
0.2183	613
0.228316667	601
0.23835	602
0.248433333	605
0.2586	610
0.268816667	613
0.278966667	609
0.289366667	624
0.2999	632
0.310333333	626
0.320616667	617
0.3309	617
0.341183333	617
0.351516667	620
0.362116667	636
0.3731	659
0.384916667	709
0.396766667	711
0.40845	701
0.419733333	677
0.430783333	663
0.4415	643
0.452233333	644
0.463233333	660
0.474616667	683
0.4857	665
0.496666667	658
0.507483333	649
0.518516667	662
0.529433333	655
0.540316667	653
0.55125	656
0.562183333	656
0.573333333	669
0.5844	664
0.5952	648
0.60575	633
0.616316667	634
0.6267	623
0.637016667	619
0.647333333	619
0.657833333	630
0.668383333	633
0.679233333	651
0.690116667	653
0.7009	647
0.711616667	643
0.72235	644
0.733083333	644
0.743933333	651
0.7551	670
0.766283333	671
0.7774	667
0.788416667	661
0.7994	659
0.8103	654
0.821233333	656
0.8321	652
0.8427	636
0.853283333	635
0.863933333	639
0.87455	637
0.88525	642
0.8961	651
0.907016667	655
0.918333333	679
0.929516667	671
0.940216667	642
0.9505	617
0.960533333	602
0.9702	580
0.979683333	569
0.9895	589
0.99925	585
1.008766667	571
1.018333333	574
1.028116667	587
1.037833333	583
1.04775	595
1.057733333	599
1.068116667	623
1.078783333	640
1.089816667	662
1.1012	683
1.112983333	707
1.124583333	696
1.13625	700
1.147866667	697
1.159683333	709
1.171366667	701
1.18285	689
1.19445	696
1.2058	681
1.216966667	670
1.227933333	658
1.238866667	656
1.24985	659
1.26115	678
1.272933333	707
1.284766667	710
1.296766667	720
1.309133333	742
1.321333333	732
1.333266667	716
1.345433333	730
1.3582	766
1.371316667	787
1.38415	770
1.396866667	763
1.409533333	760
1.421933333	744
1.434366667	746
1.446566667	732
1.458366667	708
1.470133333	706
1.481716667	695
1.493266667	693
1.504916667	699
1.516316667	684
1.5277	683
1.538866667	670
1.550016667	669
1.561066667	663
1.572066667	660
1.5831	662
1.594066667	658
1.6049	650
1.6154	630
1.62585	627
1.636416667	634
1.6471	641
1.657733333	638
1.6684	640
1.679216667	649
1.690166667	657
1.70095	647
1.711516667	634
1.721916667	624
1.732233333	619
1.74245	613
1.752616667	610
1.762566667	597
1.7724	590
1.782133333	584
1.79185	583
1.801516667	580
1.8112	581
1.821	588
1.831066667	604
1.841583333	631
1.852333333	645
1.86325	655
1.874716667	688
1.8863	695
1.89775	687
1.908933333	671
1.920416667	689
1.9325	725
1.9446	726
1.956716667	727
1.9684	701
1.980083333	701
1.992483333	744
2.005216667	764
2.0179	761
2.030366667	748
2.041883333	691
2.053433333	693
2.064833333	684
2.075866667	662
2.08665	647
2.097333333	641
2.1079	634
2.118866667	658
2.130216667	681
2.142216667	720
2.154366667	729
2.16665	737
2.1795	771
2.1929	804
2.20655	819
2.219483333	776
2.2315	721
2.242983333	689
2.254016667	662
2.264966667	657
2.275933333	658
2.286483333	633
2.29685	622
2.307033333	611
2.317116667	605
2.327266667	609
2.337716667	627
2.348783333	664
2.360633333	711
2.372816667	731
2.38475	716
2.3962	687
2.40705	651
2.417816667	646
2.428683333	652
2.439483333	648
2.4502	643
2.461016667	649
2.471666667	639
2.482466667	648
2.4936	668
2.504816667	673
2.5161	677
2.527333333	674
2.538516667	671
2.550033333	691
2.56165	697
2.573533333	713
2.5856	724
2.597716667	727
2.610316667	756
2.623383333	784
2.6364	781
2.649233333	770
2.661783333	753
2.6741	739
2.68595	711
2.697566667	697
2.7089	680
2.72025	681
2.731483333	674
2.742333333	651
2.7532	652
2.764166667	658
2.775133333	658
2.786183333	663
2.797183333	660
2.808383333	672
2.819666667	677
2.8312	692
2.842883333	701
2.8543	685
2.865516667	673
2.876383333	652
2.8868	625
2.89695	609
2.907116667	610
2.9174	617
2.927766667	622
2.938283333	631
2.949066667	647
2.959933333	652
2.97125	679
2.982533333	677
2.993683333	669
3.00475	664
3.0157	657
3.027116667	685
3.038633333	691
3.0501	688
3.0616	690
3.07285	675
3.084	669
3.094983333	659
3.106083333	666
3.117266667	671
3.128366667	666
3.13975	683
3.151083333	680
3.1624	679
3.173683333	677
3.184216667	632
3.194633333	625
3.204883333	615
3.215316667	626
3.226083333	646
3.237533333	687
3.249016667	689
3.2602	671
3.271066667	652
3.281833333	646
3.29255	643
3.303166667	637
3.313666667	630
3.32405	623
3.3343	615
3.344533333	614
3.354783333	615
3.3649	607
3.374983333	605
3.385333333	621
3.396116667	647
3.406916667	648
3.417733333	649
3.428466667	644
3.438983333	631
3.449516667	632
3.460266667	645
3.4714	668
3.4826	672
3.49385	675
3.50515	678
3.516383333	674
3.527716667	680
3.539033333	679
3.55025	673
3.56105	648
3.571666667	637
3.58195	617
3.592083333	608
3.6021	601
3.612133333	602
3.622383333	615
3.6329	631
3.643383333	629
3.654116667	644
3.66505	656
3.6758	645
3.686166667	622
3.6962	602
3.706116667	595
3.716016667	594
3.725883333	592
3.7358	595
3.745716667	595
3.75595	614
3.766466667	631
3.7774	656
3.788766667	682
3.80015	683
3.8115	681
3.82275	675
3.833916667	670
3.844733333	649
3.8552	628
3.865683333	629
3.876383333	642
3.887	637
3.897833333	650
3.908916667	665
3.920166667	675
3.932166667	720
3.944216667	723
3.95635	728
3.968516667	730
3.980666667	729
3.992716667	723
4.004416667	702
4.016	695
4.027466667	688
4.038833333	682
4.050133333	678
4.061866667	704
4.074083333	733
4.08615	724
4.098316667	730
4.110333333	721
4.122283333	717
4.13455	736
4.1471	753
4.159433333	740
4.171683333	735
4.18445	766
4.197216667	766
4.210133333	775
4.2229	766
4.235883333	779
4.248616667	764
4.261066667	747
4.273116667	723
4.285183333	724
4.297733333	753
4.310516667	767
4.32315	758
4.335483333	740
4.3479	745
4.3604	750
4.372883333	749
4.38525	742
4.397233333	719
4.40905	709
4.42095	714
4.432866667	715
4.444916667	723
4.4568	713
4.468766667	718
4.480666667	714
4.492133333	688
4.503383333	675
4.514883333	690
4.526466667	695
4.538266667	708
4.550183333	715
4.561966667	707
4.573383333	685
4.584883333	690
4.5963	685
4.607866667	694
4.619233333	682
4.6303	664
4.641233333	656
4.652133333	654
4.662883333	645
4.673533333	639
4.68415	637
4.694933333	647
4.70615	673
4.717383333	674
4.728466667	665
4.739583333	667
4.750683333	666
4.7618	667
4.77325	687
4.784633333	683
4.796066667	686
4.807216667	669
4.818283333	664
4.829366667	665
4.840466667	666
4.851516667	663
4.862366667	651
4.873316667	657
4.884416667	666
4.895866667	687
4.907166667	678
4.918233333	664
4.9293	664
4.940216667	655
4.9512	659
4.96185	639
4.972216667	622
4.982216667	600
4.99215	596
5.001933333	587
5.011833333	594
5.021816667	599
5.0319	605
5.04245	633
5.05385	684
5.066716667	772
5.080166667	807
5.093833333	820
5.107716667	833
5.121083333	802
5.1347	817
5.147583333	773
5.1605	775
5.1736	786
5.186366667	766
5.198783333	745
5.210783333	720
5.2223	691
5.233616667	679
5.244966667	681
5.25605	665
5.266733333	641
5.2773	634
5.287716667	625
5.297883333	610
5.3081	613
5.3187	636
5.329566667	652
5.340266667	642
5.351316667	663
5.362483333	670
5.373533333	663
5.38485	679
5.396183333	680
5.407016667	650
5.417533333	631
5.427916667	623
5.438366667	627
5.44875	623
5.459116667	622
5.469566667	627
5.48015	635
5.491016667	652
5.502266667	675
5.513883333	697
5.5253	685
5.536616667	679
5.547916667	678
5.559533333	697
5.571433333	714
5.583533333	726
5.5957	730
5.6076	714
5.619666667	724
5.63205	743
5.64465	756
5.657033333	743
5.669316667	737
5.681333333	721
5.693433333	726
5.70565	733
5.7178	729
5.7295	702
5.741116667	697
5.752433333	679
5.7639	688
5.775533333	698
5.787383333	711
5.79965	736
5.811966667	739
5.824	722
5.835916667	715
5.848116667	732
5.8605	743
5.8728	738
5.884783333	719
5.896716667	716
5.90835	698
5.919866667	691
5.931366667	690
5.943	698
5.9549	714
5.96675	711
5.978333333	695
5.989866667	692
6.001633333	706
6.013666667	722
6.025666667	720
6.037533333	712
6.049016667	689
6.060233333	673
6.0713	664
6.08245	669
6.0937	675
6.105016667	679
6.1161	665
6.127	654
6.13775	645
6.148533333	647
6.159466667	656
6.17055	665
6.18175	672
6.19295	672
6.20385	654
6.214933333	665
6.225783333	651
6.236716667	656
6.247766667	663
6.25865	653
6.26955	654
6.280366667	649
6.29125	653
6.302016667	646
6.312866667	651
6.323883333	661
6.33465	646
6.345366667	643
6.355983333	637
6.366533333	633
6.377016667	629
6.387383333	622
6.397533333	609
6.407766667	614
6.417916667	609
6.427833333	595
6.437516667	581
6.44715	578
6.456683333	572
6.4662	571
6.475733333	572
6.485383333	579
6.495333333	597
6.505966667	638
6.5168	650
6.527783333	659
6.53875	658
6.549883333	668
6.5615	697
6.57345	717
6.585533333	725
6.5972	700
6.608633333	686
6.620066667	686
6.631333333	676
6.64225	655
6.653216667	658
6.664316667	666
6.675333333	661
6.6862	652
6.6968	636
6.70715	621
6.717416667	616
6.72745	602
6.737666667	613
6.747716667	603
6.757616667	594
6.76785	614
6.7781	615
6.7881	600
6.797966667	592
6.80765	581
6.817216667	574
6.826883333	580
6.836433333	573
6.846083333	579
6.855983333	594
6.86595	598
6.875966667	601
6.886183333	613
6.896616667	626
6.907383333	646
6.917883333	630
6.928166667	617
6.9384	614
6.958466667	0
6.96815	581
6.977816667	580
6.987633333	589
6.997583333	597
7.007883333	618
7.018566667	641
7.029216667	639
7.03965	626
7.050133333	629
7.0607	634
7.071216667	631
7.081833333	637
7.092033333	612
7.10215	607
7.112316667	610
7.12245	608
7.1323	591
7.142183333	593
7.152033333	591
7.16155	571
7.171283333	584
7.181066667	587
7.190733333	580
7.200683333	597
7.21055	592
7.220483333	596
7.230683333	612
7.2407	601
7.250583333	593
7.260166667	575
7.269783333	577
7.279333333	573
7.2888	568
7.298216667	565
7.307916667	582
7.3177	587
7.327366667	580
7.336983333	577
7.346716667	584
7.356516667	588
7.366216667	582
7.376233333	601
7.386216667	599
7.395866667	579
7.405416667	573
7.415216667	588
7.425083333	592
7.43485	586
7.444466667	577
7.454033333	574
7.463333333	558
7.472733333	564
7.482066667	560
7.491316667	555
7.500333333	541
7.5095	550
7.518666667	550
7.528033333	562
7.537633333	576
7.54695	559
7.55635	564
7.565966667	577
7.575616667	579
7.585116667	570
7.5944	557
7.603683333	557
7.612783333	546
7.621583333	528
7.6304	529
7.639083333	521
7.6476	511
7.656383333	527
7.665466667	545
7.674816667	561
7.684383333	574
7.693883333	570
7.703416667	572
7.712783333	562
7.722216667	566
7.731733333	571
7.741383333	579
7.751116667	584
7.760983333	592
7.770766667	587
7.780183333	565
7.78965	568
7.7994	585
7.809216667	589
7.8191	593
7.828916667	589
7.8386	581
7.848416667	589
7.8581	581
7.867916667	589
7.877733333	589
7.88725	571
7.89665	564
7.906166667	571
7.9158	578
7.92545	579
7.935383333	596
7.9455	607
7.955533333	602
7.965416667	593
7.9751	581
7.984716667	577
7.994316667	576
8.003866667	573
8.013333333	568
8.022833333	570
8.032066667	554
8.041333333	556
8.050583333	555
8.059766667	551
8.069	554
8.078366667	562
8.08755	551
8.096966667	565
8.106466667	570
8.116016667	573
8.125433333	565
8.135033333	576
8.1446	574
8.154133333	572
8.163516667	563
8.1729	563
8.182266667	562
8.191433333	550
8.20045	541
8.209933333	569
8.219066667	548
8.228466667	564
8.237783333	559
8.246916667	548
8.2562	557
8.26535	549
8.2745	549
8.2838	558
8.293066667	556
8.302516667	567
8.312033333	571
8.321616667	575
8.331033333	565
8.340516667	569
8.349916667	564
8.359383333	568
8.3686	553
8.377883333	557
8.387083333	552
8.3961	541
8.4052	546
8.414533333	560
8.423733333	552
8.432783333	543
8.44215	562
8.4515	561
8.460716667	553
8.469866667	549
8.479066667	552
8.488133333	544
8.4971	538
8.506083333	539
8.5149	529
8.52365	525
8.532683333	542
8.5417	541
8.55055	531
8.559633333	545
8.5687	544
8.5777	540
8.586933333	554
8.596216667	557
8.605316667	546
8.6145	551
8.623633333	548
8.632866667	554
8.642166667	558
8.651483333	559
8.660483333	540
8.6695	541
8.678483333	539
8.68755	544
8.696616667	544
8.705583333	538
8.714433333	531
8.723283333	531
8.73215	532
8.741	531
8.749933333	536
8.758666667	524
8.767516667	531
8.776183333	520
8.784916667	524
8.793966667	543
8.80305	545
8.812266667	553
8.821383333	547
8.830283333	534
8.839216667	536
8.848266667	543
8.8572	536
8.866133333	536
8.87485	523
8.883466667	517
8.892333333	532
8.901116667	527
8.909933333	529
8.918833333	534
8.9276	526
8.9366	540
8.94555	537
8.95435	528
8.9634	543
8.972383333	539
8.98115	526
8.989783333	518
8.99825	508
9.00665	504
9.015233333	515
9.023716667	509
9.032366667	519
9.0411	524
9.049633333	512
9.058166667	512
9.0668	518
9.075566667	526
9.084266667	522
9.093083333	529
9.101833333	525
9.110683333	531
9.119616667	536
9.128383333	526
9.137083333	522
9.145966667	533
9.155016667	543
9.16405	542
9.172933333	533
9.181666667	524
9.190433333	526
9.199183333	525
9.207833333	519
9.2165	520
9.225383333	533
9.234216667	530
9.243016667	528
9.2518	527
9.26055	525
9.269116667	514
9.277716667	516
9.28635	518
9.294983333	518
9.3035	511
9.31225	525
9.320983333	524
9.329633333	519
9.33835	523
9.347	519
9.355483333	509
9.363966667	509
9.3724	506
9.380916667	511
9.389516667	516
9.39805	512
9.406633333	515
9.41505	505
9.42335	498
9.4316	495
9.439783333	491
9.44795	490
9.456233333	497
9.464583333	501
9.473033333	507
9.481366667	500
9.48965	497
9.4979	495
9.506133333	494
9.514316667	491
9.522433333	487
9.53055	487
9.53885	498
9.5472	501
9.555516667	499
9.563883333	502
9.572216667	500
9.5806	503
9.5888	492
9.59715	501
9.605533333	503
9.613833333	498
9.622116667	497
9.63035	494
9.638466667	487
9.646616667	489
9.654716667	486
9.662833333	487
9.670933333	486
9.679016667	485
9.687183333	490
9.6953	487
9.703433333	488
9.711533333	486
9.71955	481
9.7277	489
9.736	498
9.744266667	496
9.752433333	490
9.760583333	489
9.768716667	488
9.776716667	480
9.78465	476
9.792566667	475
9.800633333	484
9.80875	487
9.816783333	482
9.824733333	477
9.832616667	473
9.840666667	483
9.8488	488
9.856883333	485
9.865	487
9.8731	486
9.8812	486
9.889183333	479
9.897216667	482
9.90525	482
9.91345	492
9.921566667	487
9.929566667	480
9.937483333	475
9.945466667	479
9.953566667	486
9.961633333	484
9.96965	481
9.97765	480
9.98555	474
9.993416667	472
10.00143333	481
10.00958333	489
10.0178	493
10.02616667	502
10.03443333	496
10.04265	493
10.05096667	499
10.05928333	499
10.06755	496
10.07571667	490
10.08398333	496
10.09225	496
10.10046667	493
10.10858333	487
10.11661667	482
10.12455	476
10.1325	477
10.1405	480
10.14845	477
10.15628333	470
10.1642	475
10.17216667	478
10.18015	479
10.18821667	484
10.19616667	477
10.20405	473
10.21188333	470
10.21968333	468
10.2276	475
10.23543333	470
10.24333333	474
10.2512	472
10.259	468
10.26678333	467
10.2747	475
10.28256667	472
10.29045	473
10.29836667	475
10.30633333	478
10.31423333	474
10.32198333	465
10.32981667	470
10.33758333	466
10.34535	466
10.35311667	466
10.36095	470
10.36866667	463
10.37641667	465
10.38411667	462
10.39175	458
10.39945	462
10.4072	465
10.41511667	475
10.42298333	472
10.43076667	467
10.43846667	462
10.44606667	456
10.45378333	463
10.46163333	471
10.46946667	470
10.47718333	463
10.48486667	461
10.49261667	465
10.5003	461
10.50805	465
10.5158	465
10.52353333	464
10.53125	463
10.53898333	464
10.54661667	458
10.55425	458
10.56181667	454
10.56945	458
10.57713333	461
10.58475	457
10.59241667	460
10.60003333	457
10.6077	460
10.61546667	466
10.62341667	477
10.63141667	480
10.6393	473
10.64705	465
10.65476667	463
10.66256667	468
10.67043333	472
10.67833333	474
10.68603333	462
10.69373333	462
10.70133333	456
10.70895	457
10.71663333	461
10.72438333	465
10.7322	469
10.73998333	467
10.74776667	467
10.75543333	460
10.76315	463
10.7709	465
10.77875	471
10.78668333	476
10.7946	475
10.8025	474
10.81033333	470
10.81808333	465
10.82586667	467
10.83363333	466
10.84153333	474
10.8495	478
10.85746667	478
10.86541667	477
10.87325	470
10.88108333	470
10.88891667	470
10.89666667	465
10.90446667	468
10.91226667	468
10.92	464
10.92771667	463
10.93536667	459
10.94301667	459
10.9506	455
10.95818333	455
10.9658	457
10.9735	462
10.98118333	461
10.98895	466
10.99673333	467
11.00453333	468
11.01235	469
11.02023333	473
11.02813333	474
11.03605	475
11.04393333	473
11.0518	472
11.05955	465
11.06741667	472
11.07526667	471
11.08321667	477
11.09115	476
11.09925	486
11.10738333	488
11.11548333	486
11.12361667	488
11.13168333	484
11.13973333	483
11.14765	475
11.15561667	478
11.16346667	471
11.17116667	462
11.17875	455
11.18635	456
11.1939	453
11.20148333	455
11.209	451
11.2164	444
11.22376667	442
11.23116667	444
11.23858333	445
11.24598333	444
11.2535	451
11.26111667	457
11.26858333	448
11.27598333	444
11.28346667	449
11.2911	458
11.29881667	463
11.3065	461
11.31406667	454
11.32158333	451
11.32916667	455
11.33683333	460
11.34453333	462
11.35226667	464
11.3599	458
11.36741667	451
11.37491667	450
11.38258333	460
11.39033333	465
11.398	460
11.40553333	452
11.41296667	446
11.42053333	454
11.4281	454
11.43566667	454
11.44316667	450
11.45065	449
11.45825	456
11.46581667	454
11.47336667	453
11.48091667	453
11.48836667	447
11.49586667	450
11.50335	449
11.51088333	452
11.5183	445
11.52571667	445
11.5331	443
11.54055	447
11.54798333	446
11.55535	442
11.56286667	451
11.57031667	447
11.5777	443
11.58518333	449
11.59268333	450
11.60006667	443
11.60741667	441
11.61476667	441
11.62215	443
11.62966667	451
11.6371	446
11.64443333	440
11.6517	436
11.6591	444
11.6667	456
11.67431667	457
11.68191667	456
11.68935	446
11.69695	456
11.70451667	454
11.71211667	456
11.71975	458
11.72735	456
11.73506667	463
11.74291667	471
11.75078333	472
11.75858333	468
11.76635	466
11.77411667	466
11.78186667	465
11.78973333	472
11.7978	484
11.80576667	478
11.81366667	474
11.82146667	468
11.82926667	468
11.83711667	471
11.8451	479
11.85296667	472
11.86081667	471
11.86871667	474
11.87656667	471
11.88431667	465
11.89196667	459
11.89965	461
11.9073	459
11.91506667	466
11.92276667	462
11.93041667	459
11.9381	461
11.94578333	461
11.95351667	464
11.9612	461
11.96881667	457
11.97641667	456
11.98416667	465
11.99198333	469
11.9997	463
12.0074	462
12.01505	459
12.02271667	460
12.03045	464
12.0381	459
12.0458	462
12.05348333	461
12.06126667	467
12.06905	467
12.07673333	461
12.08425	451
12.09198333	464
12.09975	466
12.10745	462
12.11506667	457
12.12266667	456
12.13023333	454
12.13778333	453
12.14551667	464
12.1532	461
12.16086667	460
12.16855	461
12.17621667	460
12.18388333	460
12.19155	460
12.1992	459
12.20683333	458
12.21443333	456
12.22205	457
12.2296	453
12.23715	453
12.24471667	454
12.25228333	454
12.25985	454
12.2675	459
12.2751	456
12.2826	450
12.2902	456
12.29773333	452
12.30536667	458
12.3129	452
12.32045	453
12.32798333	452
12.33555	454
12.34315	456
12.35085	462
12.35848333	458
12.36611667	458
12.3737	455
12.38138333	461
12.38908333	462
12.39671667	458
12.40438333	460
12.4121	463
12.41993333	470
12.42785	475
12.43571667	472
12.4434	461
12.45106667	460
12.45878333	463
12.46653333	465
12.47433333	468
12.48213333	468
12.48978333	459
12.49745	460
12.50516667	463
12.51286667	462
12.52071667	471
12.52861667	474
12.53651667	474
12.54436667	471
12.55231667	477
12.56033333	481
12.56848333	489
12.57673333	495
12.585	496
12.59308333	485
12.60095	472
12.60876667	469
12.6166	470
12.62446667	472
12.63231667	471
12.64008333	466
12.64791667	470
12.65573333	469
12.6636	472
12.67145	471
12.6794	477
12.68741667	481
12.69531667	474
12.70311667	468
12.71106667	477
12.71918333	487
12.72733333	489
12.7355	490
12.74343333	476
12.75136667	476
12.75926667	474
12.76715	473
12.77505	474
12.78311667	484
12.79103333	475
12.79896667	476
12.80681667	471
12.81465	470
12.82253333	473
12.83045	475
12.83835	474
12.84618333	470
12.85373333	453
12.86135	457
12.86905	462
12.8768	465
12.88458333	467
12.89223333	459
12.89973333	450
12.90723333	450
12.91486667	458
12.92251667	459
12.93013333	457
12.93761667	449
12.94508333	448
12.95253333	447
12.96001667	449
12.96746667	447
12.97488333	445
12.98225	442
12.98971667	448
12.99726667	453
13.00471667	447
13.01213333	445
13.01961667	449
13.02718333	454
13.03468333	450
13.04223333	453
13.04976667	452
13.05746667	462
13.06501667	453
13.07265	458
13.08025	456
13.08785	456
13.09535	450
13.10281667	448
13.11036667	453
13.1178	446
13.12526667	448
13.13273333	448
13.1401	442
13.14751667	445
13.15508333	454
13.16261667	452
13.17	443
13.17745	447
13.18498333	452
13.19258333	456
13.2001	451
13.2079	468
13.21576667	472
13.2236	470
13.23135	465
13.23905	462
13.24681667	466
13.2545	461
13.26221667	463
13.27006667	471
13.27805	479
13.2859	471
13.29365	465
13.30143333	467
13.30916667	464
13.31698333	469
13.32488333	474
13.3328	475
13.3407	474
13.34868333	479
13.35663333	477
13.36451667	473
13.37245	476
13.38033333	473
13.38816667	470
13.39593333	466
13.40378333	471
13.41161667	470
13.41928333	460
13.4268	451
13.43431667	451
13.44196667	459
13.44966667	462
13.45741667	465
13.46511667	462
13.47276667	459
13.48031667	453
13.4879	455
13.4956	462
13.50338333	467
13.51111667	464
13.51875	458
13.52631667	454
13.53393333	457
13.54163333	462
13.54938333	465
13.55713333	465
13.56478333	459
13.57231667	452
13.57993333	457
13.58763333	462
13.5954	466
13.60308333	461
13.61066667	455
13.61828333	457
13.62586667	455
13.63356667	462
13.64128333	463
13.64906667	467
13.65665	455
13.66428333	458
13.67183333	453
13.67945	457
13.6871	459
13.69475	459
13.70236667	457
13.71001667	459
13.71768333	460
13.72543333	465
13.73306667	458
13.74076667	462
13.74863333	472
13.75658333	477
13.76463333	483
13.77253333	474
13.78031667	467
13.78813333	469
13.79595	469
13.80401667	484
13.81211667	486
13.82006667	477
13.82788333	469
13.83578333	474
13.84368333	474
13.8516	475
13.85946667	472
13.86733333	472
13.87533333	480
13.88323333	474
13.89101667	467
13.89865	458
13.9064	465
13.91426667	472
13.9221	470
13.92983333	464
13.93748333	459
13.94516667	461
13.95293333	466
13.96065	463
13.96836667	463
13.97618333	469
13.984	469
13.99176667	466
13.99945	461
14.00708333	458
14.01486667	467
14.02273333	472
14.03046667	464
14.03806667	456
14.0456	452
14.05321667	457
14.06098333	466
14.06875	466
14.07638333	458
14.08388333	450
14.09138333	450
14.09895	454
14.10658333	458
14.11418333	456
14.12173333	453
14.12926667	452
14.13685	455
14.14451667	460
14.15218333	460
14.15976667	455
14.16735	455
14.1749	453
14.18251667	457
14.19016667	459
14.19778333	457
14.20541667	458
14.21308333	460
14.22076667	461
14.2284	458
14.23603333	458
14.24378333	465
14.25158333	468
14.25943333	471
14.26721667	467
14.27491667	462
14.28271667	468
14.2905	467
14.29838333	473
14.30611667	464
14.31376667	459
14.32145	461
14.3293	471
14.33716667	472
14.3449	464
14.35256667	460
14.36023333	460
14.36795	463
14.37568333	464
14.38338333	462
14.39116667	467
14.39893333	466
14.40663333	462
14.41426667	458
14.42201667	465
14.42985	470
14.43758333	464
14.44526667	461
14.45301667	465
14.46086667	471
14.46875	473
14.4766	471
14.4844	468
14.49216667	466
14.5001	476
14.50805	477
14.51588333	470
14.52351667	458
14.53106667	453
14.53871667	459
14.54641667	462
14.55408333	460
14.56163333	453
14.56911667	449
14.57671667	456
14.58443333	463
14.59216667	464
14.59981667	459
14.60741667	456
14.61505	458
14.62265	456
14.63021667	454
14.63773333	451
14.64523333	450
14.65288333	459
14.66055	460
14.66816667	457
14.67565	449
14.68323333	455
14.69091667	461
14.69863333	463
14.70618333	453
14.71365	448
14.7211	447
14.72861667	451
14.73621667	456
14.74391667	462
14.75163333	463
14.75928333	459
14.76701667	464
14.77475	464
14.78241667	460
14.79018333	466
14.79793333	465
14.80558333	459
14.81323333	459
14.82088333	459
14.82863333	465
14.83638333	465
14.844	457
14.8517	462
14.85945	465
14.86716667	463
14.87478333	457
14.88245	460
14.89015	462
14.8977	453
14.90525	453
14.9128	453
14.92045	459
14.92805	456
14.93553333	449
14.94308333	453
14.95073333	459
14.95846667	464
14.96613333	460
14.97378333	459
14.98141667	458
14.98906667	459
14.99675	461
15.00453333	467
15.01223333	462
15.01988333	459
15.0275	457
15.0352	462
15.04275	453
15.0504	459
15.05808333	461
15.06571667	458
15.07328333	454
15.08088333	456
15.08855	460
15.0963	465
15.10401667	463
15.11161667	456
15.11923333	457
15.12696667	464
15.1347	464
15.14246667	466
15.15025	467
15.15791667	460
15.16553333	457
15.1732	460
15.18086667	460
15.1885	458
15.19616667	460
15.2037	452
15.2113	456
15.21905	465
15.22678333	464
15.23448333	462
15.24226667	467
15.25	464
15.25785	471
15.2658	477
15.27385	483
15.282	489
15.28998333	479
15.29788333	474
15.30571667	470
15.31361667	474
15.32153333	475
15.32956667	482
15.33765	485
15.34551667	472
15.35335	470
15.3612	471
15.3691	474
15.37695	471
15.38493333	479
15.3928	472
15.40061667	469
15.40845	470
15.41633333	473
15.4243	478
15.43221667	475
15.4401	473
15.44803333	476
15.45611667	485
15.46431667	492
15.4726	497
15.4806	480
15.48856667	478
15.49658333	481
15.5047	487
15.51286667	490
15.52078333	475
15.52868333	474
15.53665	478
15.5446	477
15.55233333	464
15.5599	454
15.56755	459
15.5753	465
15.58288333	455
15.59046667	455
15.5979	446
15.60525	441
15.61253333	437
15.61998333	447
15.6274	445
15.63471667	439
15.64195	434
15.64906667	427
15.65633333	436
15.6637	442
15.671	438
15.67816667	430
15.68533333	430
15.69261667	437
15.70001667	444
15.70741667	444
15.71475	440
15.722	435
15.72931667	439
15.7368	449
15.7443	450
15.75181667	451
15.75918333	442
15.76651667	440
15.77395	446
15.7815	453
15.78903333	452
15.79646667	446
15.80401667	453
15.81158333	454
15.81925	460
15.82691667	460
15.83461667	462
15.84236667	465
15.85013333	466
15.85796667	470
15.86561667	459
15.87341667	468
15.88136667	477
15.88925	473
15.89705	468
15.90491667	472
15.91275	470
15.92036667	457
15.92788333	451
15.9355	457
15.94316667	460
15.95088333	463
15.95858333	462
15.96621667	458
15.97393333	463
15.98155	457
15.98911667	454
15.99676667	459
16.00456667	468
16.0124	470
16.02016667	466
16.02803333	472
16.03596667	476
16.04381667	471
16.05153333	463
16.05923333	462
16.067	466
16.07491667	475
16.08281667	474
16.09063333	469
16.09831667	461
16.10598333	460
16.1137	463
16.12141667	463
16.12921667	468
16.13691667	462
16.14455	458
16.15211667	454
16.15961667	450
16.1671	449
16.17458333	449
16.18208333	450
16.18955	448
16.19695	444
16.20441667	448
16.21188333	448
16.21938333	450
16.22686667	449
16.2343	446
16.2417	444
16.24915	447
16.25666667	451
16.26423333	454
16.27176667	452
16.27921667	447
16.28678333	454
16.29433333	453
16.3019	454
16.30948333	455
16.31705	454
16.3247	459
16.3324	462
16.33996667	454
16.34746667	450
16.35508333	457
16.36276667	461
16.37053333	466
16.37816667	458
16.38593333	466
16.39365	463
16.40126667	457
16.40895	461
16.41673333	467
16.42455	469
16.43226667	463
16.43998333	463
16.44778333	468
16.45563333	471
16.46351667	473
16.47145	476
16.47945	480
16.48736667	475
16.49516667	468
16.50283333	460
16.51048333	459
16.51821667	464
16.52601667	468
16.53378333	466
16.54143333	459
16.54898333	453
16.55655	454
16.56425	462
16.57198333	464
16.57976667	467
16.58738333	457
16.59493333	453
16.60241667	449
16.61005	458
16.6178	465
16.62546667	460
16.63305	455
16.64056667	451
16.64818333	457
16.6559	463
16.66363333	464
16.6714	466
16.67903333	458
16.68661667	455
16.69418333	454
16.70181667	458
16.70951667	462
16.71713333	457
16.72465	451
16.73213333	449
16.73968333	453
16.74728333	456
16.75491667	458
16.7625	455
16.76991667	445
16.77728333	442
16.78475	448
16.79223333	449
16.7997	448
16.80708333	443
16.81441667	440
16.8217	437
16.82905	441
16.83651667	448
16.84406667	453
16.85163333	454
16.85911667	449
16.86655	446
16.87396667	445
16.88143333	448
16.88901667	455
16.89673333	463
16.90446667	464
16.91208333	457
16.91965	454
16.92721667	454
16.93486667	459
16.94263333	466
16.95041667	467
16.95798333	454
16.96555	454
16.97316667	457
16.98083333	460
16.98851667	461
16.99618333	460
17.00373333	453
17.01125	451
17.01878333	452
17.0264	457
17.03393333	452
17.04146667	452
17.04906667	456
17.05656667	450
17.06411667	453
17.07173333	457
17.07948333	465
17.08728333	468
17.09515	472
17.10293333	467
17.11083333	474
17.1188	478
17.12695	489
17.13513333	491
17.14323333	486
17.15118333	477
17.15896667	467
17.16675	467
17.17448333	464
17.18215	460
17.18975	456
17.1973	453
17.2048	450
17.21228333	449
17.21991667	458
17.22753333	457
17.2351	454
17.24276667	460
17.25036667	456
17.25805	461
17.26573333	461
17.27338333	459
17.28105	460
17.2887	459
17.2964	462
17.30401667	457
17.31148333	448
17.31903333	453
17.32665	457
17.33438333	464
17.34206667	461
17.34978333	463
17.35741667	458
17.3652	467
17.373	468
17.3809	474
17.38865	465
17.3964	465
17.40428333	473
17.41216667	473
17.42005	473
17.42781667	466
17.43548333	460
17.4431	457
17.45083333	464
17.45858333	465
17.46638333	468
17.47413333	465
17.48168333	453
17.48926667	455
17.49696667	462
17.50466667	462
17.51238333	463
17.51993333	453
17.52741667	449
17.535	455
17.54266667	460
17.55025	455
17.55771667	448
17.56531667	456
17.57286667	453
17.58043333	454
17.58796667	452
17.59558333	457
17.60315	454
17.61063333	449
17.6181	448
17.62575	459
17.6333	453
17.64083333	452
17.64828333	447
17.65571667	446
17.66331667	456
17.67095	458
17.67843333	449
17.68591667	449
17.69353333	457
17.70121667	461
17.70875	452
17.71625	450
17.72371667	448
17.73121667	450
17.73886667	459
17.74645	455
17.75393333	449
17.76153333	456
17.76923333	462
17.7769	460
17.78455	459
17.79216667	457
17.79981667	459
17.80751667	462
17.81521667	462
17.82285	458
17.83046667	457
17.8382	464
17.84578333	455
17.85331667	452
17.8608	449
17.8684	456
17.87605	459
17.8836	453
17.89101667	445
17.89835	440
17.90581667	448
17.91335	452
17.92076667	445
17.92806667	438
17.93528333	433
17.94256667	437
17.94985	437
17.95723333	443
17.96456667	440
17.97193333	442
17.97928333	441
17.98661667	440
17.99405	446
18.0015	447
18.00891667	445
18.01636667	447
18.02388333	451
18.0314	451
18.03886667	448
18.0463	446
18.05375	447
18.06121667	448
18.06878333	454
18.07645	460
18.08401667	454
18.09153333	451
18.09915	457
18.10685	462
18.11453333	461
18.1222	460
18.1299	462
18.13753333	458
18.1451	454
18.15263333	452
18.16025	457
18.16793333	461
18.1755	454
18.18296667	448
18.19031667	441
18.19781667	450
18.20533333	451
18.21288333	453
18.22033333	447
18.2277	442
18.23508333	443
18.2425	445
18.25003333	452
18.25755	451
18.26505	450
18.27241667	442
18.27995	452
18.28753333	455
18.29506667	452
18.30268333	457
18.31016667	449
18.31766667	450
18.3253	458
18.33281667	451
18.34048333	460
18.34806667	455
18.35566667	456
18.36323333	454
18.37076667	452
18.37825	449
18.38575	450
18.39328333	452
18.40078333	450
18.40831667	452
18.41573333	445
18.42308333	441
18.43051667	446
18.43796667	447
18.44546667	450
18.45288333	445
18.46035	448
18.4678	447
18.47526667	448
18.48271667	447
18.49031667	456
18.4979	455
18.5056	462
18.51336667	466
18.5211	464
18.52885	465
18.53651667	460
18.54423333	463
18.55186667	458
18.5595	458
18.56715	459
18.57473333	455
18.58231667	455
18.58983333	451
18.59738333	453
18.60496667	455
18.61263333	460
18.62038333	465
18.62805	460
18.63561667	454
18.64316667	453
18.65076667	456
18.65831667	453
18.66591667	456
18.67343333	451
18.68093333	450
18.68858333	459
18.69615	454
18.70368333	452
18.71115	448
18.71865	450
18.72623333	455
18.73383333	456
18.7414	454
18.74893333	452
18.75646667	452
18.76405	455
18.77168333	458
18.77923333	453
18.78671667	449
18.79415	446
18.8016	447
18.80913333	452
18.81663333	450
18.82406667	446
18.83148333	445
18.83891667	446
18.84636667	447
18.85393333	454
18.8615	454
18.86895	447
18.87638333	446
18.8839	451
18.8914	450
18.89898333	455
18.9065	451
18.91395	447
18.92155	456
18.92926667	463
18.93695	461
18.94451667	454
18.95213333	457
18.95991667	467
18.96776667	471
18.97555	467
18.98326667	463
18.9909	458
18.9985	456
19.00615	459
19.01393333	467
19.02181667	473
19.02975	476
19.0377	477
19.04553333	470
19.05326667	464
19.06106667	468
19.06898333	475
19.07698333	480
19.08493333	477
19.09276667	470
19.10048333	463
19.10813333	459
19.11581667	461
19.12358333	466
19.1313	463
19.13903333	464
19.14675	463
19.15448333	464
19.16223333	465
19.1699	460
19.17748333	455
19.185	451
19.1927	462
19.2004	462
19.20813333	464
19.21581667	461
19.22341667	456
19.23106667	459
19.2387	458
19.24643333	464
19.25418333	465
19.26195	466
19.26971667	466
19.27733333	457
19.28498333	459
19.2927	463
19.30046667	466
19.30818333	463
19.31583333	459
19.32341667	455
19.33103333	457
19.3387	460
19.34643333	464
19.35416667	464
19.36178333	457
19.36938333	456
19.37696667	455
19.38461667	459
19.39233333	463
19.39991667	455
19.40741667	450
19.41491667	450
19.42253333	457
19.43025	463
19.43783333	455
19.44535	451
19.45283333	449
19.46021667	443
19.46765	446
19.4751	447
19.48268333	455
19.49023333	453
19.49775	451
19.5052	447
19.5127	450
19.52036667	460
19.52803333	460
19.53571667	461
19.54326667	453
19.5509	458
19.55856667	460
19.56638333	469
19.57428333	474
19.58203333	465
19.58963333	456
19.59723333	456
19.60488333	459
19.61245	454
19.61996667	451
19.62738333	445
19.63475	442
19.64218333	446
19.64958333	444
19.65696667	443
19.66435	443
19.67166667	439
19.679	440
19.68636667	442
19.6938	446
19.70135	453
19.70896667	457
19.71661667	459
19.7241	449
19.7316	450
19.73916667	454
19.74685	461
19.75446667	457
19.76198333	451
19.76956667	455
19.77721667	459
19.78486667	459
19.7925	458
19.80005	453
19.80766667	457
19.81528333	457
19.82301667	464
19.83071667	462
19.83833333	457
19.84593333	456
19.85353333	456
19.86111667	455
19.86868333	454
19.87621667	452
19.88378333	454
19.89126667	449
19.8988	452
19.90638333	455
19.91395	454
19.92156667	457
19.9291	452
19.93658333	449
19.94405	448
19.9516	453
19.95921667	457
19.9668	455
19.97435	453
19.9819	453
19.9895	456
19.99708333	455
20.00463333	453
20.0122	454
20.0198	456
20.02746667	460
20.03515	461
20.04296667	469
20.0507	464
20.05845	465
20.06621667	466
20.07401667	468
20.08193333	475
20.09001667	485
20.0982	491
20.10656667	502
20.11506667	510
20.12366667	516
20.13218333	511
20.14048333	498
20.14891667	506
20.1573	503
20.16575	507
20.1743	513
20.18266667	502
20.19093333	496
20.19915	493
20.2073	489
20.21526667	478
20.22318333	475
20.23113333	477
20.23925	487
20.24755	498
20.25591667	502
20.26421667	498
20.27245	494
20.28071667	496
20.28898333	496
20.29708333	486
20.30503333	477
20.31305	481
20.32113333	485
20.32925	487
20.3372	477
20.34528333	485
20.3534	487
20.36155	489
20.36953333	479
20.37755	481
20.38561667	484
20.39376667	489
20.402	494
20.4105	510
20.41913333	518
20.42783333	522
20.43675	535
20.44588333	548
20.45521667	560
20.46471667	570
20.47426667	573
20.48335	545
20.4924	543
20.50131667	535
20.51	521
20.51878333	527
20.5275	523
20.53628333	527
20.54493333	519
20.55348333	513
20.56198333	510
20.57043333	507
20.57883333	504
20.58718333	501
20.59553333	501
20.60385	499
20.61223333	503
20.62055	499
20.62883333	497
20.63713333	498
20.64551667	503
20.65403333	511
20.66261667	515
20.67128333	520
20.68003333	525
20.6889	532
20.69785	537
20.70678333	536
20.71568333	534
20.72463333	537
20.73366667	542
20.74276667	546
20.75195	551
20.76111667	550
20.77025	548
20.77946667	553
20.78885	563
20.79838333	572
20.8079	571
20.81741667	571
20.82675	560
20.83615	564
20.8454	555
20.8546	552
20.86395	561
20.8732	555
20.88223333	542
20.8911	532
20.89985	525
20.9085	519
20.91701667	511
20.9255	509
20.93395	507
20.94238333	506
20.95088333	510
20.95945	514
20.96823333	527
20.977	526
20.98593333	536
20.9949	538
21.00391667	541
21.01285	536
21.02176667	535
21.03078333	541
21.03998333	552
21.04935	562
21.0589	573
21.06855	579
21.07831667	586
21.0878	569
21.09718333	563
21.1064	553
21.11553333	548
21.12468333	549
21.13378333	546
21.14283333	543
21.1519	544
21.1612	558
21.17088333	581
21.18086667	599
21.19081667	597
21.20058333	586
21.21043333	591
21.22055	607
21.23081667	616
21.2411	617
21.25141667	619
21.26163333	613
21.27205	625
21.28255	630
21.29326667	643
21.30385	635
21.31413333	617
21.32438333	615
21.33468333	618
21.34486667	611
21.35491667	603
21.36485	596
21.37478333	596
21.38481667	602
21.3946	587
21.40428333	581
21.41391667	578
21.42358333	580
21.43336667	587
21.44313333	586
21.45275	577
21.46236667	577
21.47191667	573
21.48151667	576
21.49118333	580
21.50083333	579
21.5105	580
21.52011667	577
21.5298	581
21.5397	594
21.54961667	595
21.55975	608
21.57018333	626
21.58071667	632
21.59123333	631
21.60151667	617
21.61168333	610
21.62168333	600
21.63156667	593
21.64121667	579
21.65101667	588
21.66106667	603
21.67116667	606
21.6815	620
21.69181667	619
21.70186667	603
21.71181667	597
21.72166667	591
21.73155	593
21.7415	597
21.7514	594
21.76113333	584
21.77071667	575
21.78008333	562
21.78936667	557
21.79856667	552
21.80768333	547
21.81686667	551
21.82611667	555
21.83556667	567
21.84513333	574
21.85483333	582
21.86458333	585
21.87453333	597
21.88463333	606
21.89471667	605
21.9047	599
21.91455	591
21.92426667	583
21.93375	569
21.94301667	556
21.95221667	552
21.96153333	559
21.9708	556
21.98015	561
21.98946667	559
21.99876667	558
22.00805	557
22.01721667	550
22.02626667	543
22.03521667	537
22.04418333	538
22.05343333	555
22.06296667	572
22.07243333	568
22.08173333	558
22.09103333	558
22.10051667	569
22.1101	575
22.11973333	578
22.12928333	573
22.13878333	570
22.1483	571
22.15788333	575
22.16758333	582
22.17723333	579
22.18693333	582
22.19653333	576
22.20603333	570
22.2155	568
22.22493333	566
22.23436667	566
22.24395	575
22.25361667	580
22.26333333	583
22.27303333	582
22.28265	577
22.29208333	566
22.30143333	561
22.3109	568
22.32043333	572
22.33006667	578
22.33988333	589
22.34966667	587
22.35936667	582
22.36886667	570
22.3783	566
22.38765	561
22.39675	546
22.40586667	547
22.41481667	537
22.42425	566
22.43363333	563
22.44308333	567
22.45275	580
22.46265	594
22.47261667	598
22.4826	599
22.49275	609
22.50291667	610
22.51298333	604
22.5232	613
22.53336667	610
22.54345	605
22.55373333	617
22.56398333	615
22.57398333	600
22.5837	583
22.59333333	578
22.6028	568
22.61216667	562
22.62155	563
22.63086667	559
22.64008333	553
22.64923333	549
22.65835	547
22.66743333	545
22.67661667	551
22.68606667	567
22.69583333	586
22.70563333	588
22.7157	604
22.72585	609
22.73611667	616
22.74663333	631
22.75751667	653
22.76828333	646
22.77895	640
22.78906667	607
22.7988	584
22.80846667	580
22.81785	563
22.82706667	553
22.83623333	550
22.84536667	548
22.85446667	546
22.8636	548
22.8727	546
22.88181667	547
22.89103333	553
22.90028333	555
22.9096	559
22.91886667	556
22.9282	560
22.93756667	562
22.94705	569
22.9567	579
22.96645	585
22.97608333	578
22.98568333	576
22.99521667	572
23.00478333	574
23.0143	571
23.0238	570
23.03323333	566
23.04276667	572
23.05245	581
23.06216667	583
23.07188333	583
23.08163333	585
23.09135	583
23.10105	582
23.11076667	583
23.12058333	589
23.13045	592
23.14031667	592
23.15008333	586
23.15978333	582
23.16948333	582
23.17921667	584
23.18885	578
23.19833333	569
23.20773333	564
23.21711667	563
23.22638333	556
23.23555	550
23.24463333	545
23.2537	544
23.26278333	545
23.27181667	542
23.28095	548
23.29003333	545
23.29913333	546
23.30835	553
23.31778333	566
23.32716667	563
23.33663333	568
23.34616667	572
23.35571667	573
23.36538333	580
23.37516667	587
23.38503333	592
23.39521667	611
23.40553333	619
23.41588333	621
23.42638333	630
23.43683333	627
23.44733333	630
23.45766667	620
23.46793333	616
23.47813333	612
23.48853333	624
23.49905	631
23.50968333	638
23.52028333	636
23.5308	631
23.54126667	628
23.55136667	606
23.56125	593
23.571	585
23.58056667	574
23.58998333	565
23.59928333	558
23.6086	559
23.61785	555
23.62716667	559
23.63646667	558
23.64598333	571
23.65566667	581
23.66533333	580
23.67503333	582
23.68491667	593
23.695	605
23.70518333	611
23.7153	607
23.72531667	601
23.73523333	595
23.74521667	599
23.75526667	603
23.76535	605
23.77546667	607
23.78543333	598
23.7954	598
23.80546667	604
23.81565	611
23.82588333	614
23.83608333	612
23.84613333	603
23.8561	598
23.86613333	602
23.87616667	602
23.88635	611
23.89668333	620
23.90686667	611
23.91686667	600
23.92683333	598
23.93678333	597
23.94681667	602
23.95686667	603
23.96698333	607
23.97693333	597
23.98688333	597
23.9969	601
24.0071	612
24.01756667	628
24.02798333	625
24.03835	622
24.04866667	619
24.05901667	621
24.0693	617
24.07958333	617
24.08998333	624
24.10048333	630
24.11098333	630
24.12141667	626
24.13158333	610
24.1416	601
24.15153333	596
24.1616	604
24.1719	618
24.18223333	620
24.19253333	618
24.20265	607
24.21273333	605
24.22283333	606
24.23301667	611
24.24328333	616
24.25368333	624
24.26401667	620
24.27433333	619
24.2845	610
24.2947	612
24.30476667	604
24.31486667	606
24.32503333	610
24.33508333	603
24.345	595
24.35486667	592
24.36461667	585
24.37428333	580
24.38388333	576
24.3935	577
24.40318333	581
24.41305	592
24.42296667	595
24.4331	608
24.44331667	613
24.45368333	622
24.46393333	615
24.47403333	606
24.48408333	603
24.49398333	594
24.5038	589
24.51353333	584
24.52323333	582
24.53293333	582
24.5427	586
24.55253333	590
24.56235	589
24.57211667	586
24.58191667	588
24.5917	587
24.60156667	592
24.6116	602
24.62173333	608
24.63218333	627
24.64285	640
24.65376667	655
24.6647	656
24.67535	639
24.68588333	632
24.69626667	623
24.70646667	612
24.71658333	607
24.72658333	600
24.73645	592
24.74621667	586
24.75573333	571
24.7651	562
24.77441667	559
24.78376667	561
24.79321667	567
24.80273333	571
24.81225	571
24.82181667	574
24.83156667	585
24.84133333	586
24.85121667	593
24.86126667	603
24.87145	611
24.88201667	634
24.89273333	643
24.90321667	629
24.91351667	618
24.92368333	610
24.93376667	605
24.94391667	609
24.95393333	601
24.9638	592
24.9737	594
24.98353333	590
24.99321667	581
25.0029	581
25.01256667	580
25.02221667	579
25.03181667	576
25.0414	575
25.05085	567
25.06021667	562
25.06961667	564
25.07913333	571
25.0887	574
25.09826667	574
25.10778333	571
25.11718333	564
25.12656667	563
25.13601667	567
25.14553333	571
25.1551	574
25.16468333	575
25.17425	574
25.18373333	569
25.19328333	573
25.20301667	584
25.21311667	606
25.22345	620
25.23361667	610
25.24365	602
25.25363333	599
25.26351667	593
25.27338333	592
25.28335	598
25.29323333	593
25.30308333	591
25.31296667	593
25.32291667	597
25.33313333	613
25.34358333	627
25.35403333	627
25.36448333	627
25.375	631
25.3856	636
25.39623333	638
25.40708333	651
25.41785	646
25.42835	630
25.43905	642
25.4496	633
25.46036667	646
25.47098333	637
25.48163333	639
25.49226667	638
25.50293333	640
25.5137	646
25.52441667	643
25.5351	641
25.5456	630
25.55586667	616
25.56596667	606
25.576	602
25.58606667	604
25.59583333	586
25.60553333	582
25.61501667	569
25.62446667	567
25.634	572
25.64365	579
25.65346667	589
25.66331667	591
25.67331667	600
25.6834	605
25.69326667	592
25.70305	587
25.71271667	580
25.7224	581
25.73221667	589
25.7421	593
25.75211667	601
25.76208333	598
25.77185	586
25.78165	588
25.79145	588
25.8012	585
25.81085	579
25.82038333	572
25.82983333	567
25.83938333	573
25.84911667	584
25.85895	590
25.86871667	586
25.87836667	579
25.888	578
25.89756667	574
25.90718333	577
25.91693333	585
25.9269	598
25.93726667	622
25.94823333	658
25.95953333	678
25.97078333	675
25.982	673
25.99323333	674
26.00423333	660
26.01495	643
26.0253	621
26.03553333	614
26.04561667	605
26.05566667	603
26.06585	611
26.076	609
26.08618333	611
26.09641667	614
26.10656667	609
26.11648333	595
26.12633333	591
26.1361	586
26.14586667	586
26.15561667	585
26.16563333	601
26.17591667	617
26.18641667	630
26.19695	632
26.20786667	655
26.21865	647
26.2292	633
26.23958333	623
26.24973333	609
26.25961667	593
26.26943333	589
26.27908333	579
26.28886667	587
26.29883333	598
26.3089	604
26.31896667	604
26.32906667	606
26.33933333	616
26.34976667	626
26.36016667	624
26.37045	617
26.38048333	602
26.39031667	590
26.40003333	583
26.40958333	573
26.41898333	564
26.42836667	563
26.4378	566
26.44726667	568
26.45693333	580
26.46686667	596
26.47696667	606
26.48708333	607
26.49711667	602
26.50716667	603
26.51716667	600
26.52726667	606
26.5376	620
26.54816667	634
26.55883333	640
26.56988333	663
26.5813	685
26.59265	681
26.60341667	646
26.61401667	636
26.6243	617
26.63443333	608
26.64463333	612
26.65521667	635
26.66663333	685
26.67791667	677
26.68935	686
26.70105	702
26.7127	699
26.72405	681
26.735	657
26.74568333	641
26.7561	625
26.76645	621
26.77696667	631
26.78791667	657
26.7991	671
26.81018333	665
26.82103333	651
26.8318	646
26.84243333	638
26.85313333	642
26.86405	655
26.8753	675
26.8871	708
26.89883333	704
26.91015	679
26.9215	681
26.93275	675
26.944	675
26.95565	699
26.96755	714
26.97961667	724
26.9917	725
27.00326667	694
27.01431667	663
27.02491667	636
27.03521667	618
27.04531667	606
27.05536667	603
27.0655	608
27.07585	621
27.0867	651
27.09796667	676
27.10926667	678
27.12061667	681
27.13203333	685
27.14343333	684
27.15466667	674
27.16586667	672
27.17661667	645
27.18728333	640
27.19786667	635
27.20831667	627
27.2186	617
27.22888333	617
27.23925	622
27.24965	624
27.25996667	619
27.27028333	619
27.28031667	602
27.29016667	591
27.29985	581
27.30941667	574
27.31895	572
27.32843333	569
27.33785	565
27.34735	570
27.35696667	577
27.36688333	595
27.3774	631
27.38841667	661
27.39981667	684
27.41121667	684
27.42253333	679
27.43378333	675
27.44513333	681
27.457	712
27.4689	714
27.48071667	709
27.49255	710
27.50415	696
27.51566667	691
27.52725	695
27.53875	690
27.55021667	688
27.56151667	678
27.57273333	673
27.58403333	678
27.59518333	669
27.60626667	665
27.61728333	661
27.62815	652
27.6389	645
27.64961667	643
27.66021667	636
27.67078333	634
27.68145	640
27.69233333	653
27.7033	658
27.71418333	653
27.72521667	662
27.73621667	660
27.7473	665
27.7582	654
27.76885	639
27.77941667	634
27.78981667	624
27.80028333	628
27.81093333	639
27.82176667	650
27.83261667	651
27.84353333	655
27.85423333	642
27.86475	631
27.87491667	610
27.88513333	613
27.89541667	617
27.90571667	618
27.91621667	630
27.92681667	636
27.93726667	627
27.94731667	603
27.95715	590
27.96685	582
27.97646667	577
27.98608333	577
27.99588333	588
28.00591667	602
28.01626667	621
28.027	644
28.038	660
28.0489	654
28.05961667	643
28.07008333	628
28.0804	619
28.09061667	613
28.10061667	600
28.11073333	607
28.12111667	623
28.13155	626
28.14166667	607
28.15165	599
28.1616	597
28.17153333	596
28.18156667	602
28.19188333	619
28.20268333	648
28.214	679
28.2253	678
28.23668333	683
28.2481	685
28.25955	687
28.2706	663
28.28171667	667
28.29283333	667
28.30391667	665
28.3149	659
28.32568333	647
28.33608333	624
28.34628333	612
28.3562	595
28.36603333	590
28.37578333	585
28.38578333	600
28.3961	619
28.40665	633
28.41738333	644
28.42825	652
28.43933333	665
28.44996667	638
28.46033333	622
28.47055	613
28.48088333	620
28.49105	610
28.50106667	601
28.51095	593
28.52086667	595
28.53086667	600
28.54111667	615
28.5518	641
28.56305	675
28.5742	669
28.5853	666
28.59658333	677
28.60788333	678
28.61915	676
28.6306	687
28.64216667	694
28.65391667	705
28.66588333	718
28.67776667	713
28.68981667	723
28.70168333	712
28.71325	694
28.72406667	649
28.73455	629
28.74463333	605
28.7545	592
28.76435	591
28.77433333	599
28.78435	601
28.7945	609
28.80475	615
28.81513333	623
28.82598333	651
28.837	661
28.84776667	646
28.85858333	649
28.86948333	654
28.88073333	675
28.89223333	690
28.9041	712
28.91626667	730
28.92818333	715
28.93955	682
28.95056667	661
28.9612	638
28.9716	624
28.98205	627
28.99268333	638
29.00398333	678
29.0158	709
29.02771667	715
29.03955	710
29.0518	735
29.06398333	731
29.07613333	729
29.08798333	711
29.09938333	684
29.11061667	674
29.12151667	654
29.1324	653
29.14308333	641
29.1533	613
29.16338333	605
29.17333333	597
29.18325	595
29.19318333	596
29.20351667	620
29.21436667	651
29.2255	668
29.23675	675
29.24826667	691
29.26003333	706
29.27176667	704
29.28288333	667
29.29381667	656
29.30465	650
29.31535	642
29.32603333	641
29.33651667	629
29.34698333	628
29.35743333	627
29.36786667	626
29.3782	620
29.38871667	631
29.39943333	643
29.4101	640
29.42065	633
29.43101667	622
29.44121667	612
29.45146667	615
29.4616	608
29.4718	612
29.48208333	617
29.49256667	629
29.5031	632
29.51353333	626
29.52388333	621
29.53423333	621
29.54461667	623
29.55523333	637
29.56591667	641
29.57678333	652
29.58771667	656
29.59853333	649
29.6093	646
29.61965	621
29.62998333	620
29.64006667	605
29.65006667	600
29.66011667	603
29.67028333	610
29.68053333	615
29.69095	625
29.7015	633
29.71248333	659
29.72383333	681
29.73545	697
29.74705	696
29.75793333	653
29.76875	649
29.77916667	625
29.78938333	613
29.7997	619
29.81075	663
29.82253333	707
29.83468333	729
29.84673333	723
29.85815	685
29.86975	696
29.88116667	685
29.89216667	660
29.903	650
29.9137	642
29.92441667	643
29.93536667	657
29.94658333	673
29.95783333	675
29.9694	694
29.98111667	703
29.99221667	666
30.00318333	658
30.01405	652
30.02483333	647
30.03585	661
30.04711667	676
30.05835	674
30.06953333	671
30.08065	667
30.09141667	646
30.10208333	640
30.1127	637
30.12341667	643
30.13446667	663
30.1458	680
30.15705	675
30.16911667	724
30.18088333	706
30.19208333	672
30.20313333	663
30.21395	649
30.2248	651
30.23608333	677
30.24791667	710
30.2603	743
30.27231667	721
30.28425	716
30.29635	726
30.30801667	700
30.31968333	700
30.33071667	662
30.34138333	640
30.35188333	630
30.3622	619
30.37235	609
30.38228333	596
30.39206667	587
30.40178333	583
30.41165	592
30.4218	609
30.43246667	640
30.44333333	652
30.45436667	662
30.46586667	690
30.4772	680
30.48815	657
30.49886667	643
30.50948333	637
30.52001667	632
30.53055	632
30.54123333	641
30.55236667	668
30.56415	707
30.57593333	707
30.58751667	695
30.59885	680
30.60996667	667
30.62105	665
30.63228333	674
30.64361667	680
30.65513333	691
30.66668333	693
30.67801667	680
30.68926667	675
30.70035	665
30.71146667	667
30.7227	674
30.73423333	692
30.74611667	713
30.7579	707
30.76896667	664
30.77998333	661
30.79091667	656
30.80186667	657
30.81275	653
30.82393333	671
30.8355	694
30.84721667	703
30.8591	713
30.87103333	716
30.883	718
30.89485	711
30.90631667	688
30.91761667	678
30.92868333	664
30.93976667	665
30.95068333	655
30.96126667	635
30.97166667	624
30.98171667	603
30.99165	596
31.00151667	592
31.01141667	594
31.02156667	609
31.03213333	634
31.04333333	672
31.05521667	713
31.06735	728
31.07955	732
31.0916	723
31.10376667	730
31.11558333	709
31.12723333	699
31.13875	691
31.15005	678
31.16135	678
31.17221667	652
31.18288333	640
31.1933	625
31.2036	618
31.21396667	622
31.22483333	652
31.23596667	668
31.2472	674
31.25836667	670
31.2698	686
31.28145	699
31.29313333	701
31.30478333	699
31.31631667	692
31.3278	689
31.33848333	641
31.349	631
31.3593	618
31.3696	618
31.38008333	629
31.39073333	639
31.40141667	641
31.41206667	639
31.42303333	658
31.43411667	665
31.44533333	673
31.45611667	647
31.46675	638
31.47721667	628
31.48768333	628
31.49835	640
31.50925	654
31.52006667	649
31.53095	653
31.54178333	650
31.5526	649
31.563	624
31.57338333	623
31.58353333	609
31.59361667	605
31.60368333	604
31.61373333	603
31.62388333	609
31.63446667	635
31.6457	674
31.65756667	712
31.66956667	720
31.68143333	712
31.69321667	707
31.70471667	690
31.71616667	687
31.72776667	696
31.73935	695
31.75101667	700
31.76258333	694
31.77386667	677
31.78505	671
31.79601667	658
31.80686667	651
31.81786667	660
31.82876667	654
31.83965	653
31.85081667	670
31.86215	680
31.87368333	692
31.88526667	695
31.89658333	679
31.90791667	680
31.91925	680
31.9307	687
31.94256667	712
31.95491667	741
31.96716667	735
31.97936667	732
31.99138333	721
32.00333333	717
