0.017516667	1051
0.033233333	943
0.048066667	890
0.063366667	918
0.078533333	910
0.091716667	791
0.105866667	849
0.12045	875
0.134116667	820
0.1466	749
0.159166667	754
0.1727	812
0.185816667	787
0.198833333	781
0.2141	916
0.230516667	985
0.24715	998
0.2634	975
0.27915	945
0.2949	945
0.310666667	946
0.325266667	876
0.3384	788
0.351033333	758
0.363016667	719
0.375066667	723
0.387833333	766
0.402083333	855
0.417416667	920
0.43125	830
0.44555	858
0.45965	846
0.4733	819
0.486733333	806
0.49885	727
0.510833333	719
0.5235	760
0.5357	732
0.547983333	737
0.561216667	794
0.57375	752
0.58695	792
0.6008	831
0.615333333	872
0.6285	790
0.6432	882
0.657766667	874
0.671633333	832
0.686133333	870
0.700083333	837
0.713366667	797
0.727916667	873
0.741383333	808
0.754483333	786
0.767966667	809
0.7821	848
0.795	774
0.808066667	784
0.82225	851
0.835666667	805
0.848883333	793
0.861633333	765
0.87445	769
0.887316667	772
0.9004	785
0.9126	732
0.9248	732
0.937083333	737
0.949733333	759
0.962266667	752
0.975733333	808
0.989866667	848
1.004133333	856
1.017833333	822
1.0321	856
1.046716667	877
1.060666667	837
1.074583333	835
1.088416667	830
1.1014	779
1.113933333	752
1.126866667	776
1.13995	785
1.152916667	778
1.165333333	745
1.178866667	812
1.192516667	819
1.205633333	787
1.219633333	840
1.23425	877
1.247416667	790
1.261216667	828
1.27585	878
1.290016667	850
1.30305	782
1.3169	831
1.33105	849
1.344	777
1.358216667	853
1.374466667	975
1.389033333	874
1.402783333	825
1.4176	889
1.449816667	0
1.46295	788
1.475516667	754
1.4883	767
1.5033	900
1.549883333	0
1.564883333	900
1.580483333	936
1.595783333	918
1.6112	925
1.626233333	902
1.641533333	918
1.6566	904
1.6702	816
1.68495	885
1.699933333	899
1.715383333	927
1.730316667	896
1.743466667	789
1.7577	854
1.7717	840
1.784233333	752
1.79825	841
1.8121	831
1.82505	777
1.838366667	799
1.852516667	849
1.865716667	792
1.8796	833
1.8945	894
1.90755	783
1.9211	813
1.93485	825
1.9476	765
1.961183333	815
1.975916667	884
1.990833333	895
2.004716667	833
2.019766667	903
2.0355	944
2.049666667	850
2.064683333	901
2.0794	883
2.093	816
2.1078	888
2.1233	930
2.137	822
2.150766667	826
2.164966667	852
2.1793	860
2.1929	816
2.207616667	883
2.222583333	898
2.236266667	821
2.266683333	0
2.280633333	837
2.295383333	885
2.310133333	885
2.323616667	809
2.350866667	0
2.36455	821
2.377183333	758
2.38985	760
2.402916667	784
2.416316667	804
2.429183333	772
2.442983333	828
2.457216667	854
2.470816667	816
2.484633333	829
2.499116667	869
2.513133333	841
2.525883333	765
2.539383333	810
2.552416667	782
2.565383333	778
2.577483333	726
2.59045	778
2.60375	798
2.6165	765
2.629316667	769
2.64385	872
2.658033333	851
2.671133333	786
2.685716667	875
2.700366667	879
2.713466667	786
2.727866667	864
2.742883333	901
2.756533333	819
2.769666667	788
2.7837	842
2.797666667	838
2.81085	791
2.8251	855
2.839383333	857
2.852733333	801
2.86755	889
2.8832	939
2.927866667	0
2.942433333	874
2.956583333	849
2.970866667	857
2.984716667	831
2.9978	785
3.012116667	859
3.02595	830
3.0387	765
3.05185	789
3.065383333	812
3.078516667	788
3.091216667	762
3.105083333	832
3.120483333	924
3.134266667	827
3.148816667	873
3.1643	929
3.177483333	791
3.191283333	828
3.205283333	840
3.2183	781
3.231066667	766
3.244666667	816
3.258416667	825
3.270883333	748
3.284633333	825
3.299316667	881
3.314483333	910
3.327583333	786
3.341583333	840
3.356283333	882
3.369616667	800
3.384183333	874
3.397933333	825
3.412816667	893
3.426416667	816
3.439966667	813
3.4535	812
3.466116667	757
3.47925	788
3.493016667	826
3.50565	758
3.518066667	745
3.530033333	718
3.542583333	753
3.556166667	815
3.569533333	802
3.582816667	797
3.595116667	738
3.608666667	813
3.622283333	817
3.6362	835
3.664783333	0
3.6796	889
3.69405	867
3.707983333	836
3.721666667	821
3.733983333	739
3.746683333	762
3.7593	757
3.771866667	754
3.784083333	733
3.79595	712
3.80775	708
3.819633333	713
3.83155	715
3.84325	702
3.854383333	668
3.8653	655
3.875833333	632
3.886166667	620
3.8962	602
3.906033333	590
3.915666667	578
3.92535	581
3.9351	585
3.9544	0
3.9641	582
3.974266667	610
3.984716667	627
3.995083333	622
4.00525	610
4.015433333	611
4.025416667	599
4.03555	608
4.0456	603
4.055483333	593
4.065466667	599
4.07575	617
4.085583333	590
4.095583333	600
4.105583333	600
4.125766667	0
4.135716667	597
4.145816667	606
4.156283333	628
4.167433333	669
4.178883333	687
4.190516667	698
4.20235	710
4.21395	696
4.225333333	683
4.236483333	669
4.2474	655
4.258116667	643
4.269016667	654
4.28	659
4.291416667	685
4.30425	770
4.3172	777
4.330016667	769
4.342583333	754
4.35505	748
4.36755	750
4.379983333	746
4.392366667	743
4.404933333	754
4.417916667	779
4.431383333	808
4.444433333	783
4.4566	730
4.468783333	731
4.48135	754
4.494183333	770
4.507783333	816
4.521216667	806
4.533833333	757
4.547183333	801
4.561333333	849
4.57475	805
4.58745	762
4.599966667	751
4.61215	731
4.624266667	727
4.63675	749
4.6488	723
4.661766667	778
4.674833333	784
4.6878	778
4.7004	756
4.7138	804
4.72675	777
4.739583333	770
4.751933333	741
4.764016667	725
4.775783333	706
4.78735	694
4.800283333	776
4.8158	931
4.84345	0
4.857466667	841
4.870616667	789
4.885583333	898
4.900333333	885
4.914866667	872
4.92915	857
4.9422	783
4.95455	741
4.9675	777
4.980933333	806
4.994	784
5.008366667	862
5.023766667	924
5.038316667	873
5.051616667	798
5.065983333	862
5.082016667	962
5.097066667	903
5.110883333	829
5.125916667	902
5.1409	899
5.1541	792
5.16825	849
5.183466667	913
5.19745	839
5.211283333	830
5.226333333	903
5.2413	898
5.2548	810
5.269533333	884
5.284183333	879
5.2975	799
5.31205	873
5.327366667	919
5.341033333	820
5.355033333	840
5.368283333	795
5.381216667	776
5.394583333	802
5.407833333	795
5.4204	754
5.433416667	781
5.44675	800
5.460183333	806
5.47285	760
5.486266667	805
5.5001	830
5.513283333	791
5.525883333	756
5.539866667	839
5.5541	854
5.567466667	802
5.582566667	906
5.597683333	907
5.610883333	792
5.624566667	821
5.637916667	801
5.650716667	768
5.664066667	801
5.677233333	790
5.69	766
5.703766667	826
5.7176	830
5.730783333	791
5.7438	781
5.757116667	799
5.769966667	771
5.78225	737
5.79525	780
5.807833333	755
5.82025	745
5.8338	813
5.8477	834
5.86045	765
5.873866667	805
5.887066667	792
5.899833333	766
5.913383333	813
5.92725	832
5.94025	780
5.953416667	790
5.96695	812
5.97965	762
5.992866667	793
6.006516667	819
6.019983333	808
6.047166667	0
6.061233333	844
6.073966667	764
6.087766667	828
6.10155	827
6.1147	789
6.128483333	827
6.141833333	801
6.15475	775
6.167516667	766
6.180933333	805
6.194133333	792
6.2067	754
6.21965	777
6.232966667	799
6.245766667	768
6.25925	809
6.273333333	845
6.28775	865
6.30115	804
6.31445	798
6.328033333	815
6.341266667	794
6.35415	773
6.368116667	838
6.382116667	840
6.394966667	771
6.407133333	730
6.419566667	746
6.4321	752
6.44415	723
6.45665	750
6.469566667	775
6.4819	740
6.4946	762
6.507616667	781
6.5201	749
6.532733333	758
6.545533333	768
6.557583333	723
6.569516667	716
6.580983333	688
6.592483333	690
6.604516667	722
6.6185	839
6.632616667	847
6.646666667	843
6.661316667	879
6.6748	809
6.687933333	788
6.7004	748
6.712433333	722
6.72435	715
6.736166667	709
6.748733333	754
6.7618	784
6.7753	810
6.788	762
6.801916667	835
6.815066667	789
6.827266667	732
6.839366667	726
6.8516	734
6.863916667	739
6.876016667	726
6.887483333	688
6.898933333	687
6.910533333	696
6.92175	673
6.933416667	700
6.9452	707
6.956683333	689
6.968266667	695
6.979483333	673
6.990466667	659
7.000966667	630
7.011783333	649
7.02245	640
7.03295	630
7.043383333	626
7.053783333	624
7.064333333	633
7.0758	688
7.097833333	0
7.109233333	684
7.12025	661
7.13165	684
7.14335	702
7.154683333	680
7.166066667	683
7.1772	668
7.1884	672
7.199416667	661
7.210516667	666
7.221183333	640
7.23195	646
7.242566667	637
7.253783333	673
7.264716667	656
7.27575	662
7.286866667	667
7.297666667	648
7.30865	659
7.3196	657
7.331233333	698
7.342583333	681
7.354533333	717
7.366966667	746
7.3788	710
7.390916667	727
7.4029	719
7.41445	693
7.4259	687
7.437433333	692
7.448816667	683
7.459733333	655
7.470966667	674
7.482133333	670
7.49345	679
7.505	693
7.516566667	694
7.527966667	684
7.539666667	702
7.551466667	708
7.562683333	673
7.5744	703
7.586233333	710
7.597666667	686
7.609633333	718
7.62115	691
7.6332	723
7.64455	681
7.656	687
7.667583333	695
7.679016667	686
7.69005	662
7.7009	651
7.711916667	661
7.722683333	646
7.73335	640
7.744	639
7.7545	630
7.765366667	652
7.775916667	633
7.786983333	664
7.798383333	684
7.80965	676
7.820483333	650
7.8317	673
7.84315	687
7.85425	666
7.86535	666
7.8764	663
7.887316667	655
7.898066667	645
7.90915	665
7.92	651
7.93075	645
7.941733333	659
7.952616667	653
7.9638	671
7.9748	660
7.985983333	671
7.997133333	669
8.007783333	639
8.0187	655
8.0296	654
8.040033333	626
8.05075	643
8.061283333	632
8.07195	640
8.082616667	640
8.0934	647
8.104316667	655
8.115183333	652
8.126416667	674
8.13785	686
8.14885	660
8.16005	672
8.171216667	670
8.18215	656
8.193083333	656
8.203833333	645
8.214866667	662
8.2258	656
8.236666667	652
8.248033333	682
8.259583333	693
8.27075	670
8.2825	705
8.2939	684
8.304966667	664
8.31615	671
8.327516667	682
8.3387	671
8.3496	654
8.361166667	694
8.3724	674
8.383633333	674
8.3953	700
8.406683333	683
8.417916667	674
8.4291	671
8.440416667	679
8.45145	662
8.4622	645
8.473216667	661
8.484266667	663
8.495366667	666
8.5064	662
8.517483333	665
8.528466667	659
8.539116667	639
8.5501	659
8.5613	672
8.572116667	649
8.583	653
8.594133333	668
8.605183333	663
8.616283333	666
8.627066667	647
8.637716667	639
8.6483	635
8.659233333	656
8.6704	670
8.68105	639
8.692033333	659
8.703533333	690
8.7147	670
8.7259	672
8.7374	690
8.74875	681
8.7597	657
8.770366667	640
8.781033333	640
8.79145	625
8.8017	615
8.81205	621
8.82275	642
8.833666667	655
8.844533333	652
8.8554	652
8.866716667	679
8.878016667	678
8.889183333	670
8.900433333	675
8.911783333	681
8.92265	652
8.933383333	644
8.9442	649
8.954866667	640
8.9654	632
8.976233333	650
8.986983333	645
8.997716667	644
9.00885	668
9.020833333	719
9.032166667	680
9.043716667	693
9.055616667	714
9.06705	686
9.078466667	685
9.090383333	715
9.101716667	680
9.112816667	666
9.123833333	661
9.134316667	629
9.144733333	625
9.155433333	642
9.16625	649
9.17675	630
9.187216667	628
9.197883333	640
9.208466667	635
9.218783333	619
9.22935	634
9.239883333	632
9.25015	616
9.260616667	628
9.271	623
9.2812	612
9.291466667	616
9.301933333	628
9.312316667	623
9.322483333	610
9.332566667	605
9.342583333	601
9.352533333	597
9.3626	604
9.372533333	596
9.382516667	599
9.392466667	597
9.402233333	586
9.411966667	584
9.421716667	585
9.431433333	583
9.441066667	578
9.450816667	585
9.460383333	574
9.46965	556
9.479716667	604
9.48945	584
9.49885	564
9.508716667	592
9.518483333	586
9.527983333	570
9.5377	583
9.547566667	592
9.557283333	583
9.567133333	591
9.57715	601
9.586883333	584
9.596683333	588
9.60635	580
9.61595	576
9.625633333	581
9.63525	577
9.644616667	562
9.6543	581
9.663833333	572
9.673316667	569
9.6829	575
9.692416667	571
9.70185	566
9.711366667	571
9.720833333	568
9.730083333	555
9.739433333	561
9.748783333	561
9.758016667	554
9.7674	563
9.776516667	547
9.78615	578
9.7953	549
9.8142	0
9.82365	567
9.833066667	565
9.84255	569
9.852	567
9.8613	558
9.870716667	565
9.88005	560
9.8892	549
9.8986	564
9.9076	540
9.916483333	533
9.92585	562
9.9348	537
9.943833333	542
9.952933333	546
9.961883333	537
9.9709	541
9.979983333	545
9.98885	532
9.99775	534
10.00655	528
10.01548333	536
10.02448333	540
10.0333	529
10.04215	531
10.0509	525
10.05991667	541
10.0686	521
10.07738333	527
10.08628333	534
10.09476667	509
10.10366667	534
10.11255	533
10.12128333	524
10.13006667	527
10.13881667	525
10.14768333	532
10.15653333	531
10.16546667	536
10.17443333	538
10.18321667	527
10.20088333	0
10.20971667	530
10.21838333	520
10.22715	526
10.23576667	517
10.24461667	531
10.25303333	505
10.26175	523
10.27036667	517
10.27896667	516
10.2875	512
10.29608333	515
10.30451667	506
10.31331667	528
10.32171667	504
10.33011667	504
10.33878333	520
10.34725	508
10.35573333	509
10.36416667	506
10.37263333	508
10.38121667	515
10.38966667	507
10.3981	506
10.40663333	512
10.41503333	504
10.42355	511
10.4317	489
10.44035	519
10.44878333	506
10.45718333	504
10.46581667	518
10.47421667	504
10.48268333	508
10.49106667	503
10.49963333	514
10.50825	517
10.51683333	515
10.5255	520
10.53413333	518
10.54266667	512
10.55973333	0
10.56843333	522
10.57701667	515
10.58556667	513
10.5941	512
10.6029	528
10.61165	525
10.6202	513
10.62888333	521
10.63745	514
10.64611667	520
10.65458333	508
10.66308333	510
10.6716	511
10.67998333	503
10.68853333	513
10.69673333	492
10.70505	499
10.71343333	503
10.72173333	498
10.73008333	501
10.73835	496
10.74671667	502
10.75498333	496
10.76338333	504
10.77156667	491
10.79625	0
10.80451667	496
10.81256667	483
10.82078333	493
10.82891667	488
10.83713333	493
10.84528333	489
10.85348333	492
10.86148333	480
10.86963333	489
10.87798333	501
10.8861	487
10.89416667	484
10.9022	482
10.91036667	490
10.91856667	492
10.9267	488
10.93488333	491
10.95931667	0
10.96751667	492
10.97546667	477
10.98365	491
10.99195	498
10.9999	477
11.00791667	481
11.016	485
11.02388333	473
11.03213333	495
11.04	472
11.04801667	481
11.0559	473
11.06393333	482
11.08001667	0
11.08791667	474
11.09588333	478
11.10386667	479
11.11183333	478
11.11968333	471
11.12751667	470
11.13551667	480
11.14346667	477
11.15146667	480
11.15931667	471
11.16716667	471
11.1752	482
11.18318333	479
11.19108333	474
11.19883333	465
11.20695	487
11.21491667	478
11.22288333	478
11.23083333	477
11.2388	478
11.24685	483
11.25488333	482
11.26283333	477
11.27081667	479
11.27871667	474
11.28676667	483
11.29468333	475
11.30251667	470
11.31843333	0
11.32626667	470
11.33425	479
11.34218333	476
11.34993333	465
11.358	484
11.3738	0
11.38158333	467
11.38948333	474
11.39728333	468
11.41313333	0
11.42111667	479
11.43001667	534
11.43581667	0
11.4529	0
11.46081667	475
11.47695	0
11.48493333	479
11.49293333	480
11.5009	478
11.50908333	491
11.51701667	476
11.52501667	480
11.53306667	483
11.54103333	478
11.5489	472
11.55703333	488
11.56491667	473
11.57291667	480
11.58093333	481
11.58885	475
11.59673333	473
11.60463333	474
11.61265	481
11.62065	480
11.62866667	481
11.63668333	481
11.64466667	479
11.65276667	486
11.66068333	475
11.66876667	485
11.67698333	493
11.68515	490
11.69361667	508
11.70178333	490
11.71003333	495
11.71815	487
11.72638333	494
11.73476667	503
11.74298333	493
11.75121667	494
11.75926667	483
11.76758333	499
11.77586667	497
11.78411667	495
11.79218333	484
11.80038333	492
11.8086	493
11.81681667	493
11.82508333	496
11.83325	490
11.84153333	497
11.84973333	492
11.85808333	501
11.86636667	497
11.87445	485
11.88271667	496
11.89093333	493
11.89918333	495
11.90745	496
11.91548333	482
11.92366667	491
11.93168333	481
11.93998333	498
11.94881667	530
11.95603333	433
11.96401667	479
11.97225	494
11.98018333	476
11.98833333	489
12.0045	0
12.0127	492
12.02903333	0
12.03721667	491
12.04543333	493
12.05361667	491
12.06181667	492
12.07016667	501
12.07828333	487
12.08651667	494
12.09473333	493
12.103	496
12.1113	498
12.11958333	497
12.12768333	486
12.1359	493
12.14418333	497
12.15238333	492
12.16053333	489
12.17688333	0
12.18498333	486
12.19308333	486
12.20095	472
12.20933333	503
12.2175	490
12.22551667	481
12.23363333	487
12.24168333	483
12.25	499
12.25801667	481
12.26608333	484
12.28216667	0
12.29055	503
12.2988	495
12.30708333	497
12.32373333	0
12.33205	499
12.34028333	494
12.34875	508
12.35708333	500
12.3655	505
12.37386667	502
12.38218333	499
12.39058333	504
12.40751667	0
12.41553333	481
12.4239	502
12.43215	495
12.44048333	500
12.4488	499
12.46511667	0
12.47316667	483
12.48141667	495
12.50601667	0
12.514	479
12.52226667	496
12.53876667	0
12.5468	482
12.55505	495
12.56341667	502
12.5717	497
12.58005	501
12.58826667	493
12.60488333	0
12.61296667	485
12.62121667	495
12.63761667	0
12.6458	491
12.65396667	490
12.6621	488
12.67006667	478
12.678	476
12.69406667	0
12.70216667	486
12.71021667	483
12.71838333	490
12.72641667	482
12.73465	494
12.74258333	476
12.75083333	495
12.75885	481
12.76695	486
12.77508333	488
12.78315	484
12.79118333	482
12.80723333	0
12.81541667	491
12.83145	0
12.83925	468
12.84725	480
12.85506667	469
12.86301667	477
12.87098333	478
12.8789	475
12.88681667	475
12.89465	470
12.9025	471
12.91036667	472
12.91841667	483
12.9262	467
12.93415	477
12.94196667	469
12.94986667	474
12.95781667	477
12.96551667	462
12.97346667	477
12.98138333	475
12.98946667	485
12.99723333	466
13.0051	472
13.01303333	476
13.021	478
13.02903333	482
13.03683333	468
13.04475	475
13.05291667	490
13.0608	473
13.0687	474
13.07655	471
13.08458333	482
13.09251667	476
13.10058333	484
13.10851667	476
13.1166	485
13.12451667	475
13.13263333	487
13.14046667	470
13.14841667	477
13.15643333	481
13.16428333	471
13.1723	481
13.18016667	472
13.18831667	489
13.19621667	474
13.2044	491
13.21231667	475
13.22028333	478
13.22831667	482
13.2363	479
13.25228333	0
13.26026667	479
13.26828333	481
13.27633333	483
13.28413333	468
13.29203333	474
13.29988333	471
13.30785	478
13.31586667	481
13.3237	470
13.33141667	463
13.33931667	474
13.34731667	480
13.35503333	463
13.36296667	476
13.37078333	469
13.37871667	476
13.38636667	459
13.3946	494
13.40221667	457
13.4101	473
13.41808333	479
13.42591667	470
13.4339	479
13.44176667	472
13.44966667	474
13.45755	473
13.46546667	475
13.47371667	495
13.48203333	499
13.49033333	498
13.52325	0
13.53156667	499
13.53975	491
13.5479	489
13.55595	483
13.5643	501
13.57245	489
13.58063333	491
13.58866667	482
13.59675	485
13.60493333	491
13.61281667	473
13.62083333	481
13.62873333	474
13.6368	484
13.64471667	475
13.6529	491
13.66075	471
13.6687	477
13.67666667	478
13.68446667	468
13.69245	479
13.70021667	466
13.70825	482
13.7161	471
13.72385	465
13.73171667	472
13.73956667	471
13.74743333	472
13.75513333	462
13.76303333	474
13.77073333	462
13.7787	478
13.78633333	458
13.79421667	473
13.80208333	472
13.81	475
13.81796667	478
13.82583333	472
13.8338	478
13.84168333	473
13.84975	484
13.8576	471
13.86553333	476
13.8814	0
13.88933333	476
13.89723333	474
13.90518333	477
13.91323333	483
13.92126667	482
13.93011667	531
13.93736667	435
13.94541667	483
13.95346667	483
13.96153333	484
13.96965	487
13.97788333	494
13.98603333	489
13.9942	490
14.00236667	490
14.01041667	483
14.01848333	484
14.02643333	477
14.0343	472
14.05028333	0
14.05813333	471
14.06601667	473
14.07385	470
14.08171667	472
14.08958333	472
14.0974	469
14.10516667	466
14.11301667	471
14.121	479
14.12891667	475
14.13685	476
14.14478333	476
14.15288333	486
14.16075	472
14.16888333	488
14.17696667	485
14.18503333	484
14.19308333	483
14.2014	499
14.20936667	478
14.21753333	490
14.22586667	500
14.23413333	496
14.2424	496
14.25068333	497
14.25895	496
14.26738333	506
14.2756	493
14.28403333	506
14.29243333	504
14.3008	502
14.30911667	499
14.31746667	501
14.32573333	496
14.33383333	486
14.34201667	491
14.35018333	490
14.35831667	488
14.36751667	552
14.37455	422
14.38265	486
14.39078333	488
14.39891667	488
14.40711667	492
14.41525	488
14.42331667	484
14.43161667	498
14.43991667	498
14.44823333	499
14.45646667	494
14.46468333	493
14.47283333	489
14.48088333	483
14.4891	493
14.49713333	482
14.50508333	477
14.51336667	497
14.5211	464
14.52898333	473
14.53693333	477
14.545	484
14.55303333	482
14.56093333	474
14.56903333	486
14.57701667	479
14.58511667	486
14.59305	476
14.60101667	478
14.60925	494
14.61743333	491
14.6255	484
14.63351667	481
14.64175	494
14.64976667	481
14.65786667	486
14.66613333	496
14.67406667	476
14.68216667	486
14.69036667	492
14.69836667	480
14.70643333	484
14.7144	478
14.72253333	488
14.73063333	486
14.73878333	489
14.74675	478
14.75495	492
14.763	483
14.7712	492
14.77913333	476
14.78721667	485
14.79541667	492
14.80348333	484
14.81158333	486
14.81963333	483
14.8278	490
14.83576667	478
14.8437	476
14.85175	483
14.85976667	481
14.8677	476
14.87581667	487
14.88383333	481
14.89196667	488
14.89995	479
14.90801667	484
14.91598333	478
14.92388333	474
14.93188333	480
14.93991667	482
14.94768333	466
14.95561667	476
14.96345	470
14.97143333	479
14.9793	472
14.98703333	464
14.99505	481
15.0029	471
15.01075	471
15.01851667	466
15.0264	473
15.03428333	473
15.04215	472
15.05005	474
15.05783333	467
15.06576667	476
15.07351667	465
15.0813	467
15.08901667	463
15.09681667	468
15.1049	485
15.11263333	464
15.12038333	465
15.1282	469
15.13623333	482
15.14403333	468
15.15198333	477
15.15986667	473
15.16761667	465
15.17586667	495
15.1839	482
15.192	486
15.1999	474
15.208	486
15.21598333	479
15.22421667	494
15.23215	476
15.24033333	491
15.24831667	479
15.25646667	489
15.26481667	501
15.27301667	492
15.28126667	495
15.28941667	489
15.29778333	502
15.30595	490
15.31418333	494
15.32241667	494
15.33068333	496
15.33893333	495
15.34711667	491
15.35511667	480
15.36335	494
15.37151667	490
15.3795	479
15.38751667	481
15.39558333	484
15.40365	484
15.41168333	482
15.41965	478
15.42781667	490
15.43575	476
15.44396667	493
15.4521	488
15.46011667	481
15.46826667	489
15.4764	488
15.48465	495
15.49261667	478
15.5009	497
15.50915	495
15.51721667	484
15.52538333	490
15.53341667	482
15.54158333	490
15.54955	478
15.55758333	482
15.56545	472
15.57341667	478
15.58136667	477
15.58925	473
15.59716667	475
15.60503333	472
15.61298333	477
15.62078333	468
15.62873333	477
15.63635	457
15.64431667	478
15.65986667	0
15.6678	476
15.67556667	466
15.68348333	475
15.69131667	470
15.69928333	478
15.707	463
15.71475	465
15.7225	465
15.7302	462
15.7382	480
15.74585	459
15.75365	468
15.7614	465
15.76945	483
15.77725	468
15.78516667	475
15.79306667	474
15.80095	473
15.80916667	493
15.81703333	472
15.82503333	480
15.83305	481
15.84121667	490
15.8492	479
15.85711667	475
15.86501667	474
15.87313333	487
15.88106667	476
15.88895	473
15.89685	474
15.90495	486
15.91291667	478
15.92078333	472
15.92891667	488
15.93683333	475
15.94468333	471
15.9527	481
15.9607	480
15.96873333	482
15.97656667	470
15.98463333	484
15.99256667	476
16.00068333	487
16.00866667	479
16.0166	476
16.0246	480
16.03268333	485
16.0406	475
16.04875	489
16.05675	480
16.0647	477
16.07285	489
16.08081667	478
16.0888	479
16.09676667	478
16.10466667	474
16.11295	497
16.12081667	472
16.12876667	477
16.13668333	475
16.14471667	482
16.15283333	487
16.16076667	476
16.16876667	480
16.17681667	483
16.18501667	492
16.19316667	489
16.20135	491
16.20935	480
16.21758333	494
16.2259	499
16.23416667	496
16.24245	497
16.25081667	502
16.25911667	498
16.26746667	501
16.27571667	495
16.28415	506
16.2922	483
16.30045	495
16.30866667	493
16.31685	491
16.32496667	487
16.33296667	480
16.34096667	480
16.34875	467
16.35675	480
16.36456667	469
16.37245	473
16.38015	462
16.38811667	478
16.39591667	468
16.40386667	477
16.41178333	475
16.41956667	467
16.42748333	475
16.43541667	476
16.44338333	478
16.4513	475
16.45923333	476
16.46716667	476
16.48323333	0
16.49103333	468
16.4989	472
16.50691667	481
16.51468333	466
16.52256667	473
16.5304	470
16.53821667	469
16.5459	461
16.55386667	478
16.5614	452
16.56923333	470
16.57693333	462
16.58485	475
16.59255	462
16.60033333	467
16.60795	457
16.61586667	475
16.62368333	469
16.63133333	459
16.63916667	470
16.64683333	460
16.65488333	483
16.66253333	459
16.67026667	464
16.67798333	463
16.68581667	470
16.6936	467
16.70133333	464
16.70908333	465
16.71683333	465
16.7246	466
16.73215	453
16.73996667	469
16.7476	458
16.7555	474
16.76328333	467
16.77091667	458
16.7788	473
16.78645	459
16.79446667	481
16.802	452
16.80981667	469
16.81755	464
16.82536667	469
16.83311667	465
16.8408	461
16.84861667	469
16.85636667	465
16.86426667	474
16.87191667	459
16.87991667	480
16.8877	467
16.89565	477
16.9035	471
16.91135	471
16.91923333	473
16.92708333	471
16.93493333	471
16.94263333	462
16.95066667	482
16.9584	464
16.96608333	461
16.97385	466
16.9816	465
16.98941667	469
16.99713333	463
17.00488333	465
17.01263333	465
17.02051667	473
17.02825	464
17.03626667	481
17.04411667	471
17.05221667	486
17.0601	473
17.06828333	491
17.0763	481
17.08425	477
17.09226667	481
17.10016667	474
17.1082	482
17.11596667	466
17.12381667	471
17.13161667	468
17.13925	458
17.14681667	454
17.15465	470
17.16245	468
17.17008333	458
17.17788333	468
17.18555	460
17.19345	474
17.20101667	454
17.20911667	486
17.21685	464
17.22476667	475
17.23263333	472
17.24051667	473
17.24846667	477
17.25633333	472
17.26436667	482
17.27226667	474
17.28015	473
17.28803333	473
17.29593333	474
17.30395	481
17.31181667	472
17.3197	473
17.33576667	0
17.34358333	469
17.35145	472
17.35931667	472
17.36738333	484
17.37528333	474
17.38303333	465
17.39096667	476
17.39875	467
17.40655	468
17.41423333	461
17.4218	454
17.42968333	473
17.43765	478
17.44543333	467
17.4532	466
17.46125	483
17.4689	459
17.4768	474
17.48458333	467
17.49253333	477
17.50036667	470
17.50811667	465
17.51593333	469
17.52376667	470
17.5316	470
17.53948333	473
17.54726667	467
17.5549	458
17.57056667	0
17.57841667	471
17.58618333	466
17.59398333	468
17.60161667	458
17.6094	467
17.61715	465
17.62493333	467
17.63273333	468
17.64048333	465
17.64833333	471
17.65596667	458
17.6639	476
17.67163333	464
17.6795	472
17.6871	456
17.69498333	473
17.70276667	467
17.71043333	460
17.71821667	467
17.7259	461
17.73376667	472
17.74131667	453
17.74893333	457
17.75661667	461
17.76426667	459
17.77208333	469
17.77963333	453
17.78736667	464
17.79503333	460
17.80283333	468
17.81035	451
17.81808333	464
17.82568333	456
17.83338333	462
17.84108333	462
17.84878333	462
17.85641667	458
17.86406667	459
17.8719	470
17.8796	462
17.8874	468
17.89513333	464
17.903	472
17.9108	468
17.91861667	469
17.92635	464
17.93418333	470
17.94196667	467
17.94966667	462
17.96508333	0
17.973	475
17.98086667	472
17.98881667	477
17.99668333	472
18.0045	469
18.0124	474
18.02055	489
18.02851667	478
18.03665	488
18.04468333	482
18.05275	484
18.06086667	487
18.06883333	478
18.07691667	485
18.08488333	478
18.093	487
18.10093333	476
18.109	484
18.11701667	481
18.12493333	475
18.13285	475
18.14085	480
18.14883333	479
18.15681667	479
18.16478333	478
18.17266667	473
18.18065	479
18.18835	462
18.19623333	473
18.20395	463
18.21166667	463
18.21923333	454
18.22705	469
18.23466667	457
18.24218333	451
18.2499	463
18.25761667	463
18.26541667	468
18.27313333	463
18.28091667	467
18.29656667	0
18.30411667	453
18.31188333	466
18.31958333	462
18.32736667	467
18.33495	455
18.3426	459
18.35023333	458
18.3579	460
18.36551667	457
18.3731	455
18.38063333	452
18.38833333	462
18.3959	454
18.40338333	449
18.411	457
18.41851667	451
18.42625	464
18.43381667	454
18.44145	458
18.45676667	0
18.46438333	457
18.47211667	464
18.47966667	453
18.48751667	471
18.49525	464
18.50291667	460
18.51071667	468
18.51841667	462
18.52625	470
18.53396667	463
18.54166667	462
18.54955	473
18.55718333	458
18.56491667	464
18.57251667	456
18.58038333	472
18.58805	460
18.5958	465
18.61126667	0
18.61898333	463
18.62673333	465
18.6344	460
18.64211667	463
18.65011667	480
18.65776667	459
18.66555	467
18.67326667	463
18.68101667	465
18.68876667	465
18.69665	473
18.7044	465
18.71218333	467
18.71981667	458
18.72768333	472
18.73551667	470
18.74325	464
18.7511	471
18.759	474
18.7668	468
18.77458333	467
18.78248333	474
18.79035	472
18.7981	465
18.80575	459
18.81351667	466
18.82136667	471
18.82915	467
18.83686667	463
18.84461667	465
18.8524	467
18.86001667	457
18.86766667	459
18.87543333	466
18.88326667	470
18.89096667	462
18.89881667	471
18.90641667	456
18.91425	470
18.92985	0
18.93765	468
18.94536667	463
18.95306667	462
18.96096667	474
18.96888333	475
18.97665	466
18.98465	480
18.99243333	467
19.00031667	473
19.0082	473
19.0161	474
19.02386667	466
19.03171667	471
19.03961667	474
19.04746667	471
19.05528333	469
19.06303333	465
19.07106667	482
19.07901667	477
19.0869	473
19.09471667	469
19.10291667	492
19.11085	476
19.11873333	473
19.1267	478
19.13473333	482
19.14265	475
19.15051667	472
19.15851667	480
19.16653333	481
19.17441667	473
19.18241667	480
19.19035	476
19.19828333	476
19.20611667	470
19.21415	482
19.22211667	478
19.23005	476
19.23796667	475
19.24578333	469
19.25386667	485
19.2617	470
19.26961667	475
19.27741667	468
19.28531667	474
19.29308333	466
19.30085	466
19.30868333	470
19.31641667	464
19.32431667	474
19.33208333	466
19.33998333	474
19.34785	472
19.35561667	466
19.36341667	468
19.37116667	465
19.37908333	475
19.38675	460
19.39451667	466
19.41006667	0
19.41763333	454
19.42553333	474
19.43331667	467
19.44111667	468
19.4489	467
19.45665	465
19.46448333	470
19.47218333	462
19.48003333	471
19.4877	460
19.4956	474
19.50336667	466
19.51131667	477
19.51908333	466
19.527	475
19.53491667	475
19.54266667	465
19.5507	482
19.5739	0
19.58196667	484
19.5975	0
19.60508333	455
19.61281667	464
19.62045	458
19.62801667	454
19.63585	470
19.64338333	452
19.65095	454
19.65866667	463
19.66638333	463
19.67403333	459
19.68166667	458
19.68921667	453
19.6971	473
19.70461667	451
19.7123	461
19.72003333	464
19.7279	472
19.73546667	454
19.74326667	468
19.75091667	459
19.75878333	472
19.76643333	459
19.77406667	458
19.78178333	463
19.7895	463
19.79725	465
19.80496667	463
19.81266667	462
19.82038333	463
19.82828333	474
19.83596667	461
19.84385	473
19.85166667	469
19.8597	482
19.86758333	473
19.87545	472
19.88345	480
19.89138333	476
19.89943333	483
19.90718333	465
19.91518333	480
19.92313333	477
19.93108333	477
19.93886667	467
19.9467	470
19.95451667	469
19.96223333	463
19.96993333	462
19.97755	457
19.98531667	466
19.99303333	463
20.00093333	474
20.00856667	458
20.01638333	469
20.0242	469
20.03211667	475
20.03991667	468
20.04766667	465
20.05555	473
20.06341667	472
20.07126667	471
20.07916667	474
20.08695	467
20.09476667	469
20.10283333	484
20.11093333	486
20.11923333	498
20.1359	0
20.1441	492
20.15233333	494
20.16061667	497
20.16888333	496
20.17713333	495
20.18533333	492
20.19351667	491
20.20171667	492
20.20995	494
20.21803333	485
20.23426667	0
20.24235	485
20.25025	474
20.25826667	481
20.26613333	472
20.27388333	465
20.28183333	477
20.28966667	470
20.29755	473
20.3055	477
20.31353333	482
20.32176667	494
20.33003333	496
20.33801667	479
20.34626667	495
20.35451667	495
20.363	509
20.3717	522
20.38046667	526
20.38911667	519
20.3977	515
20.40626667	514
20.41511667	531
20.42391667	528
20.43285	536
20.44168333	530
20.45033333	519
20.45908333	525
20.468	535
20.47725	555
20.48686667	577
20.49665	587
20.50596667	559
20.51508333	547
20.52446667	563
20.53378333	559
20.55198333	0
20.5612	553
20.57026667	544
20.57908333	529
20.58798333	534
20.59696667	539
20.60611667	549
20.61508333	538
20.62391667	530
20.63318333	556
20.64256667	563
20.65175	551
20.66086667	547
20.67013333	556
20.67948333	561
20.68893333	567
20.69826667	560
20.71698333	0
20.72653333	573
20.73576667	554
20.74465	533
20.75346667	529
20.7626	548
20.77185	555
20.7813	567
20.79053333	554
20.7998	556
20.80936667	574
20.81963333	616
20.82961667	599
20.83936667	585
20.84888333	571
20.85856667	581
20.86871667	609
20.87886667	609
20.88888333	601
20.8987	589
20.90831667	577
20.9183	599
20.92881667	631
20.93996667	669
20.95108333	667
20.96266667	695
20.97428333	697
20.98628333	720
20.99785	694
21.0085	639
21.0187	612
21.02871667	601
21.03891667	612
21.04923333	619
21.05915	595
21.06895	588
21.07948333	632
21.08975	616
21.09981667	604
21.1099	605
21.1206	642
21.13098333	623
21.14105	604
21.15096667	595
21.1611	608
21.17156667	628
21.18253333	658
21.19366667	668
21.20513333	688
21.2166	688
21.22831667	703
21.23971667	684
21.25095	674
21.26286667	715
21.27486667	720
21.28566667	648
21.29595	617
21.30616667	613
21.317	650
21.32816667	670
21.33876667	636
21.34893333	610
21.35978333	651
21.37093333	669
21.38161667	641
21.39198333	622
21.40208333	606
21.41265	634
21.42341667	646
21.43385	626
21.444	609
21.45436667	622
21.46508333	643
21.47591667	650
21.48626667	621
21.49646667	612
21.5072	644
21.5189	702
21.53055	699
21.54173333	671
21.55248333	645
21.56346667	659
21.57491667	687
21.58676667	711
21.5981	680
21.60878333	641
21.61966667	653
21.6307	662
21.64165	657
21.65201667	622
21.6624	623
21.67296667	634
21.68411667	669
21.6947	635
21.70546667	646
21.71758333	727
21.73005	748
21.74133333	677
21.75298333	699
21.7645	691
21.77588333	683
21.78646667	635
21.79743333	658
21.8088	682
21.82016667	682
21.8311	656
21.843	714
21.85508333	725
21.86701667	716
21.87808333	664
21.88961667	692
21.90096667	681
21.91223333	676
21.9231	652
21.93465	693
21.946	681
21.95725	675
21.96815	654
21.97963333	689
21.99131667	701
22.00248333	670
22.01385	682
22.02575	714
22.03771667	718
22.04888333	670
22.06008333	672
22.07138333	678
22.0825	667
22.09348333	659
22.105	691
22.11666667	700
22.12878333	727
22.14008333	678
22.15113333	663
22.16195	649
22.17268333	644
22.18338333	642
22.19468333	678
22.20731667	758
22.22025	776
22.2333	783
22.24641667	787
22.25928333	772
22.27226667	779
22.28538333	787
22.29813333	765
22.3106	748
22.32291667	739
22.33451667	696
22.34551667	660
22.35705	692
22.36911667	724
22.38156667	747
22.39316667	696
22.40506667	714
22.4167	698
22.42831667	697
22.43961667	678
22.45096667	681
22.4625	692
22.4739	684
22.48516667	676
22.49616667	660
22.5068	638
22.51766667	652
22.52868333	661
22.53941667	644
22.55008333	640
22.56121667	668
22.57211667	654
22.58281667	642
22.59355	644
22.60465	666
22.61595	678
22.62696667	661
22.63783333	652
22.64883333	660
22.66018333	681
22.6717	691
22.6828	666
22.69411667	679
22.70543333	679
22.7167	676
22.72765	657
22.73891667	676
22.75011667	672
22.7614	677
22.77241667	661
22.78333333	655
22.79426667	656
22.8056	680
22.8166	660
22.82753333	656
22.8389	682
22.85025	681
22.86188333	698
22.87301667	668
22.88406667	663
22.89546667	684
22.90663333	670
22.9177	664
22.9288	666
22.9397	654
22.9509	672
22.9621	672
22.9737	696
22.98465	657
22.99605	684
23.0076	693
23.01916667	694
23.03025	665
23.0412	657
23.0523	666
23.06343333	668
23.0745	664
23.08525	645
23.09606667	649
23.10723333	670
23.11873333	690
23.12973333	660
23.14103333	678
23.15238333	681
23.16353333	669
23.1745	658
23.18525	645
23.1961	651
23.20718333	665
23.21843333	675
23.22936667	656
23.24088333	691
23.25256667	701
23.26431667	705
23.27536667	663
23.28643333	664
23.29788333	687
23.30925	682
23.3202	657
23.3311	654
23.34231667	673
23.35403333	703
23.36588333	711
23.37713333	675
23.38838333	675
23.39965	676
23.4109	675
23.42213333	674
23.43293333	648
23.44411667	671
23.45546667	681
23.46666667	672
23.47746667	648
23.48818333	643
23.49898333	648
23.51015	670
23.52178333	698
23.53371667	716
23.54511667	684
23.55663333	691
23.56851667	713
23.58051667	720
23.592	689
23.60348333	689
23.6152	703
23.62693333	704
23.63816667	674
23.64938333	673
23.66076667	683
23.67178333	661
23.68263333	651
23.69346667	650
23.70425	647
23.7149	639
23.72553333	638
23.73641667	653
23.74755	668
23.75855	660
23.76898333	626
23.7792	613
23.78936667	610
23.79953333	610
23.80965	607
23.81996667	619
23.8301	608
23.84043333	620
23.85096667	632
23.86211667	669
23.87345	680
23.88468333	674
23.89546667	647
23.90638333	655
23.9175	667
23.92858333	665
23.93943333	651
23.95005	637
23.96105	660
23.97231667	676
23.9834	665
23.99446667	664
24.00581667	681
24.01746667	699
24.02905	695
24.04065	696
24.05293333	737
24.06491667	719
24.07628333	682
24.08738333	666
24.09831667	656
24.10926667	657
24.12031667	663
24.1316	677
24.14273333	668
24.15361667	653
24.16501667	684
24.17678333	706
24.18836667	695
24.19991667	693
24.21141667	690
24.22325	710
24.23521667	718
24.2466	683
24.25765	663
24.26878333	668
24.27968333	654
24.2903	637
24.30055	615
24.3113	645
24.32211667	649
24.33295	650
24.34415	672
24.35586667	703
24.3682	740
24.38018333	719
24.39201667	710
24.40415	728
24.41608333	716
24.4277	697
24.43886667	670
24.44958333	643
24.46003333	627
24.47031667	617
24.48051667	612
24.49105	632
24.50248333	686
24.51473333	735
24.52681667	725
24.53901667	732
24.55146667	747
24.56356667	726
24.5759	740
24.58841667	751
24.60108333	760
24.61301667	716
24.62518333	730
24.63761667	746
24.64981667	732
24.66225	746
24.6749	759
24.68746667	754
24.69918333	703
24.71136667	731
24.7239	752
24.73656667	760
24.74836667	708
24.76036667	720
24.77266667	738
24.78485	731
24.79666667	709
24.8091	746
24.82161667	751
24.83368333	724
24.84563333	717
24.85815	751
24.87048333	740
24.88278333	738
24.8947	715
24.90626667	694
24.91745	671
24.92848333	662
24.94	691
24.95178333	707
24.96353333	705
24.97523333	702
24.98805	769
25.00105	780
25.01426667	793
25.02643333	730
25.03805	697
25.04988333	710
25.06185	718
25.07385	720
25.08511667	676
25.09625	668
25.1079	699
25.11976667	712
25.1317	716
25.1434	702
25.15583333	746
25.16851667	761
25.18093333	745
25.19331667	743
25.20551667	732
25.21658333	664
25.22751667	656
25.23828333	646
25.24885	634
25.25963333	647
25.27063333	660
25.28195	679
25.2934	687
25.30526667	712
25.3175	734
25.32958333	725
25.34113333	693
25.3523	670
25.36345	669
25.3746	669
25.3856	660
25.3968	672
25.40761667	649
25.41875	668
25.4308	723
25.44375	777
25.4566	771
25.4684	708
25.48071667	739
25.49311667	744
25.5052	725
25.51745	735
25.53008333	758
25.54271667	758
25.55498333	736
25.5668	709
25.57858333	707
25.59051667	716
25.60215	698
25.61386667	703
25.62615	737
25.63896667	769
25.65161667	759
25.66351667	714
25.67586667	741
25.68785	719
25.69983333	719
25.71125	685
25.72295	702
25.73476667	709
25.7466	710
25.75796667	682
25.7697	704
25.78176667	724
25.79385	725
25.8052	681
25.81688333	701
25.82861667	704
25.84051667	714
25.85186667	681
25.86348333	697
25.87536667	713
25.88733333	718
25.8989	694
25.91053333	698
25.92226667	704
25.9338	692
25.94588333	725
25.95721667	680
25.96873333	691
25.98073333	720
25.99296667	734
26.00468333	703
26.01711667	746
26.02956667	747
26.04136667	708
26.05305	701
26.06506667	721
26.07728333	733
26.0888	691
26.10063333	710
26.11245	709
26.12433333	713
26.1355	670
26.14696667	688
26.15915	731
26.17136667	733
26.18326667	714
26.19508333	709
26.20723333	729
26.21901667	707
26.2309	713
26.2428	714
26.25433333	692
26.26548333	669
26.2767	673
26.28805	681
26.29958333	692
26.3108	673
26.32236667	694
26.33428333	715
26.34633333	723
26.3581	706
26.37031667	733
26.38251667	732
26.39458333	724
26.40611667	692
26.41728333	670
26.42861667	680
26.44011667	690
26.45163333	691
26.4626	658
26.47336667	646
26.48418333	649
26.49473333	633
26.50506667	620
26.51551667	627
26.52653333	661
26.53803333	690
26.54928333	675
26.5608	691
26.5725	702
26.58443333	716
26.59625	709
26.60728333	662
26.61853333	675
26.62978333	675
26.64103333	675
26.65246667	686
26.66346667	660
26.67461667	669
26.68638333	706
26.69835	718
26.71023333	713
26.72151667	677
26.73316667	699
26.7443	668
26.75561667	679
26.76631667	642
26.77708333	646
26.78838333	678
26.79968333	678
26.81091667	674
26.8226	701
26.83438333	707
26.84606667	701
26.85733333	676
26.86858333	675
26.8794	649
26.89003333	638
26.90088333	651
26.91228333	684
26.92345	670
26.93436667	655
26.94535	659
26.95663333	677
26.96758333	657
26.97856667	659
26.9897	668
27.00133333	698
27.013	700
27.0244	684
27.0362	708
27.04756667	682
27.05875	671
27.0698	663
27.08051667	643
27.0913	647
27.10223333	656
27.11351667	677
27.12543333	715
27.13723333	708
27.14921667	719
27.16133333	727
27.17335	721
27.18558333	734
27.1971	691
27.20873333	698
27.22095	733
27.23343333	749
27.24605	757
27.25793333	713
27.27005	727
27.28265	756
27.29516667	751
27.30723333	724
27.31911667	713
27.33111667	720
27.34271667	696
27.35465	716
27.36653333	713
27.3781	694
27.3894	678
27.40093333	692
27.41308333	729
27.4254	739
27.43788333	749
27.45036667	749
27.46206667	702
27.47371667	699
27.48526667	693
27.49683333	694
27.50798333	669
27.51863333	639
27.52901667	623
27.53998333	658
27.55173333	705
27.56383333	726
27.5759	724
27.58791667	721
27.60093333	781
27.61426667	800
27.62685	755
27.63918333	740
27.65168333	750
27.6641	745
27.67603333	716
27.6875	688
27.69885	681
27.71006667	673
27.72131667	675
27.73225	656
27.74346667	673
27.75491667	687
27.76633333	685
27.77765	679
27.78951667	712
27.80163333	727
27.81355	715
27.82535	708
27.83723333	713
27.84933333	726
27.8612	712
27.87246667	676
27.88378333	679
27.89533333	693
27.90705	703
27.91858333	692
27.93	685
27.94161667	697
27.95333333	703
27.96498333	699
27.97648333	690
27.98813333	699
28.00025	727
28.01276667	751
28.02466667	714
28.03673333	724
28.04846667	704
28.05996667	690
28.07111667	669
28.08226667	669
28.0937	686
28.10521667	691
28.11646667	675
28.12801667	693
28.13996667	717
28.15191667	717
28.1635	695
28.17538333	713
28.18725	712
28.19885	696
28.21	669
28.2213	678
28.23286667	694
28.24431667	687
28.25581667	690
28.26795	728
28.28015	732
28.29233333	731
28.30436667	722
28.3168	746
28.32963333	770
28.34208333	747
28.35416667	725
28.36643333	736
28.3787	736
28.3902	690
28.40168333	689
28.41343333	705
28.42538333	717
28.43688333	690
28.44883333	717
28.46096667	728
28.47328333	739
28.48506667	707
28.49728333	733
28.50975	748
28.5218	723
28.53361667	709
28.5457	725
28.55796667	736
28.56971667	705
28.58141667	702
28.59346667	723
28.60581667	741
28.61751667	702
28.62898333	688
28.64101667	722
28.65336667	741
28.66508333	703
28.67671667	698
28.68893333	733
28.70141667	749
28.7134	719
28.72571667	739
28.73855	770
28.75146667	775
28.76356667	726
28.77621667	759
28.78908333	772
28.80136667	737
28.81323333	712
28.82505	709
28.83636667	679
28.84793333	694
28.85983333	714
28.8715	700
28.8836	726
28.8958	732
28.90806667	736
28.92106667	780
28.9343	794
28.94815	831
28.96063333	749
28.97353333	774
28.98625	763
28.99871667	748
29.0106	713
29.02255	717
29.0338	675
29.04513333	680
29.05643333	678
29.0681	700
29.07923333	668
29.09091667	701
29.10251667	696
29.11408333	694
29.1254	679
29.13691667	691
29.14863333	703
29.16015	691
29.17121667	664
29.18251667	678
29.19386667	681
29.20523333	682
29.21655	679
29.22821667	700
29.24005	710
29.25171667	700
29.26303333	679
29.27461667	695
29.28591667	678
29.29681667	654
29.30793333	667
29.31915	673
29.33055	684
29.34168333	668
29.353	679
29.3648	708
29.37675	717
29.38798333	674
29.39935	682
29.41081667	688
29.42186667	663
29.43281667	657
29.44458333	706
29.45653333	717
29.46825	703
29.48016667	715
29.49313333	778
29.50551667	743
29.51755	722
29.5297	729
29.54206667	742
29.55385	707
29.56548333	698
29.57731667	710
29.58906667	705
29.6011	722
29.61265	693
29.62446667	709
29.63631667	711
29.648	701
29.65926667	676
29.67063333	682
29.68221667	695
29.69396667	705
29.70531667	681
29.71681667	690
29.7281	677
29.73955	687
29.75065	666
29.76181667	670
29.77308333	676
29.78451667	686
29.79566667	669
29.80686667	672
29.8186	704
29.8301	690
29.84133333	674
29.85301667	701
29.86498333	718
29.87648333	690
29.8879	685
29.8994	690
29.9107	678
29.92166667	658
29.93261667	657
29.94365	662
29.95511667	688
29.96655	686
29.97775	672
29.98926667	691
30.00133333	724
30.01345	727
30.0249	687
30.03635	687
30.04798333	698
30.05965	700
30.07066667	661
30.08181667	669
30.09318333	682
30.1046	685
30.11571667	667
30.12693333	673
30.13886667	716
30.15073333	712
30.16225	691
30.17391667	700
30.18588333	718
30.1973	685
30.20873333	686
30.22033333	696
30.23206667	704
30.24315	665
30.25436667	673
30.26593333	694
30.27751667	695
30.28856667	663
30.2999	680
30.31148333	695
30.32303333	693
30.33408333	663
30.34528333	672
30.35666667	683
30.36835	701
30.37955	672
30.39105	690
30.4025	687
30.41385	681
30.42526667	685
30.43661667	681
30.44753333	655
30.45863333	666
30.46975	667
30.48076667	661
30.49135	635
30.5019	633
30.51258333	641
30.52335	646
30.5338	627
30.54433333	632
30.555	640
30.56548333	629
30.57668333	672
30.58803333	681
30.59935	679
30.61025	654
30.62133333	665
30.63266667	680
30.6439	674
30.65466667	646
30.66548333	649
30.67641667	656
30.68766667	675
30.69943333	706
30.71136667	716
30.72256667	672
30.73355	659
30.74478333	674
30.7568	721
30.7686	708
30.77995	681
30.791	663
30.80198333	659
30.81281667	650
30.8234	635
30.83428333	653
30.84565	682
30.85718333	692
30.86858333	684
30.87988333	678
30.8909	661
30.90185	657
30.91301667	670
30.92436667	681
30.93528333	655
30.9464	667
30.95788333	689
30.96971667	710
30.98158333	712
30.99313333	693
31.00438333	675
31.01555	670
31.02641667	652
31.0369	629
31.04698333	605
31.05728333	618
31.068	643
31.07901667	661
31.0901	665
31.10111667	661
31.11275	698
31.12431667	694
31.13583333	691
31.14751667	701
31.15876667	675
31.16965	653
31.1802	633
31.19088333	641
31.20156667	641
31.21255	659
31.22391667	682
31.23636667	747
31.24956667	792
31.26396667	864
31.27943333	928
31.29303333	816
31.30626667	794
31.31893333	760
31.33145	751
31.34345	720
31.35548333	722
31.3679	745
31.38101667	787
31.39446667	807
31.40855	845
31.42163333	785
31.43383333	732
31.44585	721
31.45788333	722
31.46961667	704
31.48091667	678
31.49226667	681
31.50396667	702
31.516	722
31.52813333	728
31.53985	703
31.55145	696
31.56293333	689
31.5741	670
31.58536667	676
31.5965	668
31.60778333	677
31.6194	697
31.63091667	691
31.64186667	657
31.6527	650
31.66356667	652
31.67391667	621
31.6842	617
31.69418333	599
31.70446667	617
31.71565	671
31.72756667	715
31.7409	800
31.754	786
31.76761667	817
31.7815	833
31.79433333	770
31.80793333	816
31.8214	808
31.83485	807
31.84836667	811
31.86046667	726
31.8729	746
31.885	726
31.89726667	736
31.90973333	748
31.92226667	752
31.93418333	715
31.94585	700
31.95735	690
31.96901667	700
31.98053333	691
31.99146667	656
