0.01845	1107
0.03545	1020
0.054283333	1130
0.074216667	1196
0.092416667	1092
0.111533333	1147
0.131283333	1185
0.1497	1105
0.165733333	962
0.18255	1009
0.20125	1122
0.216983333	944
0.2342	1033
0.253833333	1178
0.271416667	1055
0.289416667	1080
0.307866667	1107
0.324266667	984
0.342883333	1117
0.3617	1129
0.37975	1083
0.395933333	971
0.4119	958
0.428216667	979
0.441883333	820
0.4567	889
0.469833333	788
0.484583333	885
0.4983	823
0.512166667	832
0.526733333	874
0.5414	880
0.555183333	827
0.569816667	878
0.5851	917
0.600266667	910
0.614633333	862
0.629666667	902
0.645383333	943
0.66115	946
0.676083333	896
0.693116667	1022
0.7114	1097
0.727066667	940
0.7443	1034
0.762416667	1087
0.778283333	952
0.795516667	1034
0.814416667	1134
0.830683333	976
0.847983333	1038
0.8659	1075
0.8828	1014
0.899983333	1031
0.9186	1117
0.936416667	1069
0.9528	983
0.968916667	967
0.986233333	1039
1.003033333	1008
1.0199	1012
1.038383333	1109
1.055683333	1038
1.07215	988
1.09025	1086
1.108866667	1117
1.126733333	1072
1.1454	1120
1.165066667	1180
1.184233333	1150
1.201883333	1059
1.219666667	1067
1.237483333	1069
1.255233333	1065
1.270233333	900
1.288783333	1113
1.30635	1054
1.322916667	994
1.3407	1067
1.358816667	1087
1.37515	980
1.391233333	965
1.408	1006
1.4253	1038
1.441216667	955
1.459216667	1080
1.477883333	1120
1.49535	1048
1.512333333	1019
1.529466667	1028
1.546616667	1029
1.562533333	955
1.580133333	1056
1.598533333	1104
1.61625	1063
1.63305	1008
1.651283333	1094
1.670383333	1146
1.687483333	1026
1.704933333	1047
1.723216667	1097
1.740816667	1056
1.758066667	1035
1.776133333	1084
1.793983333	1071
1.810566667	995
1.825966667	924
1.843133333	1030
1.862	1132
1.879983333	1079
1.895833333	951
1.911816667	959
1.928233333	985
1.94365	925
1.958666667	901
1.9753	998
1.992233333	1016
2.0082	958
2.025616667	1045
2.0438	1091
2.061033333	1034
2.079183333	1089
2.097216667	1082
2.114066667	1011
2.130983333	1015
2.148933333	1077
2.1669	1078
2.183166667	976
2.198783333	937
2.213483333	882
2.227183333	822
2.239366667	731
2.252133333	766
2.268583333	987
2.286766667	1091
2.3035	1004
2.320066667	994
2.337433333	1042
2.354716667	1037
2.371383333	1000
2.388566667	1031
2.405566667	1020
2.421783333	973
2.4378	961
2.454066667	976
2.4699	950
2.483983333	845
2.499216667	914
2.516283333	1024
2.532833333	993
2.549066667	974
2.566883333	1069
2.584216667	1040
2.599633333	925
2.614933333	918
2.63105	967
2.647183333	968
2.662016667	890
2.678133333	967
2.695166667	1022
2.711316667	969
2.727616667	978
2.744733333	1027
2.76	916
2.77455	873
2.790616667	964
2.8083	1061
2.82455	975
2.842216667	1060
2.858683333	988
2.8731	865
2.8877	876
2.90275	903
2.916366667	817
2.930166667	828
2.947066667	1014
2.963616667	993
2.97985	974
2.995533333	941
3.010016667	869
3.024333333	859
3.040016667	941
3.056966667	1017
3.072083333	907
3.08565	814
3.1004	885
3.116116667	943
3.130666667	873
3.145933333	916
3.1633	1042
3.1802	1014
3.196316667	967
3.21325	1016
3.230816667	1054
3.247383333	994
3.26355	970
3.2803	1005
3.296966667	1000
3.313016667	963
3.32975	1004
3.3473	1053
3.363983333	1001
3.37935	922
3.395483333	968
3.41195	988
3.427266667	919
3.443016667	945
3.459333333	979
3.475716667	983
3.491333333	937
3.50765	979
3.524216667	994
3.539983333	946
3.5544	865
3.569183333	887
3.58465	928
3.599516667	892
3.614916667	924
3.631233333	979
3.647216667	959
3.662066667	891
3.677783333	943
3.69395	970
3.708816667	892
3.723133333	859
3.736083333	777
3.748066667	719
3.760866667	768
3.773516667	759
3.78585	740
3.799816667	838
3.81545	938
3.829533333	845
3.843616667	845
3.858116667	870
3.872633333	871
3.886133333	810
3.898483333	741
3.911566667	785
3.927016667	927
3.943266667	975
3.959166667	954
3.97425	905
3.990366667	967
4.006133333	946
4.022383333	975
4.038066667	941
4.054266667	972
4.070616667	981
4.086416667	948
4.101283333	892
4.115683333	864
4.12875	784
4.14085	726
4.1569	963
4.1755	1116
4.190066667	874
4.20605	959
4.223166667	1027
4.23785	881
4.2534	933
4.269916667	991
4.286733333	1009
4.301833333	906
4.31715	919
4.3332	963
4.350216667	1021
4.36565	926
4.38025	876
4.39565	924
4.413083333	1046
4.431283333	1092
4.448783333	1050
4.466133333	1041
4.482266667	968
4.496966667	882
4.512083333	907
4.528466667	983
4.545216667	1005
4.560216667	900
4.5773	1025
4.593233333	956
4.607166667	836
4.619616667	747
4.63185	734
4.646316667	868
4.663383333	1024
4.679866667	989
4.6944	872
4.70965	915
4.726066667	985
4.743366667	1038
4.7589	932
4.774366667	928
4.79135	1019
4.809333333	1079
4.82605	1003
4.8434	1041
4.860983333	1055
4.8778	1009
4.893516667	943
4.909683333	970
4.926666667	1019
4.943066667	984
4.95855	929
4.974633333	965
4.9919	1036
5.008733333	1010
5.02515	985
5.041983333	1010
5.05915	1030
5.074833333	941
5.090333333	930
5.105866667	932
5.121333333	928
5.135666667	860
5.1505	890
5.166916667	985
5.183683333	1006
5.200116667	986
5.21715	1022
5.233733333	995
5.249516667	947
5.265266667	945
5.281433333	970
5.29655	907
5.311583333	902
5.328233333	999
5.345333333	1026
5.361216667	953
5.3773	965
5.39355	975
5.4091	933
5.4245	924
5.440716667	973
5.4579	1031
5.473416667	931
5.488766667	921
5.505266667	990
5.522333333	1024
5.538116667	947
5.553916667	948
5.570516667	996
5.587816667	1038
5.603466667	939
5.619483333	961
5.636483333	1020
5.65405	1054
5.669716667	940
5.685166667	927
5.701716667	993
5.71825	992
5.733533333	917
5.750183333	999
5.767416667	1034
5.783766667	981
5.799233333	928
5.81485	937
5.831083333	974
5.8469	949
5.86205	909
5.8781	963
5.8949	1008
5.910083333	911
5.925133333	903
5.93935	853
5.952916667	814
5.967783333	892
5.982283333	870
5.995483333	792
6.01035	892
6.027316667	1018
6.042916667	936
6.059433333	991
6.075883333	987
6.091766667	953
6.10565	833
6.118216667	754
6.131266667	783
6.143516667	735
6.1554	713
6.168066667	760
6.180566667	750
6.19425	821
6.207833333	815
6.221466667	818
6.235916667	867
6.251166667	915
6.265816667	879
6.28005	854
6.29455	870
6.308383333	830
6.321816667	806
6.335666667	831
6.350183333	871
6.365	889
6.378066667	784
6.389233333	670
6.399966667	644
6.410666667	642
6.422266667	696
6.437	884
6.452083333	905
6.465616667	812
6.478183333	754
6.492083333	834
6.5054	799
6.51815	765
6.533983333	950
6.5501	967
6.563783333	821
6.579783333	960
6.59455	886
6.609616667	904
6.625683333	964
6.640433333	885
6.655666667	914
6.669133333	808
6.681616667	749
6.695516667	834
6.70995	866
6.722366667	745
6.734916667	753
6.748416667	810
6.76085	746
6.77345	756
6.789133333	941
6.802766667	818
6.816033333	796
6.829066667	782
6.842066667	780
6.8545	746
6.86665	729
6.880966667	859
6.895683333	883
6.910566667	893
6.92285	737
6.934866667	721
6.94855	821
6.965583333	1022
6.9808	913
6.99515	861
7.010333333	911
7.02805	1063
7.04355	930
7.058366667	889
7.073166667	888
7.0863	788
7.0985	732
7.111083333	755
7.124533333	807
7.137466667	776
7.149733333	736
7.161116667	683
7.1729	707
7.184633333	704
7.19605	685
7.209016667	778
7.2219	773
7.2336	702
7.246566667	778
7.259533333	778
7.271866667	740
7.283266667	684
7.295583333	739
7.30895	802
7.322466667	811
7.334166667	702
7.345416667	675
7.35695	692
7.369166667	733
7.3831	836
7.395266667	730
7.408216667	777
7.424033333	949
7.438066667	842
7.45155	809
7.4656	843
7.478233333	758
7.489983333	705
7.502233333	735
7.516016667	827
7.528966667	777
7.5415	752
7.55535	831
7.569583333	854
7.5822	757
7.594133333	716
7.606816667	761
7.620883333	844
7.633483333	756
7.6455	721
7.659283333	827
7.6754	967
7.69005	879
7.70235	738
7.714133333	707
7.726833333	762
7.740733333	834
7.756166667	926
7.769766667	816
7.7837	836
7.797766667	844
7.81	734
7.821866667	712
7.8338	716
7.846	732
7.858133333	728
7.870016667	713
7.883233333	793
7.897266667	842
7.909266667	720
7.921433333	730
7.934266667	770
7.94695	761
7.958466667	691
7.97015	701
7.981883333	704
7.993466667	695
8.004133333	640
8.0144	616
8.025033333	638
8.036233333	672
8.04865	745
8.060966667	739
8.072716667	705
8.085566667	771
8.098533333	778
8.110666667	728
8.12185	671
8.1337	711
8.145283333	695
8.156916667	698
8.168033333	667
8.1789	652
8.190783333	713
8.204083333	798
8.217883333	828
8.229833333	717
8.24245	757
8.254866667	745
8.266666667	708
8.277916667	675
8.2901	731
8.303933333	830
8.316166667	734
8.328216667	723
8.34165	806
8.355016667	802
8.366916667	714
8.379366667	747
8.393083333	823
8.405916667	770
8.41755	698
8.4303	765
8.443016667	763
8.455116667	726
8.466166667	663
8.476983333	649
8.488716667	704
8.501866667	789
8.5144	752
8.526133333	704
8.5384	736
8.551966667	814
8.564783333	769
8.576066667	677
8.587983333	715
8.6003	739
8.61205	705
8.622983333	656
8.634166667	671
8.650683333	991
8.6659	913
8.679133333	794
8.6918	760
8.705216667	805
8.718733333	811
8.7312	748
8.742916667	703
8.7538	653
8.764816667	661
8.776883333	724
8.79045	814
8.802866667	745
8.817716667	891
8.833466667	945
8.848	872
8.859716667	703
8.87145	704
8.8843	771
8.899316667	901
8.912116667	768
8.923716667	696
8.935683333	718
8.95245	1006
8.967783333	920
8.980816667	782
8.99345	758
9.007983333	872
9.022183333	852
9.03475	754
9.04765	774
9.061533333	833
9.074333333	768
9.087083333	765
9.101783333	882
9.114666667	773
9.127016667	741
9.14055	812
9.152983333	746
9.16455	694
9.176016667	688
9.187333333	679
9.198516667	671
9.209216667	642
9.22	647
9.2314	684
9.243133333	704
9.25405	655
9.265	657
9.2766	696
9.28825	699
9.299466667	673
9.309983333	631
9.320316667	620
9.331066667	645
9.341983333	655
9.352433333	627
9.362716667	617
9.373316667	636
9.384233333	655
9.394666667	626
9.40495	617
9.415133333	611
9.425433333	618
9.435466667	602
9.444983333	571
9.454383333	564
9.4639	571
9.4739	600
9.484316667	625
9.494316667	600
9.504166667	591
9.514016667	591
9.524483333	628
9.535533333	663
9.546066667	632
9.556283333	613
9.56635	604
9.576683333	620
9.587266667	635
9.597733333	628
9.607883333	609
9.617933333	603
9.628366667	626
9.63895	635
9.649066667	607
9.65915	605
9.6694	615
9.679716667	619
9.689783333	604
9.699983333	612
9.710733333	645
9.721116667	623
9.731533333	625
9.7421	634
9.752766667	640
9.76315	623
9.7736	627
9.784466667	652
9.795383333	655
9.805716667	620
9.815816667	606
9.826416667	636
9.83735	656
9.84815	648
9.85845	618
9.86885	624
9.879633333	647
9.8903	640
9.900533333	614
9.910666667	608
9.9211	626
9.932	654
9.9427	642
9.953116667	625
9.963283333	610
9.973716667	626
9.98405	620
9.99415	606
10.00411667	598
10.01403333	595
10.02428333	615
10.03523333	657
10.04668333	687
10.05866667	719
10.06936667	642
10.07975	623
10.0899	609
10.10026667	622
10.1117	686
10.12343333	704
10.13436667	656
10.14491667	633
10.15528333	622
10.16571667	626
10.1758	605
10.18571667	595
10.19551667	588
10.20528333	586
10.21535	604
10.22516667	589
10.235	590
10.24491667	595
10.25526667	621
10.26571667	627
10.27588333	610
10.28591667	602
10.29615	614
10.30676667	637
10.31741667	639
10.32751667	606
10.33738333	592
10.34706667	581
10.35678333	583
10.36671667	596
10.37651667	588
10.3862	581
10.39593333	584
10.406	604
10.41575	585
10.4254	579
10.43513333	584
10.44498333	591
10.45461667	578
10.46418333	574
10.47375	574
10.48343333	581
10.4932	586
10.50243333	554
10.51173333	558
10.52108333	561
10.53041667	560
10.5396	551
10.54888333	557
10.55823333	561
10.56763333	564
10.57698333	561
10.58631667	560
10.59586667	573
10.60526667	564
10.61451667	555
10.6238	557
10.63318333	563
10.64233333	549
10.65151667	551
10.66071667	552
10.66998333	556
10.67935	562
10.68863333	557
10.69816667	572
10.70821667	603
10.71886667	639
10.72896667	606
10.73921667	615
10.75015	656
10.76218333	722
10.77315	658
10.78351667	622
10.79406667	633
10.80496667	654
10.81515	611
10.82526667	607
10.83551667	615
10.84598333	628
10.85663333	639
10.86665	601
10.87653333	593
10.88655	601
10.89696667	625
10.90728333	619
10.91678333	570
10.92621667	566
10.93573333	571
10.94558333	591
10.95655	658
10.96731667	646
10.97756667	615
10.98815	635
10.99906667	655
11.01011667	663
11.02091667	648
11.0313	623
11.04085	573
11.05003333	551
11.0591	544
11.06833333	554
11.07768333	561
11.08698333	558
11.09643333	567
11.10598333	573
11.11571667	584
11.12585	608
11.13571667	592
11.14556667	591
11.15558333	601
11.16601667	626
11.17651667	630
11.1865	599
11.19581667	559
11.20511667	558
11.21466667	573
11.22471667	603
11.23488333	610
11.2448	595
11.25493333	608
11.26551667	635
11.27618333	640
11.28588333	582
11.29548333	576
11.30521667	584
11.31508333	592
11.3251	601
11.33488333	587
11.3444	571
11.35398333	575
11.36388333	594
11.37391667	602
11.38376667	591
11.39355	587
11.40406667	631
11.41526667	672
11.42551667	615
11.43566667	609
11.44585	611
11.45621667	622
11.46678333	634
11.47726667	629
11.48698333	583
11.49648333	570
11.50615	580
11.51596667	589
11.52566667	582
11.53535	581
11.54551667	610
11.55608333	634
11.5661	601
11.57628333	611
11.58676667	629
11.5968	602
11.60666667	592
11.61658333	595
11.62665	604
11.63655	594
11.64648333	596
11.6569	625
11.66738333	629
11.67736667	599
11.68701667	579
11.69661667	576
11.70643333	589
11.71628333	591
11.72578333	570
11.73523333	567
11.74503333	588
11.75515	607
11.76581667	640
11.77733333	691
11.7883	658
11.79851667	613
11.80835	590
11.81838333	602
11.828	577
11.83773333	584
11.8474	580
11.85705	579
11.86641667	562
11.87585	566
11.8853	567
11.89453333	554
11.90385	559
11.91348333	578
11.92315	580
11.9328	579
11.94258333	587
11.95263333	603
11.96248333	591
11.9721	577
11.9817	576
11.99175	603
12.00186667	607
12.01138333	571
12.02093333	573
12.03043333	570
12.03976667	560
12.04926667	570
12.0589	578
12.06861667	583
12.0782	575
12.08766667	568
12.09723333	574
12.1071	592
12.11683333	584
12.12668333	591
12.13656667	593
12.14628333	583
12.15605	586
12.16608333	602
12.17586667	587
12.18541667	573
12.19503333	577
12.20473333	582
12.21421667	569
12.22371667	570
12.2333	575
12.24318333	593
12.25361667	626
12.26378333	610
12.27345	580
12.2832	585
12.29283333	578
12.3025	580
12.31258333	605
12.32293333	621
12.333	604
12.343	600
12.35341667	625
12.36378333	622
12.37386667	605
12.38388333	601
12.39433333	627
12.40473333	624
12.41468333	597
12.42511667	626
12.43593333	649
12.4464	628
12.45653333	608
12.46688333	621
12.47755	640
12.48768333	608
12.49766667	599
12.50785	611
12.5179	603
12.52773333	590
12.53758333	591
12.54773333	609
12.55808333	621
12.5679	589
12.57753333	578
12.58698333	567
12.59636667	563
12.60613333	586
12.61675	637
12.6269	609
12.63725	621
12.64826667	661
12.65871667	627
12.6691	623
12.67996667	652
12.69036667	624
12.70088333	631
12.71108333	612
12.72095	592
12.73066667	583
12.74071667	603
12.75066667	597
12.7603	578
12.77008333	587
12.78038333	618
12.7906	613
12.80051667	595
12.81093333	625
12.82141667	629
12.8313	593
12.84118333	593
12.85106667	593
12.86073333	580
12.87015	565
12.87946667	559
12.88906667	576
12.89858333	571
12.9079	559
12.91723333	560
12.92693333	582
12.93643333	570
12.94588333	567
12.9553	565
12.96513333	590
12.9751	598
12.98515	603
12.99461667	568
13.00403333	565
13.01381667	587
13.02388333	604
13.03385	598
13.04345	576
13.053	573
13.06273333	584
13.07228333	573
13.08183333	573
13.0915	580
13.10151667	601
13.11186667	621
13.12176667	594
13.13148333	583
13.14133333	591
13.15136667	602
13.16108333	583
13.17081667	584
13.1807	593
13.1906	594
13.20003333	566
13.20955	571
13.2193	585
13.22881667	571
13.23825	566
13.2479	579
13.25801667	607
13.26788333	592
13.27753333	579
13.28705	571
13.29656667	571
13.30625	581
13.31618333	596
13.3266	625
13.33698333	623
13.3472	613
13.35705	591
13.36633333	557
13.37538333	543
13.38436667	539
13.3935	548
13.40293333	566
13.41283333	594
13.42258333	585
13.433	625
13.44448333	689
13.45523333	645
13.46618333	657
13.47828333	726
13.48891667	638
13.49925	620
13.50943333	611
13.5199	628
13.53003333	608
13.5406	634
13.55146667	652
13.56195	629
13.5724	627
13.58355	669
13.59418333	638
13.60466667	629
13.61576667	666
13.6266	650
13.63695	621
13.6471	609
13.65765	633
13.6682	633
13.67818333	599
13.68803333	591
13.69778333	585
13.70718333	564
13.71648333	558
13.72583333	561
13.73535	571
13.74536667	601
13.75635	659
13.76806667	703
13.7786	632
13.78893333	620
13.7996	640
13.80966667	604
13.8197	602
13.82998333	617
13.83996667	599
13.84968333	583
13.85935	580
13.8693	597
13.87985	633
13.8902	621
13.90036667	610
13.91085	629
13.92221667	682
13.93341667	672
13.94363333	613
13.9537	604
13.9639	612
13.97386667	598
13.9848	656
13.99648333	701
14.00746667	659
14.01781667	621
14.02773333	595
14.03738333	579
14.0473	595
14.0574	606
14.06731667	595
14.07721667	594
14.08833333	667
14.09971667	683
14.11008333	622
14.12025	610
14.13075	630
14.14108333	620
14.15105	598
14.16108333	602
14.1715	625
14.18175	615
14.19168333	596
14.20101667	560
14.21043333	565
14.21993333	570
14.22971667	587
14.23948333	586
14.24895	568
14.25831667	562
14.26785	572
14.2774	573
14.28673333	560
14.29603333	558
14.3056	574
14.31513333	572
14.32456667	566
14.33386667	558
14.34313333	556
14.35268333	573
14.36243333	585
14.37203333	576
14.38133333	558
14.39048333	549
14.3996	547
14.4088	552
14.41791667	547
14.42696667	543
14.4359	536
14.44485	537
14.4539	543
14.46316667	556
14.47373333	634
14.48471667	659
14.49508333	622
14.50523333	609
14.51458333	561
14.52371667	548
14.53278333	544
14.54221667	566
14.55165	566
14.561	561
14.57048333	569
14.58036667	593
14.59026667	594
14.59995	581
14.6096	579
14.61975	609
14.6305	645
14.64118333	641
14.6513	607
14.66143333	608
14.67213333	642
14.6828	640
14.69306667	616
14.70403333	658
14.71563333	696
14.72683333	672
14.73713333	618
14.74771667	635
14.75873333	661
14.76946667	644
14.77963333	610
14.79013333	630
14.80111667	659
14.81183333	643
14.82226667	626
14.83341667	669
14.84438333	658
14.85465	616
14.86485	612
14.8759	663
14.88728333	683
14.89785	634
14.90893333	665
14.92035	685
14.93105	642
14.94146667	625
14.95251667	663
14.96433333	709
14.97641667	725
14.98705	638
14.99756667	631
15.00855	659
15.01905	630
15.0295	627
15.04063333	668
15.05241667	707
15.06385	686
15.07425	624
15.08443333	611
15.09478333	621
15.10526667	629
15.11563333	622
15.12528333	579
15.13495	580
15.14468333	584
15.15458333	594
15.1647	607
15.17428333	575
15.1839	577
15.19346667	574
15.2033	590
15.21283333	572
15.22231667	569
15.23225	596
15.24215	594
15.25173333	575
15.26126667	572
15.27095	581
15.28071667	586
15.29023333	571
15.29985	577
15.30988333	602
15.31986667	599
15.32963333	586
15.33946667	590
15.34926667	588
15.35883333	574
15.36831667	569
15.37818333	592
15.38803333	591
15.39771667	581
15.40736667	579
15.41708333	583
15.42701667	596
15.4376	635
15.44791667	619
15.45781667	594
15.46773333	595
15.47791667	611
15.48838333	628
15.49828333	594
15.50863333	621
15.51965	661
15.53065	660
15.54101667	622
15.55136667	621
15.56225	653
15.57321667	658
15.58338333	610
15.59348333	606
15.60396667	629
15.61408333	607
15.62405	598
15.63343333	563
15.64278333	561
15.65201667	554
15.66123333	553
15.67026667	542
15.67965	563
15.68945	588
15.69923333	587
15.7091	592
15.71941667	619
15.72931667	594
15.73898333	580
15.7487	583
15.75845	585
15.76828333	590
15.7778	571
15.78731667	571
15.79711667	588
15.80673333	577
15.8163	574
15.82588333	575
15.83566667	587
15.84516667	570
15.85461667	567
15.86438333	586
15.87456667	611
15.88465	605
15.89455	594
15.90456667	601
15.91548333	655
15.92623333	645
15.93658333	621
15.94676667	611
15.95616667	564
15.96563333	568
15.97508333	567
15.98468333	576
15.99408333	564
16.00355	568
16.01353333	599
16.0234	592
16.03321667	589
16.04315	596
16.05371667	634
16.06373333	601
16.0735	586
16.0832	582
16.09293333	584
16.10343333	630
16.11376667	620
16.1238	602
16.13408333	617
16.14541667	680
16.15628333	652
16.16643333	609
16.17676667	620
16.18745	641
16.19755	606
16.20771667	610
16.2187	659
16.22908333	623
16.23941667	620
16.25038333	658
16.26206667	701
16.2728	644
16.28345	639
16.29478333	680
16.30533333	633
16.31546667	608
16.32556667	606
16.33608333	631
16.34728333	672
16.35811667	650
16.36823333	607
16.37858333	621
16.38975	670
16.4005	645
16.41095	627
16.4214	627
16.43196667	634
16.4434	686
16.45411667	643
16.46436667	615
16.4746	614
16.48548333	653
16.49655	664
16.50675	612
16.51706667	619
16.52721667	609
16.53796667	645
16.5482	614
16.55825	603
16.56835	606
16.5789	633
16.58943333	632
16.59986667	626
16.61051667	639
16.62218333	700
16.63351667	680
16.64411667	636
16.65488333	646
16.66615	676
16.67661667	628
16.68678333	610
16.69718333	624
16.70781667	638
16.71793333	607
16.72798333	603
16.73863333	639
16.7494	646
16.75976667	622
16.77	614
16.78075	645
16.79138333	638
16.80148333	606
16.81141667	596
16.82158333	610
16.83185	616
16.84186667	601
16.85158333	583
16.86106667	569
16.87048333	565
16.88018333	582
16.89106667	653
16.9026	692
16.9131	630
16.9228	582
16.93221667	565
16.94156667	561
16.95098333	565
16.96021667	554
16.96958333	562
16.97898333	564
16.98845	568
16.9984	597
17.0081	582
17.01788333	587
17.02756667	581
17.03693333	562
17.0462	556
17.05558333	563
17.06525	580
17.0758	633
17.08638333	635
17.09653333	609
17.10701667	629
17.11831667	678
17.12933333	661
17.13983333	630
17.15053333	642
17.16118333	639
17.1712	601
17.18131667	607
17.1916	617
17.20148333	593
17.2115	601
17.22193333	626
17.23205	607
17.24198333	596
17.25243333	627
17.26321667	647
17.2734	611
17.28383333	626
17.29463333	648
17.30523333	636
17.31556667	620
17.32685	677
17.33813333	677
17.34866667	632
17.35986667	672
17.37103333	670
17.3818	646
17.39178333	599
17.40126667	569
17.41071667	567
17.42046667	585
17.4304	596
17.44031667	595
17.45031667	600
17.46101667	642
17.47266667	699
17.48343333	646
17.49395	631
17.50505	666
17.51623333	671
17.52658333	621
17.53745	652
17.54846667	661
17.55933333	652
17.56986667	632
17.58075	653
17.59203333	677
17.60291667	653
17.61323333	619
17.62283333	576
17.63228333	567
17.64175	568
17.65145	582
17.66128333	590
17.67098333	582
17.68071667	584
17.6907	599
17.7014	642
17.71223333	650
17.72218333	597
17.73198333	588
17.74201667	602
17.7522	611
17.76205	591
17.77196667	595
17.78226667	618
17.79328333	661
17.80383333	633
17.81403333	612
17.8245	628
17.83573333	674
17.84653333	648
17.85695	625
17.86725	618
17.87811667	652
17.8884	617
17.89875	621
17.90935	636
17.92136667	721
17.93358333	733
17.94433333	645
17.95471667	623
17.96566667	657
17.97688333	673
17.9873	625
17.9978	630
18.00898333	671
18.01991667	656
18.03033333	625
18.04091667	635
18.0518	653
18.06198333	611
18.07211667	608
18.0827	635
18.09366667	658
18.10391667	615
18.11418333	616
18.12491667	644
18.13583333	655
18.14646667	638
18.15716667	642
18.16853333	682
18.17933333	648
18.18968333	621
18.20018333	630
18.21081667	638
18.22093333	607
18.231	604
18.24166667	640
18.25216667	630
18.26255	623
18.27315	636
18.28513333	719
18.29763333	750
18.30881667	671
18.31945	638
18.33031667	652
18.34061667	618
18.35111667	630
18.3616	629
18.37185	615
18.38168333	590
18.39131667	578
18.40078333	568
18.41071667	596
18.42078333	604
18.43066667	593
18.44028333	577
18.45	583
18.46018333	611
18.47046667	617
18.4802	584
18.4898	576
18.49951667	583
18.50958333	604
18.51928333	582
18.52903333	585
18.53893333	594
18.54925	619
18.55913333	593
18.5691	598
18.5797	636
18.58986667	610
18.59983333	598
18.61013333	618
18.62088333	645
18.63151667	638
18.642	629
18.65263333	638
18.66333333	642
18.67351667	611
18.68388333	622
18.69411667	614
18.70411667	600
18.71403333	595
18.72406667	602
18.73593333	712
18.74695	661
18.7572	615
18.76725	603
18.77736667	607
18.78768333	619
18.79751667	590
18.80748333	598
18.81816667	641
18.82858333	625
18.83858333	600
18.84863333	603
18.85876667	608
18.86923333	628
18.87938333	609
18.88946667	605
18.90001667	633
18.9109	653
18.92125	621
18.9317	627
18.94251667	649
18.95408333	694
18.96476667	641
18.97511667	621
18.98545	620
18.99575	618
19.00571667	598
19.01555	590
19.0254	591
19.03556667	610
19.04565	605
19.05561667	598
19.06563333	601
19.07621667	635
19.08648333	616
19.09645	598
19.1067	615
19.11725	633
19.12736667	607
19.13748333	607
19.14791667	626
19.15915	674
19.16978333	638
19.17998333	612
19.19063333	639
19.20193333	678
19.21288333	657
19.22321667	620
19.23371667	630
19.24463333	655
19.25468333	603
19.26486667	611
19.27513333	616
19.28605	655
19.29656667	631
19.30696667	624
19.31695	599
19.3269	597
19.33691667	601
19.34743333	631
19.35743333	600
19.36741667	599
19.37746667	603
19.3881	638
19.3982	606
19.40868333	629
19.41961667	656
19.42986667	615
19.44015	617
19.4507	633
19.46118333	629
19.47108333	594
19.48105	598
19.49136667	619
19.5015	608
19.51153333	602
19.52176667	614
19.5324	638
19.54265	615
19.55288333	614
19.56378333	654
19.57485	664
19.58518333	620
19.59565	628
19.6067	663
19.61726667	634
19.62758333	619
19.6382	637
19.64906667	652
19.65928333	613
19.66965	622
19.68043333	647
19.69086667	626
19.70103333	610
19.71135	619
19.72228333	656
19.7327	625
19.74293333	614
19.75328333	621
19.7638	631
19.77375	597
19.78361667	592
19.79376667	609
19.80451667	645
19.8155	659
19.82545	597
19.83521667	586
19.84463333	565
19.85403333	564
19.86348333	567
19.87345	598
19.88355	606
19.89368333	608
19.904	619
19.91513333	668
19.9255	622
19.93561667	607
19.94571667	606
19.95586667	609
19.96605	611
19.97641667	622
19.98615	584
19.99575	576
20.00531667	574
20.01455	554
20.0239	561
20.03333333	566
20.04303333	582
20.0528	586
20.06201667	553
20.07108333	544
20.08016667	545
20.0893	548
20.09843333	548
20.10778333	561
20.11776667	599
20.12811667	621
20.1383	611
20.14823333	596
20.1578	574
20.16738333	575
20.17748333	606
20.18788333	624
20.19856667	641
20.20878333	613
20.21903333	615
20.22925	613
20.23973333	629
20.25025	631
20.26011667	592
20.26996667	591
20.27985	593
20.28985	600
20.3001	615
20.31068333	635
20.32088333	612
20.33185	658
20.34408333	734
20.35691667	770
20.36876667	711
20.38055	707
20.39246667	715
20.40401667	693
20.41431667	618
20.42465	620
20.43485	612
20.44533333	629
20.45595	637
20.46646667	631
20.4775	662
20.49063333	788
20.50256667	716
20.51445	713
20.52608333	698
20.53911667	782
20.55153333	745
20.5637	730
20.57508333	683
20.588	775
20.60328333	917
20.61641667	788
20.62996667	813
20.64396667	840
20.65723333	796
20.6694	730
20.68198333	755
20.69768333	942
20.71575	1084
20.73198333	974
20.74798333	960
20.76541667	1046
20.78345	1082
20.80038333	1016
20.81658333	972
20.83385	1036
20.85236667	1111
20.87055	1091
20.88693333	983
20.90413333	1032
20.92226667	1088
20.93963333	1042
20.95515	931
20.97095	948
20.98803333	1025
21.00645	1105
21.02298333	992
21.04038333	1044
21.0566	973
21.07163333	902
21.08458333	777
21.097	745
21.10816667	670
21.11891667	645
21.13	665
21.14588333	953
21.1613	925
21.17575	867
21.18965	834
21.20263333	779
21.21715	871
21.23428333	1028
21.24981667	932
21.26668333	1012
21.28388333	1032
21.2996	943
21.31486667	916
21.32886667	840
21.34251667	819
21.35615	818
21.3706	867
21.38458333	839
21.39768333	786
21.41106667	803
21.42356667	750
21.43586667	738
21.44786667	720
21.46108333	793
21.47463333	813
21.48708333	747
21.4986	691
21.5105	714
21.52443333	836
21.53876667	860
21.55485	965
21.57026667	925
21.58566667	924
21.60111667	927
21.6163	911
21.62998333	821
21.64325	796
21.65856667	919
21.67623333	1060
21.69273333	990
21.71038333	1059
21.72856667	1091
21.74525	1001
21.76253333	1037
21.78018333	1059
21.79736667	1031
21.8136	974
21.83023333	998
21.84623333	960
21.8618	934
21.8789	1026
21.89628333	1043
21.91313333	1011
21.9291	958
21.94435	915
21.95826667	835
21.97208333	829
21.98575	820
21.99888333	788
22.0138	895
22.03028333	989
22.04631667	962
22.06063333	859
22.07503333	864
22.08891667	833
22.10155	758
22.11535	828
22.12973333	863
22.14485	907
22.15801667	790
22.17038333	742
22.18358333	792
22.19783333	855
22.2137	952
22.2287	900
22.24285	849
22.25738333	872
22.27238333	900
22.2879	931
22.30225	861
22.31795	942
22.33425	978
22.34971667	928
22.36451667	888
22.37836667	831
22.3927	860
22.40918333	989
22.42501667	950
22.44191667	1014
22.46026667	1101
22.477	1004
22.49295	957
22.50908333	968
22.52553333	987
22.54048333	897
22.55493333	867
22.57236667	1046
22.59031667	1077
22.60656667	975
22.62328333	1003
22.64083333	1053
22.65703333	972
22.6734	982
22.6909	1050
22.70821667	1039
22.72381667	936
22.73901667	912
22.7523	797
22.76531667	781
22.77896667	819
22.79736667	1104
22.81531667	1077
22.83166667	981
22.84785	971
22.8622	861
22.8753	786
22.89041667	907
22.90553333	907
22.91945	835
22.93318333	824
22.9481	895
22.96435	975
22.98005	942
22.99516667	907
23.01088333	943
23.02711667	974
23.04225	908
23.05605	828
23.07103333	899
23.08906667	1082
23.10565	995
23.12065	900
23.13616667	931
23.15395	1067
23.17131667	1042
23.1874	965
23.20398333	995
23.22066667	1001
23.23731667	999
23.25241667	906
23.2681	941
23.28531667	1033
23.30053333	913
23.31645	955
23.33426667	1069
23.3523	1082
23.3688	990
23.38581667	1021
23.40303333	1033
23.41896667	956
23.4357	1004
23.45243333	1004
23.46818333	945
23.48508333	1014
23.5028	1063
23.51965	1011
23.53568333	962
23.55273333	1023
23.56946667	1004
23.58505	935
23.60115	966
23.61768333	992
23.63318333	930
23.64898333	948
23.66646667	1049
23.68398333	1051
23.7004	985
23.71758333	1031
23.73426667	1001
23.75011667	951
23.7665	983
23.78396667	1048
23.8003	980
23.81518333	893
23.83063333	927
23.84643333	948
23.86218333	945
23.8768	877
23.89325	987
23.91056667	1039
23.92646667	954
23.94101667	873
23.95666667	939
23.97245	947
23.98641667	838
23.99931667	774
24.01205	764
24.02576667	823
24.04315	1043
24.0576	867
24.0704	768
24.0833	774
24.09775	867
24.11253333	887
24.12575	793
24.13798333	734
24.1496	697
24.1616	720
24.1748	792
24.1883	810
24.20018333	713
24.21143333	675
24.22256667	668
24.23445	713
24.24718333	764
24.25975	754
24.27231667	754
24.2851	767
24.29748333	743
24.31025	766
24.32416667	835
24.33755	803
24.35153333	839
24.36671667	911
24.38156667	891
24.39556667	840
24.40898333	805
24.42273333	825
24.43508333	741
24.44815	784
24.4632	903
24.47811667	895
24.49115	782
24.50413333	779
24.5171	778
24.52981667	763
24.54203333	733
24.554	718
24.56571667	703
24.57795	734
24.5906	759
24.60353333	776
24.61526667	704
24.62661667	681
24.6379	677
24.6498	714
24.66136667	694
24.67493333	814
24.69306667	1088
24.71086667	1068
24.72743333	994
24.74215	883
24.7544	735
24.76585	687
24.77726667	685
24.79408333	1009
24.80896667	893
24.82431667	921
24.84063333	979
24.85768333	1023
24.8736	955
24.89	984
24.90718333	1031
24.92275	934
24.93735	876
24.95288333	932
24.96751667	878
24.9818	857
24.9982	984
25.01478333	995
25.03006667	917
25.04615	965
25.06256667	985
25.07781667	915
25.09255	884
25.10893333	983
25.12473333	948
25.13825	811
25.15095	762
25.16453333	815
25.17948333	897
25.19355	844
25.20696667	805
25.22085	833
25.23478333	836
25.2486	829
25.26263333	842
25.27888333	975
25.29463333	945
25.30821667	815
25.32113333	775
25.33423333	786
25.34876667	872
25.36455	947
25.3794	891
25.39418333	887
25.40963333	927
25.42546667	950
25.44085	923
25.45608333	914
25.471	895
25.48598333	899
25.50105	904
25.51588333	890
25.52946667	815
25.54238333	775
25.55513333	765
25.56751667	743
25.5793	707
25.59165	741
25.60556667	835
25.6188	794
25.631	732
25.64205	663
25.6533	675
25.6664	786
25.68005	819
25.69251667	748
25.70386667	681
25.71458333	643
25.72525	640
25.73645	672
25.74893333	749
25.76218333	795
25.77418333	720
25.78786667	821
25.80195	845
25.81605	846
25.82868333	758
25.84101667	740
25.85415	788
25.86973333	935
25.88556667	950
25.90153333	958
25.91826667	1004
25.93561667	1041
25.95188333	976
25.96806667	971
25.985	1016
26.00138333	983
26.01526667	833
26.02946667	852
26.0467	1034
26.0649	1092
26.0814	990
26.0972	948
26.1138	996
26.13191667	1087
26.149	1025
26.16443333	926
26.17898333	873
26.19388333	894
26.20666667	767
26.22158333	895
26.2378	973
26.25555	1065
26.27113333	935
26.28671667	935
26.30338333	1000
26.31948333	966
26.33435	892
26.34826667	835
26.36086667	756
26.3727	710
26.38395	675
26.39485	654
26.40625	684
26.41895	762
26.43693333	1079
26.45436667	1046
26.47086667	990
26.487	968
26.50363333	998
26.51951667	953
26.53466667	909
26.55048333	949
26.56586667	923
26.5794	812
26.5942	888
26.61095	1005
26.62658333	938
26.64333333	1005
26.66101667	1061
26.67695	956
26.6926	939
26.70921667	997
26.72651667	1038
26.74221667	942
26.75901667	1008
26.77505	962
26.78903333	839
26.80241667	803
26.81678333	862
26.83408333	1038
26.8512	1027
26.86868333	1049
26.88535	1000
26.90045	906
26.91473333	857
26.92723333	750
26.93895	703
26.9508	711
26.9633	750
26.97516667	712
26.98885	821
27.0022	801
27.0138	696
27.02475	657
27.03566667	655
27.04815	749
27.06495	1008
27.0801	909
27.09358333	809
27.10711667	812
27.12146667	861
27.1342	764
27.14605	711
27.15755	690
27.17306667	931
27.18973333	1000
27.20443333	882
27.21776667	800
27.23225	869
27.24973333	1049
27.26581667	965
27.281	911
27.29716667	970
27.31396667	1008
27.32831667	861
27.34101667	762
27.35388333	772
27.37221667	1100
27.39011667	1074
27.40786667	1065
27.42433333	988
27.44073333	984
27.45773333	1020
27.47463333	1014
27.49245	1069
27.5091	999
27.52563333	992
27.54258333	1017
27.5607	1087
27.57881667	1087
27.59531667	990
27.61203333	1003
27.62878333	1005
27.6453	991
27.6604	906
27.67745	1023
27.69481667	1042
27.71036667	933
27.72671667	981
27.74361667	1014
27.7593	941
27.77441667	907
27.79068333	976
27.80693333	975
27.82133333	864
27.83711667	947
27.85411667	1020
27.86936667	915
27.88526667	954
27.90015	893
27.9139	825
27.9293	924
27.94621667	1015
27.961	887
27.97526667	856
27.98965	863
28.00421667	874
28.01755	800
28.03195	864
28.04625	858
28.05933333	785
28.07323333	834
28.08905	949
28.10461667	934
28.11881667	852
28.13351667	882
28.14823333	883
28.1632	898
28.17736667	850
28.1916	854
28.20595	861
28.21913333	791
28.23195	769
28.24598333	842
28.26106667	905
28.27443333	802
28.2877	796
28.30325	933
28.31828333	902
28.33063333	741
28.34235	703
28.3537	681
28.36743333	824
28.38073333	798
28.39633333	936
28.41445	1087
28.4313	1011
28.44728333	959
28.46358333	978
28.48025	1000
28.49541667	910
28.50905	818
28.52411667	904
28.54081667	1002
28.55626667	927
28.57095	881
28.58691667	958
28.60256667	939
28.6167	848
28.63156667	892
28.64793333	982
28.66251667	875
28.67566667	789
28.68996667	858
28.70571667	945
28.72146667	945
28.73868333	1033
28.75515	988
28.77065	930
28.7866	957
28.80123333	878
28.81528333	843
28.82915	832
28.84266667	811
28.85516667	750
28.86945	857
28.88508333	938
28.8982	787
28.9103	726
28.92276667	748
28.93728333	871
28.95263333	921
28.96683333	852
28.97991667	785
28.99395	842
29.00856667	877
29.02238333	829
29.03491667	752
29.0473	743
29.05988333	755
29.07161667	704
29.08268333	664
29.09398333	678
29.10741667	806
29.12255	908
29.13711667	874
29.15018333	784
29.16251667	740
29.17498333	748
29.18793333	777
29.20133333	804
29.21461667	797
29.22741667	768
29.24018333	766
29.25323333	783
29.26553333	738
29.2775	718
29.2906	786
29.30386667	796
29.3165	758
29.32896667	748
29.34295	839
29.35633333	803
29.36873333	744
29.38138333	759
29.39466667	797
29.40711667	747
29.41943333	739
29.4328	802
29.447	852
29.46021667	793
29.473	767
29.48761667	877
29.50265	902
29.51783333	911
29.53176667	836
29.54635	875
29.56191667	934
29.57636667	867
29.59016667	828
29.6047	872
29.61885	849
29.6319	783
29.64388333	719
29.65691667	782
29.67066667	825
29.68515	869
29.70081667	940
29.71601667	912
29.73008333	844
29.74475	880
29.75866667	835
29.77086667	732
29.78245	695
29.79356667	667
29.80473333	670
29.81943333	882
29.83453333	906
29.8493	886
29.86266667	802
29.87576667	786
29.88941667	819
29.90325	830
29.9162	777
29.92851667	739
29.94016667	699
29.95278333	757
29.96786667	905
29.98326667	924
29.99838333	907
30.01346667	905
30.02693333	808
30.03916667	734
30.05081667	699
30.06218333	682
30.07443333	735
30.08581667	683
30.09891667	786
30.115	965
30.131	960
30.14566667	880
30.16056667	894
30.17491667	861
30.18855	818
30.20196667	805
30.2156	818
30.22983333	854
30.24463333	888
30.25775	787
30.27066667	775
30.28368333	781
30.29576667	725
30.30811667	741
30.32221667	846
30.33645	854
30.34931667	772
30.36263333	799
30.37691667	857
30.39016667	795
30.40388333	823
30.41908333	912
30.43301667	836
30.44541667	744
30.45845	782
30.47138333	776
30.48306667	701
30.495	716
30.50793333	776
30.52068333	765
30.53291667	734
30.54601667	786
30.55893333	775
30.57106667	728
30.58268333	697
30.5942	691
30.60651667	739
30.62015	818
30.63426667	847
30.64766667	804
30.65958333	715
30.67095	682
30.68226667	679
30.69398333	703
30.70645	748
30.71918333	764
30.73108333	714
30.74215	664
30.75325	666
30.76568333	746
30.78076667	905
30.7963	932
30.81126667	898
30.82435	785
30.83698333	758
30.84993333	777
30.86301667	785
30.87633333	799
30.88866667	740
30.90065	719
30.9133	759
30.92728333	839
30.94078333	810
30.9538	781
30.96793333	848
30.98113333	792
30.99333333	732
31.00576667	746
31.01896667	792
31.03111667	729
31.04313333	721
31.05596667	770
31.06838333	745
31.0809	751
31.09255	699
31.10403333	689
31.11631667	737
31.1302	833
31.14266667	748
31.15441667	705
31.16626667	711
31.17758333	679
31.18811667	632
31.19825	608
31.20808333	590
31.21785	586
31.22735	570
31.23688333	572
31.24728333	624
31.26105	826
31.27493333	833
31.28753333	756
31.29908333	693
31.31165	754
31.32648333	890
31.3417	913
31.3551	804
31.36731667	733
31.38006667	765
31.39408333	841
31.4075	805
31.4227	912
31.43803333	920
31.4535	928
31.46866667	910
31.48375	905
31.49896667	913
31.5139	896
31.52831667	865
31.54393333	937
31.56026667	980
31.57633333	964
31.5919	934
31.60646667	874
31.61901667	753
31.63075	704
31.64258333	710
31.65551667	776
31.66891667	804
31.68445	932
31.70076667	979
31.71731667	993
31.73375	986
31.7498	963
31.76526667	928
31.78061667	921
31.79515	872
31.80676667	697
31.81781667	663
31.8289	665
31.84011667	673
31.85511667	900
31.86893333	829
31.88521667	977
31.9033	1085
31.92118333	1073
31.93905	1072
31.95685	1068
31.97431667	1048
31.99191667	1056
