0.013533333	812
0.027183333	819
0.041516667	860
0.055716667	852
0.06865	776
0.081683333	782
0.094816667	788
0.108783333	838
0.122233333	807
0.134766667	752
0.147516667	765
0.160866667	801
0.174466667	816
0.188183333	823
0.200683333	750
0.21295	736
0.225683333	764
0.23795	736
0.249383333	686
0.260616667	674
0.273633333	781
0.288116667	869
0.30155	806
0.3152	819
0.3289	822
0.342416667	811
0.354616667	732
0.3673	761
0.379766667	748
0.392383333	757
0.404116667	704
0.416333333	733
0.427916667	695
0.439416667	690
0.450733333	679
0.462816667	725
0.475433333	757
0.48795	751
0.500616667	760
0.513	743
0.52555	753
0.5377	729
0.549433333	704
0.5613	712
0.573833333	752
0.586166667	740
0.59905	773
0.611616667	754
0.624333333	763
0.636583333	735
0.648666667	725
0.660616667	717
0.671966667	681
0.683216667	675
0.694133333	655
0.70555	685
0.717016667	688
0.729916667	774
0.742583333	760
0.754716667	728
0.766366667	699
0.778266667	714
0.79055	737
0.802233333	701
0.813783333	693
0.826366667	755
0.839083333	763
0.851	715
0.863333333	740
0.875466667	728
0.887616667	729
0.9001	749
0.912133333	722
0.924316667	731
0.937216667	774
0.951083333	832
0.965266667	851
0.97865	803
0.991983333	800
1.005066667	785
1.018066667	780
1.030666667	756
1.042333333	700
1.053933333	696
1.06565	703
1.077483333	710
1.0895	721
1.101883333	743
1.114716667	770
1.1277	779
1.141383333	821
1.15495	814
1.1684	807
1.180616667	733
1.192583333	718
1.205216667	758
1.218816667	816
1.231566667	765
1.2441	752
1.25745	801
1.27065	792
1.283483333	770
1.295416667	716
1.307283333	712
1.3195	733
1.331833333	740
1.344083333	735
1.3561	721
1.36815	723
1.380816667	760
1.394566667	825
1.406716667	729
1.418766667	723
1.430616667	711
1.442033333	685
1.45365	697
1.465	681
1.476483333	689
1.487916667	686
1.499633333	703
1.511316667	701
1.523516667	732
1.535783333	736
1.548016667	734
1.560733333	763
1.573916667	791
1.586033333	727
1.599033333	780
1.612333333	798
1.625366667	782
1.637866667	750
1.649733333	712
1.661416667	701
1.6726	671
1.684316667	703
1.696733333	745
1.709983333	795
1.723716667	824
1.737416667	822
1.7507	797
1.763316667	757
1.776233333	775
1.78905	769
1.8011	723
1.81345	741
1.826133333	761
1.8385	742
1.850816667	739
1.862866667	723
1.875133333	736
1.88755	745
1.9001	753
1.912866667	766
1.925716667	771
1.93815	746
1.949766667	697
1.9609	668
1.972166667	676
1.984166667	720
1.996166667	720
2.007666667	690
2.019083333	685
2.03015	664
2.041233333	665
2.052266667	662
2.063016667	645
2.0738	647
2.084616667	649
2.0959	677
2.109416667	811
2.123333333	835
2.1379	874
2.151333333	806
2.165016667	821
2.177733333	763
2.18965	715
2.201583333	716
2.213916667	740
2.226533333	757
2.23955	781
2.252566667	781
2.265383333	769
2.278066667	761
2.290266667	732
2.302633333	742
2.314866667	734
2.32675	713
2.33855	708
2.350783333	734
2.36365	772
2.376016667	742
2.388016667	720
2.400083333	724
2.41215	724
2.424233333	725
2.43595	703
2.447266667	679
2.45835	665
2.469566667	673
2.4805	656
2.491433333	656
2.502983333	693
2.514983333	720
2.527233333	735
2.539266667	722
2.551183333	715
2.563333333	729
2.57535	721
2.587333333	719
2.598983333	699
2.610333333	681
2.621433333	666
2.632716667	677
2.6438	665
2.655066667	676
2.6664	680
2.6782	708
2.690333333	728
2.702166667	710
2.714216667	723
2.726433333	733
2.73895	751
2.750483333	692
2.762183333	702
2.774083333	714
2.785883333	708
2.79805	730
2.8105	747
2.822616667	727
2.834733333	727
2.846966667	734
2.8591	728
2.8713	732
2.8837	744
2.896	738
2.907866667	712
2.920116667	735
2.932383333	736
2.944466667	725
2.956716667	735
2.969033333	739
2.98115	727
2.993216667	724
3.005533333	739
3.018216667	761
3.031	767
3.043833333	770
3.056933333	786
3.069716667	767
3.082283333	754
3.09465	742
3.106966667	739
3.119583333	757
3.132283333	762
3.14455	736
3.156366667	709
3.168216667	711
3.1797	689
3.1916	714
3.204183333	755
3.217533333	801
3.23105	811
3.244366667	799
3.257333333	778
3.269883333	753
3.281916667	722
3.29385	716
3.305933333	725
3.318066667	728
3.3304	740
3.342133333	704
3.354383333	735
3.367016667	758
3.379583333	754
3.39255	778
3.405616667	784
3.418416667	768
3.4307	737
3.44265	717
3.455016667	742
3.46765	758
3.479883333	734
3.492783333	774
3.50545	760
3.518333333	773
3.530816667	749
3.54255	704
3.554466667	715
3.566166667	702
3.5775	680
3.588516667	661
3.599516667	660
3.610516667	660
3.621266667	645
3.631783333	631
3.642266667	629
3.653616667	681
3.666516667	774
3.67855	722
3.69115	756
3.70415	780
3.716316667	730
3.729716667	804
3.743766667	843
3.756783333	781
3.769433333	759
3.781316667	713
3.7931	707
3.804683333	695
3.816316667	698
3.828083333	706
3.839616667	692
3.850883333	676
3.8621	673
3.8739	708
3.885733333	710
3.897466667	704
3.90985	743
3.922366667	751
3.935233333	772
3.94805	769
3.960683333	758
3.97265	718
3.9842	693
3.995933333	704
4.00765	703
4.019166667	691
4.030866667	702
4.04285	719
4.055416667	754
4.068283333	772
4.08085	754
4.09335	750
4.105866667	751
4.118366667	750
4.130966667	756
4.143233333	736
4.155316667	725
4.167283333	718
4.179433333	729
4.191583333	729
4.20345	712
4.215016667	694
4.226566667	693
4.238716667	729
4.251383333	760
4.264683333	798
4.27825	814
4.290816667	754
4.303183333	742
4.315416667	734
4.327433333	721
4.338883333	687
4.350416667	692
4.361716667	678
4.373233333	691
4.384616667	683
4.396116667	690
4.4083	731
4.4206	738
4.433066667	748
4.446266667	792
4.45855	737
4.471316667	766
4.48415	770
4.497183333	782
4.510183333	780
4.523066667	773
4.535116667	723
4.547333333	733
4.559883333	753
4.572883333	780
4.585983333	786
4.599433333	807
4.61305	817
4.626316667	796
4.639816667	810
4.6534	815
4.66695	813
4.679716667	766
4.692733333	781
4.705783333	783
4.718716667	776
4.731266667	753
4.744216667	777
4.757516667	798
4.770983333	808
4.78355	754
4.7957	729
4.808083333	743
4.820483333	744
4.832816667	740
4.8451	737
4.857533333	746
4.869116667	695
4.880916667	708
4.892783333	712
4.904966667	731
4.917116667	729
4.928916667	708
4.94155	758
4.954716667	790
4.967916667	792
4.98055	758
4.992633333	725
5.004666667	722
5.016933333	736
5.029283333	741
5.041866667	755
5.05425	743
5.066183333	716
5.078266667	725
5.0899	698
5.101783333	713
5.113566667	707
5.125516667	717
5.137933333	745
5.151166667	794
5.164666667	810
5.1783	818
5.191466667	790
5.203966667	750
5.21625	737
5.228416667	730
5.24085	746
5.253383333	752
5.26535	718
5.277466667	727
5.289833333	742
5.302366667	752
5.314233333	712
5.326183333	717
5.337533333	681
5.349333333	708
5.3608	688
5.372016667	673
5.3839	713
5.395966667	724
5.407566667	696
5.419716667	729
5.431683333	718
5.444466667	767
5.4569	746
5.469683333	767
5.4821	745
5.494683333	755
5.50725	754
5.519066667	709
5.53085	707
5.5421	675
5.5535	684
5.564533333	662
5.576116667	695
5.588933333	769
5.602933333	840
5.616183333	795
5.6292	781
5.641683333	749
5.654266667	755
5.666483333	733
5.67805	694
5.69	717
5.701733333	704
5.71325	691
5.72525	720
5.7371	711
5.7492	726
5.760866667	700
5.77325	743
5.786216667	778
5.799666667	807
5.81215	749
5.82485	762
5.837566667	763
5.85005	749
5.862166667	727
5.874133333	718
5.88665	751
5.899283333	758
5.911483333	732
5.92435	772
5.93725	774
5.949866667	757
5.96295	785
5.975316667	742
5.987833333	751
6.000333333	750
6.013	760
6.025433333	746
6.0385	784
6.051483333	779
6.065283333	828
6.0794	847
6.09315	825
6.1062	783
6.117983333	707
6.12955	694
6.141216667	700
6.153083333	712
6.164633333	693
6.176716667	725
6.189433333	763
6.202616667	791
6.216633333	841
6.231066667	866
6.245616667	873
6.259333333	823
6.272266667	776
6.284466667	732
6.296633333	730
6.308866667	734
6.321533333	760
6.3353	826
6.34855	795
6.361216667	760
6.373933333	763
6.386916667	779
6.399266667	741
6.411283333	721
6.424333333	783
6.4382	832
6.4512	780
6.46475	813
6.478633333	833
6.492416667	827
6.505666667	795
6.518983333	799
6.532533333	813
6.545466667	776
6.5577	734
6.570083333	743
6.5825	745
6.59475	735
6.606983333	734
6.61915	730
6.631483333	740
6.643933333	747
6.656533333	756
6.6694	772
6.682433333	782
6.695083333	759
6.70695	712
6.71925	738
6.731933333	761
6.744983333	783
6.758016667	782
6.771166667	789
6.78415	779
6.796966667	769
6.809316667	741
6.82155	734
6.833283333	704
6.845666667	743
6.8581	746
6.870816667	763
6.883066667	735
6.89485	707
6.906833333	719
6.919133333	738
6.931566667	746
6.94355	719
6.956	747
6.96825	735
6.9809	759
6.9939	780
7.007666667	826
7.02205	863
7.036483333	866
7.04975	796
7.062083333	740
7.085816667	0
7.097266667	687
7.108316667	663
7.119416667	666
7.1303	653
7.140933333	638
7.151433333	630
7.162033333	636
7.172516667	629
7.182883333	622
7.203833333	0
7.215233333	684
7.216383333	0
7.2246	0
7.235083333	629
7.245483333	624
7.2563	649
7.278566667	0
7.289433333	652
7.3217	0
7.33245	645
7.342966667	631
7.35365	641
7.364033333	623
7.374333333	618
7.384566667	614
7.3951	632
7.405583333	629
7.415883333	618
7.426216667	620
7.436616667	624
7.447016667	624
7.457366667	621
7.467616667	615
7.477866667	615
7.488216667	621
7.498183333	598
7.5081	595
7.518166667	604
7.5282	602
7.538116667	595
7.548283333	610
7.5586	619
7.568966667	622
7.57915	611
7.589483333	620
7.599716667	614
7.609783333	604
7.6198	601
7.62975	597
7.639666667	595
7.649666667	600
7.659566667	594
7.6694	590
7.67915	585
7.68915	600
7.699116667	598
7.709066667	597
7.719	596
7.728933333	596
7.738816667	593
7.748916667	606
7.75925	620
7.769733333	629
7.78015	625
7.790566667	625
7.800916667	621
7.81115	614
7.821483333	620
7.831783333	618
7.841916667	608
7.852183333	616
7.8625	619
7.872633333	608
7.882733333	606
7.892816667	605
7.902933333	607
7.91295	601
7.9231	609
7.933033333	596
7.943083333	603
7.953283333	612
7.963366667	605
7.97335	599
7.983516667	610
7.9937	611
8.0038	606
8.014116667	619
8.0243	611
8.034433333	608
8.044666667	614
8.054966667	618
8.0652	614
8.075383333	611
8.085633333	615
8.095866667	614
8.106183333	619
8.116283333	606
8.1264	607
8.1367	618
8.146833333	608
8.156866667	602
8.1671	614
8.177333333	614
8.1876	616
8.1978	612
8.208033333	614
8.218333333	618
8.22855	613
8.238616667	604
8.248616667	600
8.258583333	598
8.26845	592
8.278683333	614
8.2888	607
8.298733333	596
8.3089	610
8.319383333	629
8.33005	640
8.340383333	620
8.350816667	626
8.361416667	636
8.372283333	652
8.38315	652
8.39375	636
8.4044	639
8.415266667	652
8.425883333	637
8.436316667	626
8.447116667	648
8.457883333	646
8.4687	649
8.479333333	638
8.490266667	656
8.50095	641
8.511616667	640
8.522283333	640
8.532783333	630
8.543116667	620
8.553566667	627
8.564083333	631
8.574516667	626
8.584783333	616
8.595333333	633
8.605933333	636
8.616233333	618
8.626533333	618
8.637	628
8.647333333	620
8.65755	613
8.667866667	619
8.678516667	639
8.689216667	642
8.70005	650
8.711333333	677
8.7226	676
8.7335	654
8.744433333	656
8.755233333	648
8.76585	637
8.776616667	646
8.787366667	645
8.797816667	627
8.808366667	633
8.8192	650
8.830033333	650
8.84085	649
8.8514	633
8.861933333	632
8.872466667	632
8.882933333	628
8.893216667	617
8.9034	611
8.913733333	620
8.924033333	618
8.934083333	603
8.944016667	596
8.954083333	604
8.964233333	609
8.974516667	617
8.984716667	612
8.995033333	619
9.005566667	632
9.016233333	640
9.026833333	636
9.048	0
9.0586	636
9.069033333	626
9.0792	610
9.089466667	616
9.09955	605
9.109483333	596
9.119483333	600
9.129366667	593
9.139283333	595
9.149016667	584
9.15875	584
9.168516667	586
9.178366667	591
9.1883	596
9.19815	591
9.208016667	592
9.22725	0
9.23685	576
9.246416667	574
9.255933333	571
9.2654	568
9.274916667	571
9.284583333	580
9.294183333	576
9.303733333	573
9.31335	577
9.322983333	578
9.332533333	573
9.341983333	567
9.351483333	570
9.360933333	567
9.370366667	566
9.379683333	559
9.389	559
9.398366667	562
9.40755	551
9.41685	558
9.426133333	557
9.435383333	555
9.4447	559
9.453916667	553
9.463116667	552
9.472416667	558
9.481616667	552
9.490783333	550
9.499966667	551
9.509216667	555
9.51835	548
9.5275	549
9.536566667	544
9.545433333	532
9.55425	529
9.563	525
9.571816667	529
9.580883333	544
9.589866667	539
9.599	548
9.60805	543
9.61695	534
9.626033333	545
9.6351	544
9.644283333	551
9.65345	550
9.662483333	542
9.6717	553
9.680783333	545
9.689833333	543
9.695466667	0
9.699066667	0
9.7082	548
9.7174	552
9.726583333	551
9.735566667	539
9.74465	545
9.75375	546
9.76285	546
9.7719	543
9.780816667	535
9.789683333	532
9.798633333	537
9.807483333	531
9.8163	529
9.825	522
9.833683333	521
9.8425	529
9.8512	522
9.85985	519
9.8684	513
9.877066667	520
9.885633333	514
9.89415	511
9.902683333	512
9.91135	520
9.919966667	517
9.928466667	510
9.937033333	514
9.945683333	519
9.954233333	513
9.962766667	512
9.971316667	513
9.979866667	513
9.9884	512
9.996883333	509
10.00533333	507
10.01383333	510
10.02231667	509
10.0308	509
10.03918333	503
10.04761667	506
10.05611667	510
10.06456667	507
10.07288333	499
10.08125	502
10.08968333	506
10.09806667	503
10.10638333	499
10.11473333	501
10.12325	511
10.13166667	505
10.14003333	502
10.14851667	509
10.15703333	511
10.1655	508
10.17393333	506
10.18238333	507
10.1909	511
10.19931667	505
10.20778333	508
10.21621667	506
10.22463333	505
10.23301667	503
10.24131667	498
10.24968333	502
10.25806667	503
10.26643333	502
10.27473333	498
10.28303333	498
10.29131667	497
10.29965	500
10.30781667	490
10.31608333	496
10.3244	499
10.34085	0
10.34905	492
10.35735	498
10.36568333	500
10.37398333	498
10.38225	496
10.39058333	500
10.39896667	503
10.40725	497
10.41555	498
10.42395	504
10.43226667	499
10.44046667	492
10.44868333	493
10.45703333	501
10.4652	490
10.48143333	0
10.48955	487
10.49768333	488
10.50583333	489
10.51388333	483
10.52188333	480
10.52996667	485
10.53811667	489
10.54621667	486
10.55426667	483
10.5623	482
10.57035	483
10.57838333	482
10.58628333	474
10.59423333	477
10.60226667	482
10.61028333	481
10.61828333	480
10.62621667	476
10.63415	476
10.65016667	0
10.65808333	475
10.666	475
10.674	480
10.68195	477
10.68986667	475
10.6978	476
10.70581667	481
10.71391667	486
10.72203333	487
10.73003333	480
10.73808333	483
10.74613333	483
10.75418333	483
10.76213333	477
10.77003333	474
10.77808333	483
10.78606667	479
10.79401667	477
10.8019	473
10.80983333	476
10.81776667	476
10.82565	473
10.83346667	469
10.84131667	471
10.84925	476
10.86515	0
10.87303333	473
10.88103333	480
10.88898333	477
10.8969	475
10.90473333	470
10.91258333	471
10.92051667	476
10.92843333	475
10.93638333	477
10.94421667	470
10.95208333	472
10.96001667	476
10.96788333	472
10.97581667	476
10.98366667	471
10.99155	473
10.99953333	479
11.00745	475
11.01528333	470
11.02308333	468
11.03088333	468
11.03873333	471
11.04653333	468
11.05428333	465
11.06203333	465
11.06986667	470
11.0777	470
11.08551667	469
11.09323333	463
11.10096667	464
11.10876667	468
11.11653333	466
11.13196667	0
11.13968333	463
11.1475	469
11.15526667	466
11.16303333	466
11.17073333	462
11.17853333	468
11.1863	466
11.19403333	464
11.20175	463
11.20951667	466
11.21733333	469
11.22516667	470
11.2331	476
11.24103333	476
11.2491	484
11.25716667	484
11.2652	482
11.27328333	485
11.28121667	476
11.28925	482
11.29731667	484
11.3054	485
11.31348333	485
11.3215	481
11.32963333	488
11.33758333	477
11.34555	478
11.36153333	0
11.36938333	471
11.37735	478
11.38531667	478
11.39325	476
11.4011	471
11.40896667	472
11.41698333	481
11.42506667	485
11.433	476
11.44098333	479
11.45726667	0
11.46526667	480
11.47335	485
11.48146667	487
11.4977	0
11.50578333	485
11.5139	487
11.52193333	482
11.52991667	479
11.538	485
11.546	480
11.55391667	475
11.56198333	484
11.57001667	482
11.57801667	480
11.5861	485
11.59415	483
11.6101	0
11.61803333	476
11.62593333	474
11.6339	478
11.64178333	473
11.64965	472
11.65766667	481
11.66551667	471
11.67341667	474
11.6813	473
11.68915	471
11.7049	0
11.71275	471
11.72061667	472
11.73646667	0
11.74436667	474
11.75228333	475
11.7602	475
11.76816667	478
11.77603333	472
11.78398333	477
11.7919	475
11.79981667	475
11.80766667	471
11.81555	473
11.8235	477
11.8314	474
11.83931667	475
11.85515	0
11.86315	480
11.87898333	0
11.88683333	471
11.8948	478
11.91065	0
11.91853333	473
11.9265	478
11.93446667	478
11.9424	476
11.9503	474
11.9582	474
11.97416667	0
11.98218333	481
11.99016667	479
11.99808333	475
12.00601667	476
12.01396667	477
12.02185	473
12.0297	471
12.03748333	467
12.04535	472
12.05323333	473
12.06106667	470
12.06883333	466
12.0766	466
12.08446667	472
12.0922	464
12.10003333	470
12.1078	466
12.11568333	473
12.12363333	477
12.13158333	477
12.13948333	474
12.14751667	482
12.15546667	477
12.16333333	472
12.17115	469
12.17905	474
12.18688333	470
12.19473333	471
12.20255	469
12.21036667	469
12.21831667	477
12.22616667	471
12.23398333	469
12.24178333	468
12.2497	475
12.25741667	463
12.26513333	463
12.27291667	467
12.28066667	465
12.28831667	459
12.29611667	468
12.30395	470
12.31181667	472
12.3197	473
12.3276	474
12.33555	477
12.34333333	467
12.35135	481
12.35928333	476
12.36718333	474
12.37513333	477
12.38303333	474
12.39098333	477
12.39878333	468
12.40663333	471
12.41446667	470
12.42226667	468
12.43011667	471
12.438	473
12.44583333	470
12.4536	466
12.46131667	463
12.46906667	465
12.48458333	0
12.49225	460
12.49991667	460
12.5076	461
12.51541667	469
12.52313333	463
12.53083333	462
12.54641667	0
12.55426667	471
12.56206667	468
12.56996667	474
12.5778	470
12.58568333	473
12.59351667	470
12.60145	476
12.60935	474
12.61715	468
12.62506667	475
12.64066667	0
12.64843333	466
12.6563	472
12.664	462
12.67163333	458
12.67931667	461
12.69466667	0
12.70236667	462
12.71006667	462
12.71768333	457
12.7253	457
12.73301667	463
12.74073333	463
12.76398333	0
12.77175	466
12.77941667	460
12.78723333	469
12.8025	0
12.81021667	463
12.81785	458
12.82553333	461
12.83321667	461
12.84081667	456
12.84858333	466
12.87933333	0
12.88716667	470
12.8949	464
12.90265	465
12.91043333	467
12.91816667	464
12.92583333	460
12.93363333	468
12.94141667	467
12.95705	0
12.97276667	0
12.98873333	0
12.99678333	483
13.00473333	477
13.01271667	479
13.02075	482
13.02873333	479
13.03661667	473
13.04453333	475
13.05243333	474
13.06036667	476
13.0682	470
13.07595	465
13.0837	465
13.09148333	467
13.09918333	462
13.10676667	455
13.11435	455
13.12198333	458
13.12963333	459
13.13718333	453
13.14476667	455
13.15243333	460
13.16016667	464
13.16795	467
13.17575	468
13.1836	471
13.19151667	475
13.1994	473
13.20723333	470
13.21506667	470
13.2308	0
13.23855	465
13.24628333	464
13.25408333	468
13.26178333	462
13.26933333	453
13.2769	454
13.28458333	461
13.29966667	0
13.30721667	453
13.31486667	459
13.32248333	457
13.33006667	455
13.33763333	454
13.34521667	455
13.3528	455
13.36035	453
13.3679	453
13.38306667	0
13.39075	461
13.39846667	463
13.40613333	460
13.41381667	461
13.42161667	468
13.43715	0
13.44485	462
13.45258333	464
13.46028333	462
13.46786667	455
13.47541667	453
13.48296667	453
13.49061667	459
13.49818333	454
13.50571667	452
13.51326667	453
13.52093333	460
13.52853333	456
13.53608333	453
13.5437	457
13.55895	0
13.56651667	454
13.57413333	457
13.5818	460
13.5895	462
13.60483333	0
13.61246667	458
13.62018333	463
13.62785	460
13.63538333	452
13.64293333	453
13.65055	457
13.6581	453
13.6656	450
13.67308333	449
13.6806	451
13.70335	0
13.71095	456
13.71865	462
13.73398333	0
13.74161667	458
13.74935	464
13.75705	462
13.7647	459
13.77233333	458
13.78765	0
13.79525	456
13.80283333	455
13.81038333	453
13.81805	460
13.82563333	455
13.83316667	452
13.84061667	447
13.8481	449
13.85561667	451
13.86306667	447
13.87046667	444
13.87788333	445
13.8854	451
13.89293333	452
13.90041667	449
13.9079	449
13.91538333	449
13.92298333	456
13.93051667	452
13.938	449
13.94551667	451
13.953	449
13.96055	453
13.97565	0
13.98316667	451
13.99075	455
13.99835	456
14.00595	456
14.01355	456
14.02108333	452
14.02875	460
14.04395	0
14.0515	453
14.0591	456
14.07423333	0
14.08176667	452
14.08936667	456
14.10456667	0
14.11208333	451
14.11966667	455
14.12733333	460
14.13493333	456
14.14251667	455
14.1502	461
14.15786667	460
14.16551667	459
14.1731	455
14.18076667	460
14.18841667	459
14.2036	0
14.21116667	454
14.21885	461
14.23398333	0
14.24923333	0
14.26443333	0
14.27198333	453
14.28723333	0
14.30228333	0
14.31743333	0
14.32495	451
14.3325	453
14.34011667	457
14.34776667	459
14.35533333	454
14.36295	457
14.37056667	457
14.37825	461
14.38586667	457
14.39343333	454
14.401	454
14.4086	456
14.41615	453
14.42361667	448
14.4311	449
14.43851667	445
14.44601667	450
14.46088333	0
14.46825	442
14.47563333	443
14.48308333	447
14.49048333	444
14.49783333	441
14.50518333	441
14.5126	445
14.52003333	446
14.53476667	0
14.54215	443
14.5496	447
14.55701667	445
14.56443333	445
14.57176667	440
14.5791	440
14.5866	450
14.60145	0
14.60883333	443
14.61625	445
14.62376667	451
14.63121667	447
14.63858333	442
14.64598333	444
14.65346667	449
14.66826667	0
14.67558333	439
14.683	445
14.69041667	445
14.6978	443
14.70515	441
14.71255	444
14.72001667	448
14.73501667	0
14.75006667	0
14.76515	0
14.77265	450
14.78021667	454
14.79513333	0
14.80251667	443
14.80998333	448
14.81738333	444
14.82476667	443
14.83208333	439
14.83948333	444
14.84686667	443
14.8543	446
14.86163333	440
14.869	442
14.87645	447
14.8839	447
14.89133333	446
14.89875	445
14.90618333	446
14.92113333	0
14.93593333	0
14.95088333	0
14.9583	445
14.96571667	445
14.97321667	450
14.98071667	450
14.9957	0
15.00321667	451
15.01078333	454
15.01833333	453
15.02585	451
15.03341667	454
15.04103333	457
15.04863333	456
15.05618333	453
15.06378333	456
15.07146667	461
15.08668333	0
15.10215	0
15.1099	465
15.11756667	460
15.12538333	469
15.13321667	470
15.14103333	469
15.1488	466
15.15648333	461
15.16423333	465
15.17965	0
15.18723333	455
15.1949	460
15.20255	459
15.21015	456
15.21773333	455
15.22541667	461
15.2331	461
15.24073333	458
15.24836667	458
15.25613333	466
15.26386667	464
15.27166667	468
15.27946667	468
15.28723333	466
15.29513333	474
15.30293333	468
15.31076667	470
15.3186	470
15.32646667	472
15.33421667	465
15.34201667	468
15.34988333	472
15.35768333	468
15.36543333	465
15.37326667	470
15.38888333	0
15.39671667	470
15.41253333	0
15.42036667	470
15.42815	467
15.43606667	475
15.44388333	469
15.45166667	467
15.45945	467
15.46726667	469
15.47511667	471
15.49063333	0
15.49835	463
15.50616667	469
15.52165	0
15.52933333	461
15.53706667	464
15.54475	461
15.55253333	467
15.56018333	459
15.5678	457
15.57551667	463
15.58316667	459
15.5908	458
15.59853333	464
15.6139	0
15.62156667	460
15.62915	455
15.63693333	467
15.64461667	461
15.65225	458
15.65983333	455
15.66741667	455
15.6749	449
15.6825	456
15.69763333	0
15.70518333	453
15.71273333	453
15.72038333	459
15.72811667	464
15.73586667	465
15.74365	467
15.75925	0
15.77506667	0
15.79066667	0
15.79856667	474
15.80645	473
15.82213333	0
15.82995	469
15.84561667	0
15.86125	0
15.8766	0
15.89951667	0
15.91458333	0
15.92223333	459
15.9299	460
15.94543333	0
15.95318333	465
15.9611	475
15.96895	471
15.97686667	475
15.98458333	463
15.99255	478
16.00046667	475
16.01641667	0
16.0244	479
16.03225	471
16.0402	477
16.05581667	0
16.06353333	463
16.07135	469
16.08685	0
16.09446667	457
16.10216667	462
16.10995	467
16.11775	468
16.12556667	469
16.14123333	0
16.14903333	468
16.15693333	474
16.16583333	0
16.17273333	0
16.18841667	0
16.19618333	466
16.21178333	0
16.2194	457
16.22701667	457
16.24233333	0
16.2498	448
16.25731667	451
16.26486667	453
16.27233333	448
16.27976667	446
16.28716667	444
16.2947	452
16.30335	0
16.30985	0
16.31738333	452
16.32501667	458
16.33268333	460
16.34041667	464
16.34811667	462
16.35581667	462
16.3636	467
16.37135	465
16.37898333	458
16.38665	460
16.4021	0
16.40965	453
16.41733333	461
16.42498333	459
16.44006667	0
16.44765	455
16.46275	0
16.47781667	0
16.4929	0
16.50041667	451
16.50801667	456
16.51565	458
16.52326667	457
16.53083333	454
16.53851667	461
16.5538	0
16.56138333	455
16.57663333	0
16.58416667	452
16.59168333	451
16.59923333	453
16.60685	457
16.61435	450
16.62185	450
16.62945	456
16.63696667	451
16.65188333	0
16.65933333	447
16.66683333	450
16.67435	451
16.68926667	0
16.69678333	451
16.72673333	0
16.74171667	0
16.74908333	442
16.7565	445
16.76396667	448
16.77146667	450
16.78628333	0
16.79373333	447
16.80121667	449
16.82358333	0
16.83858333	0
16.84605	448
16.8535	447
16.86096667	448
16.86846667	450
16.88336667	0
16.89081667	447
16.89831667	450
16.9133	0
16.92078333	449
16.92976667	0
16.93585	0
16.94328333	446
16.95076667	449
16.9658	0
16.97328333	449
16.98083333	453
16.98831667	449
16.9957	443
17.00311667	445
17.01058333	448
17.01805	448
17.03283333	0
17.0402	442
17.04771667	451
17.05508333	442
17.06241667	440
17.06971667	438
17.07716667	447
17.08451667	441
17.09185	440
17.09923333	443
17.10671667	449
17.11416667	447
17.1216	446
17.12901667	445
17.13646667	447
17.14403333	454
17.15245	0
17.1591	0
17.1666	450
17.17426667	460
17.18181667	453
17.1969	0
17.20435	447
17.2119	453
17.22703333	0
17.2345	448
17.24215	459
17.24971667	454
17.2573	455
17.27241667	0
17.27995	452
17.28758333	458
17.29505	448
17.30268333	458
17.3103	457
17.31788333	455
17.3255	457
17.33308333	455
17.34073333	459
17.34841667	461
17.35598333	454
17.36353333	453
17.37121667	461
17.3788	455
17.38638333	455
17.39398333	456
17.4016	457
17.40913333	452
17.41681667	461
17.42455	464
17.42921667	0
17.43215	0
17.43968333	452
17.44733333	459
17.45493333	456
17.46248333	453
17.47018333	462
17.47786667	461
17.48556667	462
17.49318333	457
17.50081667	458
17.50848333	460
17.51606667	455
17.52368333	457
17.53125	454
17.5388	453
17.54651667	463
17.56918333	0
17.57681667	458
17.5843	449
17.59173333	446
17.59923333	450
17.6067	448
17.62935	0
17.64443333	0
17.65201667	455
17.6596	455
17.66701667	445
17.67456667	453
17.68205	449
17.68951667	448
17.69701667	450
17.71196667	0
17.71946667	450
17.72686667	444
17.73431667	447
17.74918333	0
17.75656667	443
17.76398333	445
17.77141667	446
17.77885	446
17.7862	441
17.79365	447
17.80108333	446
17.80851667	446
17.81601667	450
17.82345	446
17.83091667	448
17.83841667	450
17.84581667	444
17.85326667	447
17.86075	449
17.86811667	442
17.87551667	444
17.88298333	448
17.89045	448
17.8979	447
17.92035	0
17.92778333	446
17.93538333	456
17.95025	0
17.95775	450
17.9652	447
17.97251667	439
17.97991667	444
17.9873	443
17.99455	435
18.0019	441
18.0092	438
18.0165	438
18.02378333	437
18.03108333	438
18.03838333	438
18.05295	0
18.06031667	442
18.06771667	444
18.07508333	442
18.08243333	441
18.08996667	452
18.0973	440
18.10478333	449
18.11225	448
18.11966667	445
18.12708333	445
18.1345	445
18.1418	438
18.15645	0
18.16366667	433
18.17098333	439
18.18551667	0
18.19278333	436
18.21488333	0
18.22231667	446
18.22976667	447
18.23728333	451
18.24481667	452
18.2522	443
18.26725	0
18.27471667	448
18.28213333	445
18.28953333	444
18.29686667	440
18.30418333	439
18.31161667	446
18.31898333	442
18.32628333	438
18.3336	439
18.34105	447
18.3484	441
18.35575	441
18.36136667	0
18.36328333	0
18.37066667	443
18.3782	452
18.3857	450
18.39325	453
18.4008	453
18.4159	0
18.42341667	451
18.43866667	0
18.44626667	456
18.46133333	0
18.46885	451
18.49851667	0
18.51338333	0
18.52066667	437
18.52798333	439
18.5426	0
18.54988333	437
18.55733333	447
18.57215	0
18.57951667	442
18.58696667	447
18.5945	452
18.60198333	449
18.60953333	453
18.61713333	456
18.6247	454
18.63998333	0
18.6476	457
18.65508333	449
18.6627	457
18.67026667	454
18.67776667	450
18.68523333	448
18.69266667	446
18.69998333	439
18.70738333	444
18.71476667	443
18.72215	443
18.72955	444
18.73703333	449
18.74433333	438
18.7518	448
18.7593	450
18.76673333	446
18.77428333	453
18.78945	0
18.79703333	455
18.80461667	455
18.8274	0
18.83491667	451
18.84246667	453
18.85411667	0
18.85728333	0
18.86461667	440
18.87206667	447
18.87948333	445
18.92421667	0
18.93175	452
18.93926667	451
18.94676667	450
18.9543	452
18.96181667	451
18.96941667	456
18.97698333	454
18.98453333	453
18.992	448
18.99946667	448
19.00706667	456
19.0219	0
19.02931667	445
19.0442	0
19.05155	441
19.05886667	439
19.06626667	444
19.07361667	441
19.081	443
19.08841667	445
19.09585	446
19.1047	0
19.11073333	0
19.1182	448
19.13315	0
19.14798333	0
19.15553333	453
19.16395	0
19.1704	0
19.1999	0
19.21268333	0
19.22206667	0
19.22941667	441
19.23678333	442
19.24418333	444
19.2464	0
19.25905	0
19.2814	0
19.28891667	451
19.31136667	0
19.31888333	451
19.3263	445
19.3338	450
19.34125	447
19.35605	0
19.37078333	0
19.38023333	0
19.38566667	0
19.4235	0
19.4388	0
19.47755	0
19.48515	456
19.50065	0
19.50828333	458
19.51593333	459
19.52366667	464
19.5314	464
19.53916667	466
19.54681667	459
19.55453333	463
19.56235	469
19.57001667	460
19.57763333	457
19.59306667	0
19.60061667	453
19.60821667	456
19.62356667	0
19.63113333	454
19.63878333	459
19.64645	460
19.65413333	461
19.66185	463
19.66953333	461
19.67725	463
19.69261667	0
19.70018333	454
19.70791667	464
19.74558333	0
19.75316667	455
19.76083333	460
19.76841667	455
19.77596667	453
19.7835	452
19.79108333	455
19.79868333	456
19.81371667	0
19.8212	449
19.82875	453
19.84373333	0
19.85118333	447
19.85871667	452
19.86625	452
19.88123333	0
19.88876667	452
19.91138333	0
19.9487	0
19.95616667	448
19.96365	449
19.97111667	448
19.97846667	441
19.98581667	441
19.99325	446
20.00065	444
20.02278333	0
20.03026667	449
20.04526667	0
20.05281667	453
20.06046667	459
20.07585	0
20.08351667	460
20.0912	461
20.09893333	464
20.10661667	461
20.12211667	0
20.12988333	466
20.1376	463
20.1454	468
20.15333333	476
20.16123333	474
20.1691	472
20.17711667	481
20.18516667	483
20.19315	479
20.19683333	0
20.20113333	0
20.20561667	0
20.2091	0
20.21715	483
20.22521667	484
20.23338333	490
20.24976667	0
20.25795	491
20.2663	501
20.27465	501
20.28303333	503
20.29121667	491
20.29961667	504
20.30798333	502
20.31618333	492
20.32435	490
20.3327	501
20.341	498
20.34918333	491
20.35741667	494
20.36576667	501
20.37426667	510
20.39963333	0
20.41713333	0
20.42575	517
20.43445	522
20.4432	525
20.45208333	533
20.46071667	518
20.46945	524
20.4869	0
20.49553333	518
20.5042	520
20.5129	522
20.52163333	524
20.53018333	513
20.53886667	521
20.5477	530
20.55621667	511
20.5647	509
20.57333333	518
20.58186667	512
20.59013333	496
20.59845	499
20.60675	498
20.61523333	509
20.62365	505
20.63196667	499
20.64021667	495
20.6483	485
20.6565	492
20.66476667	496
20.67288333	487
20.68091667	482
20.68903333	487
20.69706667	482
20.70518333	487
20.71336667	491
20.7217	500
20.73025	513
20.73906667	529
20.74788333	529
20.75653333	519
20.77485	0
20.78373333	533
20.79303333	558
20.8027	580
20.82143333	0
20.83083333	564
20.83973333	534
20.85771667	0
20.86635	518
20.87533333	539
20.88405	523
20.89268333	518
20.90106667	503
20.90978333	523
20.91835	514
20.92698333	518
20.93571667	524
20.94413333	505
20.95305	535
20.96163333	515
20.97061667	539
20.97971667	546
20.98896667	555
20.99831667	561
21.00726667	537
21.01581667	513
21.02451667	522
21.03328333	526
21.0417	505
21.05041667	523
21.068	0
21.0768	528
21.08576667	538
21.09471667	537
21.10401667	558
21.11326667	555
21.12226667	540
21.14028333	0
21.14916667	533
21.158	530
21.16681667	529
21.17591667	546
21.1847	527
21.1937	540
21.20288333	551
21.21233333	567
21.22181667	569
21.25001667	0
21.27835	0
21.28736667	541
21.29668333	559
21.30606667	563
21.31571667	579
21.32505	560
21.34426667	0
21.35413333	592
21.36385	583
21.37313333	557
21.3829	586
21.39245	573
21.40153333	545
21.41108333	573
21.42038333	558
21.42945	544
21.43911667	580
21.44865	572
21.46796667	0
21.47718333	553
21.48676667	575
21.49615	563
21.50548333	560
21.52398333	0
21.5333	559
21.5426	558
21.5519	558
21.56126667	562
21.57051667	555
21.57986667	561
21.58875	533
21.59805	558
21.60715	546
21.61623333	545
21.6253	544
21.64363333	0
21.65263333	540
21.66188333	555
21.67113333	555
21.68048333	561
21.68988333	564
21.69921667	560
21.70848333	556
21.71751667	542
21.72681667	558
21.73586667	543
21.74475	533
21.75383333	545
21.76298333	549
21.7724	565
21.7822	588
21.7917	570
21.80133333	578
21.81088333	573
21.82058333	582
21.83043333	591
21.8403	592
21.84981667	571
21.85956667	585
21.86931667	585
21.87871667	564
21.8884	581
21.89786667	568
21.90721667	561
21.91635	548
21.92565	558
21.93488333	554
21.94408333	552
21.9626	0
21.97186667	556
21.98113333	556
21.99043333	558
21.99995	571
22.00995	600
22.02003333	605
22.02996667	596
22.04046667	630
22.0516	668
22.06301667	685
22.07375	644
22.08411667	622
22.09423333	607
22.10426667	602
22.11456667	618
22.1247	608
22.13448333	587
22.14426667	587
22.15403333	586
22.16378333	585
22.17321667	566
22.18243333	553
22.19165	553
22.2008	549
22.20998333	551
22.2196	577
22.22923333	578
22.23863333	564
22.2482	574
22.25786667	580
22.26768333	589
22.27728333	576
22.2869	577
22.29671667	589
22.30671667	600
22.31683333	607
22.32673333	594
22.33676667	602
22.34701667	615
22.35731667	618
22.3676	617
22.37803333	626
22.38873333	642
22.3992	628
22.40991667	643
22.42073333	649
22.43111667	623
22.44173333	637
22.46251667	0
22.47276667	615
22.48305	617
22.4935	627
22.50386667	622
22.5143	626
22.52501667	643
22.5357	641
22.54611667	625
22.55656667	627
22.56716667	636
22.57771667	633
22.5882	629
22.59901667	649
22.60963333	637
22.62045	649
22.63141667	658
22.64258333	670
22.65333333	645
22.6643	658
22.67535	663
22.68638333	662
22.69743333	663
22.70815	643
22.7186	627
22.72901667	625
22.73945	626
22.74975	618
22.75991667	610
22.77028333	622
22.78098333	642
22.79226667	677
22.80368333	685
22.81451667	650
22.82566667	669
22.83636667	642
22.8471	644
22.85773333	638
22.86818333	627
22.87865	628
22.88925	636
22.89981667	634
22.9102	623
22.92073333	632
22.93136667	638
22.94191667	633
22.95258333	640
22.96366667	665
22.97458333	655
22.98525	640
22.99601667	646
23.00688333	652
23.01753333	639
23.02781667	617
23.03826667	627
23.0488	632
23.05945	639
23.07013333	641
23.08073333	636
23.09105	619
23.1015	627
23.11175	615
23.12176667	601
23.13161667	591
23.1413	581
23.15086667	574
23.16053333	580
23.1705	598
23.18048333	599
23.19065	610
23.2018	669
23.21271667	655
23.22336667	639
23.23395	635
23.2444	627
23.25473333	620
23.26503333	618
23.27523333	612
23.28526667	602
23.29516667	594
23.3047	572
23.31438333	581
23.32393333	573
23.33348333	573
23.34296667	569
23.3527	584
23.36276667	604
23.37248333	583
23.38218333	582
23.3919	583
23.40166667	586
23.41176667	606
23.42255	647
23.43338333	650
23.44453333	669
23.45561667	665
23.46715	692
23.47836667	673
23.48925	653
23.5224	0
23.533	636
23.5435	630
23.55386667	622
23.56373333	592
23.57355	589
23.58323333	581
23.59291667	581
23.6024	569
23.61185	567
23.62118333	560
23.63043333	555
23.63973333	558
23.6494	580
23.65935	597
23.66968333	620
23.67975	604
23.68998333	614
23.70031667	620
23.7106	617
23.7208	612
23.73093333	608
23.74118333	615
23.75143333	615
23.76143333	600
23.7714	598
23.78148333	605
23.79161667	608
23.80195	620
23.81253333	635
23.82276667	614
23.833	614
23.84333333	620
23.85378333	627
23.86431667	632
23.87471667	624
23.88526667	633
23.89581667	633
23.90626667	627
23.91663333	622
23.92721667	635
23.93783333	637
23.94825	625
23.95903333	647
23.97011667	665
23.98115	662
23.99203333	653
24.00325	673
24.01435	666
24.02516667	649
24.03628333	667
24.0473	661
24.05798333	641
24.06878333	648
24.0796	649
24.09003333	626
24.10068333	639
24.11155	652
24.12266667	667
24.13403333	682
24.14488333	651
24.15595	664
24.16651667	634
24.17738333	652
24.18805	640
24.19875	642
24.20911667	622
24.21965	632
24.23023333	635
24.24083333	636
24.25135	631
24.26191667	634
24.27271667	648
24.28365	656
24.29468333	662
24.30538333	642
24.31603333	639
24.32673333	642
24.33753333	648
24.34816667	638
24.3593	668
24.37045	669
24.39243333	0
24.40286667	626
24.4135	638
24.42383333	620
24.43393333	606
24.44388333	597
24.45391667	602
24.46395	602
24.47395	600
24.48385	594
24.49373333	593
24.50378333	603
24.51373333	597
24.52368333	597
24.53356667	593
24.54345	593
24.55338333	596
24.56335	598
24.5733	597
24.5832	594
24.5931	594
24.60293333	590
24.61288333	597
24.62263333	585
24.63228333	579
24.64186667	575
24.6516	584
24.66185	615
24.67203333	611
24.6824	622
24.6926	612
24.70295	621
24.71328333	620
24.72363333	621
24.73416667	632
24.74451667	621
24.75463333	607
24.76488333	615
24.77516667	617
24.78585	641
24.79816667	739
24.81153333	802
24.82396667	746
24.83681667	771
24.84991667	786
24.86301667	786
24.87608333	784
24.8886	751
24.90083333	734
24.91296667	728
24.92496667	720
24.93656667	696
24.94823333	700
24.95935	667
24.9709	693
24.98253333	698
24.9944	712
25.00615	705
25.01793333	707
25.02968333	705
25.04118333	690
25.05256667	683
25.06351667	657
25.07411667	636
25.08468333	634
25.09521667	632
25.10586667	639
25.11706667	672
25.12873333	700
25.14125	751
25.15388333	758
25.16605	730
25.17811667	724
25.1902	725
25.2021	714
25.21336667	676
25.22456667	672
25.23581667	675
25.24726667	687
25.25903333	706
25.2706	694
25.28208333	689
25.29396667	713
25.30643333	748
25.31841667	719
25.32985	686
25.34133333	689
25.35291667	695
25.36466667	705
25.37611667	687
25.38723333	667
25.39848333	675
25.40981667	680
25.42085	662
25.43205	672
25.44336667	679
25.45451667	669
25.4662	701
25.47815	717
25.49018333	722
25.50168333	690
25.51286667	671
25.52433333	688
25.53598333	699
25.54775	706
25.55938333	698
25.57098333	696
25.5828	709
25.59493333	728
25.60708333	729
25.61863333	693
25.63038333	705
25.64228333	714
25.65381667	692
25.66535	692
25.6773	717
25.68903333	704
25.70091667	713
25.71276667	711
25.72406667	678
25.73528333	673
25.74665	682
25.75808333	686
25.76923333	669
25.78036667	668
25.79181667	687
25.80336667	693
25.81486667	690
25.82603333	670
25.83736667	680
25.84873333	682
25.85998333	675
25.87091667	656
25.88216667	675
25.89355	683
25.90518333	698
25.91655	682
25.9283	705
25.94011667	709
25.95198333	712
25.96328333	678
25.97486667	695
25.98648333	697
25.99783333	681
26.00941667	695
26.02078333	682
26.0317	655
26.04256667	652
26.05356667	660
26.0645	656
26.0752	642
26.08593333	644
26.09693333	660
26.10813333	672
26.11943333	678
26.1306	670
26.14188333	677
26.15311667	674
26.16461667	690
26.17618333	694
26.1881	715
26.19945	681
26.21086667	685
26.22228333	685
26.23361667	680
26.24468333	664
26.25598333	678
26.2675	691
26.2789	684
26.29016667	676
26.30161667	687
26.31353333	715
26.32558333	723
26.337	685
26.34835	681
26.35978333	686
26.37096667	671
26.38175	647
26.39243333	641
26.40335	655
26.41426667	655
26.42516667	654
26.43598333	649
26.44705	664
26.45848333	686
26.4698	679
26.48088333	665
26.4922	679
26.5033	666
26.51408333	647
26.5248	643
26.53555	645
26.546	627
26.55648333	629
26.56695	628
26.57745	630
26.58773333	617
26.59828333	633
26.60916667	653
26.62041667	675
26.63188333	688
26.64275	652
26.65383333	665
26.66491667	665
26.67558333	640
26.68643333	651
26.69685	625
26.70726667	625
26.7177	626
26.72818333	629
26.73876667	635
26.74916667	624
26.76001667	651
26.77076667	645
26.78131667	633
26.79195	638
26.80253333	635
26.81356667	662
26.8231	572
26.833	594
26.8429	594
26.85251667	577
26.86196667	567
26.8715	572
26.88091667	565
26.89043333	571
26.90053333	606
26.91083333	618
26.92113333	618
26.93141667	617
26.95153333	0
26.95778333	0
26.96171667	0
26.97161667	594
26.98153333	595
26.99151667	599
27.0018	617
27.01201667	613
27.02206667	603
27.03216667	606
27.04266667	630
27.05353333	652
27.06451667	659
27.07548333	658
27.08661667	668
27.09788333	676
27.10905	670
27.1206	693
27.13221667	697
27.14413333	715
27.15593333	708
27.16731667	683
27.17845	668
27.18961667	670
27.20086667	675
27.21173333	652
27.2231	682
27.23443333	680
27.24598333	693
27.25735	682
27.2685	669
27.27963333	668
27.29061667	659
27.30183333	673
27.31308333	675
27.32413333	663
27.33593333	708
27.34725	679
27.35895	702
27.37036667	685
27.38151667	669
27.39285	680
27.40393333	665
27.41506667	668
27.4262	668
27.43726667	664
27.4485	674
27.4599	684
27.47105	669
27.48211667	664
27.49318333	664
27.50438333	672
27.51553333	669
27.52656667	662
27.53748333	655
27.5489	685
27.56043333	692
27.5722	706
27.58386667	700
27.59526667	684
27.60635	665
27.6174	663
27.6285	666
27.63993333	686
27.65155	697
27.66328333	704
27.67516667	713
27.68685	701
27.69841667	694
27.70978333	682
27.72133333	693
27.73286667	692
27.7443	686
27.75543333	668
27.7661	640
27.78746667	0
27.79778333	619
27.80776667	599
27.81741667	579
27.8271	581
27.83685	585
27.84646667	577
27.85623333	586
27.86638333	609
27.8767	619
27.88748333	647
27.89801667	632
27.90858333	634
27.91956667	659
27.9309	680
27.94231667	685
27.95393333	697
27.9649	658
27.97611667	673
27.98725	668
27.99861667	682
28.0096	659
28.02073333	668
28.03178333	663
28.04331667	692
28.05506667	705
28.0668	704
28.0785	702
28.0901	696
28.10128333	671
28.11268333	684
28.12401667	680
28.13533333	679
28.14688333	693
28.15831667	686
28.17006667	705
28.18216667	726
28.19441667	735
28.2064	719
28.21815	705
28.2292	663
28.24011667	655
28.25091667	648
28.26143333	631
28.2719	628
28.28221667	619
28.30285	0
28.31296667	607
28.3228	590
28.33265	591
28.34251667	592
28.35225	584
28.3619	579
28.37173333	590
28.38165	595
28.39183333	611
28.40208333	615
28.41255	628
28.42326667	643
28.43393333	640
28.44453333	636
28.45501667	629
28.46521667	612
28.47528333	604
28.48541667	608
28.4954	599
28.50553333	608
28.51635	649
28.52781667	688
28.53898333	670
28.55063333	699
28.56353333	774
28.57766667	848
28.59068333	781
28.60288333	732
28.61506667	731
28.62705	719
28.63853333	689
28.65016667	698
28.66186667	702
28.67358333	703
28.6854	709
28.69713333	704
28.70905	715
28.72095	714
28.73251667	694
28.74375	674
28.7552	687
28.76671667	691
28.77808333	682
28.78991667	710
28.80186667	717
28.81371667	711
28.82553333	709
28.8366	664
28.84761667	661
28.85861667	660
28.86951667	654
28.88036667	651
28.8917	680
28.90383333	728
28.91618333	741
28.92786667	701
28.93995	725
28.95205	726
28.96435	738
28.97638333	722
28.98786667	689
28.99961667	705
29.01098333	682
29.0222	673
29.03301667	649
29.04395	656
29.0546	639
29.06541667	649
29.07651667	666
29.08863333	727
29.1	682
29.11146667	688
29.12301667	693
29.13428333	676
29.14561667	680
29.15765	722
29.17	741
29.18238333	743
29.1942	709
29.206	708
29.21758333	695
29.22921667	698
29.24073333	691
29.25255	709
29.26453333	719
29.27623333	702
29.28806667	710
29.30025	731
29.31238333	728
29.3238	685
29.33545	699
29.34696667	691
29.35831667	681
29.36923333	655
29.37993333	642
29.39068333	645
29.4011	625
29.4116	630
29.42216667	634
29.43315	659
29.4445	681
29.45643333	716
29.46808333	699
29.48035	736
29.49258333	734
29.50513333	753
29.5173	730
29.52948333	731
29.5415	721
29.55356667	724
29.56495	683
29.57608333	668
29.5874	679
29.59835	657
29.60916667	649
29.62001667	651
29.63055	632
29.6412	639
29.65206667	652
29.66321667	669
29.67448333	676
29.68571667	674
29.69693333	673
29.70838333	687
29.7194	661
29.73056667	670
29.74196667	684
29.75348333	691
29.76535	712
29.77706667	703
29.78891667	711
29.79986667	657
29.81106667	672
29.82198333	655
29.83261667	638
29.84333333	643
29.85428333	657
29.86591667	698
29.87825	740
29.89065	744
29.91443333	0
29.9255	664
29.93666667	670
29.94753333	652
29.95831667	647
29.96916667	651
29.98011667	657
29.99145	680
30.00275	678
30.01385	666
30.02471667	652
30.0353	635
30.0456	618
30.056	624
30.06618333	611
30.07628333	606
30.08658333	618
30.09746667	653
30.10835	653
30.11921667	652
30.1298	635
30.14066667	652
30.15138333	643
30.16218333	648
30.17288333	642
30.18355	640
30.19423333	641
30.20491667	641
30.21555	638
30.22608333	632
30.23711667	662
30.2479	647
30.2587	648
30.2695	648
30.27995	627
30.29015	612
30.30043333	617
30.31058333	609
30.3207	607
30.33105	621
30.34145	624
30.35185	624
30.36215	618
30.37236667	613
30.38268333	619
30.39311667	626
30.40371667	636
30.41446667	645
30.42526667	648
30.43631667	663
30.44695	638
30.45756667	637
30.46833333	646
30.47946667	668
30.49013333	640
30.50066667	632
30.51113333	628
30.52138333	615
30.5317	619
30.54218333	629
30.55283333	639
30.5639	664
30.57538333	689
30.58695	694
30.59848333	692
30.61008333	696
30.62158333	690
30.63331667	704
30.6451	707
30.6566	690
30.66765	663
30.67865	660
30.68976667	667
30.70076667	660
30.71191667	669
30.72346667	693
30.73505	695
30.7463	675
30.75775	687
30.7689	669
30.77971667	649
30.7904	641
30.80086667	628
30.81126667	624
30.82173333	628
30.83195	613
30.84241667	628
30.853	635
30.86351667	631
30.87458333	664
30.88595	682
30.89776667	709
30.90925	689
30.92101667	706
30.93255	692
30.94433333	707
30.95676667	746
30.96916667	744
30.98121667	723
30.99311667	714
31.00443333	679
31.01558333	669
31.0268	673
31.03798333	671
31.04928333	678
31.06108333	708
31.07263333	693
31.08403333	684
31.09576667	704
31.10725	689
31.11881667	694
31.1309	725
31.143	726
31.15493333	716
31.16701667	725
31.17873333	703
31.18996667	674
31.20125	677
31.2122	657
31.22263333	626
31.23326667	638
31.24401667	645
31.25511667	666
31.2664	677
31.27776667	682
31.28923333	688
31.30056667	680
31.31165	665
31.3227	663
31.33403333	680
31.34541667	683
31.35698333	694
31.36883333	711
31.38081667	719
31.3929	725
31.40483333	716
31.41658333	705
31.42836667	707
31.44008333	703
31.45173333	699
31.46293333	672
31.47408333	669
31.48538333	678
31.49656667	671
31.50763333	664
31.519	682
31.5304	684
31.54186667	688
31.5533	686
31.565	702
31.57678333	707
31.5885	703
31.60001667	691
31.61168333	700
31.62321667	692
31.6344	671
31.64566667	676
31.65693333	676
31.66815	673
31.67931667	670
31.69116667	711
31.70315	719
31.71528333	728
31.72691667	698
31.73826667	681
31.74983333	694
31.76136667	692
31.77295	695
31.78426667	679
31.79558333	679
31.80701667	686
31.8186	695
31.83075	729
31.84276667	721
31.85453333	706
31.86643333	714
31.8779	688
31.88941667	691
31.90076667	681
31.91186667	666
31.92313333	676
31.9346	688
31.9463	702
31.95803333	704
31.97041667	743
31.9827	737
31.99463333	716
