0.013516667	811
0.027633333	847
0.041933333	858
0.0557	826
0.069216667	811
0.082933333	823
0.096066667	788
0.109783333	823
0.123633333	831
0.136533333	774
0.149916667	803
0.163466667	813
0.176933333	808
0.190583333	819
0.203733333	789
0.2165	766
0.22955	783
0.242783333	794
0.254983333	732
0.26765	760
0.280633333	779
0.294016667	803
0.306566667	753
0.319816667	795
0.333033333	793
0.345516667	749
0.3576	725
0.369983333	743
0.382116667	728
0.393533333	685
0.404766667	674
0.416	674
0.427683333	701
0.439416667	704
0.451366667	717
0.463233333	712
0.47465	685
0.4858	669
0.496566667	646
0.507466667	654
0.518133333	640
0.5293	670
0.54075	687
0.55275	720
0.56445	702
0.576566667	727
0.589416667	771
0.60235	776
0.615683333	800
0.629183333	810
0.662866667	0
0.674283333	685
0.685333333	663
0.696266667	656
0.708083333	709
0.7207	757
0.733516667	769
0.746583333	784
0.75915	754
0.771783333	758
0.784933333	789
0.798716667	827
0.812366667	819
0.825916667	813
0.839066667	789
0.851866667	768
0.863783333	715
0.8755	703
0.8873	708
0.89915	711
0.911433333	737
0.9239	748
0.936966667	784
0.950116667	789
0.9628	761
0.974833333	722
0.98665	709
0.998466667	709
1.010583333	727
1.022866667	737
1.034833333	718
1.046666667	710
1.0582	692
1.069766667	694
1.080133333	622
1.09075	637
1.101	615
1.111366667	622
1.1223	656
1.132916667	637
1.14365	644
1.155033333	683
1.167316667	737
1.179883333	754
1.192033333	729
1.20405	721
1.215466667	685
1.22755	725
1.240116667	754
1.25265	752
1.265383333	764
1.27865	796
1.290916667	736
1.30365	764
1.316433333	767
1.329283333	771
1.342133333	771
1.35525	787
1.36835	786
1.381533333	791
1.394583333	783
1.408133333	813
1.422133333	840
1.435416667	797
1.449033333	817
1.462533333	810
1.475783333	795
1.4896	829
1.50305	807
1.516583333	812
1.530183333	816
1.543066667	773
1.555916667	771
1.56885	776
1.58115	738
1.5938	759
1.60555	705
1.617783333	734
1.630166667	743
1.641683333	691
1.6537	721
1.6661	744
1.679016667	775
1.6915	749
1.704783333	797
1.718283333	810
1.7312	775
1.744316667	787
1.7575	791
1.7697	732
1.78255	771
1.7956	783
1.807216667	697
1.81955	740
1.832266667	763
1.845583333	799
1.858866667	797
1.872533333	820
1.886566667	842
1.900716667	849
1.914883333	850
1.928566667	821
1.942066667	810
1.955316667	795
1.96785	752
1.980366667	751
1.9929	752
2.005333333	746
2.01795	757
2.030116667	730
2.042583333	748
2.055616667	782
2.067183333	694
2.079666667	749
2.090933333	676
2.10235	685
2.11345	666
2.124283333	650
2.1355	673
2.146866667	682
2.158516667	699
2.170016667	690
2.18095	656
2.191933333	659
2.203516667	695
2.215366667	711
2.237216667	0
2.248183333	658
2.258883333	642
2.269133333	615
2.2795	622
2.2904	654
2.30275	741
2.3156	771
2.3288	792
2.341766667	778
2.3551	800
2.368766667	820
2.38265	833
2.395733333	785
2.409183333	807
2.4226	805
2.435716667	787
2.448633333	775
2.4609	736
2.472783333	713
2.48445	700
2.49565	672
2.50735	702
2.519883333	752
2.532933333	783
2.545966667	782
2.5582	734
2.569983333	707
2.582283333	738
2.595	763
2.607683333	761
2.620033333	741
2.632516667	749
2.6447	731
2.656766667	724
2.6689	728
2.681033333	728
2.693383333	741
2.705233333	711
2.717583333	741
2.729566667	719
2.742333333	766
2.75565	799
2.768166667	751
2.781233333	784
2.794416667	791
2.80685	746
2.819283333	746
2.831416667	728
2.842633333	673
2.853966667	680
2.864933333	658
2.875983333	663
2.887233333	675
2.898933333	702
2.9103	682
2.922383333	725
2.934933333	753
2.948016667	785
2.960933333	775
2.973566667	758
2.986083333	751
2.999216667	788
3.012683333	808
3.025633333	777
3.038366667	764
3.05085	749
3.063033333	731
3.075016667	719
3.086833333	709
3.0983	688
3.1092	654
3.120133333	656
3.130816667	641
3.1419	665
3.153283333	683
3.165166667	713
3.176416667	675
3.188766667	741
3.20215	803
3.21545	798
3.228216667	766
3.242083333	832
3.256583333	870
3.270366667	827
3.283916667	813
3.297633333	823
3.3113	820
3.324533333	794
3.337833333	798
3.351033333	792
3.36385	769
3.375983333	728
3.388766667	767
3.401516667	765
3.4137	731
3.426233333	752
3.439383333	789
3.452433333	783
3.465116667	761
3.478166667	783
3.491216667	783
3.503483333	736
3.51655	784
3.529866667	799
3.54215	737
3.5549	765
3.566966667	724
3.578633333	700
3.590116667	689
3.600916667	648
3.612116667	672
3.623533333	685
3.63485	679
3.6458	657
3.657066667	676
3.6687	698
3.680433333	704
3.692366667	716
3.703966667	696
3.7159	716
3.728	726
3.73975	705
3.751766667	721
3.76395	731
3.775266667	679
3.7867	686
3.798616667	715
3.81085	734
3.8221	675
3.8335	684
3.845016667	691
3.8563	677
3.867683333	683
3.879083333	684
3.890716667	698
3.902166667	687
3.913833333	700
3.925	670
3.936266667	676
3.947533333	676
3.958366667	650
3.969466667	666
3.980466667	660
3.99165	671
4.002716667	664
4.013133333	625
4.042316667	0
4.052933333	637
4.064466667	692
4.076716667	735
4.0891	743
4.101233333	728
4.11295	703
4.124416667	688
4.135633333	673
4.146066667	626
4.156683333	637
4.1673	637
4.17825	657
4.18995	702
4.202033333	725
4.21425	733
4.227016667	766
4.240116667	786
4.253216667	786
4.26625	782
4.279233333	779
4.291966667	764
4.304316667	741
4.31655	734
4.32885	738
4.34105	732
4.352816667	706
4.36465	710
4.376633333	719
4.387983333	681
4.399766667	707
4.41185	725
4.423366667	691
4.435483333	727
4.447433333	717
4.45875	679
4.470366667	697
4.4817	680
4.492883333	671
4.504316667	686
4.515316667	660
4.526333333	661
4.537133333	648
4.5481	658
4.5592	666
4.5706	684
4.581783333	671
4.593016667	674
4.604516667	690
4.615883333	682
4.627483333	696
4.63885	682
4.650633333	707
4.6626	718
4.674166667	694
4.685866667	702
4.697033333	670
4.70865	697
4.720333333	701
4.731533333	672
4.7427	670
4.754283333	695
4.766266667	719
4.778566667	738
4.790933333	742
4.803066667	728
4.814566667	690
4.825766667	672
4.836633333	652
4.84705	625
4.85775	642
4.868883333	668
4.880416667	692
4.892166667	705
4.904466667	738
4.917066667	756
4.929466667	744
4.941933333	748
4.952866667	656
4.9647	710
4.975533333	650
4.986733333	672
4.9986	712
5.010766667	730
5.023066667	738
5.03555	749
5.047916667	742
5.0602	737
5.071533333	680
5.082633333	666
5.09345	649
5.103383333	596
5.1135	607
5.12375	615
5.133733333	599
5.143733333	600
5.153733333	600
5.164116667	623
5.174683333	634
5.185966667	677
5.1972	674
5.208866667	700
5.220283333	685
5.232683333	744
5.245	739
5.256633333	698
5.267316667	641
5.278316667	660
5.288966667	639
5.299916667	657
5.310666667	645
5.321666667	660
5.333233333	694
5.345333333	726
5.357633333	738
5.369416667	707
5.381016667	696
5.392416667	684
5.403566667	669
5.4149	680
5.42585	657
5.436183333	620
5.44665	628
5.45715	630
5.467883333	644
5.478516667	638
5.49015	698
5.501166667	661
5.513416667	735
5.525833333	745
5.537333333	690
5.548733333	684
5.5597	658
5.570233333	632
5.580983333	645
5.592283333	678
5.603733333	687
5.6148	664
5.625783333	659
5.636916667	668
5.648783333	712
5.660883333	726
5.673116667	734
5.684933333	709
5.696783333	711
5.709116667	740
5.721266667	729
5.73335	725
5.746016667	760
5.758166667	729
5.771083333	775
5.784866667	827
5.797283333	745
5.810433333	789
5.824266667	830
5.838683333	865
5.851616667	776
5.8654	827
5.879383333	839
5.892583333	792
5.9052	757
5.918583333	803
5.9322	817
5.945316667	787
5.959033333	823
5.9724	802
5.985616667	793
5.998616667	780
6.011716667	786
6.024583333	772
6.036683333	726
6.049333333	759
6.06125	715
6.07365	744
6.0867	783
6.099816667	787
6.112816667	780
6.126066667	795
6.138866667	768
6.15195	785
6.165133333	791
6.178633333	810
6.191533333	774
6.20475	793
6.217466667	763
6.229833333	742
6.241	670
6.25265	699
6.264816667	730
6.2778	779
6.291516667	823
6.30545	836
6.319483333	842
6.3318	739
6.34455	765
6.357933333	803
6.3713	802
6.384333333	782
6.3962	712
6.40825	723
6.420566667	739
6.4321	692
6.444133333	722
6.456233333	726
6.467766667	692
6.48	734
6.492516667	751
6.504083333	694
6.51635	736
6.5289	753
6.541816667	775
6.554683333	772
6.5661	685
6.577583333	689
6.589316667	704
6.601416667	726
6.612966667	693
6.62485	713
6.6368	717
6.649933333	788
6.662233333	738
6.67385	697
6.685283333	686
6.6967	685
6.708366667	700
6.720083333	703
6.731716667	698
6.742616667	654
6.753983333	682
6.765516667	692
6.7761	635
6.78635	615
6.797166667	649
6.808783333	697
6.821216667	746
6.833433333	733
6.844733333	678
6.857466667	764
6.871416667	837
6.884933333	811
6.89815	793
6.912083333	836
6.9263	853
6.940266667	838
6.9533	782
6.96655	795
6.980033333	809
6.993833333	828
7.007383333	813
7.0212	829
7.034983333	827
7.04835	802
7.072583333	0
7.116966667	0
7.13925	0
7.1505	675
7.162416667	715
7.173733333	679
7.18625	751
7.199233333	779
7.211833333	756
7.223383333	693
7.23545	724
7.248333333	773
7.260666667	740
7.27375	785
7.28575	720
7.298966667	793
7.311016667	723
7.323616667	756
7.336733333	787
7.348633333	714
7.361016667	743
7.3743	797
7.3863	720
7.399733333	806
7.412533333	768
7.423883333	681
7.4368	775
7.4488	720
7.460133333	680
7.471916667	707
7.483266667	681
7.493966667	642
7.505833333	712
7.517716667	713
7.528616667	654
7.540983333	742
7.552966667	719
7.565183333	733
7.57785	760
7.588933333	665
7.601116667	731
7.61285	704
7.623533333	641
7.634133333	636
7.64535	673
7.656916667	694
7.66775	650
7.678233333	629
7.68995	703
7.70165	702
7.71255	654
7.724233333	701
7.73595	703
7.747983333	722
7.760833333	771
7.7722	682
7.7841	714
7.796883333	767
7.808683333	708
7.8211	745
7.833	714
7.8447	702
7.8573	756
7.868366667	664
7.880133333	706
7.891483333	681
7.902266667	647
7.914533333	736
7.92665	727
7.937	621
7.947733333	644
7.95915	685
7.969666667	631
7.980033333	622
7.990666667	638
8.0018	668
8.01285	663
8.023983333	668
8.036	721
8.0475	690
8.059483333	719
8.070883333	684
8.08255	700
8.0945	717
8.106466667	718
8.117816667	681
8.130633333	769
8.143233333	756
8.15425	661
8.166416667	730
8.178216667	708
8.18895	644
8.200583333	698
8.211666667	665
8.222233333	634
8.232566667	620
8.243566667	660
8.254833333	676
8.265366667	632
8.276383333	661
8.288016667	698
8.2997	701
8.311033333	680
8.323333333	738
8.33505	703
8.345983333	656
8.357416667	686
8.36955	728
8.380483333	656
8.392283333	708
8.4036	679
8.4145	654
8.4263	708
8.436783333	629
8.447616667	650
8.458666667	663
8.46885	611
8.479566667	643
8.490833333	676
8.501266667	626
8.521366667	0
8.5316	614
8.54215	633
8.554233333	725
8.567083333	771
8.578616667	692
8.590233333	697
8.60255	739
8.615016667	748
8.626983333	718
8.638633333	699
8.660283333	0
8.671083333	648
8.6811	601
8.691716667	637
8.70255	650
8.71255	600
8.723016667	628
8.73405	662
8.7442	609
8.755066667	652
8.766216667	669
8.776916667	642
8.787533333	637
8.7995	718
8.811816667	739
8.822733333	655
8.834716667	719
8.847216667	750
8.858433333	673
8.870566667	728
8.883316667	765
8.894866667	693
8.90775	773
8.921316667	814
8.932766667	687
8.945716667	777
8.957966667	735
8.969366667	684
8.981733333	742
8.993333333	696
9.004183333	651
9.016183333	720
9.027916667	704
9.03845	632
9.050116667	700
9.061633333	691
9.07275	667
9.085366667	757
9.09635	659
9.1081	705
9.119733333	698
9.130916667	671
9.142283333	682
9.1547	745
9.1662	690
9.1777	690
9.189	678
9.199483333	629
9.2103	649
9.22045	609
9.2309	627
9.240616667	583
9.250616667	600
9.2603	581
9.269783333	569
9.279666667	593
9.289216667	573
9.299116667	594
9.309533333	625
9.319533333	600
9.329533333	600
9.339366667	590
9.349166667	588
9.359083333	595
9.3687	577
9.378466667	586
9.388166667	582
9.39755	563
9.407016667	568
9.416266667	555
9.425516667	555
9.434716667	552
9.443733333	541
9.453	556
9.46225	555
9.471316667	544
9.48055	554
9.48965	546
9.49875	546
9.507833333	545
9.5169	544
9.526266667	562
9.535483333	553
9.544666667	551
9.553916667	555
9.562966667	543
9.572216667	555
9.581333333	547
9.59045	547
9.599583333	548
9.608783333	552
9.6177	535
9.626716667	541
9.635716667	540
9.645133333	565
9.65425	547
9.663066667	529
9.67205	539
9.680983333	536
9.690016667	542
9.6991	545
9.707933333	530
9.71675	529
9.725633333	533
9.734533333	534
9.743116667	515
9.751966667	531
9.760733333	526
9.76935	517
9.778183333	530
9.7872	541
9.796083333	533
9.804866667	527
9.813866667	540
9.8228	536
9.831566667	526
9.840583333	541
9.84945	532
9.858183333	524
9.867	529
9.875866667	532
9.88465	527
9.893216667	514
9.90185	518
9.910516667	520
9.9191	515
9.927566667	508
9.936233333	520
9.944966667	524
9.9534	506
9.961883333	509
9.97045	514
9.978866667	505
9.98715	497
9.99555	504
10.00395	504
10.01223333	497
10.02041667	491
10.02876667	501
10.03706667	498
10.04525	491
10.05351667	496
10.0619	503
10.07026667	502
10.07848333	493
10.08686667	503
10.09528333	505
10.10365	502
10.11183333	491
10.12016667	500
10.1285	500
10.13668333	491
10.14483333	489
10.15308333	495
10.1612	487
10.16926667	484
10.17733333	484
10.1854	484
10.1935	486
10.20146667	478
10.20955	485
10.21771667	490
10.22581667	486
10.23381667	480
10.24191667	486
10.2501	491
10.25815	483
10.26603333	473
10.2741	484
10.29005	0
10.29788333	470
10.30575	472
10.31361667	472
10.3215	473
10.3293	468
10.33703333	464
10.34483333	468
10.35265	469
10.36045	468
10.36811667	460
10.3758	461
10.38355	465
10.39128333	464
10.39901667	464
10.40671667	462
10.41456667	471
10.4225	476
10.43028333	467
10.438	463
10.44595	477
10.45393333	479
10.46178333	471
10.4696	469
10.47768333	485
10.48565	478
10.49345	468
10.50138333	476
10.50936667	479
10.51725	473
10.525	465
10.53283333	470
10.54068333	471
10.54851667	470
10.55623333	463
10.56391667	461
10.5717	467
10.57953333	470
10.58715	457
10.59483333	461
10.60258333	465
10.6104	469
10.61816667	466
10.62576667	456
10.63346667	462
10.64136667	474
10.64908333	463
10.65676667	461
10.66458333	469
10.67245	472
10.6804	477
10.68808333	461
10.69598333	474
10.70386667	473
10.7118	476
10.71958333	467
10.7273	463
10.73516667	472
10.74315	479
10.75093333	467
10.75858333	459
10.76641667	470
10.77428333	472
10.78206667	467
10.78973333	460
10.79751667	467
10.80538333	472
10.81303333	459
10.8207	460
10.82841667	463
10.83615	464
10.84376667	457
10.85131667	453
10.85891667	456
10.86655	458
10.87426667	463
10.88183333	454
10.88948333	459
10.89718333	462
10.90495	466
10.91258333	458
10.9201	451
10.92773333	458
10.93543333	462
10.94308333	459
10.95056667	449
10.958	446
10.96555	453
10.97315	456
10.98063333	449
10.98808333	447
10.99558333	450
11.00325	460
11.01075	450
11.01815	444
11.02571667	454
11.03336667	459
11.04101667	459
11.04858333	454
11.05621667	458
11.06393333	463
11.07155	457
11.07911667	454
11.08678333	460
11.09451667	464
11.10206667	453
11.10958333	451
11.11721667	458
11.12485	458
11.13233333	449
11.13973333	444
11.14726667	452
11.15476667	450
11.16206667	438
11.16936667	438
11.1767	440
11.18413333	446
11.1914	436
11.19871667	439
11.20601667	438
11.2134	443
11.22063333	434
11.22796667	440
11.23536667	444
11.2428	446
11.25016667	442
11.25751667	441
11.26498333	448
11.2725	451
11.27993333	446
11.28726667	440
11.29475	449
11.30228333	452
11.3097	445
11.31701667	439
11.32445	446
11.33181667	442
11.33931667	450
11.34653333	433
11.3538	436
11.36115	441
11.36856667	445
11.37576667	432
11.38305	437
11.39045	444
11.39781667	442
11.40506667	435
11.41233333	436
11.41968333	441
11.42711667	446
11.43455	446
11.44178333	434
11.44915	442
11.45651667	442
11.46393333	445
11.47136667	446
11.47863333	436
11.4861	448
11.49365	453
11.50101667	442
11.50835	440
11.51583333	449
11.52336667	452
11.53073333	442
11.538	436
11.54538333	443
11.55288333	450
11.56038333	450
11.5677	439
11.57508333	443
11.58255	448
11.59006667	451
11.5974	440
11.60473333	440
11.61221667	449
11.6197	449
11.62696667	436
11.63433333	442
11.64178333	447
11.64931667	452
11.6566	437
11.66401667	445
11.67138333	442
11.67888333	450
11.68623333	441
11.6936	442
11.70113333	452
11.70868333	453
11.71595	436
11.72345	450
11.73085	444
11.7384	453
11.7458	444
11.7531	438
11.76055	447
11.76806667	451
11.77551667	447
11.78281667	438
11.79015	440
11.79755	444
11.80491667	442
11.81941667	0
11.82678333	442
11.83413333	441
11.84136667	434
11.8487	440
11.85603333	440
11.86335	439
11.87055	432
11.87771667	430
11.8851	443
11.8924	438
11.8997	438
11.90685	429
11.91413333	437
11.92146667	440
11.92885	443
11.93601667	430
11.94328333	436
11.95063333	441
11.95798333	441
11.96516667	431
11.97235	431
11.97966667	439
11.98696667	438
11.99431667	441
12.00156667	435
12.00871667	429
12.01605	440
12.02325	432
12.03056667	439
12.03788333	439
12.04531667	446
12.05285	452
12.06023333	443
12.06751667	437
12.07488333	442
12.0823	445
12.08991667	457
12.09751667	456
12.10495	446
12.11226667	439
12.11966667	444
12.12703333	442
12.13438333	441
12.14176667	443
12.14911667	441
12.15661667	450
12.16396667	441
12.17136667	444
12.17856667	432
12.18578333	433
12.19308333	438
12.20048333	444
12.2078	439
12.21491667	427
12.22206667	429
12.22941667	441
12.23688333	448
12.24425	442
12.2515	435
12.2588	438
12.26621667	445
12.27361667	444
12.28086667	435
12.28793333	424
12.2953	442
12.3027	444
12.31001667	439
12.3171	425
12.3244	438
12.3318	444
12.33903333	434
12.34621667	431
12.35353333	439
12.36088333	441
12.36816667	437
12.37535	431
12.38268333	440
12.39006667	443
12.39736667	438
12.40466667	438
12.41216667	450
12.4198	458
12.42705	435
12.43461667	454
12.44225	458
12.44976667	451
12.45708333	439
12.46456667	449
12.47205	449
12.47933333	437
12.48663333	438
12.49405	445
12.50155	450
12.50885	438
12.5162	441
12.52368333	449
12.5312	451
12.53843333	434
12.54581667	443
12.55325	446
12.56081667	454
12.56806667	435
12.57543333	442
12.58291667	449
12.59033333	445
12.59758333	435
12.60493333	441
12.61235	445
12.61988333	452
12.6271	433
12.6343	432
12.64163333	440
12.649	442
12.6565	450
12.66378333	437
12.67103333	435
12.67831667	437
12.68571667	444
12.6932	449
12.70068333	449
12.70818333	450
12.71551667	440
12.72286667	441
12.73023333	442
12.7377	448
12.74518333	449
12.75246667	437
12.75966667	432
12.76706667	444
12.7745	446
12.78201667	451
12.7892	431
12.79641667	433
12.8037	437
12.81106667	442
12.81846667	444
12.82586667	444
12.8333	446
12.84056667	436
12.84781667	435
12.8552	443
12.86255	441
12.86998333	446
12.87726667	437
12.88438333	427
12.89165	436
12.899	441
12.90625	435
12.9133	423
12.92036667	424
12.92758333	433
12.93485	436
12.94195	426
12.94891667	418
12.95605	428
12.96321667	430
12.97036667	429
12.97736667	420
12.98448333	427
12.99166667	431
12.9987	422
13.0057	420
13.01283333	428
13.02001667	431
13.0272	431
13.03423333	422
13.04133333	426
13.0485	430
13.05571667	433
13.06276667	423
13.06978333	421
13.07701667	434
13.08425	434
13.09141667	430
13.09841667	420
13.1056	431
13.11275	429
13.11996667	433
13.12701667	423
13.13411667	426
13.14135	434
13.14858333	434
13.15563333	423
13.16276667	428
13.1699	428
13.17715	435
13.18421667	424
13.19136667	429
13.19851667	429
13.2056	425
13.2126	420
13.21975	429
13.22695	432
13.23395	420
13.24106667	427
13.24831667	435
13.2625	0
13.26975	435
13.2771	441
13.28418333	425
13.29128333	426
13.29866667	443
13.30606667	444
13.3132	428
13.3205	438
13.32791667	445
13.33508333	430
13.3423	433
13.3496	438
13.357	444
13.36425	435
13.37135	426
13.37866667	439
13.38595	437
13.3931	429
13.40045	441
13.40783333	443
13.41503333	432
13.42231667	437
13.42978333	448
13.43696667	431
13.44418333	433
13.45165	448
13.45908333	446
13.46616667	425
13.4734	434
13.48081667	445
13.48823333	445
13.50251667	0
13.50993333	445
13.5174	448
13.52463333	434
13.53185	433
13.53931667	448
13.54671667	444
13.55391667	432
13.56116667	435
13.5686	446
13.57593333	440
13.58313333	432
13.59048333	441
13.59788333	444
13.60506667	431
13.6124	440
13.61991667	451
13.62731667	444
13.6346	437
13.64206667	448
13.64956667	450
13.6567	428
13.66395	435
13.67128333	440
13.6786	439
13.68566667	424
13.69286667	432
13.7001	434
13.70738333	437
13.71443333	423
13.72165	433
13.72888333	434
13.73595	424
13.74298333	422
13.75026667	437
13.75753333	436
13.76456667	422
13.7719	440
13.7792	438
13.78635	429
13.79356667	433
13.80093333	442
13.8083	442
13.81545	429
13.8228	441
13.83013333	440
13.83748333	441
13.84455	424
13.8519	441
13.85921667	439
13.86636667	429
13.87348333	427
13.88078333	438
13.88808333	438
13.89518333	426
13.90251667	440
13.90988333	442
13.91703333	429
13.92425	433
13.93168333	446
13.9389	433
13.94605	429
13.9534	441
13.9606	432
13.96766667	424
13.97495	437
13.98216667	433
13.98923333	424
13.99626667	422
14.00346667	432
14.01061667	429
14.01753333	415
14.02471667	431
14.03188333	430
14.0388	415
14.04578333	419
14.05283333	423
14.05993333	426
14.06681667	413
14.07366667	411
14.08096667	438
14.08791667	417
14.09488333	418
14.10195	424
14.1091	429
14.11606667	418
14.1231	422
14.13025	429
14.14438333	0
14.15145	424
14.15866667	433
14.16575	425
14.17988333	0
14.18703333	429
14.19416667	428
14.20121667	423
14.20821667	420
14.21538333	430
14.22251667	428
14.22961667	426
14.23646667	411
14.2436	428
14.25073333	428
14.25776667	422
14.26465	413
14.2717	423
14.27875	423
14.28568333	416
14.29265	418
14.29973333	425
14.30678333	423
14.31368333	414
14.32078333	426
14.32795	430
14.33495	420
14.34191667	418
14.34896667	423
14.3561	428
14.363	414
14.37001667	421
14.37711667	426
14.38416667	423
14.39108333	415
14.39816667	425
14.40536667	432
14.41235	419
14.41941667	424
14.4266	431
14.43373333	428
14.4408	424
14.44788333	425
14.45503333	429
14.45731667	0
14.46215	0
14.46916667	421
14.4763	428
14.4835	432
14.49046667	418
14.4975	422
14.50471667	433
14.51893333	0
14.52596667	422
14.53316667	432
14.5404	434
14.54751667	427
14.55453333	421
14.56185	439
14.57618333	0
14.58326667	425
14.59048333	433
14.59771667	434
14.60475	422
14.61191667	430
14.61913333	433
14.6262	424
14.63326667	424
14.64045	431
14.64766667	433
14.65471667	423
14.6617	419
14.66885	429
14.67596667	427
14.6829	416
14.68995	423
14.69706667	427
14.70408333	421
14.71106667	419
14.71818333	427
14.72543333	435
14.73248333	423
14.73965	430
14.7469	435
14.75406667	430
14.76115	425
14.76838333	434
14.7756	433
14.78266667	424
14.78981667	429
14.79698333	430
14.8042	433
14.81125	423
14.81835	426
14.82555	432
14.83265	426
14.8396	417
14.84668333	425
14.85376667	425
14.86081667	423
14.86768333	412
14.8747	421
14.8818	426
14.88873333	416
14.89563333	414
14.90265	421
14.90965	420
14.9165	411
14.9235	420
14.93053333	422
14.93741667	413
14.94423333	409
14.9512	418
14.95821667	421
14.96503333	409
14.97281667	467
14.97893333	367
14.9859	418
14.99271667	409
14.99966667	417
15.00668333	421
15.0136	415
15.02045	411
15.02746667	421
15.03448333	421
15.04135	412
15.04831667	418
15.05533333	421
15.06235	421
15.06923333	413
15.07613333	414
15.08298333	411
15.09001667	422
15.09686667	411
15.1037	410
15.11065	417
15.11761667	418
15.12441667	408
15.13135	416
15.13825	414
15.14513333	413
15.15183333	402
15.15878333	417
15.16563333	411
15.18615	0
15.19306667	415
15.19978333	403
15.20663333	411
15.21355	415
15.22045	414
15.2272	405
15.2341	414
15.24101667	415
15.24783333	409
15.25455	403
15.26145	414
15.26831667	412
15.27518333	412
15.28873333	0
15.2956	412
15.30928333	0
15.3161	409
15.32305	417
15.32988333	410
15.33665	406
15.34351667	412
15.35038333	412
15.35725	412
15.36396667	403
15.3708	410
15.37773333	416
15.38461667	413
15.39138333	406
15.39835	418
15.40526667	415
15.41216667	414
15.41898333	409
15.42595	418
15.43288333	416
15.43973333	411
15.44661667	413
15.45356667	417
15.46053333	418
15.47423333	0
15.48115	415
15.48806667	415
15.49483333	406
15.50173333	414
15.50873333	420
15.51558333	411
15.5294	0
15.53641667	421
15.5433	413
15.5503	420
15.55738333	425
15.5642	409
15.57111667	415
15.57818333	424
15.58505	412
15.5919	411
15.59888333	419
15.6059	421
15.61278333	413
15.6197	415
15.62675	423
15.63378333	422
15.6407	415
15.64773333	422
15.65478333	423
15.66171667	416
15.66855	410
15.6756	423
15.68266667	424
15.68955	413
15.70351667	0
15.71056667	423
15.71753333	418
15.72461667	425
15.73185	434
15.73891667	424
15.74605	428
15.75328333	434
15.7606	439
15.76761667	421
15.77478333	430
15.78198333	432
15.78916667	431
15.79613333	418
15.80326667	428
15.81046667	432
15.81758333	427
15.82463333	423
15.83175	427
15.83893333	431
15.84595	421
15.85293333	419
15.86	424
15.86711667	427
15.8741	419
15.881	414
15.88813333	428
15.89526667	428
15.90238333	427
15.90945	424
15.91645	420
15.92358333	428
15.93083333	435
15.93801667	431
15.9451	425
15.95221667	427
15.95943333	433
15.96661667	431
15.97366667	423
15.98071667	423
15.98785	428
15.99503333	431
16.00205	421
16.00901667	418
16.01616667	429
16.02331667	429
16.03023333	415
16.03725	421
16.04435	426
16.05143333	425
16.05836667	416
16.06536667	420
16.07243333	424
16.07943333	420
16.08635	415
16.09326667	415
16.10026667	420
16.1073	422
16.11415	411
16.121	411
16.12796667	418
16.13496667	420
16.1418	410
16.14876667	418
16.1557	416
16.16275	423
16.16963333	413
16.1765	412
16.18356667	424
16.1906	422
16.19755	417
16.2044	411
16.21143333	422
16.2185	424
16.22546667	418
16.23238333	415
16.23946667	425
16.24648333	421
16.2534	415
16.26043333	422
16.26753333	426
16.27445	415
16.28131667	412
16.2884	425
16.29541667	421
16.30233333	415
16.30935	421
16.31638333	422
16.32333333	417
16.33026667	416
16.33731667	423
16.3444	425
16.35133333	416
16.35821667	413
16.3653	425
16.37233333	422
16.37925	415
16.38616667	415
16.39325	425
16.40025	420
16.40711667	412
16.4141	419
16.42111667	421
16.42796667	411
16.43488333	415
16.44183333	417
16.44885	421
16.45566667	409
16.46265	419
16.47053333	473
16.47655	361
16.48338333	410
16.49031667	416
16.49735	422
16.50416667	409
16.51101667	411
16.51803333	421
16.52491667	413
16.53173333	409
16.53865	415
16.5456	417
16.55241667	409
16.55918333	406
16.56608333	414
16.57296667	413
16.57978333	409
16.5866	409
16.59355	417
16.60046667	415
16.60726667	408
16.6141	410
16.62103333	416
16.628	418
16.635	420
16.64205	423
16.64906667	421
16.65595	413
16.66291667	418
16.66996667	423
16.6769	416
16.68376667	412
16.69071667	417
16.69765	416
16.70451667	412
16.71135	410
16.71828333	416
16.72518333	414
16.73203333	411
16.7389	412
16.7458	414
16.75273333	416
16.75961667	413
16.76643333	409
16.77336667	416
16.78033333	418
16.78723333	414
16.79415	415
16.80115	420
16.80815	420
16.81503333	413
16.82203333	420
16.82995	475
16.83603333	365
16.84296667	416
16.84996667	420
16.85703333	424
16.864	418
16.87096667	418
16.87798333	421
16.88495	418
16.89188333	416
16.89885	418
16.90595	426
16.91301667	424
16.91995	416
16.92701667	424
16.93418333	430
16.94126667	425
16.9483	422
16.9553	420
16.96226667	418
16.96943333	430
16.9765	424
16.98365	429
16.99073333	425
16.99778333	423
17.00466667	413
17.01155	413
17.01853333	419
17.0255	418
17.0324	414
17.03923333	410
17.04596667	404
17.05283333	412
17.05971667	413
17.0665	407
17.07996667	0
17.0868	410
17.09356667	406
17.10026667	402
17.107	404
17.1138	408
17.12056667	406
17.12721667	399
17.1339	401
17.14068333	407
17.14731667	398
17.15386667	393
17.16055	401
17.16725	402
17.17383333	395
17.18043333	396
17.18718333	405
17.19393333	405
17.20056667	398
17.2072	398
17.214	408
17.22076667	406
17.22753333	406
17.23425	403
17.24106667	409
17.24798333	415
17.25476667	407
17.26153333	406
17.26841667	413
17.27528333	412
17.28208333	408
17.28891667	410
17.29581667	414
17.30271667	414
17.3095	407
17.31633333	410
17.32331667	419
17.3302	413
17.33703333	410
17.34396667	416
17.35088333	415
17.35776667	413
17.36463333	412
17.37153333	414
17.37843333	414
17.3852	406
17.39208333	413
17.39903333	417
17.40573333	402
17.41266667	416
17.41956667	414
17.42638333	409
17.43316667	407
17.44005	413
17.44691667	412
17.45366667	405
17.46055	413
17.46736667	409
17.47421667	411
17.48091667	402
17.4877	407
17.49456667	412
17.50125	401
17.51481667	0
17.52163333	409
17.5283	400
17.5351	408
17.54191667	409
17.54868333	406
17.5553	397
17.56218333	413
17.56898333	408
17.57566667	401
17.5824	404
17.58911667	403
17.59588333	406
17.60255	400
17.60936667	409
17.61618333	409
17.62293333	405
17.62956667	398
17.63636667	408
17.64315	407
17.64981667	400
17.65651667	402
17.66328333	406
17.66995	400
17.67658333	398
17.6833	403
17.6901	408
17.69675	399
17.70343333	401
17.71013333	402
17.7169	406
17.72351667	397
17.73031667	408
17.7371	407
17.74376667	400
17.75051667	405
17.75731667	408
17.764	401
17.77071667	403
17.77755	410
17.78436667	409
17.791	398
17.79791667	415
17.81833333	0
17.82523333	414
17.84551667	0
17.85225	404
17.8589	399
17.86566667	406
17.87243333	406
17.87893333	390
17.88558333	399
17.8923	403
17.89896667	400
17.90553333	394
17.91218333	399
17.91886667	401
17.9256	404
17.9322	396
17.93883333	398
17.94565	409
17.95245	408
17.95913333	401
17.96593333	408
17.97271667	407
17.97943333	403
17.98608333	399
17.9928	403
17.9996	408
18.00628333	401
18.01288333	396
18.01963333	405
18.02641667	407
18.03306667	399
18.03966667	396
18.04643333	406
18.05318333	405
18.05983333	399
18.06641667	395
18.07321667	408
18.08001667	408
18.08665	398
18.09335	402
18.10013333	407
18.10688333	405
18.11351667	398
18.12023333	403
18.12701667	407
18.1336	395
18.14025	399
18.14695	402
18.15366667	403
18.16028333	397
18.16703333	405
18.17383333	408
18.1805	400
18.19398333	0
18.20085	412
18.2075	399
18.2143	408
18.22111667	409
18.22786667	405
18.23455	401
18.24138333	410
18.24818333	408
18.25485	400
18.26175	414
18.26868333	416
18.27538333	402
18.28228333	414
18.28915	412
18.29591667	406
18.30261667	402
18.3094	407
18.31621667	409
18.323	407
18.32958333	395
18.33625	400
18.34305	408
18.34985	408
18.35658333	404
18.3632	397
18.37	408
18.37678333	407
18.38346667	401
18.39008333	397
18.39686667	407
18.40365	407
18.41025	396
18.41698333	404
18.42376667	407
18.43036667	396
18.43695	395
18.44363333	401
18.45031667	401
18.45688333	394
18.46358333	402
18.47113333	453
18.47686667	344
18.49008333	0
18.49675	400
18.50331667	394
18.50991667	396
18.51651667	396
18.52318333	400
18.52968333	390
18.53638333	402
18.54303333	399
18.54963333	396
18.55626667	398
18.56295	401
18.5696	399
18.57615	393
18.58273333	395
18.58941667	401
18.59611667	402
18.60271667	396
18.60938333	400
18.61613333	405
18.62285	403
18.62946667	397
18.63618333	403
18.64295	406
18.64966667	403
18.6562	392
18.66286667	400
18.66956667	402
18.6762	398
18.68276667	394
18.68936667	396
18.69598333	397
18.70263333	399
18.7157	0
18.72235	399
18.72896667	397
18.7355	392
18.74196667	388
18.74853333	394
18.75521667	401
18.76186667	399
18.7686	404
18.77533333	404
18.78211667	407
18.7888	401
18.79546667	400
18.80228333	409
18.80911667	410
18.81596667	411
18.82268333	403
18.82951667	410
18.83636667	411
18.84316667	408
18.84991667	405
18.85676667	411
18.86365	413
18.87045	408
18.88406667	0
18.89091667	411
18.89768333	406
18.90451667	410
18.91136667	411
18.91818333	409
18.92485	400
18.93163333	407
18.9385	412
18.94526667	406
18.95195	401
18.9587	405
18.96548333	407
18.9723	409
18.97903333	404
18.98563333	396
18.99236667	404
18.99913333	406
19.00576667	398
19.01906667	0
19.02581667	405
19.03901667	0
19.04565	398
19.05238333	404
19.05891667	392
19.06558333	400
19.07233333	405
19.07903333	402
19.08566667	398
19.09238333	403
19.09915	406
19.10578333	398
19.11245	400
19.11923333	407
19.12598333	405
19.1328	409
19.13955	405
19.14621667	400
19.15308333	412
19.15993333	411
19.16686667	416
19.17378333	415
19.18053333	405
19.18738333	411
19.19435	418
19.20125	414
19.20798333	404
19.21488333	414
19.22176667	413
19.22851667	405
19.2352	401
19.24198333	407
19.24878333	408
19.25558333	408
19.26211667	392
19.26883333	403
19.27555	403
19.28225	402
19.28971667	448
19.29548333	346
19.30218333	402
19.30875	394
19.31535	396
19.322	399
19.32866667	400
19.33521667	393
19.34181667	396
19.34853333	403
19.35506667	392
19.3616	392
19.36823333	398
19.3749	400
19.38146667	394
19.38806667	396
19.39468333	397
19.4014	403
19.40885	447
19.4146	345
19.42128333	401
19.42788333	396
19.44103333	0
19.44768333	399
19.45421667	392
19.46166667	447
19.46738333	343
19.47416667	407
19.48075	395
19.48733333	395
19.49403333	402
19.50076667	404
19.5075	404
19.51415	399
19.52088333	404
19.52771667	410
19.5345	407
19.5412	402
19.54801667	409
19.5548	407
19.56158333	407
19.56828333	402
19.57495	400
19.58175	408
19.58858333	410
19.59536667	407
19.60206667	402
19.6087	398
19.61565	417
19.62253333	413
19.62933333	408
19.63606667	404
19.64288333	409
19.64978333	414
19.65661667	410
19.66331667	402
19.67015	410
19.67698333	410
19.68376667	407
19.69038333	397
19.6972	409
19.70398333	407
19.71063333	399
19.71725	397
19.724	405
19.73068333	401
19.7373	397
19.74398333	401
19.75068333	402
19.75733333	399
19.76391667	395
19.7706	401
19.77733333	404
19.78408333	405
19.79078333	402
19.79743333	399
19.80418333	405
19.81101667	410
19.81781667	408
19.82448333	400
19.83125	406
19.83811667	412
19.84486667	405
19.85161667	405
19.85833333	403
19.87203333	0
19.87893333	414
19.88568333	405
19.89248333	408
19.89936667	413
19.90628333	415
19.91325	418
19.92018333	416
19.92705	412
19.93385	408
19.94083333	419
19.94776667	416
19.95473333	418
19.9615	406
19.96833333	410
19.97523333	414
19.9822	418
19.98896667	406
19.9957	404
20.00258333	413
20.00955	418
20.01633333	407
20.02303333	402
20.0299	412
20.03678333	413
20.04368333	414
20.05045	406
20.05733333	413
20.06441667	425
20.0715	425
20.07875	435
20.08576667	421
20.09298333	433
20.10041667	446
20.10788333	448
20.11518333	438
20.12268333	450
20.13033333	459
20.13816667	470
20.14593333	466
20.15458333	519
20.16171667	428
20.16938333	460
20.17733333	477
20.18526667	476
20.19325	479
20.20113333	473
20.2092	484
20.21733333	488
20.22545	487
20.23336667	475
20.24135	479
20.24945	486
20.25755	486
20.2655	477
20.27345	477
20.28146667	481
20.28948333	481
20.29741667	476
20.30498333	454
20.31291667	476
20.32073333	469
20.32858333	471
20.33633333	465
20.34405	463
20.35181667	466
20.35971667	474
20.3675	467
20.3753	468
20.38321667	475
20.39126667	483
20.3994	488
20.40731667	475
20.41515	470
20.42306667	475
20.43108333	481
20.43853333	447
20.4464	472
20.4541	462
20.46155	447
20.46928333	464
20.47696667	461
20.48471667	465
20.49231667	456
20.50736667	0
20.51531667	477
20.5234	485
20.53155	489
20.5399	501
20.54838333	509
20.55655	490
20.56435	468
20.57251667	490
20.58065	488
20.58891667	496
20.59731667	504
20.60598333	520
20.61438333	504
20.62256667	491
20.63083333	496
20.6392	502
20.64773333	512
20.65645	523
20.66471667	496
20.67298333	496
20.68131667	500
20.6897	503
20.69791667	493
20.7058	473
20.71403333	494
20.72226667	494
20.73058333	499
20.73906667	509
20.74751667	507
20.75573333	493
20.76401667	497
20.77236667	501
20.78071667	501
20.78861667	474
20.79686667	495
20.805	488
20.81325	495
20.82133333	485
20.82908333	465
20.83726667	491
20.84538333	487
20.85365	496
20.86198333	500
20.87003333	483
20.87795	475
20.88625	498
20.89443333	491
20.90263333	492
20.91085	493
20.91905	492
20.9269	471
20.93475	471
20.94286667	487
20.95096667	486
20.95926667	498
20.96783333	514
20.97618333	501
20.98415	478
20.9926	507
21.00098333	503
21.00955	514
21.0183	525
21.02698333	521
21.0354	505
21.044	516
21.05261667	517
21.06101667	504
21.06946667	507
21.07796667	510
21.08665	521
21.09543333	527
21.1039	508
21.11236667	508
21.121	518
21.1298	528
21.13876667	538
21.14735	515
21.15623333	533
21.16531667	545
21.174	521
21.18301667	541
21.19215	548
21.2008	519
21.20966667	532
21.21865	539
21.22788333	554
21.23673333	531
21.24516667	506
21.25403333	532
21.26253333	510
21.27105	511
21.27946667	505
21.28751667	483
21.29603333	511
21.30441667	503
21.31308333	520
21.3218	523
21.3302	504
21.33858333	503
21.3471	511
21.35586667	526
21.3648	536
21.37388333	545
21.38263333	525
21.39125	517
21.40003333	527
21.409	538
21.41815	549
21.42683333	521
21.43546667	518
21.44431667	531
21.45348333	550
21.4626	547
21.47155	537
21.48078333	554
21.49026667	569
21.49931667	543
21.50865	560
21.51823333	575
21.52748333	555
21.53693333	567
21.54648333	573
21.55546667	539
21.56461667	549
21.57393333	559
21.5834	568
21.59241667	541
21.60151667	546
21.61075	554
21.62021667	568
21.62916667	537
21.6383	548
21.64763333	560
21.65668333	543
21.66563333	537
21.67485	553
21.68423333	563
21.69338333	549
21.70245	544
21.7119	567
21.72133333	566
21.73081667	569
21.73978333	538
21.7488	541
21.758	552
21.76743333	566
21.77698333	573
21.78635	562
21.79541667	544
21.80483333	565
21.81428333	567
21.82366667	563
21.83278333	547
21.84228333	570
21.85143333	549
21.86063333	552
21.87013333	570
21.87975	577
21.88931667	574
21.89843333	547
21.90786667	566
21.9175	578
21.9272	582
21.93643333	554
21.9456	550
21.955	564
21.96465	579
21.97431667	580
21.98356667	555
21.9929	560
22.00258333	581
22.01235	586
22.0222	591
22.03146667	556
22.0409	566
22.05063333	584
22.06041667	587
22.0703	593
22.07961667	559
22.08903333	565
22.09861667	575
22.10811667	570
22.11758333	568
22.12656667	539
22.13551667	537
22.1446	545
22.15391667	559
22.16333333	565
22.17246667	548
22.18156667	546
22.19101667	567
22.20061667	576
22.21036667	585
22.21963333	556
22.22885	553
22.2382	561
22.24783333	578
22.25761667	587
22.26726667	579
22.27655	557
22.2862	579
22.29588333	581
22.30516667	557
22.31466667	570
22.32391667	555
22.33333333	565
22.34275	565
22.35205	558
22.361	537
22.36988333	533
22.37888333	540
22.3881	553
22.3975	564
22.40716667	580
22.4168	578
22.42586667	544
22.43496667	546
22.44416667	552
22.45366667	570
22.46333333	580
22.4734	604
22.48365	615
22.49395	618
22.50351667	574
22.51288333	562
22.5223	565
22.53196667	580
22.54168333	583
22.55153333	591
22.56108333	573
22.57095	592
22.58066667	583
22.60011667	0
22.6097	575
22.61873333	542
22.62806667	560
22.63736667	558
22.64665	557
22.65578333	548
22.66496667	551
22.67405	545
22.68298333	536
22.69183333	531
22.70066667	530
22.70906667	504
22.71756667	510
22.72596667	504
22.73431667	501
22.74255	494
22.75088333	500
22.75941667	512
22.7682	527
22.77698333	527
22.78638333	564
22.79626667	593
22.80626667	600
22.81623333	598
22.82638333	609
22.83613333	585
22.84573333	576
22.85543333	582
22.86481667	563
22.87423333	565
22.88386667	578
22.89381667	597
22.90296667	549
22.91255	575
22.9224	591
22.93191667	571
22.94116667	555
22.95065	569
22.96006667	565
22.9692	548
22.97805	531
22.98696667	535
22.99613333	550
23.00535	553
23.01426667	535
23.02355	557
23.03296667	565
23.04238333	565
23.05155	550
23.06111667	574
23.07065	572
23.0799	555
23.08948333	575
23.09893333	567
23.10788333	537
23.11715	556
23.12665	570
23.13621667	574
23.14545	554
23.15506667	577
23.16481667	585
23.17425	566
23.18383333	575
23.1935	580
23.2027	552
23.21218333	569
23.22173333	573
23.23098333	555
23.2402	553
23.24971667	571
23.25931667	576
23.26861667	558
23.2783	581
23.2882	594
23.29795	585
23.30763333	581
23.31756667	596
23.32758333	601
23.33713333	573
23.34701667	593
23.3568	587
23.3665	582
23.37615	579
23.38573333	575
23.3953	574
23.40471667	565
23.42296667	0
23.43206667	546
23.44076667	522
23.44965	533
23.4587	543
23.46785	549
23.47695	546
23.4865	573
23.49613333	578
23.50633333	612
23.51616667	590
23.526	590
23.53616667	610
23.54623333	604
23.55571667	569
23.5656	593
23.5753	582
23.58505	585
23.59478333	584
23.60443333	579
23.61401667	575
23.62343333	565
23.63233333	534
23.64146667	548
23.6501	518
23.65875	519
23.66738333	518
23.67585	508
23.68431667	508
23.69293333	517
23.70153333	516
23.70993333	504
23.71845	511
23.7273	531
23.73621667	535
23.74503333	529
23.75386667	530
23.76283333	538
23.77235	571
23.78238333	602
23.79311667	644
23.80421667	666
23.81506667	651
23.8249	590
23.83466667	586
23.84463333	598
23.8549	616
23.86496667	604
23.87463333	580
23.88445	589
23.89426667	589
23.90411667	591
23.9141	599
23.92351667	565
23.9333	587
23.94298333	581
23.95273333	585
23.96248333	585
23.97186667	563
23.98116667	558
23.99073333	574
24.00036667	578
24.01031667	597
24.02041667	606
24.03046667	603
24.04066667	612
24.0506	596
24.06055	597
24.07031667	586
24.08	581
24.08941667	565
24.09903333	577
24.10856667	572
24.11768333	547
24.12705	562
24.13661667	574
24.14651667	594
24.15718333	640
24.1684	673
24.17973333	680
24.19006667	620
24.20071667	639
24.21126667	633
24.22168333	625
24.23176667	605
24.24143333	580
24.25136667	596
24.26131667	597
24.27113333	589
24.28075	577
24.2906	591
24.30051667	595
24.31028333	586
24.32008333	588
24.32988333	588
24.33951667	578
24.3493	587
24.3588	570
24.36853333	584
24.37831667	587
24.38806667	585
24.39781667	585
24.40755	584
24.41776667	613
24.42838333	637
24.43978333	684
24.45093333	669
24.4614	628
24.47213333	644
24.48228333	609
24.49248333	612
24.50246667	599
24.51208333	577
24.522	595
24.5318	588
24.54158333	587
24.55098333	564
24.56053333	573
24.56966667	548
24.579	560
24.58828333	557
24.59758333	558
24.60681667	554
24.61608333	556
24.6255	565
24.6351	576
24.64495	591
24.65475	588
24.66476667	601
24.67488333	607
24.68491667	602
24.69505	608
24.70508333	602
24.71498333	594
24.7251	607
24.73523333	608
24.74538333	609
24.75531667	596
24.76543333	607
24.7754	598
24.79501667	0
24.80455	572
24.81425	582
24.8243	603
24.83456667	616
24.84468333	607
24.85458333	594
24.86411667	572
24.87376667	579
24.8833	572
24.89261667	559
24.90213333	571
24.91148333	561
24.92066667	551
24.92991667	555
24.93896667	543
24.94818333	553
24.95746667	557
24.96698333	571
24.9768	589
24.98671667	595
24.99685	608
25.00648333	578
25.01615	580
25.02555	564
25.03476667	553
25.0438	542
25.05305	555
25.06243333	563
25.07186667	566
25.0813	566
25.09071667	565
25.10003333	559
25.10963333	576
25.1193	580
25.1288	570
25.13848333	581
25.1481	577
25.15725	549
25.16663333	563
25.17595	559
25.18518333	554
25.19456667	563
25.20388333	559
25.2128	535
25.222	552
25.23131667	559
25.24055	554
25.24993333	563
25.25941667	569
25.26876667	561
25.27808333	559
25.28716667	545
25.29616667	540
25.30496667	528
25.3217	0
25.33005	501
25.33851667	508
25.34691667	504
25.35556667	519
25.36415	515
25.37301667	532
25.38221667	552
25.39206667	591
25.40243333	622
25.41275	619
25.42285	606
25.43295	606
25.44243333	569
25.45226667	590
25.46223333	598
25.47201667	587
25.48171667	582
25.49121667	570
25.50035	548
25.50938333	542
25.51861667	554
25.52775	548
25.53663333	533
25.54576667	548
25.5549	548
25.56396667	544
25.5729	536
25.58213333	554
25.59163333	570
25.60131667	581
25.61146667	609
25.6213	590
25.63151667	613
25.64206667	633
25.65266667	636
25.66316667	630
25.68308333	0
25.6927	577
25.7022	570
25.71166667	568
25.721	560
25.73038333	563
25.73946667	545
25.7488	560
25.75813333	560
25.7676	568
25.77721667	577
25.78695	584
25.79711667	610
25.80763333	631
25.81855	655
25.82881667	616
25.83905	614
25.84946667	625
25.86	632
25.87048333	629
25.88033333	591
25.89033333	600
25.90033333	600
25.91036667	602
25.92031667	597
25.93	581
25.94001667	601
25.9503	617
25.96053333	614
25.97021667	581
25.98888333	0
25.99825	562
26.00768333	566
26.0172	571
26.02673333	572
26.0364	580
26.04615	585
26.05581667	580
26.06491667	546
26.07433333	565
26.08376667	566
26.09286667	546
26.10265	587
26.11286667	613
26.12325	623
26.13435	666
26.14598333	698
26.15701667	662
26.16816667	669
26.17928333	667
26.19013333	651
26.19991667	587
26.21005	608
26.2198	585
26.2294	576
26.2389	570
26.24808333	551
26.25733333	555
26.26645	547
26.27543333	539
26.28418333	525
26.2932	541
26.30226667	544
26.31173333	568
26.32165	595
26.33138333	584
26.34143333	603
26.35148333	603
26.36105	574
26.37111667	604
26.38123333	607
26.39151667	617
26.40135	590
26.41168333	620
26.42188333	612
26.43136667	569
26.4412	590
26.45098333	587
26.46088333	594
26.47018333	558
26.47995	586
26.48925	558
26.49895	582
26.50888333	596
26.51853333	579
26.5288	616
26.53911667	619
26.54946667	621
26.55975	617
26.57041667	640
26.58115	644
26.59155	624
26.60168333	608
26.61158333	594
26.6215	595
26.63133333	590
26.64116667	590
26.65103333	592
26.66086667	590
26.67038333	571
26.68006667	581
26.68971667	579
26.69968333	598
26.70938333	582
26.71935	598
26.72918333	590
26.73968333	630
26.7496	595
26.76003333	626
26.77045	625
26.78081667	622
26.79145	638
26.80221667	646
26.81246667	615
26.823	632
26.8336	636
26.84393333	620
26.85365	583
26.86375	606
26.87375	600
26.88365	594
26.89361667	598
26.90361667	600
26.91375	608
26.92391667	610
26.934	605
26.94341667	565
26.95313333	583
26.96286667	584
26.97256667	582
26.98253333	598
26.9927	610
27.00276667	604
27.01275	599
27.02246667	583
27.03235	593
27.0424	603
27.05261667	613
27.0627	605
27.0731	624
27.08356667	628
27.09388333	619
27.10416667	617
27.11446667	618
27.12418333	583
27.13413333	597
27.14408333	597
27.15373333	579
27.16343333	582
27.17288333	567
27.18203333	549
27.19135	559
27.20078333	566
27.21031667	572
27.22006667	585
27.22986667	588
27.2397	590
27.24948333	587
27.2594	595
27.26916667	586
27.2787	572
27.28816667	568
27.29773333	574
27.30725	571
27.31678333	572
27.32623333	567
27.33555	559
27.35351667	0
27.36251667	540
27.37116667	519
27.38001667	531
27.38901667	540
27.39803333	541
27.40683333	528
27.41605	553
27.42606667	601
27.43676667	642
27.44768333	655
27.45923333	693
27.47066667	686
27.4822	692
27.49345	675
27.50463333	671
27.51583333	672
27.527	670
27.53813333	668
27.54903333	654
27.55971667	641
27.57016667	627
27.5802	602
27.5899	582
27.59961667	583
27.6093	581
27.61906667	586
27.62896667	594
27.63906667	606
27.64893333	592
27.65916667	614
27.66955	623
27.68	627
27.69033333	620
27.70085	631
27.7109	603
27.72123333	620
27.7316	622
27.74141667	589
27.75156667	609
27.76163333	604
27.77155	595
27.78125	582
27.791	585
27.80051667	571
27.81018333	580
27.8198	577
27.82951667	583
27.8393	587
27.8493	600
27.8593	600
27.86921667	595
27.87881667	576
27.88856667	585
27.89853333	598
27.90836667	590
27.91843333	604
27.9285	604
27.93803333	572
27.94773333	582
27.95741667	581
27.96713333	583
27.97738333	615
27.98826667	653
27.99918333	655
28.01055	682
28.02106667	631
28.03171667	639
28.04221667	630
28.0525	617
28.06231667	589
28.07206667	585
28.08183333	586
28.09153333	582
28.1013	586
28.11111667	589
28.12096667	591
28.13088333	595
28.14048333	576
28.14996667	569
28.15911667	549
28.16841667	558
28.17771667	558
28.18721667	570
28.19708333	592
28.20676667	581
28.21663333	592
28.22683333	612
28.23741667	635
28.24838333	658
28.25958333	672
28.2707	667
28.28151667	649
28.29203333	631
28.30235	619
28.31265	618
28.3228	609
28.3331	618
28.34333333	614
28.35341667	605
28.36366667	615
28.37391667	615
28.38381667	594
28.39426667	627
28.40495	641
28.4152	615
28.42601667	649
28.4369	653
28.448	666
28.45896667	658
28.46993333	658
28.48053333	636
28.49088333	621
28.50098333	606
28.51091667	596
28.5203	563
28.53001667	583
28.53978333	586
28.54975	598
28.56018333	626
28.57096667	647
28.59133333	0
28.60118333	591
28.61106667	593
28.6208	584
28.63023333	566
28.63963333	564
28.649	562
28.65838333	563
28.66788333	570
28.67748333	576
28.68746667	599
28.69775	617
28.70823333	629
28.71855	619
28.72855	600
28.73821667	580
28.74763333	565
28.75716667	572
28.76665	569
28.77635	582
28.7865	609
28.79758333	665
28.8092	697
28.82196667	766
28.83388333	715
28.84611667	734
28.85881667	762
28.87041667	696
28.88215	704
28.8928	639
28.90355	645
28.91386667	619
28.9235	578
28.9331	576
28.94245	561
28.95185	564
28.96151667	580
28.97156667	603
28.98185	617
28.99171667	592
29.0021	623
29.01253333	626
29.02251667	599
29.03301667	630
29.04345	626
29.05383333	623
29.06376667	596
29.07405	617
29.08421667	610
29.09428333	604
29.10408333	588
29.11405	598
29.12405	600
29.13381667	586
29.14375	596
29.15376667	601
29.16376667	600
29.17416667	624
29.1847	632
29.1952	630
29.20586667	640
29.2168	656
29.22761667	649
29.23816667	633
29.24876667	636
29.25916667	624
29.26946667	618
29.27981667	621
29.2902	623
29.30036667	610
29.3107	620
29.32125	633
29.33201667	646
29.34283333	649
29.35373333	654
29.36455	649
29.3752	639
29.38563333	626
29.39556667	596
29.40558333	601
29.4156	601
29.42556667	598
29.43548333	595
29.44535	592
29.45505	582
29.46498333	596
29.47521667	614
29.48568333	628
29.49646667	647
29.50716667	642
29.51803333	652
29.52896667	656
29.53998333	661
29.55076667	647
29.56135	635
29.57173333	623
29.58168333	597
29.59173333	603
29.60113333	564
29.6109	586
29.62106667	610
29.63145	623
29.64188333	626
29.65161667	584
29.66173333	607
29.67171667	599
29.6817	599
29.69226667	634
29.70288333	637
29.71398333	666
29.72511667	668
29.73565	632
29.74628333	638
29.75631667	602
29.76631667	600
29.77621667	594
29.7862	599
29.79608333	593
29.8062	607
29.81626667	604
29.82638333	607
29.83643333	603
29.84616667	584
29.8558	578
29.8652	564
29.87438333	551
29.88338333	540
29.89256667	551
29.90181667	555
29.91131667	570
29.92071667	564
29.9303	575
29.94018333	593
29.95051667	620
29.96136667	651
29.97216667	648
29.98276667	636
29.99275	599
30.00295	612
30.013	603
30.0227	582
30.03233333	578
30.042	580
30.05193333	596
30.0622	616
30.07303333	650
30.08425	673
30.09536667	667
30.10663333	676
30.11811667	689
30.1296	689
30.14068333	665
30.15148333	648
30.1616	607
30.17173333	608
30.18175	601
30.1912	567
30.20068333	569
30.21011667	566
30.21978333	580
30.23006667	617
30.24078333	643
30.25128333	630
30.26215	652
30.27311667	658
30.28401667	654
30.29508333	664
30.30643333	681
30.31766667	674
30.32871667	663
30.33961667	654
30.35023333	637
30.3605	616
30.3707	612
30.38083333	608
30.39078333	597
30.40078333	600
30.41081667	602
30.42123333	625
30.43173333	630
30.44288333	669
30.45456667	701
30.46658333	721
30.47826667	701
30.48955	677
30.50065	666
30.51141667	646
30.52143333	601
30.53136667	596
30.5411	584
30.55061667	571
30.5599	557
30.56893333	542
30.57796667	542
30.58691667	537
30.59593333	541
30.60498333	543
30.61406667	545
30.62283333	526
30.63176667	536
30.64136667	576
30.65193333	634
30.66336667	686
30.67566667	738
30.6885	770
30.7011	756
30.71328333	731
30.72523333	717
30.73695	703
30.7484	687
30.75953333	668
30.77016667	638
30.78028333	607
30.79025	598
30.80013333	593
30.8099	586
30.81956667	580
30.8292	578
30.83881667	577
30.84865	590
30.85885	612
30.86905	612
30.87995	654
30.89143333	689
30.90323333	708
30.9155	736
30.92761667	727
30.93943333	709
30.95126667	710
30.96298333	703
30.97396667	659
30.98526667	678
30.99661667	681
31.00788333	676
31.0191	673
31.02931667	613
31.04003333	643
31.05081667	647
31.06118333	622
31.07161667	626
31.08233333	643
31.09273333	624
31.10326667	632
31.11403333	646
31.12506667	662
31.13573333	640
31.14641667	641
31.15715	644
31.16768333	632
31.17775	604
31.18738333	578
31.19705	580
31.20661667	574
31.21613333	571
31.22576667	578
31.23528333	571
31.24478333	570
31.25423333	567
31.26385	577
31.27368333	590
31.28411667	626
31.295	653
31.30568333	641
31.3163	637
31.32686667	634
31.33723333	622
31.34773333	630
31.35833333	636
31.36911667	647
31.38001667	654
31.39068333	640
31.40086667	611
31.41095	605
31.421	603
31.43111667	607
31.44108333	598
31.45165	634
31.46243333	647
31.47395	691
31.48515	672
31.497	711
31.50875	705
31.52003333	677
31.5311	664
31.54181667	643
31.55225	626
31.56263333	623
31.57261667	599
31.5823	581
31.59175	567
31.6011	561
31.61045	561
31.62	573
31.62978333	587
31.63968333	594
31.6496	595
31.65936667	586
31.66946667	606
31.67956667	606
31.68951667	597
31.69966667	609
31.71006667	624
31.72091667	651
31.73085	596
31.74096667	607
31.75098333	601
31.76091667	596
31.77075	590
31.78051667	586
31.79018333	580
31.79966667	569
31.80903333	562
31.81831667	557
31.82765	560
31.83698333	560
31.84625	556
31.85543333	551
31.86448333	543
31.87378333	558
31.88321667	566
31.8929	581
31.9029	600
31.91286667	598
31.92285	599
31.93276667	595
31.94238333	577
31.95206667	581
31.9616	572
31.97108333	569
31.98036667	557
31.98956667	552
31.99883333	556
