0.009116667	547
0.018183333	544
0.0273	547
0.036766667	568
0.046566667	588
0.05635	587
0.0661	585
0.076633333	632
0.087866667	674
0.099216667	681
0.11015	656
0.120916667	646
0.131383333	628
0.14145	604
0.1512	585
0.16105	591
0.171016667	598
0.180833333	589
0.190483333	579
0.200033333	573
0.209783333	585
0.219533333	585
0.229166667	578
0.238633333	568
0.248216667	575
0.25825	602
0.268033333	587
0.2776	574
0.287233333	578
0.296966667	584
0.306516667	573
0.3159	563
0.325266667	562
0.334683333	565
0.3441	565
0.353483333	563
0.3629	565
0.3723	564
0.381766667	568
0.3913	572
0.40075	567
0.410216667	568
0.41985	578
0.42965	588
0.449266667	0
0.458716667	567
0.46785	548
0.4768	537
0.485583333	527
0.494383333	528
0.503383333	540
0.512583333	552
0.52195	562
0.5314	567
0.54135	597
0.552016667	640
0.563066667	663
0.574766667	702
0.586666667	714
0.598616667	717
0.610283333	700
0.621516667	674
0.632616667	666
0.643516667	654
0.6542	641
0.664783333	635
0.6754	637
0.68595	633
0.69665	642
0.707383333	644
0.7186	673
0.729716667	667
0.740333333	637
0.750233333	594
0.759983333	585
0.770033333	603
0.780416667	623
0.790933333	631
0.8017	646
0.812416667	643
0.8228	623
0.832833333	602
0.842783333	597
0.852616667	590
0.862383333	586
0.872116667	584
0.882166667	603
0.892316667	609
0.902883333	634
0.913933333	663
0.924483333	633
0.93515	640
0.946	651
0.95645	627
0.96675	618
0.97735	636
0.9876	615
0.997633333	602
1.007733333	606
1.01775	601
1.027316667	574
1.036683333	562
1.04615	568
1.055533333	563
1.064966667	566
1.074466667	570
1.084233333	586
1.093983333	585
1.1039	595
1.113983333	605
1.124383333	624
1.134466667	605
1.14425	587
1.1539	579
1.163366667	568
1.17275	563
1.1824	579
1.1924	600
1.202766667	622
1.213316667	633
1.223666667	621
1.2337	602
1.243683333	599
1.2536	595
1.263366667	586
1.27315	587
1.2828	579
1.29225	567
1.301933333	581
1.3119	598
1.322583333	641
1.33305	628
1.343516667	628
1.35435	650
1.366183333	710
1.3774	673
1.388733333	680
1.400016667	677
1.41095	656
1.421266667	619
1.431533333	616
1.441883333	621
1.451983333	606
1.461933333	597
1.471983333	603
1.482066667	605
1.492266667	612
1.502166667	594
1.51235	611
1.522083333	584
1.531433333	561
1.54065	553
1.549966667	559
1.5593	560
1.5685	552
1.577666667	550
1.587116667	567
1.596966667	591
1.607066667	606
1.617416667	621
1.627966667	633
1.638666667	642
1.648983333	619
1.6592	613
1.6692	600
1.679133333	596
1.689	592
1.698933333	596
1.70925	619
1.7204	669
1.731616667	673
1.743233333	697
1.7541	652
1.765133333	662
1.775416667	617
1.785333333	595
1.794983333	579
1.804516667	572
1.814166667	579
1.824033333	592
1.833883333	591
1.843883333	600
1.854033333	609
1.86425	613
1.8744	609
1.8844	600
1.89435	597
1.904766667	625
1.91655	707
1.928383333	710
1.940066667	701
1.951466667	684
1.962683333	673
1.97355	652
1.984166667	637
1.99475	635
2.005216667	628
2.0153	605
2.025033333	584
2.034383333	561
2.043716667	560
2.05385	608
2.065933333	725
2.077933333	720
2.0898	712
2.100783333	659
2.1116	649
2.12245	651
2.133283333	650
2.14415	652
2.154433333	617
2.164283333	591
2.173916667	578
2.183483333	574
2.193366667	593
2.203616667	615
2.21405	626
2.225283333	674
2.237	703
2.248616667	697
2.25975	668
2.270716667	658
2.281583333	652
2.292233333	639
2.302433333	612
2.3129	628
2.32355	639
2.334316667	646
2.3449	635
2.355383333	629
2.365683333	618
2.375783333	606
2.3862	625
2.396966667	646
2.40805	665
2.418766667	643
2.429266667	630
2.43965	623
2.450166667	631
2.460916667	645
2.471983333	664
2.483116667	668
2.494366667	675
2.505716667	681
2.516616667	654
2.527116667	630
2.537633333	631
2.548766667	668
2.560183333	685
2.571583333	684
2.582333333	645
2.592816667	629
2.603366667	633
2.613883333	631
2.624633333	645
2.635516667	653
2.64595	626
2.656483333	632
2.66735	652
2.678616667	676
2.690233333	697
2.701416667	671
2.712116667	642
2.722316667	612
2.732216667	594
2.742	587
2.75145	567
2.76075	558
2.770366667	577
2.780533333	610
2.79175	673
2.803	675
2.813816667	649
2.825033333	673
2.835333333	618
2.845266667	596
2.8551	590
2.865166667	604
2.875816667	639
2.8863	629
2.896366667	604
2.906733333	622
2.917	616
2.927333333	620
2.937516667	611
2.9475	599
2.957316667	589
2.967233333	595
2.9773	604
2.9878	630
2.998733333	656
3.009533333	648
3.020416667	653
3.03135	656
3.042266667	655
3.052966667	642
3.063516667	633
3.0741	635
3.084466667	622
3.094483333	601
3.1046	607
3.1151	630
3.1261	660
3.1365	624
3.14685	621
3.157383333	632
3.168166667	647
3.178383333	613
3.188383333	600
3.19845	604
3.208666667	613
3.218783333	607
3.228633333	591
3.238333333	582
3.24795	577
3.257316667	562
3.266516667	552
3.27555	542
3.284583333	542
3.293566667	539
3.3026	542
3.311916667	559
3.321683333	586
3.331566667	593
3.342416667	651
3.353683333	676
3.36475	664
3.375166667	625
3.3852	602
3.395083333	593
3.405166667	605
3.415283333	607
3.425966667	641
3.4369	656
3.4483	684
3.4597	684
3.470883333	671
3.481833333	657
3.4922	622
3.502716667	631
3.51375	662
3.52505	678
3.536266667	673
3.547383333	667
3.558183333	648
3.56885	640
3.5795	639
3.590333333	650
3.60125	655
3.61215	654
3.62305	654
3.633716667	640
3.644483333	646
3.655533333	663
3.666533333	660
3.6777	670
3.6891	684
3.70005	657
3.7104	621
3.720933333	632
3.7314	628
3.742016667	637
3.75265	638
3.763233333	635
3.773516667	617
3.78365	608
3.7942	633
3.805	648
3.816383333	683
3.827616667	674
3.83865	662
3.849216667	634
3.859416667	612
3.8696	611
3.879933333	620
3.890366667	626
3.9008	626
3.911016667	613
3.920833333	589
3.930666667	590
3.9402	572
3.94965	567
3.959083333	566
3.968533333	567
3.978216667	581
3.9882	599
3.9981	594
4.008266667	610
4.018466667	612
4.028816667	621
4.039283333	628
4.04985	634
4.060483333	638
4.071016667	632
4.081166667	609
4.091266667	606
4.101483333	613
4.111766667	617
4.1223	632
4.133183333	653
4.144933333	705
4.156166667	674
4.167133333	658
4.178016667	653
4.189	659
4.1996	636
4.209833333	614
4.2201	616
4.230316667	613
4.240583333	616
4.250766667	611
4.260716667	597
4.2706	593
4.280366667	586
4.290316667	597
4.300416667	606
4.3104	599
4.320216667	589
4.33005	590
4.339783333	584
4.349283333	570
4.358633333	561
4.367983333	561
4.377583333	576
4.387383333	588
4.397333333	597
4.40735	601
4.417483333	608
4.427683333	612
4.437733333	603
4.447666667	596
4.457833333	610
4.46815	619
4.47845	618
4.488683333	614
4.498783333	606
4.50865	592
4.518483333	590
4.528433333	597
4.5387	616
4.5495	648
4.561033333	692
4.572216667	671
4.583566667	681
4.59445	653
4.605466667	661
4.616333333	652
4.626733333	624
4.6375	646
4.648066667	634
4.658433333	622
4.6687	616
4.6791	624
4.689516667	625
4.700183333	640
4.7108	637
4.721216667	625
4.731683333	628
4.742	619
4.7522	612
4.762633333	626
4.773133333	630
4.78375	637
4.794316667	634
4.80465	620
4.815033333	623
4.82545	625
4.836116667	640
4.84695	650
4.858066667	667
4.868933333	652
4.87985	655
4.89045	636
4.900916667	628
4.9113	623
4.921566667	616
4.931566667	600
4.941433333	592
4.951266667	590
4.961083333	589
4.970933333	591
4.98095	601
4.991016667	604
5.000983333	598
5.010816667	590
5.020666667	591
5.030833333	610
5.0415	640
5.052316667	649
5.062833333	631
5.0738	658
5.084816667	661
5.095583333	646
5.105933333	621
5.116316667	623
5.126616667	618
5.136916667	618
5.147366667	627
5.157833333	628
5.168116667	617
5.1782	605
5.188416667	613
5.1986	611
5.208766667	610
5.219216667	627
5.229666667	627
5.240016667	621
5.251116667	666
5.262066667	657
5.273166667	666
5.28405	653
5.2947	639
5.304966667	616
5.314916667	597
5.324516667	576
5.334016667	570
5.343416667	564
5.352783333	562
5.362366667	575
5.37275	623
5.38385	666
5.395016667	670
5.406433333	685
5.418416667	719
5.4306	731
5.44235	705
5.45365	678
5.46485	672
5.476016667	670
5.487333333	679
5.498916667	695
5.51015	674
5.52155	684
5.53295	684
5.54425	678
5.555433333	671
5.5664	658
5.577283333	653
5.587766667	629
5.598066667	618
5.608966667	654
5.620983333	721
5.632833333	711
5.643966667	668
5.6548	650
5.66605	675
5.6768	645
5.687416667	637
5.698083333	640
5.7089	649
5.719283333	623
5.729366667	605
5.739283333	595
5.7492	595
5.759183333	599
5.769133333	597
5.778966667	590
5.788883333	595
5.799033333	609
5.809233333	612
5.819416667	611
5.829583333	610
5.839983333	624
5.850233333	615
5.8605	616
5.870783333	617
5.881033333	615
5.89095	595
5.90075	588
5.910516667	586
5.920466667	597
5.930966667	630
5.94165	641
5.9526	657
5.96335	645
5.973733333	623
5.983933333	612
5.994416667	629
6.0053	653
6.01685	693
6.027833333	659
6.038633333	648
6.049	622
6.059533333	632
6.070433333	654
6.081633333	672
6.092766667	668
6.103666667	654
6.11455	653
6.125733333	671
6.136933333	672
6.147683333	645
6.15835	640
6.16915	648
6.1797	633
6.190033333	620
6.200466667	626
6.210866667	624
6.221166667	618
6.231166667	600
6.2409	584
6.2505	576
6.259883333	563
6.269166667	557
6.2784	554
6.287566667	550
6.296683333	547
6.306283333	576
6.316133333	591
6.325416667	557
6.337033333	697
6.34755	631
6.357533333	599
6.36755	601
6.377216667	580
6.386716667	570
6.3962	569
6.405833333	578
6.41565	589
6.425533333	593
6.435333333	588
6.444933333	576
6.454483333	573
6.464016667	572
6.473533333	571
6.483	568
6.49255	573
6.5023	585
6.512216667	595
6.52235	608
6.53285	630
6.543983333	668
6.55535	682
6.566316667	658
6.5773	659
6.588483333	671
6.599883333	684
6.611266667	683
6.6225	674
6.633383333	653
6.643933333	633
6.654133333	612
6.663933333	588
6.673666667	584
6.683433333	586
6.693533333	606
6.704066667	632
6.71585	707
6.728016667	730
6.739633333	697
6.750716667	665
6.761633333	655
6.772833333	672
6.784033333	672
6.7954	682
6.80605	639
6.8162	609
6.8261	594
6.836016667	595
6.846033333	601
6.856233333	612
6.866966667	644
6.877866667	654
6.888183333	619
6.89855	622
6.9095	657
6.9202	642
6.930566667	622
6.941016667	627
6.951316667	618
6.96145	608
6.971333333	593
6.980983333	579
6.990483333	570
6.9999	565
7.00945	573
7.019016667	574
7.028583333	574
7.038066667	569
7.04745	563
7.05685	564
7.066516667	580
7.076683333	610
7.0866	595
7.096316667	583
7.106116667	588
7.116233333	607
7.126183333	597
7.136133333	597
7.146866667	644
7.15805	671
7.168533333	629
7.178833333	618
7.189383333	633
7.199483333	606
7.209366667	593
7.2193	596
7.2291	588
7.2388	582
7.248416667	577
7.258016667	576
7.26765	578
7.277316667	580
7.2868	569
7.296733333	596
7.306866667	608
7.31665	587
7.326583333	596
7.336683333	606
7.346966667	617
7.35725	617
7.367283333	602
7.377633333	621
7.387833333	612
7.397883333	603
7.408033333	609
7.4183	616
7.42835	603
7.438216667	592
7.447933333	583
7.457766667	590
7.4675	584
7.477133333	578
7.486866667	584
7.4966	584
7.506383333	587
7.51615	586
7.525983333	590
7.53605	604
7.54585	588
7.555533333	581
7.5656	604
7.575633333	602
7.585533333	594
7.595383333	591
7.6054	601
7.615433333	602
7.625316667	593
7.63535	602
7.645483333	608
7.655316667	590
7.6651	587
7.675	594
7.685116667	607
7.695083333	598
7.704933333	591
7.715216667	617
7.725283333	604
7.735283333	600
7.745416667	608
7.755266667	591
7.765183333	595
7.775033333	591
7.7851	604
7.795083333	599
7.805033333	597
7.815183333	609
7.8252	601
7.83515	597
7.844966667	589
7.854933333	598
7.86505	607
7.874866667	589
7.8846	584
7.894433333	590
7.904633333	612
7.914983333	621
7.924983333	600
7.934783333	588
7.944716667	596
7.954583333	592
7.964483333	594
7.974183333	582
7.983766667	575
7.9936	590
8.003566667	598
8.013516667	597
8.023516667	600
8.033333333	589
8.0434	604
8.05335	597
8.063283333	596
8.073183333	594
8.08305	592
8.093233333	611
8.103083333	591
8.113066667	599
8.123233333	610
8.133166667	596
8.143166667	600
8.153116667	597
8.163583333	628
8.17355	598
8.183466667	595
8.19355	605
8.203533333	599
8.213483333	597
8.223366667	593
8.233616667	615
8.2437	605
8.253683333	599
8.263816667	608
8.2739	605
8.283966667	604
8.293816667	591
8.304116667	618
8.3146	629
8.3247	606
8.335066667	622
8.345616667	633
8.355833333	613
8.365933333	606
8.376083333	609
8.386283333	612
8.3961	589
8.405983333	593
8.41595	598
8.426033333	605
8.436066667	602
8.445916667	591
8.456033333	607
8.466033333	600
8.475983333	597
8.485983333	600
8.4962	613
8.50645	615
8.516466667	601
8.526683333	613
8.5368	607
8.546733333	596
8.5567	598
8.5668	606
8.5769	606
8.586866667	598
8.597133333	616
8.607216667	605
8.61725	602
8.627133333	593
8.637166667	602
8.64715	599
8.6571	597
8.667133333	602
8.677166667	602
8.687033333	592
8.696733333	582
8.706816667	605
8.71665	590
8.726533333	593
8.736183333	579
8.746366667	611
8.756516667	609
8.766616667	606
8.77715	632
8.7876	627
8.798133333	632
8.808266667	608
8.818166667	594
8.827666667	570
8.837233333	574
8.847033333	588
8.856866667	590
8.866883333	601
8.877133333	615
8.8873	610
8.89735	603
8.907233333	593
8.916983333	585
8.92665	580
8.936166667	571
8.94585	581
8.955833333	599
8.966466667	638
8.976966667	630
8.987283333	619
8.997266667	599
9.007083333	589
9.01685	586
9.026783333	596
9.036666667	593
9.046416667	585
9.056166667	585
9.065883333	583
9.07555	580
9.084933333	563
9.094266667	560
9.10345	551
9.112483333	542
9.121633333	549
9.131083333	567
9.1407	577
9.1504	582
9.159816667	565
9.1692	563
9.1787	570
9.188566667	592
9.1983	584
9.208133333	590
9.218	592
9.227683333	581
9.23715	568
9.246716667	574
9.25615	566
9.265683333	572
9.275183333	570
9.284516667	560
9.2938	557
9.303216667	565
9.312583333	562
9.3218	553
9.33115	561
9.340516667	562
9.349783333	556
9.359016667	554
9.368383333	562
9.377683333	558
9.386933333	555
9.396216667	557
9.405533333	559
9.414633333	546
9.42365	541
9.432716667	544
9.44185	548
9.45095	546
9.460016667	544
9.469083333	544
9.4782	547
9.487233333	542
9.496283333	543
9.505416667	548
9.514483333	544
9.523383333	534
9.532316667	536
9.541366667	543
9.55035	539
9.5593	537
9.568116667	529
9.576883333	526
9.585683333	528
9.594566667	533
9.603516667	537
9.6124	533
9.62135	537
9.630333333	539
9.639266667	536
9.6482	536
9.657316667	547
9.666383333	544
9.6754	541
9.684416667	541
9.6936	551
9.70265	543
9.71165	540
9.720633333	539
9.729583333	537
9.738483333	534
9.747283333	528
9.756183333	534
9.76515	538
9.774083333	536
9.782883333	528
9.79185	538
9.800783333	536
9.809633333	531
9.818466667	530
9.827466667	540
9.836466667	540
9.845466667	540
9.85445	539
9.863383333	536
9.872266667	533
9.88105	527
9.889883333	530
9.898683333	528
9.9074	523
9.91605	519
9.924783333	524
9.933633333	531
9.942283333	519
9.95095	520
9.959766667	529
9.968483333	523
9.977133333	519
9.9858	520
9.994483333	521
10.00313333	519
10.01178333	519
10.02045	520
10.02921667	526
10.03791667	522
10.0466	521
10.05523333	518
10.06393333	522
10.0726	520
10.08123333	518
10.08986667	518
10.0986	524
10.10721667	517
10.11581667	516
10.12436667	513
10.13298333	517
10.14165	520
10.1503	519
10.1589	516
10.16746667	514
10.17623333	526
10.18496667	524
10.19356667	516
10.20215	515
10.2107	513
10.21926667	514
10.22771667	507
10.2361	503
10.24438333	497
10.25273333	501
10.2614	520
10.2702	528
10.27895	525
10.2877	525
10.29641667	523
10.30505	518
10.31365	516
10.32226667	517
10.33091667	519
10.33956667	519
10.3481	512
10.35661667	511
10.36523333	517
10.37391667	521
10.38246667	513
10.3911	518
10.39981667	523
10.40848333	520
10.41708333	516
10.42565	514
10.43438333	524
10.44308333	522
10.4517	517
10.4602	510
10.4687	510
10.4773	516
10.48598333	521
10.49465	520
10.50343333	527
10.51208333	519
10.52066667	515
10.52916667	510
10.53758333	505
10.54603333	507
10.55445	505
10.56305	516
10.57168333	518
10.58021667	512
10.58875	512
10.59718333	506
10.6056	505
10.61405	507
10.62258333	512
10.63125	520
10.6399	519
10.6485	516
10.65696667	508
10.66543333	508
10.67385	505
10.68231667	508
10.69091667	516
10.69955	518
10.70821667	520
10.71678333	514
10.72533333	513
10.73386667	512
10.74243333	514
10.7511	520
10.75966667	514
10.7682	512
10.77668333	509
10.78515	508
10.7937	513
10.8023	516
10.81085	513
10.81938333	512
10.82796667	515
10.8366	518
10.84518333	515
10.85366667	509
10.86218333	511
10.8707	511
10.87935	519
10.88796667	517
10.89648333	511
10.90498333	510
10.91348333	510
10.92203333	513
10.93048333	507
10.93895	508
10.94738333	506
10.95586667	509
10.96426667	504
10.97258333	499
10.98091667	500
10.98925	500
10.9976	501
11.00601667	505
11.01436667	501
11.02261667	495
11.03103333	505
11.03933333	498
11.04758333	495
11.05588333	498
11.0642	499
11.0726	504
11.08103333	506
11.08933333	498
11.09768333	501
11.10618333	510
11.11471667	512
11.12333333	517
11.13195	517
11.1405	513
11.149	510
11.15745	507
11.16585	504
11.17421667	502
11.18261667	504
11.19101667	504
11.1993	497
11.20753333	494
11.21578333	495
11.22403333	495
11.23235	499
11.24068333	500
11.24898333	498
11.25723333	495
11.26551667	497
11.27385	500
11.2823	507
11.29073333	506
11.29911667	503
11.30745	500
11.3158	501
11.32421667	505
11.33255	500
11.34086667	499
11.34915	497
11.3576	507
11.366	504
11.37433333	500
11.38266667	500
11.39108333	505
11.39946667	503
11.40778333	499
11.41608333	498
11.42448333	504
11.43283333	501
11.4411	496
11.44938333	497
11.45761667	494
11.4659	497
11.47418333	497
11.48243333	495
11.4906	490
11.49878333	491
11.50708333	498
11.51538333	498
11.52361667	494
11.53185	494
11.54011667	496
11.54848333	502
11.5568	499
11.5651	498
11.57333333	494
11.58166667	500
11.59003333	502
11.59833333	498
11.60658333	495
11.61481667	494
11.62311667	498
11.6314	497
11.63963333	494
11.64783333	492
11.65606667	494
11.66426667	492
11.67241667	489
11.68051667	486
11.68858333	484
11.69678333	492
11.70501667	494
11.71323333	493
11.72133333	486
11.72948333	489
11.73776667	497
11.74596667	492
11.75411667	489
11.76226667	489
11.77046667	492
11.77875	497
11.78695	492
11.79508333	488
11.80313333	483
11.81135	493
11.81975	504
11.82828333	512
11.83686667	515
11.84551667	519
11.85416667	519
11.86263333	508
11.87111667	509
11.87965	512
11.88808333	506
11.89653333	507
11.90496667	506
11.91351667	513
11.92206667	513
11.93056667	510
11.93905	509
11.9476	513
11.95611667	511
11.96461667	510
11.97306667	507
11.9815	506
11.99003333	512
11.99855	511
12.00698333	506
12.01548333	510
12.02408333	516
12.03268333	516
12.04123333	513
12.04971667	509
12.05833333	517
12.06685	511
12.07531667	508
12.08368333	502
12.09218333	510
12.1005	499
12.10873333	494
12.11698333	495
12.12523333	495
12.13348333	495
12.14168333	492
12.14983333	489
12.15801667	491
12.1662	491
12.17438333	491
12.18256667	491
12.19076667	492
12.19903333	496
12.2073	496
12.21546667	490
12.22366667	492
12.23195	497
12.24033333	503
12.24878333	507
12.25711667	500
12.26541667	498
12.27371667	498
12.28201667	498
12.29031667	498
12.2986	497
12.30683333	494
12.31511667	497
12.32343333	499
12.33165	493
12.3399	495
12.34813333	494
12.35645	499
12.36475	498
12.37305	498
12.38128333	494
12.38948333	492
12.3977	493
12.40596667	496
12.4142	494
12.42243333	494
12.43063333	492
12.43878333	489
12.44701667	494
12.45513333	487
12.46316667	482
12.4711	476
12.47898333	473
12.4869	475
12.49483333	476
12.50286667	482
12.51108333	493
12.51916667	485
12.52718333	481
12.53523333	483
12.5433	484
12.55146667	490
12.55956667	486
12.56766667	486
12.57573333	484
12.58385	487
12.59203333	491
12.60025	493
12.6085	495
12.61675	495
12.6251	501
12.63355	507
12.64196667	505
12.65028333	499
12.65865	502
12.66705	504
12.67546667	505
12.68386667	504
12.69225	503
12.70058333	500
12.70895	502
12.71715	492
12.7253	489
12.73346667	490
12.74156667	486
12.7498	494
12.75798333	491
12.76608333	486
12.77416667	485
12.78226667	486
12.79041667	489
12.79865	494
12.80686667	493
12.81511667	495
12.82335	494
12.83173333	503
12.84018333	507
12.84861667	506
12.857	503
12.86535	501
12.87365	498
12.88186667	493
12.89005	491
12.89816667	487
12.9064	494
12.91461667	493
12.92273333	487
12.93083333	486
12.93898333	489
12.94718333	492
12.95556667	503
12.96391667	501
12.97225	500
12.98056667	499
12.98891667	501
12.99738333	508
13.00603333	519
13.01455	511
13.02296667	505
13.03131667	501
13.03953333	493
13.04781667	497
13.0564	515
13.06521667	529
13.0742	539
13.0829	522
13.09146667	514
13.09983333	502
13.10816667	500
13.11633333	490
13.12456667	494
13.13296667	504
13.1414	506
13.15	516
13.15866667	520
13.16731667	519
13.17598333	520
13.18445	508
13.19286667	505
13.2012	500
13.20956667	502
13.21811667	513
13.22683333	523
13.2356	526
13.2443	522
13.2528	510
13.26113333	500
13.2694	496
13.27768333	497
13.28596667	497
13.29435	503
13.3027	501
13.31091667	493
13.31913333	493
13.32726667	488
13.33535	485
13.34356667	493
13.35165	485
13.35971667	484
13.3678	485
13.3759	486
13.3842	498
13.39255	501
13.40083333	497
13.40911667	497
13.41743333	499
13.42583333	504
13.43416667	500
13.44238333	493
13.4506	493
13.45886667	496
13.46716667	498
13.47536667	492
13.48353333	490
13.49171667	491
13.49986667	489
13.50803333	490
13.51606667	482
13.52416667	486
13.53223333	484
13.54035	487
13.54846667	487
13.55651667	483
13.5646	485
13.57276667	490
13.5809	488
13.58906667	490
13.59718333	487
13.60541667	494
13.61363333	493
13.62175	487
13.62988333	488
13.63803333	489
13.64633333	498
13.65456667	494
13.6627	488
13.67086667	490
13.6791	494
13.68733333	494
13.69553333	492
13.70366667	488
13.71183333	490
13.72001667	491
13.72806667	483
13.73611667	483
13.7441	479
13.75213333	482
13.76021667	485
13.7682	479
13.77618333	479
13.7842	481
13.79221667	481
13.80038333	490
13.8084	481
13.81646667	484
13.82466667	492
13.83275	485
13.84081667	484
13.84881667	480
13.85681667	480
13.8649	485
13.87298333	485
13.88106667	485
13.88913333	484
13.89723333	486
13.90531667	485
13.91331667	480
13.92131667	480
13.92946667	489
13.9376	488
13.94571667	487
13.95378333	484
13.9619	487
13.97006667	490
13.97818333	487
13.98628333	486
13.99438333	486
14.00248333	486
14.01058333	486
14.0186	481
14.02668333	485
14.03478333	486
14.04286667	485
14.05093333	484
14.05893333	480
14.06703333	486
14.07505	481
14.083	477
14.09093333	476
14.09891667	479
14.10686667	477
14.11486667	480
14.12283333	478
14.13086667	482
14.13888333	481
14.14685	478
14.15483333	479
14.16288333	483
14.1709	481
14.17891667	481
14.18695	482
14.195	483
14.2031	486
14.21125	489
14.21931667	484
14.22738333	484
14.23548333	486
14.24353333	483
14.25158333	483
14.25963333	483
14.2678	490
14.2761	498
14.28428333	491
14.29253333	495
14.30081667	497
14.3091	497
14.31736667	496
14.32555	491
14.33368333	488
14.34193333	495
14.3503	502
14.35858333	497
14.36683333	495
14.37508333	495
14.38341667	500
14.39176667	501
14.40006667	498
14.40828333	493
14.4166	499
14.425	504
14.43333333	500
14.4416	496
14.44988333	497
14.45816667	497
14.46643333	496
14.4747	496
14.48293333	494
14.4911	490
14.49938333	497
14.50773333	501
14.51601667	497
14.52421667	492
14.5323	485
14.54048333	491
14.54888333	504
14.55735	508
14.5657	501
14.57406667	502
14.5823	494
14.59046667	490
14.59848333	481
14.60635	472
14.61421667	472
14.62205	470
14.62993333	473
14.63806667	488
14.64626667	492
14.65456667	498
14.66275	491
14.6709	489
14.67911667	493
14.68748333	502
14.69603333	513
14.70466667	518
14.71311667	507
14.72155	506
14.72981667	496
14.73796667	489
14.74616667	492
14.75443333	496
14.76273333	498
14.77125	511
14.7797	507
14.7881	504
14.79638333	497
14.80461667	494
14.81303333	505
14.82153333	510
14.83003333	510
14.8386	514
14.847	504
14.85533333	500
14.86358333	495
14.8718	493
14.88001667	493
14.88831667	498
14.89651667	492
14.90465	488
14.91273333	485
14.92083333	486
14.92893333	486
14.937	484
14.94521667	493
14.95331667	486
14.96138333	484
14.9694	481
14.97738333	479
14.98541667	482
14.9935	485
15.00173333	494
15.00993333	492
15.01806667	488
15.02613333	484
15.03423333	486
15.04238333	489
15.05065	496
15.05883333	491
15.06688333	483
15.075	487
15.08321667	493
15.09143333	493
15.09973333	498
15.10796667	494
15.11615	491
15.12443333	497
15.13258333	489
15.14073333	489
15.14888333	489
15.157	487
15.16508333	485
15.17303333	477
15.18096667	476
15.18888333	475
15.19676667	473
15.20476667	480
15.21258333	469
15.22043333	471
15.22831667	473
15.23623333	475
15.24423333	480
15.25221667	479
15.26018333	478
15.26826667	485
15.27631667	483
15.28433333	481
15.29238333	483
15.30048333	486
15.30856667	485
15.31656667	480
15.32455	479
15.33256667	481
15.34056667	480
15.34851667	477
15.35643333	475
15.36433333	474
15.37223333	474
15.38031667	485
15.38838333	484
15.39641667	482
15.40435	476
15.41233333	479
15.42035	481
15.4284	483
15.43646667	484
15.44441667	477
15.45241667	480
15.46055	488
15.46866667	487
15.47675	485
15.48483333	485
15.49295	487
15.50115	492
15.50918333	482
15.51723333	483
15.52528333	483
15.53333333	483
15.54135	481
15.54928333	476
15.55725	478
15.56526667	481
15.57333333	484
15.58145	487
15.58946667	481
15.5975	482
15.60568333	491
15.61375	484
15.6218	483
15.6298	480
15.6378	480
15.64586667	484
15.65381667	477
15.66173333	475
15.66971667	479
15.67775	482
15.68576667	481
15.69371667	477
15.70166667	477
15.70975	485
15.71781667	484
15.72583333	481
15.7338	478
15.74181667	481
15.74991667	486
15.75801667	486
15.76608333	484
15.77408333	480
15.78216667	485
15.79026667	486
15.79841667	489
15.80656667	489
15.81465	485
15.82273333	485
15.83085	487
15.83891667	484
15.84698333	484
15.85503333	483
15.86305	481
15.87118333	488
15.87921667	482
15.8872	479
15.8951	474
15.903	474
15.91101667	481
15.91931667	498
15.92761667	498
15.93578333	490
15.94381667	482
15.95178333	478
15.9598	481
15.96778333	479
15.9757	475
15.9836	474
15.99158333	479
15.9996	481
16.00765	483
16.01578333	488
16.02391667	488
16.03213333	493
16.04038333	495
16.04856667	491
16.05678333	493
16.06501667	494
16.07326667	495
16.08155	497
16.08973333	491
16.09783333	486
16.10606667	494
16.1143	494
16.1224	486
16.13046667	484
16.1385	482
16.14656667	484
16.15465	485
16.16261667	478
16.1706	479
16.17856667	478
16.18666667	486
16.19473333	484
16.20276667	482
16.2108	482
16.21881667	481
16.22688333	484
16.2351	493
16.24328333	491
16.25145	490
16.25953333	485
16.26751667	479
16.27556667	483
16.2837	488
16.29188333	491
16.30016667	497
16.30831667	489
16.31638333	484
16.32446667	485
16.33251667	483
16.3407	491
16.34901667	499
16.35726667	495
16.36546667	492
16.3736	488
16.38171667	487
16.38988333	490
16.39808333	492
16.40625	490
16.41436667	487
16.42233333	478
16.43033333	480
16.43836667	482
16.4464	482
16.45448333	485
16.46241667	476
16.47036667	477
16.47831667	477
16.48625	476
16.49413333	473
16.50201667	473
16.5099	473
16.5178	474
16.5257	474
16.53366667	478
16.54158333	475
16.54946667	473
16.55738333	475
16.56531667	476
16.5733	479
16.58123333	476
16.58918333	477
16.59721667	482
16.60523333	481
16.61326667	482
16.62125	479
16.62921667	478
16.63716667	477
16.64511667	477
16.65296667	471
16.66086667	474
16.6688	476
16.67678333	479
16.68485	484
16.6928	477
16.70081667	481
16.70885	482
16.71683333	479
16.72483333	480
16.73283333	480
16.74085	481
16.74891667	484
16.75685	476
16.76483333	479
16.7728	478
16.78076667	478
16.78875	479
16.79668333	476
16.8046	475
16.81258333	479
16.8206	481
16.82861667	481
16.83658333	478
16.8446	481
16.8527	486
16.8609	492
16.86908333	491
16.87723333	489
16.8854	490
16.89353333	488
16.9016	484
16.90965	483
16.9177	483
16.92576667	484
16.93371667	477
16.94166667	477
16.9496	476
16.95756667	478
16.96566667	486
16.97371667	483
16.98173333	481
16.98968333	477
16.99773333	483
17.00593333	492
17.01423333	498
17.0225	496
17.03065	489
17.03875	486
17.04681667	484
17.05491667	486
17.06305	488
17.07123333	491
17.0794	490
17.08745	483
17.0955	483
17.10351667	481
17.11161667	486
17.11971667	486
17.12791667	492
17.13605	488
17.14415	486
17.15218333	482
17.16036667	491
17.1686	494
17.17686667	496
17.18511667	495
17.19328333	490
17.20135	484
17.2094	483
17.21755	489
17.2259	501
17.23426667	502
17.24263333	502
17.2509	496
17.25906667	490
17.26716667	486
17.27528333	487
17.28346667	491
17.2917	494
17.30001667	499
17.30828333	496
17.31653333	495
17.32465	487
17.33261667	478
17.34055	476
17.34848333	476
17.35653333	483
17.36466667	488
17.37288333	493
17.38125	502
17.38955	498
17.39773333	491
17.4058	484
17.41381667	481
17.42176667	477
17.42975	479
17.43773333	479
17.44578333	483
17.45393333	489
17.462	484
17.47006667	484
17.47796667	474
17.4858	470
17.49365	471
17.50151667	472
17.50941667	474
17.51741667	480
17.5254	479
17.53348333	485
17.5415	481
17.54941667	475
17.55728333	472
17.5651	469
17.57316667	484
17.5815	500
17.58983333	500
17.59806667	494
17.60611667	483
17.61415	482
17.62208333	476
17.6298	463
17.63755	465
17.64528333	464
17.65305	466
17.6609	471
17.66876667	472
17.67663333	472
17.6845	472
17.69248333	479
17.70053333	483
17.70858333	483
17.71665	484
17.7247	483
17.73283333	488
17.74091667	485
17.749	485
17.7571	486
17.76523333	488
17.77338333	489
17.78141667	482
17.78948333	484
17.79761667	488
17.80568333	484
17.81375	484
17.8218	483
17.82991667	487
17.83798333	484
17.84596667	479
17.85406667	486
17.86215	485
17.87016667	481
17.87813333	478
17.88613333	480
17.89415	481
17.90221667	484
17.91018333	478
17.91816667	479
17.92623333	484
17.93426667	482
17.94228333	481
17.95031667	482
17.9584	485
17.96645	483
17.9745	483
17.98251667	481
17.99061667	486
17.99866667	483
18.0067	482
18.0147	480
18.02266667	478
18.03068333	481
18.03856667	473
18.04646667	474
18.05433333	472
18.06226667	476
18.07018333	475
18.07806667	473
18.08593333	472
18.09393333	480
18.10181667	473
18.1097	473
18.1176	474
18.12555	477
18.1336	483
18.14168333	485
18.14963333	477
18.15758333	477
18.16556667	479
18.17358333	481
18.18155	478
18.18946667	475
18.19741667	477
18.20536667	477
18.21333333	478
18.2213	478
18.22923333	476
18.23721667	479
18.24518333	478
18.25313333	477
18.26108333	477
18.26903333	477
18.277	478
18.28491667	475
18.29286667	477
18.30098333	487
18.30898333	480
18.31698333	480
18.32498333	480
18.33306667	485
18.34106667	480
18.34903333	478
18.357	478
18.36498333	479
18.37296667	479
18.38088333	475
18.38883333	477
18.39676667	476
18.40483333	484
18.41278333	477
18.42078333	480
18.42878333	480
18.43681667	482
18.44491667	486
18.45296667	483
18.46096667	480
18.46896667	480
18.47698333	481
18.48495	478
18.4929	477
18.50083333	476
18.50878333	477
18.51668333	474
18.52465	478
18.53256667	475
18.5405	476
18.54846667	478
18.55643333	478
18.56435	475
18.57228333	476
18.58028333	480
18.58823333	477
18.59613333	474
18.60406667	476
18.61205	479
18.61996667	475
18.62791667	477
18.63581667	474
18.64373333	475
18.65168333	477
18.6595	469
18.66733333	470
18.67518333	471
18.68301667	470
18.69093333	475
18.69883333	474
18.70666667	470
18.71451667	471
18.72243333	475
18.73038333	477
18.73828333	474
18.74618333	474
18.75413333	477
18.76213333	480
18.77018333	483
18.77818333	480
18.78616667	479
18.79413333	478
18.80213333	480
18.81005	475
18.8179	471
18.82583333	476
18.83383333	480
18.8418	478
18.84976667	478
18.85771667	477
18.86566667	477
18.8737	482
18.88175	483
18.88976667	481
18.89775	479
18.90573333	479
18.91376667	482
18.92186667	486
18.92986667	480
18.93785	479
18.94586667	481
18.95391667	483
18.96193333	481
18.96988333	477
18.97785	478
18.98581667	478
18.99381667	480
19.00181667	480
19.00975	476
19.0177	477
19.0257	480
19.03371667	481
19.04175	482
19.0498	483
19.05783333	482
19.06586667	482
19.07386667	480
19.08186667	480
19.0899	482
19.098	486
19.10601667	481
19.114	479
19.12201667	481
19.13006667	483
19.13805	479
19.14605	480
19.15406667	481
19.16213333	484
19.1701	478
19.1781	480
19.1862	486
19.19426667	484
19.20248333	493
19.21071667	494
19.21901667	498
19.2274	503
19.23585	507
19.24413333	497
19.2525	502
19.2608	498
19.269	492
19.27721667	493
19.28546667	495
19.29363333	490
19.30176667	488
19.30991667	489
19.31806667	489
19.3263	494
19.33448333	491
19.3426	487
19.35075	489
19.35895	492
19.36708333	488
19.37521667	488
19.38335	488
19.39153333	491
19.39968333	489
19.40781667	488
19.41593333	487
19.42401667	485
19.43223333	493
19.44046667	494
19.44868333	493
19.45676667	485
19.4649	488
19.47305	489
19.48113333	485
19.4892	484
19.49711667	475
19.50516667	483
19.51348333	499
19.52176667	497
19.52995	491
19.53813333	491
19.54626667	488
19.55433333	484
19.56246667	488
19.57065	491
19.57883333	491
19.58691667	485
19.595	485
19.60331667	499
19.61156667	495
19.6198	494
19.62798333	491
19.6363	499
19.64476667	508
19.65305	497
19.66136667	499
19.66963333	496
19.67795	499
19.68633333	503
19.69458333	495
19.70275	490
19.7109	489
19.71906667	490
19.7271	482
19.7351	480
19.74308333	479
19.75111667	482
19.75913333	481
19.76715	481
19.77515	480
19.78325	486
19.79126667	481
19.7993	482
19.80726667	478
19.8154	488
19.82348333	485
19.83146667	479
19.83956667	486
19.84766667	486
19.85581667	489
19.86391667	486
19.87201667	486
19.88018333	490
19.88831667	488
19.89643333	487
19.90453333	486
19.91261667	485
19.9207	485
19.92875	483
19.93673333	479
19.94478333	483
19.95281667	482
19.9608	479
19.9688	480
19.97673333	476
19.98476667	482
19.99266667	474
20.00055	473
20.00845	474
20.01636667	475
20.0243	476
20.03218333	473
20.0401	475
20.04815	483
20.05623333	485
20.06438333	489
20.07255	490
20.08081667	496
20.0892	503
20.09741667	493
20.10568333	496
20.11386667	491
20.1222	500
20.13035	489
20.13846667	487
20.14655	485
20.15475	492
20.16326667	511
20.1717	506
20.18018333	509
20.18861667	506
20.19695	500
20.20531667	502
20.21366667	501
20.22198333	499
20.23028333	498
20.23858333	498
20.24693333	501
20.2552	496
20.26336667	490
20.27141667	483
20.27938333	478
20.28721667	470
20.2951	473
20.30298333	473
20.31096667	479
20.31901667	483
20.32716667	489
20.33528333	487
20.3434	487
20.35173333	500
20.36026667	512
20.36893333	520
20.37755	517
20.38608333	512
20.3946	511
20.40313333	512
20.4117	514
20.42018333	509
20.42866667	509
20.43708333	505
20.44546667	503
20.45373333	496
20.46195	493
20.47023333	497
20.4789	520
20.48806667	550
20.49753333	568
20.50715	577
20.51686667	583
20.52658333	583
20.53625	580
20.54566667	565
20.55501667	561
20.5644	563
20.57388333	569
20.58551667	698
20.59615	638
20.60591667	586
20.6152	557
20.62416667	538
20.63301667	531
20.64178333	526
20.65045	520
20.65908333	518
20.66766667	515
20.67621667	513
20.6847	509
20.6932	510
20.70166667	508
20.71013333	508
20.7188	520
20.72771667	535
20.73693333	553
20.74613333	552
20.75553333	564
20.76573333	612
20.77688333	669
20.78713333	615
20.79715	601
20.80703333	593
20.81646667	566
20.82561667	549
20.83463333	541
20.84355	535
20.8524	531
20.86125	531
20.87005	528
20.87886667	529
20.8877	530
20.89656667	532
20.90556667	540
20.91493333	562
20.92465	583
20.93433333	581
20.944	580
20.95361667	577
20.96315	572
20.97253333	563
20.98175	553
20.991	555
21.00006667	544
21.00906667	540
21.01803333	538
21.02683333	528
21.03558333	525
21.04423333	519
21.05281667	515
21.06136667	513
21.07011667	525
21.079	533
21.088	540
21.09696667	538
21.10628333	559
21.11501667	524
21.12365	518
21.1323	519
21.1411	528
21.14993333	530
21.15878333	531
21.16786667	545
21.17696667	546
21.18586667	534
21.19463333	526
21.20333333	522
21.2203	0
21.22865	501
21.23688333	494
21.2451	493
21.25333333	494
21.26161667	497
21.27001667	504
21.27851667	510
21.28751667	540
21.29756667	603
21.30915	695
21.32003333	653
21.3317	700
21.3432	690
21.35441667	673
21.3654	659
21.37618333	647
21.3866	625
21.39636667	586
21.40598333	577
21.41538333	564
21.42473333	561
21.43416667	566
21.44355	563
21.45301667	568
21.46248333	568
21.47191667	566
21.48145	572
21.49076667	559
21.49998333	553
21.50941667	566
21.51913333	583
21.52901667	593
21.53848333	568
21.5478	559
21.55723333	566
21.56658333	561
21.57581667	554
21.585	551
21.59418333	551
21.60326667	545
21.6123	542
21.6213	540
21.6304	546
21.63946667	544
21.64868333	553
21.65801667	560
21.66726667	555
21.67651667	555
21.686	569
21.69566667	580
21.70518333	571
21.71468333	570
21.72425	574
21.73373333	569
21.74303333	558
21.75218333	549
21.76133333	549
21.77048333	549
21.77965	550
21.78886667	553
21.79805	551
21.80725	552
21.81651667	556
21.82588333	562
21.83543333	573
21.84518333	585
21.8553	607
21.86521667	595
21.87521667	600
21.88538333	610
21.89525	592
21.90525	600
21.91521667	598
21.92521667	600
21.93516667	597
21.94498333	589
21.95466667	581
21.96433333	580
21.97408333	585
21.9837	577
21.99323333	572
22.00283333	576
22.01248333	579
22.02195	568
22.03141667	568
22.04098333	574
22.05063333	579
22.06043333	588
22.07021667	587
22.0799	581
22.08965	585
22.09926667	577
22.10908333	589
22.11905	598
22.12898333	596
22.13876667	587
22.14838333	577
22.15795	574
22.16746667	571
22.17696667	570
22.18641667	567
22.19583333	565
22.2054	574
22.2153	594
22.22515	591
22.23541667	616
22.246	635
22.2569	654
22.26746667	634
22.27783333	622
22.28776667	596
22.29783333	604
22.30798333	609
22.31811667	608
22.32816667	603
22.33781667	579
22.34723333	565
22.35661667	563
22.3658	551
22.37496667	550
22.38423333	556
22.3937	568
22.40373333	602
22.41461667	653
22.42578333	670
22.43686667	665
22.44796667	666
22.45915	671
22.47018333	662
22.48081667	638
22.49108333	616
22.50088333	588
22.51043333	573
22.51975	559
22.52898333	554
22.5381	547
22.54708333	539
22.55613333	543
22.56511667	539
22.57413333	541
22.58325	547
22.59246667	553
22.60186667	564
22.6119	602
22.62268333	647
22.63351667	650
22.64396667	627
22.65395	599
22.66388333	596
22.6737	589
22.68366667	598
22.69345	587
22.7031	579
22.71248333	563
22.72185	562
22.73133333	569
22.74061667	557
22.7498	551
22.75911667	559
22.76836667	555
22.77768333	559
22.78713333	567
22.79693333	588
22.8069	598
22.81646667	574
22.82603333	574
22.8355	568
22.84458333	545
22.85355	538
22.86248333	536
22.87146667	539
22.8806	548
22.89005	567
22.89961667	574
22.90913333	571
22.91851667	563
22.92808333	574
22.93768333	576
22.94721667	572
22.95668333	568
22.96608333	564
22.97546667	563
22.98486667	564
22.9943	566
23.00363333	560
23.01311667	569
23.02278333	580
23.03291667	608
23.04315	614
23.05333333	611
23.06363333	618
23.0742	634
23.08506667	652
23.0955	626
23.10603333	632
23.11675	643
23.12706667	619
23.13705	599
23.14698333	596
23.15683333	591
23.16673333	594
23.17653333	588
23.18635	589
23.19646667	607
23.20678333	619
23.21705	616
23.22703333	599
23.23733333	618
23.24773333	624
23.25781667	605
23.26818333	622
23.27873333	633
23.28913333	624
23.2999	646
23.31045	633
23.3207	615
23.3306	594
23.34066667	604
23.35071667	603
23.36068333	598
23.37056667	593
23.38083333	616
23.39115	619
23.40135	612
23.41173333	623
23.42266667	656
23.43431667	699
23.44543333	667
23.45675	679
23.46771667	658
23.4783	635
23.48846667	610
23.49845	599
23.5084	597
23.51841667	601
23.52831667	594
23.53843333	607
23.54846667	602
23.55835	593
23.56841667	604
23.579	635
23.58998333	659
23.60045	628
23.61058333	608
23.62043333	591
23.63026667	590
23.64018333	595
23.65013333	597
23.66001667	593
23.66986667	591
23.67973333	592
23.68986667	608
23.7003	626
23.71128333	659
23.7223	661
23.73276667	628
23.74333333	634
23.75375	625
23.76396667	613
23.77398333	601
23.7841	607
23.79448333	623
23.80483333	621
23.81496667	608
23.82555	635
23.83633333	647
23.84716667	650
23.85788333	643
23.86821667	620
23.87835	608
23.88875	624
23.89913333	623
23.9095	622
23.91983333	620
23.93058333	645
23.9412	637
23.95143333	614
23.96155	607
23.9717	609
23.98176667	604
23.99181667	603
24.00196667	609
24.0121	608
24.02225	609
24.0323	603
24.04261667	619
24.05301667	624
24.06373333	643
24.07411667	623
24.08406667	597
24.0937	578
24.1034	582
24.11313333	584
24.12288333	585
24.13275	592
24.14263333	593
24.15246667	590
24.16271667	615
24.17318333	628
24.18395	646
24.19471667	646
24.20526667	633
24.21545	611
24.22573333	617
24.23585	607
24.24586667	601
24.25563333	586
24.26526667	578
24.27495	581
24.2847	585
24.29433333	578
24.30391667	575
24.3135	575
24.32308333	575
24.33305	598
24.34341667	622
24.35398333	634
24.36463333	639
24.37488333	615
24.38501667	608
24.39526667	615
24.40528333	601
24.4153	601
24.42536667	604
24.43558333	613
24.44566667	605
24.45558333	595
24.46558333	600
24.47551667	596
24.48538333	592
24.49538333	600
24.50565	616
24.51571667	604
24.52568333	598
24.53578333	606
24.54613333	621
24.5565	622
24.56655	603
24.57653333	599
24.58645	595
24.59601667	574
24.60558333	574
24.61511667	572
24.62463333	571
24.63411667	569
24.64486667	645
24.65616667	678
24.66743333	676
24.67808333	639
24.68853333	627
24.69905	631
24.70943333	623
24.71945	601
24.72906667	577
24.73841667	561
24.7478	563
24.75743333	578
24.76703333	576
24.77638333	561
24.78565	556
24.79478333	548
24.80381667	542
24.81281667	540
24.82183333	541
24.83166667	590
24.8435	710
24.85501667	691
24.8662	671
24.87663333	626
24.88698333	621
24.89791667	656
24.90921667	678
24.92046667	675
24.93168333	673
24.94296667	677
24.95411667	669
24.96531667	672
24.97625	656
24.9868	633
24.99763333	650
25.00843333	648
25.01896667	632
25.02893333	598
25.03906667	608
25.0506	692
25.06296667	742
25.07521667	735
25.08681667	696
25.09793333	667
25.109	664
25.12061667	697
25.13175	668
25.14275	660
25.15356667	649
25.16391667	621
25.17403333	607
25.18391667	593
25.19371667	588
25.20358333	592
25.21335	586
25.223	579
25.23253333	572
25.24193333	564
25.25135	565
25.26085	570
25.27068333	590
25.28045	586
25.29006667	577
25.2996	572
25.30923333	578
25.31901667	587
25.329	599
25.33916667	610
25.34951667	621
25.35965	608
25.36981667	610
25.38	611
25.3903	618
25.40086667	634
25.41151667	639
25.42203333	631
25.43228333	615
25.44223333	597
25.4525	616
25.46353333	662
25.47463333	666
25.48556667	656
25.49623333	640
25.5067	628
25.51746667	646
25.52863333	670
25.54001667	683
25.55118333	670
25.56235	670
25.5739	693
25.5855	696
25.59676667	676
25.60763333	652
25.61865	661
25.6296	657
25.6402	636
25.6507	630
25.66133333	638
25.6724	664
25.68395	693
25.69535	684
25.70706667	703
25.71906667	720
25.73101667	717
25.743	719
25.75493333	716
25.7662	676
25.77748333	677
25.7889	685
25.80056667	700
25.81233333	706
25.82406667	704
25.83586667	708
25.8477	710
25.85918333	689
25.87013333	657
25.88101667	653
25.89191667	654
25.90265	644
25.91298333	620
25.92325	616
25.93365	624
25.94448333	650
25.95543333	657
25.96645	661
25.97686667	625
25.98736667	630
25.99808333	643
26.0087	637
26.01915	627
26.02938333	614
26.03981667	626
26.0506	647
26.06175	669
26.07301667	676
26.08358333	634
26.09368333	606
26.10353333	591
26.11306667	572
26.12245	563
26.13166667	553
26.14071667	543
26.14965	536
26.15856667	535
26.16751667	537
26.1766	545
26.18608333	569
26.1957	577
26.2053	576
26.21493333	578
26.22493333	600
26.23538333	627
26.2458	625
26.25598333	611
26.26665	640
26.27753333	653
26.28811667	635
26.29851667	624
26.30901667	630
26.31953333	631
26.33006667	632
26.34058333	631
26.35086667	617
26.36158333	643
26.3729	679
26.3837	648
26.39418333	629
26.40481667	638
26.41576667	657
26.42676667	660
26.43781667	663
26.44856667	645
26.45916667	636
26.46986667	642
26.48091667	663
26.49161667	642
26.5022	635
26.5128	636
26.52328333	629
26.5338	631
26.54408333	617
26.55423333	609
26.5642	598
26.57416667	598
26.58426667	606
26.5943	602
26.60431667	601
26.6143	599
26.62413333	590
26.634	592
26.64388333	593
26.6537	589
26.66345	585
26.6732	585
26.68291667	583
26.69256667	579
26.7022	578
26.7118	576
26.72138333	575
26.73111667	584
26.74076667	579
26.75041667	579
26.76008333	580
26.76955	568
26.77893333	563
26.78806667	548
26.79713333	544
26.80616667	542
26.81503333	532
26.82375	523
26.83235	516
26.84088333	512
26.84935	508
26.85778333	506
26.86618333	504
26.87458333	504
26.88305	508
26.89168333	518
26.9002	511
26.90875	513
26.9179	549
26.92803333	608
26.93858333	633
26.94918333	636
26.95913333	597
26.9687	574
26.97848333	587
26.98823333	585
26.99816667	596
27.00795	587
27.01745	570
27.02683333	563
27.0366	586
27.04676667	610
27.05758333	649
27.06783333	615
27.07851667	641
27.08973333	673
27.10171667	719
27.113	677
27.12441667	685
27.13595	692
27.14693333	659
27.15735	625
27.16756667	613
27.1779	620
27.18831667	625
27.19868333	622
27.20881667	608
27.21886667	603
27.229	608
27.23965	639
27.25066667	661
27.26161667	657
27.2723	641
27.28303333	644
27.29423333	672
27.30578333	693
27.31706667	677
27.32803333	658
27.3387	640
27.34923333	632
27.36	646
27.3707	642
27.38121667	631
27.3916	623
27.40246667	652
27.41328333	649
27.42388333	636
27.43425	622
27.44468333	626
27.45521667	632
27.46575	632
27.47583333	605
27.48593333	606
27.49635	625
27.50706667	643
27.5183	674
27.52946667	670
27.54095	689
27.5522	675
27.56326667	664
27.57438333	667
27.58535	658
27.59601667	640
27.60635	620
27.61638333	602
27.62636667	599
27.63623333	592
27.64606667	590
27.6559	590
27.66603333	608
27.67618333	609
27.68633333	609
27.69675	625
27.70738333	638
27.71763333	615
27.72785	613
27.73873333	653
27.74996667	674
27.76123333	676
27.77206667	650
27.78288333	649
27.79328333	624
27.80336667	605
27.81325	593
27.82281667	574
27.83221667	564
27.84173333	571
27.85195	613
27.86226667	619
27.87256667	618
27.88316667	636
27.8939	644
27.90526667	682
27.91591667	639
27.92641667	630
27.93663333	613
27.94658333	597
27.95636667	587
27.96643333	604
27.97736667	656
27.98851667	669
27.9991	635
28.00926667	610
28.0195	614
28.03008333	635
28.04053333	627
28.05076667	614
28.0612	626
28.07165	627
28.08176667	607
28.09168333	595
28.10165	598
28.11195	618
28.12218333	614
28.1323	607
28.14258333	617
28.15346667	653
28.16436667	654
28.17525	653
28.18633333	665
28.19795	697
28.20895	660
28.21963333	641
28.23035	643
28.24088333	632
28.25105	610
28.26098333	596
28.27088333	594
28.28078333	594
28.2907	595
28.30055	591
28.31045	594
28.32068333	614
28.33125	634
28.34196667	643
28.35288333	655
28.36445	694
28.37565	672
28.3869	675
28.39766667	646
28.408	620
28.41808333	605
28.42811667	602
28.43841667	618
28.44906667	639
28.45968333	637
28.46993333	615
28.47981667	593
28.48951667	582
28.49935	590
28.51013333	647
28.5208	640
28.53133333	632
28.54185	631
28.55238333	632
28.5631	643
28.5738	642
28.58455	645
28.59558333	662
28.60655	658
28.61775	672
28.62873333	659
28.63991667	671
28.65073333	649
28.66155	649
28.67251667	658
28.68368333	670
28.69483333	669
28.70551667	641
28.71585	620
28.7263	627
28.73656667	616
28.74665	605
28.75678333	608
28.76673333	597
28.77705	619
28.78743333	623
28.7981	640
28.80836667	616
28.81858333	613
28.82903333	627
28.8396	634
28.8499	618
28.86016667	616
28.87041667	615
28.88071667	618
28.89085	608
28.90101667	610
28.91126667	615
28.92173333	628
28.93216667	626
28.94236667	612
28.95243333	604
28.96276667	620
28.97301667	615
28.98308333	604
28.99301667	596
29.00311667	606
29.01321667	606
29.0235	617
29.03371667	613
29.0439	611
29.05403333	608
29.06441667	623
29.0748	623
29.08506667	616
29.09505	599
29.10513333	605
29.11551667	623
29.12583333	619
29.13636667	632
29.14671667	621
29.1571	623
29.16801667	655
29.17908333	664
29.18976667	641
29.20001667	615
29.20996667	597
29.21965	581
29.22923333	575
29.23925	601
29.2495	615
29.25991667	625
29.27018333	616
29.2806	625
29.29086667	616
29.30131667	627
29.31196667	639
29.32298333	661
29.33421667	674
29.34535	668
29.35598333	638
29.36648333	630
29.37636667	593
29.38588333	571
29.39545	574
29.40591667	628
29.41741667	690
29.4289	689
29.44041667	691
29.45163333	673
29.46243333	648
29.4729	628
29.48313333	614
29.49366667	632
29.50443333	646
29.51508333	639
29.52533333	615
29.53538333	603
29.5459	631
29.55695	663
29.56826667	679
29.57993333	700
29.59145	691
29.60265	672
29.61401667	682
29.62581667	708
29.63738333	694
29.64866667	677
29.65995	677
29.67118333	674
29.6822	661
29.69316667	658
29.70381667	639
29.71441667	636
29.72538333	658
29.73656667	671
29.7477	668
29.75886667	670
29.77	668
29.78148333	689
29.79328333	708
29.80511667	710
29.8166	689
29.82836667	706
29.84001667	699
29.85121667	672
29.86215	656
29.8729	645
29.88353333	638
29.8941	634
29.90475	639
29.91533333	635
29.92563333	618
29.9359	616
29.94651667	637
29.95733333	649
29.96811667	647
29.97898333	652
29.99026667	677
30.00181667	693
30.01311667	678
30.0243	671
30.0354	666
30.04641667	661
30.05756667	669
30.06826667	642
30.07863333	622
30.08873333	606
30.09895	613
30.10988333	656
30.12128333	684
30.13243333	669
30.14373333	678
30.1552	688
30.16675	693
30.17833333	695
30.18951667	671
30.20063333	667
30.2115	652
30.22226667	646
30.2331	650
30.24361667	631
30.25401667	624
30.26448333	628
30.27508333	636
30.2859	649
30.29628333	623
30.30706667	647
30.3177	638
30.32846667	646
30.33905	635
30.34965	636
30.36011667	628
30.37055	626
30.3808	615
30.39103333	614
30.40111667	605
30.41126667	609
30.42158333	619
30.43213333	633
30.4428	640
30.45386667	664
30.46473333	652
30.47553333	648
30.48608333	633
30.4965	625
30.50683333	620
30.51745	637
30.52813333	641
30.53881667	641
30.54968333	652
30.56073333	663
30.57165	655
30.58238333	644
30.59338333	660
30.60475	682
30.61581667	664
30.627	671
30.63806667	664
30.64935	677
30.66073333	683
30.67203333	678
30.68305	661
30.69388333	650
30.70521667	680
30.71673333	691
30.72838333	699
30.73995	694
30.7514	687
30.76245	663
30.7735	663
30.78456667	664
30.79523333	640
30.80568333	627
30.81613333	627
30.82678333	639
30.83791667	668
30.84923333	679
30.86038333	669
30.8712	649
30.88163333	626
30.89178333	609
30.9022	625
30.91258333	623
30.92298333	624
30.93321667	614
30.94333333	607
30.95375	625
30.96418333	626
30.97473333	633
30.98548333	645
30.99635	652
31.00718333	650
31.01791667	644
31.02841667	630
31.03896667	633
31.04955	635
31.06018333	638
31.07083333	639
31.08143333	636
31.09181667	623
31.10243333	637
31.11328333	651
31.12395	640
31.13455	636
31.1452	639
31.15598333	647
31.16661667	638
31.17726667	639
31.18853333	676
31.2001	694
31.21196667	712
31.22376667	708
31.23498333	673
31.24591667	656
31.25656667	639
31.26678333	613
31.27666667	593
31.2865	590
31.29663333	608
31.30693333	618
31.3169	598
31.32688333	599
31.33701667	608
31.34768333	640
31.35833333	639
31.36875	625
31.3789	609
31.38866667	586
31.39851667	591
31.40888333	622
31.41911667	614
31.42898333	592
31.43865	580
31.44816667	571
31.45751667	561
31.46673333	553
31.47581667	545
31.48486667	543
31.49461667	585
31.50593333	679
31.51731667	683
31.52788333	634
31.53785	598
31.54783333	599
31.55798333	609
31.56825	616
31.57866667	625
31.58961667	657
31.60163333	721
31.61363333	720
31.62536667	704
31.63655	671
31.64765	666
31.65838333	644
31.66921667	650
31.68093333	703
31.69403333	786
31.70756667	812
31.71955	719
31.73096667	685
31.74208333	667
31.75315	664
31.7644	675
31.77538333	659
31.78626667	653
31.79683333	634
31.80696667	608
31.81691667	597
31.82703333	607
31.83736667	620
31.84828333	655
31.8595	673
31.8709	684
31.88226667	682
31.89375	689
31.90541667	700
31.91718333	706
31.92913333	717
31.94051667	683
31.9515	659
31.9624	654
31.97335	657
31.98433333	659
31.99558333	675
