0.009133333	548
0.01825	547
0.027183333	536
0.036033333	531
0.0449	532
0.0536	522
0.062266667	520
0.070916667	519
0.079616667	522
0.088183333	514
0.096666667	509
0.105166667	510
0.113716667	513
0.122316667	516
0.1309	515
0.139533333	518
0.1482	520
0.156933333	524
0.165766667	530
0.17465	533
0.183683333	542
0.19265	538
0.201533333	533
0.21055	541
0.21975	552
0.229233333	569
0.238716667	569
0.248033333	559
0.257216667	551
0.266266667	543
0.275216667	537
0.284316667	546
0.29365	560
0.303166667	571
0.312733333	574
0.322383333	579
0.332016667	578
0.341733333	583
0.351366667	578
0.36095	575
0.3706	579
0.3802	576
0.389816667	577
0.399366667	573
0.408783333	565
0.418083333	558
0.4272	547
0.436233333	542
0.445183333	537
0.454166667	539
0.463266667	546
0.47255	557
0.481866667	559
0.491266667	564
0.50095	581
0.510983333	602
0.520833333	591
0.530516667	581
0.539916667	564
0.549166667	555
0.558333333	550
0.567633333	558
0.576933333	558
0.5863	562
0.595783333	569
0.605616667	590
0.61545	590
0.625	573
0.6343	558
0.643433333	548
0.652616667	551
0.661833333	553
0.671416667	575
0.681583333	610
0.693066667	689
0.70425	671
0.71505	648
0.7254	621
0.735116667	583
0.7445	563
0.753733333	554
0.763	556
0.772366667	562
0.781916667	573
0.791633333	583
0.801616667	599
0.812	623
0.82255	633
0.833133333	635
0.845083333	717
0.8564	679
0.8675	666
0.87855	663
0.889433333	653
0.899916667	629
0.909733333	589
0.919116667	563
0.928316667	552
0.937416667	546
0.946616667	552
0.955933333	559
0.965133333	552
0.974116667	539
0.983083333	538
0.992083333	540
1.001483333	564
1.011116667	578
1.021166667	603
1.0311	596
1.04125	609
1.0515	615
1.061766667	616
1.071966667	612
1.082083333	607
1.092166667	605
1.102066667	594
1.111883333	589
1.121683333	588
1.131466667	587
1.14155	605
1.1519	621
1.1624	630
1.17285	627
1.1829	603
1.19255	579
1.20205	570
1.2116	573
1.221333333	584
1.231233333	594
1.241033333	588
1.250483333	567
1.25985	562
1.269083333	554
1.278383333	558
1.287616667	554
1.296933333	559
1.306566667	578
1.31615	575
1.325516667	562
1.334683333	550
1.343766667	545
1.3528	542
1.362	552
1.371316667	559
1.380716667	564
1.39	557
1.399116667	547
1.4082	545
1.417266667	544
1.4263	542
1.435316667	541
1.444316667	540
1.453483333	550
1.463	571
1.473016667	601
1.483383333	622
1.495483333	726
1.507916667	746
1.519766667	711
1.531416667	699
1.54255	668
1.55355	660
1.564316667	646
1.574966667	639
1.585933333	658
1.597616667	701
1.60875	668
1.61975	660
1.631483333	704
1.6439	745
1.6567	768
1.66895	735
1.680483333	692
1.69155	664
1.702666667	667
1.713616667	657
1.72445	650
1.7353	651
1.74615	651
1.756516667	622
1.76705	632
1.7802	789
1.7921	714
1.80385	705
1.8153	687
1.826483333	671
1.837033333	633
1.847366667	620
1.857333333	598
1.867	580
1.876716667	583
1.8866	593
1.89645	591
1.90615	582
1.9157	573
1.92515	567
1.934433333	557
1.94375	559
1.9529	549
1.96195	543
1.970866667	535
1.979766667	534
1.989166667	564
2.003966667	888
2.016333333	742
2.028483333	729
2.03905	634
2.048866667	589
2.0583	566
2.067616667	559
2.076966667	561
2.086266667	558
2.095733333	568
2.1053	574
2.1152	594
2.125233333	602
2.135183333	597
2.145216667	602
2.155383333	610
2.1655	607
2.175416667	595
2.185333333	595
2.195316667	599
2.2053	599
2.215	582
2.224816667	589
2.234716667	594
2.244883333	610
2.255166667	617
2.265316667	609
2.275866667	633
2.288183333	739
2.30055	742
2.312566667	721
2.323883333	679
2.3348	655
2.3458	660
2.3568	660
2.367733333	656
2.3784	640
2.388816667	625
2.399066667	615
2.409033333	598
2.4188	586
2.428433333	578
2.438033333	576
2.447533333	570
2.457	568
2.466616667	577
2.47635	584
2.486266667	595
2.496266667	600
2.506166667	594
2.516233333	604
2.526033333	588
2.536083333	603
2.546333333	615
2.556716667	623
2.567066667	621
2.577116667	603
2.587266667	609
2.598683333	685
2.609833333	669
2.62035	631
2.630716667	622
2.64065	596
2.65015	570
2.659416667	556
2.6686	551
2.677616667	541
2.686516667	534
2.695483333	538
2.704633333	549
2.713766667	548
2.723083333	559
2.73245	562
2.741966667	571
2.75195	599
2.763616667	700
2.776533333	775
2.794066667	1052
2.81235	1097
2.828583333	974
2.842266667	821
2.8542	716
2.865416667	673
2.876616667	672
2.887383333	646
2.89805	640
2.908516667	628
2.919483333	658
2.930366667	653
2.941133333	646
2.951633333	630
2.9621	628
2.973283333	671
2.98605	766
2.997416667	682
3.008333333	655
3.018616667	617
3.02845	590
3.038466667	601
3.04885	623
3.059366667	631
3.070083333	643
3.082566667	749
3.094433333	712
3.105883333	687
3.116866667	659
3.127683333	649
3.138283333	636
3.148866667	635
3.15915	617
3.169183333	602
3.17935	610
3.18945	606
3.199666667	613
3.209866667	612
3.22025	623
3.230566667	619
3.240716667	609
3.25085	608
3.261516667	640
3.272816667	678
3.284316667	690
3.295733333	685
3.306433333	642
3.31675	619
3.327016667	616
3.336933333	595
3.346666667	584
3.3564	584
3.36625	591
3.3763	603
3.386216667	595
3.3961	593
3.406116667	601
3.416383333	616
3.426483333	606
3.436416667	596
3.446316667	594
3.45615	590
3.4659	585
3.475516667	577
3.485216667	582
3.4952	599
3.505416667	613
3.515833333	625
3.5261	616
3.536633333	632
3.54705	625
3.557183333	608
3.56725	604
3.577466667	613
3.587683333	613
3.597733333	603
3.607766667	602
3.618016667	615
3.628566667	633
3.63885	617
3.649066667	613
3.659166667	606
3.669433333	616
3.679833333	624
3.69025	625
3.7007	627
3.7113	636
3.721883333	635
3.732066667	611
3.742366667	618
3.7529	632
3.7636	642
3.774066667	628
3.784966667	654
3.796166667	672
3.80825	725
3.819316667	664
3.8301	647
3.840866667	646
3.851366667	630
3.86185	629
3.871916667	604
3.88185	596
3.891766667	595
3.901733333	598
3.91155	589
3.921283333	584
3.9314	607
3.941633333	614
3.952083333	627
3.962466667	623
3.972633333	610
3.982533333	594
3.992416667	593
4.002633333	613
4.013316667	641
4.02445	668
4.0354	657
4.0457	618
4.055616667	595
4.065416667	588
4.075333333	595
4.085466667	608
4.095616667	609
4.105633333	601
4.115816667	611
4.126133333	619
4.13675	637
4.147483333	644
4.158083333	636
4.168916667	650
4.180266667	681
4.19135	665
4.2021	645
4.212533333	626
4.222616667	605
4.232516667	594
4.242483333	598
4.252816667	620
4.263566667	645
4.273566667	600
4.283216667	579
4.292666667	567
4.3021	566
4.311633333	572
4.321216667	575
4.330616667	564
4.34005	566
4.349766667	583
4.3598	602
4.369866667	604
4.379866667	600
4.389583333	583
4.3991	571
4.4087	576
4.418483333	587
4.4285	601
4.4388	618
4.4494	636
4.459616667	613
4.4699	617
4.480616667	643
4.493533333	775
4.50665	787
4.51825	696
4.529016667	646
4.539116667	606
4.549183333	604
4.559633333	627
4.56985	613
4.579866667	601
4.589666667	588
4.5993	578
4.608733333	566
4.618083333	561
4.62735	556
4.636583333	554
4.6458	553
4.655033333	554
4.664416667	563
4.674133333	583
4.68385	583
4.6933	567
4.702516667	553
4.711666667	549
4.720716667	543
4.729716667	540
4.7387	539
4.747883333	551
4.757483333	576
4.767383333	594
4.777666667	617
4.78815	629
4.800233333	725
4.81325	781
4.826633333	803
4.8395	772
4.852116667	757
4.86425	728
4.875466667	673
4.885983333	631
4.89585	592
4.905366667	571
4.915033333	580
4.925016667	599
4.936233333	673
4.949566667	800
4.96315	815
4.977366667	853
4.99105	821
5.004183333	788
5.016216667	722
5.027433333	673
5.038183333	645
5.048366667	611
5.058016667	579
5.067533333	571
5.077066667	572
5.086733333	580
5.09665	595
5.1071	627
5.118533333	686
5.13045	715
5.142083333	698
5.1537	697
5.165466667	706
5.17725	707
5.188766667	691
5.200216667	687
5.211766667	693
5.223233333	688
5.234633333	684
5.2459	676
5.257366667	688
5.268883333	691
5.2806	703
5.2924	708
5.30435	717
5.31735	780
5.3307	801
5.342833333	728
5.3544	694
5.366	696
5.3776	696
5.389033333	686
5.400316667	677
5.410633333	619
5.420616667	599
5.430466667	591
5.4405	602
5.450766667	616
5.46075	599
5.4707	597
5.480733333	602
5.490566667	590
5.5004	590
5.51065	615
5.5211	627
5.5314	618
5.541483333	605
5.55155	604
5.561566667	601
5.571383333	589
5.581283333	594
5.591133333	591
5.6011	598
5.611366667	616
5.6218	626
5.6327	654
5.643633333	656
5.654516667	653
5.665266667	645
5.675766667	630
5.686233333	628
5.696466667	614
5.706666667	612
5.7166	596
5.726533333	596
5.73645	595
5.74645	600
5.756383333	596
5.766233333	591
5.77605	589
5.786116667	604
5.796533333	625
5.807366667	650
5.819183333	709
5.83095	706
5.84235	684
5.8533	657
5.863833333	632
5.874416667	635
5.88475	620
5.89495	612
5.904933333	599
5.915216667	617
5.925516667	618
5.9359	623
5.946166667	616
5.956516667	621
5.967133333	637
5.9782	664
5.988983333	647
5.999383333	624
6.009483333	606
6.019566667	605
6.029566667	600
6.039516667	597
6.049333333	589
6.058983333	579
6.068466667	569
6.077933333	568
6.087216667	557
6.096416667	552
6.105983333	574
6.115983333	600
6.12595	598
6.13625	618
6.146733333	629
6.1577	658
6.16835	639
6.178483333	608
6.188416667	596
6.198266667	591
6.208	584
6.217566667	574
6.227066667	570
6.236616667	573
6.24635	584
6.25625	594
6.2661	591
6.276016667	595
6.28615	608
6.296283333	608
6.306616667	620
6.317133333	631
6.3277	634
6.338083333	623
6.348516667	626
6.35915	638
6.370066667	655
6.381	656
6.391616667	637
6.402366667	645
6.413416667	663
6.4245	665
6.43505	633
6.44535	618
6.4556	615
6.465916667	619
6.4762	617
6.486466667	616
6.49645	599
6.506283333	590
6.516	583
6.52585	591
6.536133333	617
6.546583333	627
6.557233333	639
6.567716667	629
6.577783333	604
6.58785	604
6.59845	636
6.60965	672
6.62165	720
6.633366667	703
6.645133333	706
6.656216667	665
6.66695	644
6.67725	618
6.687416667	610
6.697283333	592
6.707033333	585
6.7169	592
6.726783333	593
6.736916667	608
6.746983333	604
6.757133333	609
6.767233333	606
6.777316667	605
6.7875	611
6.798083333	635
6.8105	745
6.8216	666
6.831983333	623
6.841716667	584
6.851166667	567
6.86045	557
6.869683333	554
6.878866667	551
6.887966667	546
6.8971	548
6.906316667	553
6.915783333	568
6.92515	562
6.934883333	584
6.945016667	608
6.955016667	600
6.965716667	642
6.976883333	670
6.987866667	659
6.9984	632
7.008733333	620
7.019816667	665
7.030916667	666
7.04155	638
7.0524	651
7.062466667	604
7.072216667	585
7.0822	599
7.092533333	620
7.103033333	630
7.1134	622
7.12375	621
7.13385	606
7.143833333	599
7.1539	604
7.163966667	604
7.1738	590
7.1834	576
7.192733333	560
7.201966667	554
7.2115	572
7.22205	633
7.232516667	628
7.242616667	606
7.252516667	594
7.262466667	597
7.272183333	583
7.281766667	575
7.290966667	552
7.300183333	553
7.30955	562
7.319116667	574
7.3289	587
7.33925	621
7.352233333	779
7.364133333	714
7.37515	661
7.385916667	646
7.396883333	658
7.408133333	675
7.419583333	687
7.4306	661
7.44145	651
7.452433333	659
7.463483333	663
7.474583333	666
7.485283333	642
7.4964	667
7.507316667	655
7.517683333	622
7.5283	637
7.538983333	641
7.549766667	647
7.560466667	642
7.573233333	766
7.5848	694
7.596016667	673
7.607333333	679
7.618483333	669
7.629783333	678
7.641416667	698
7.65295	692
7.664583333	698
7.6763	703
7.68775	687
7.69955	708
7.710883333	680
7.7223	685
7.733216667	655
7.743983333	646
7.754633333	639
7.765316667	641
7.776133333	649
7.78665	631
7.796983333	620
7.807233333	615
7.8172	598
7.82755	621
7.83765	606
7.847783333	608
7.858216667	626
7.868666667	627
7.878966667	618
7.889083333	607
7.89975	640
7.910516667	646
7.92075	614
7.931133333	623
7.941283333	609
7.951216667	596
7.96125	602
7.972483333	674
7.984433333	717
7.9962	706
8.008133333	716
8.019116667	659
8.030233333	667
8.040833333	636
8.050966667	608
8.061133333	610
8.071366667	614
8.0816	614
8.09175	609
8.102133333	623
8.112266667	608
8.122966667	642
8.13365	641
8.144533333	653
8.155383333	651
8.166883333	690
8.1779	661
8.188766667	652
8.199116667	621
8.209783333	640
8.220116667	620
8.230366667	615
8.240483333	607
8.251333333	651
8.26205	643
8.272616667	634
8.282566667	597
8.292766667	612
8.3031	620
8.3132	606
8.323333333	608
8.333683333	621
8.343683333	600
8.353883333	612
8.364183333	618
8.374516667	620
8.384633333	607
8.3952	634
8.405383333	611
8.415983333	636
8.4266	637
8.436916667	619
8.447233333	619
8.457666667	626
8.467983333	619
8.478316667	620
8.489166667	651
8.499566667	624
8.51015	635
8.52075	636
8.5314	639
8.54175	621
8.552933333	671
8.5637	646
8.573983333	617
8.584483333	630
8.594816667	620
8.604966667	609
8.615	602
8.6256	636
8.635716667	607
8.645983333	616
8.656533333	633
8.667216667	641
8.677566667	621
8.68845	653
8.701783333	800
8.713116667	680
8.7243	671
8.73525	657
8.746266667	661
8.75705	647
8.76845	684
8.780866667	745
8.7923	686
8.80375	687
8.814783333	662
8.82555	646
8.83595	624
8.845683333	584
8.855216667	572
8.864366667	549
8.873466667	546
8.882516667	543
8.8916	545
8.900633333	542
8.909933333	558
8.919883333	597
8.9333	805
8.946766667	808
8.960716667	837
8.97385	788
8.985583333	704
8.9972	697
9.008516667	679
9.019416667	654
9.030083333	640
9.041066667	659
9.05225	671
9.063033333	647
9.07395	655
9.084883333	656
9.095433333	633
9.105583333	609
9.115533333	597
9.125683333	609
9.13555	592
9.145233333	581
9.154933333	582
9.164616667	581
9.1741	569
9.18345	561
9.192733333	557
9.2021	562
9.211633333	572
9.221316667	581
9.230916667	576
9.240366667	567
9.249916667	573
9.259433333	571
9.26895	571
9.278533333	575
9.288183333	579
9.297683333	570
9.307183333	570
9.316583333	564
9.3258	553
9.33495	549
9.344033333	545
9.353183333	549
9.362266667	545
9.3714	548
9.380433333	542
9.3895	544
9.398583333	545
9.407633333	543
9.416616667	539
9.425566667	537
9.434616667	543
9.443583333	538
9.4526	541
9.461583333	539
9.47065	544
9.479666667	541
9.488616667	537
9.497533333	535
9.506433333	534
9.515433333	540
9.524433333	540
9.5334	538
9.542266667	532
9.5511	530
9.559933333	530
9.568733333	528
9.5775	526
9.586233333	524
9.595	526
9.603833333	530
9.61275	535
9.621683333	536
9.6306	535
9.639366667	526
9.648216667	531
9.657166667	537
9.666133333	538
9.675	532
9.68375	525
9.69235	516
9.701016667	520
9.709716667	522
9.718466667	525
9.727216667	525
9.735883333	520
9.744516667	518
9.75305	512
9.761483333	506
9.77	511
9.778633333	518
9.787366667	524
9.796166667	528
9.805033333	532
9.81375	523
9.8224	519
9.831033333	518
9.839716667	521
9.84845	524
9.857133333	521
9.8657	514
9.874233333	512
9.88275	511
9.89125	510
9.899766667	511
9.908183333	505
9.91655	502
9.924883333	500
9.933233333	501
9.9417	508
9.9503	516
9.959	522
9.9676	516
9.976133333	512
9.984566667	506
9.992933333	502
10.00131667	503
10.00976667	507
10.01815	503
10.02648333	500
10.03476667	497
10.04303333	496
10.05135	499
10.05971667	502
10.06821667	510
10.07678333	514
10.08523333	507
10.09358333	501
10.10188333	498
10.11021667	500
10.11865	506
10.12733333	521
10.13606667	524
10.14481667	525
10.15346667	519
10.16201667	513
10.17053333	511
10.17905	511
10.18741667	502
10.19571667	498
10.20396667	495
10.21216667	492
10.22035	491
10.22868333	500
10.23723333	513
10.24585	517
10.25441667	514
10.26308333	520
10.27185	526
10.28055	522
10.28906667	511
10.2974	500
10.30576667	502
10.3141	500
10.3224	498
10.33071667	499
10.33895	494
10.3472	495
10.35546667	496
10.36381667	501
10.3722	503
10.38048333	497
10.38876667	497
10.397	494
10.40533333	500
10.41351667	491
10.42166667	489
10.4298	488
10.43786667	484
10.446	488
10.45408333	485
10.46208333	480
10.47015	484
10.47821667	484
10.48638333	490
10.4946	493
10.50278333	491
10.51095	490
10.5191	489
10.52738333	497
10.5356	493
10.54371667	487
10.55185	488
10.55998333	488
10.56813333	489
10.57616667	482
10.58421667	483
10.59223333	481
10.60026667	482
10.60836667	486
10.61636667	480
10.6243	476
10.63221667	475
10.64016667	477
10.64815	479
10.65601667	472
10.66393333	475
10.6718	472
10.67971667	475
10.68775	482
10.69585	486
10.70385	480
10.71178333	476
10.71981667	482
10.72785	482
10.73596667	487
10.7442	494
10.7523	486
10.76036667	484
10.76838333	481
10.77641667	482
10.7846	491
10.79303333	506
10.80151667	509
10.80996667	507
10.81845	509
10.82688333	506
10.83513333	495
10.84333333	492
10.8515	490
10.85968333	491
10.86778333	486
10.87583333	483
10.88395	487
10.89206667	487
10.90015	485
10.90825	486
10.91631667	484
10.9244	485
10.93251667	487
10.94056667	483
10.9485	476
10.9565	480
10.9645	480
10.97256667	484
10.98048333	475
10.98838333	474
10.99633333	477
11.0043	478
11.0123	480
11.02023333	476
11.02813333	474
11.036	472
11.04391667	475
11.05185	476
11.05988333	482
11.0678	475
11.0757	474
11.08358333	473
11.09148333	474
11.09941667	476
11.10723333	469
11.11503333	468
11.12275	463
11.1305	465
11.13835	471
11.14633333	479
11.15423333	474
11.16213333	474
11.1699	466
11.17766667	466
11.18535	461
11.19301667	460
11.20073333	463
11.20851667	467
11.21638333	472
11.22425	472
11.23201667	466
11.23975	464
11.24743333	461
11.25518333	465
11.26295	466
11.27091667	478
11.27885	476
11.28671667	472
11.29456667	471
11.30235	467
11.31021667	472
11.31815	476
11.32623333	485
11.33425	481
11.34215	474
11.35	471
11.35781667	469
11.36566667	471
11.37353333	472
11.3814	472
11.38928333	473
11.39718333	474
11.405	469
11.41276667	466
11.4206	470
11.42845	471
11.43638333	476
11.44446667	485
11.4525	482
11.46038333	473
11.46818333	468
11.47603333	471
11.48386667	470
11.49168333	469
11.4996	475
11.50756667	478
11.51546667	474
11.52338333	475
11.53121667	470
11.5391	473
11.54701667	475
11.55498333	478
11.56311667	488
11.5712	485
11.57916667	478
11.58705	473
11.59486667	469
11.60271667	471
11.61051667	468
11.61841667	474
11.62631667	474
11.63411667	468
11.64181667	462
11.6495	461
11.65718333	461
11.66488333	462
11.67266667	467
11.68041667	465
11.6881	461
11.6957	456
11.70335	459
11.71105	462
11.71878333	464
11.7267	475
11.73458333	473
11.74238333	468
11.75013333	465
11.7579	466
11.76563333	464
11.77351667	473
11.78131667	468
11.78903333	463
11.79675	463
11.80445	462
11.8122	465
11.81996667	466
11.82783333	472
11.83565	469
11.84345	468
11.85113333	461
11.85888333	465
11.86663333	465
11.87448333	471
11.88233333	471
11.89008333	465
11.8978	463
11.9055	462
11.9132	462
11.92088333	461
11.92861667	464
11.93631667	462
11.94396667	459
11.9516	458
11.95921667	457
11.96686667	459
11.97453333	460
11.98226667	464
11.99003333	466
11.9978	466
12.00545	459
12.01313333	461
12.0208	460
12.02851667	463
12.03643333	475
12.04438333	477
12.05218333	468
12.0599	463
12.06765	465
12.07538333	464
12.08306667	461
12.09085	467
12.09865	468
12.10638333	464
12.11406667	461
12.12168333	457
12.12933333	459
12.13696667	458
12.14465	461
12.15236667	463
12.16011667	465
12.16781667	462
12.17541667	456
12.18305	458
12.19071667	460
12.19841667	462
12.20618333	466
12.21393333	465
12.22151667	455
12.2291	455
12.23663333	452
12.24423333	456
12.25181667	455
12.25941667	456
12.2671	461
12.27485	465
12.28243333	455
12.28998333	453
12.29756667	455
12.30516667	456
12.31285	461
12.3206	465
12.32836667	466
12.33596667	456
12.34355	455
12.35116667	457
12.35881667	459
12.36648333	460
12.37416667	461
12.38185	461
12.38945	456
12.39695	450
12.40446667	451
12.41198333	451
12.41961667	458
12.42731667	462
12.43506667	465
12.4427	458
12.45021667	451
12.4577	449
12.46508333	443
12.4724	439
12.47966667	436
12.48695	437
12.4943	441
12.50178333	449
12.50935	454
12.51698333	458
12.52453333	453
12.532	448
12.53946667	448
12.547	452
12.55466667	460
12.56246667	468
12.57033333	472
12.57816667	470
12.58593333	466
12.59356667	458
12.6012	458
12.60886667	460
12.61656667	462
12.62441667	471
12.63225	470
12.63995	462
12.64758333	458
12.65523333	459
12.66291667	461
12.67061667	462
12.67838333	466
12.68598333	456
12.69353333	453
12.70111667	455
12.70878333	460
12.71658333	468
12.72438333	468
12.73215	466
12.73998333	470
12.74766667	461
12.75526667	456
12.7628	452
12.77035	453
12.77793333	455
12.78561667	461
12.79333333	463
12.80115	469
12.80895	468
12.8167	465
12.8244	462
12.83206667	460
12.83978333	463
12.84756667	467
12.85535	467
12.86321667	472
12.87098333	466
12.87866667	461
12.88626667	456
12.8939	458
12.9015	456
12.90915	459
12.91675	456
12.92431667	454
12.93183333	451
12.93938333	453
12.94695	454
12.95458333	458
12.96223333	459
12.96981667	455
12.97735	452
12.98488333	452
12.99243333	453
13	454
13.00761667	457
13.0153	461
13.02293333	458
13.03041667	449
13.03786667	447
13.04538333	451
13.0529	451
13.06041667	451
13.06795	452
13.07551667	454
13.08301667	450
13.09051667	450
13.098	449
13.10553333	452
13.1131	454
13.12076667	460
13.12838333	457
13.13595	454
13.14345	450
13.15098333	452
13.15853333	453
13.1661	454
13.17366667	454
13.1812	452
13.18865	447
13.19606667	445
13.20353333	448
13.21103333	450
13.21855	451
13.22611667	454
13.23371667	456
13.24123333	451
13.2487	448
13.2562	450
13.26368333	449
13.27125	454
13.27891667	460
13.28655	458
13.29418333	458
13.30171667	452
13.30925	452
13.31681667	454
13.32445	458
13.33205	456
13.33965	456
13.34716667	451
13.35461667	447
13.36215	452
13.36965	450
13.37715	450
13.3847	453
13.39221667	451
13.39961667	444
13.40696667	441
13.41431667	441
13.42173333	445
13.42918333	447
13.4367	451
13.44421667	451
13.45171667	450
13.45913333	445
13.46656667	446
13.47405	449
13.48158333	452
13.48918333	456
13.49681667	458
13.50433333	451
13.51186667	452
13.51933333	448
13.5268	448
13.53435	453
13.542	459
13.54973333	464
13.5574	460
13.56501667	457
13.5725	449
13.57995	447
13.58736667	445
13.59483333	448
13.60231667	449
13.60981667	450
13.61738333	454
13.6251	463
13.63271667	457
13.64025	452
13.64775	450
13.6553	453
13.66298333	461
13.67071667	464
13.67846667	465
13.68621667	465
13.69385	458
13.70143333	455
13.7091	460
13.71683333	464
13.72461667	467
13.73231667	462
13.73995	458
13.7475	453
13.75503333	452
13.76261667	455
13.77023333	457
13.7778	454
13.78536667	454
13.79288333	451
13.80033333	447
13.80775	445
13.81518333	446
13.82266667	449
13.83021667	453
13.83776667	453
13.84516667	444
13.85258333	445
13.85996667	443
13.86736667	444
13.87481667	447
13.88231667	450
13.88978333	448
13.89713333	441
13.90448333	441
13.91178333	438
13.91911667	440
13.92648333	442
13.93393333	447
13.94131667	443
13.94876667	447
13.95613333	442
13.96343333	438
13.97076667	440
13.97815	443
13.98565	450
13.9932	453
14.00085	459
14.00843333	455
14.01585	445
14.02326667	445
14.03068333	445
14.03813333	447
14.04563333	450
14.05316667	452
14.06068333	451
14.06821667	452
14.0756	443
14.083	444
14.09046667	448
14.09793333	448
14.10541667	449
14.11295	452
14.1204	447
14.1278	444
14.13516667	442
14.14256667	444
14.14998333	445
14.15745	448
14.165	453
14.17246667	448
14.17991667	447
14.18728333	442
14.19461667	440
14.20205	446
14.2096	453
14.21718333	455
14.22473333	453
14.23235	457
14.23993333	455
14.2474	448
14.2548	444
14.26221667	445
14.2697	449
14.27718333	449
14.2847	451
14.29223333	452
14.29966667	446
14.30705	443
14.31448333	446
14.32186667	443
14.32916667	438
14.33635	431
14.34348333	428
14.35063333	429
14.35786667	434
14.36525	443
14.37275	450
14.38023333	449
14.3876	442
14.39493333	440
14.4023	442
14.40973333	446
14.41716667	446
14.42463333	448
14.43205	445
14.43938333	440
14.44665	436
14.4539	435
14.4612	438
14.46851667	439
14.47586667	441
14.48326667	444
14.49068333	445
14.498	439
14.50526667	436
14.51253333	436
14.5198	436
14.52711667	439
14.53445	440
14.54181667	442
14.54921667	444
14.55655	440
14.56385	438
14.57116667	439
14.5785	440
14.58586667	442
14.5933	446
14.60073333	446
14.60813333	444
14.61548333	441
14.6228	439
14.63016667	442
14.63755	443
14.64503333	449
14.65248333	447
14.65983333	441
14.66713333	438
14.67445	439
14.68183333	443
14.68926667	446
14.69668333	445
14.70415	448
14.7116	447
14.7189	438
14.72618333	437
14.73343333	435
14.74071667	437
14.74801667	438
14.75536667	441
14.76271667	441
14.76996667	435
14.77718333	433
14.78438333	432
14.79163333	435
14.7989	436
14.8062	438
14.81356667	442
14.82085	437
14.82805	432
14.83525	432
14.84251667	436
14.84988333	442
14.8574	451
14.86486667	448
14.87231667	447
14.87976667	447
14.88713333	442
14.89443333	438
14.9017	436
14.90901667	439
14.91643333	445
14.9239	448
14.93136667	448
14.93871667	441
14.94603333	439
14.95333333	438
14.96068333	441
14.9681	445
14.97555	447
14.98303333	449
14.99055	451
14.99796667	445
15.0053	440
15.0127	444
15.02013333	446
15.02763333	450
15.03515	451
15.04266667	451
15.05011667	447
15.0575	443
15.06493333	446
15.07233333	444
15.07978333	447
15.0872	445
15.09458333	443
15.10188333	438
15.10918333	438
15.11651667	440
15.12386667	441
15.13125	443
15.13865	444
15.14598333	440
15.15326667	437
15.16048333	433
15.16775	436
15.17505	438
15.18235	438
15.18965	438
15.19695	438
15.20415	432
15.21136667	433
15.21856667	432
15.22581667	435
15.23306667	435
15.2403	434
15.24753333	434
15.2548	436
15.26205	435
15.26926667	433
15.27646667	432
15.28371667	435
15.29105	440
15.29853333	449
15.30603333	450
15.3135	448
15.32095	447
15.32831667	442
15.33555	434
15.3428	435
15.3501	438
15.35746667	442
15.36486667	444
15.37225	443
15.3798	453
15.38721667	445
15.39455	440
15.40188333	440
15.4092	439
15.41653333	440
15.42396667	446
15.43141667	447
15.43888333	448
15.44638333	450
15.45383333	447
15.46126667	446
15.46861667	441
15.47591667	438
15.4832	437
15.49051667	439
15.49791667	444
15.50533333	445
15.51278333	447
15.5203	451
15.52775	447
15.53511667	442
15.54235	434
15.5496	435
15.55686667	436
15.56416667	438
15.57151667	441
15.57885	440
15.58625	444
15.59366667	445
15.6011	446
15.60835	435
15.61561667	436
15.62285	434
15.63008333	434
15.63738333	438
15.64475	442
15.6521	441
15.65948333	443
15.6668	439
15.67405	435
15.6813	435
15.68856667	436
15.69588333	439
15.70318333	438
15.71051667	440
15.71776667	435
15.72495	431
15.73213333	431
15.73933333	432
15.74655	433
15.75381667	436
15.76101667	432
15.76818333	430
15.7753	427
15.78238333	425
15.7895	427
15.79666667	430
15.80386667	432
15.8111	434
15.81828333	431
15.82543333	429
15.83255	427
15.83966667	427
15.84681667	429
15.85403333	433
15.86123333	432
15.86848333	435
15.87573333	435
15.88291667	431
15.89001667	426
15.89708333	424
15.90416667	425
15.91138333	433
15.91868333	438
15.92595	436
15.93321667	436
15.94053333	439
15.94776667	434
15.95495	431
15.96208333	428
15.9692	427
15.97616667	418
15.98311667	417
15.99005	416
15.99703333	419
16.00411667	425
16.01125	428
16.01841667	430
16.02555	428
16.03263333	425
16.03973333	426
16.0469	430
16.05413333	434
16.06141667	437
16.06866667	435
16.07581667	429
16.08298333	430
16.09011667	428
16.09728333	430
16.10448333	432
16.11171667	434
16.11883333	427
16.12598333	429
16.1331	427
16.1403	432
16.14753333	434
16.15473333	432
16.1619	430
16.16908333	431
16.1762	427
16.1834	432
16.1907	438
16.19806667	442
16.20545	443
16.21291667	448
16.22031667	444
16.22763333	439
16.23488333	435
16.24213333	435
16.24945	439
16.25676667	439
16.26408333	439
16.27123333	429
16.27836667	428
16.28548333	427
16.29263333	429
16.29986667	434
16.30725	443
16.31473333	449
16.32216667	446
16.32961667	447
16.33705	446
16.34441667	442
16.35171667	438
16.35895	434
16.36616667	433
16.37345	437
16.38076667	439
16.38813333	442
16.39546667	440
16.40273333	436
16.40993333	432
16.41713333	432
16.42436667	434
16.4316	434
16.43885	435
16.44606667	433
16.45328333	433
16.46043333	429
16.46756667	428
16.47473333	430
16.48186667	428
16.48908333	433
16.49636667	437
16.50356667	432
16.51076667	432
16.518	434
16.52528333	437
16.53263333	441
16.53996667	440
16.54721667	435
16.55438333	430
16.56156667	431
16.5686	422
16.57563333	422
16.5827	424
16.58981667	427
16.59698333	430
16.60421667	434
16.61145	434
16.61858333	428
16.62566667	425
16.63276667	426
16.63995	431
16.6472	435
16.65455	441
16.6619	441
16.6692	438
16.67641667	433
16.6836	431
16.69075	429
16.69795	432
16.70516667	433
16.71243333	436
16.71961667	431
16.7268	431
16.73396667	430
16.7412	434
16.74845	435
16.75566667	433
16.76286667	432
16.77008333	433
16.77735	436
16.78466667	439
16.79188333	433
16.79905	430
16.8062	429
16.81341667	433
16.82076667	441
16.8282	446
16.83563333	446
16.84295	439
16.85021667	436
16.8574	431
16.86455	429
16.8717	429
16.8789	432
16.8862	438
16.89358333	443
16.90088333	438
16.90813333	435
16.91533333	432
16.9225	430
16.9297	432
16.93705	441
16.9445	447
16.9519	444
16.95933333	446
16.96668333	441
16.97395	436
16.98121667	436
16.98843333	433
16.99571667	437
17.00305	440
17.01048333	446
17.0179	445
17.02528333	443
17.0326	439
17.03988333	437
17.0471	433
17.05431667	433
17.0616	437
17.06888333	437
17.07621667	440
17.08351667	438
17.09081667	438
17.09806667	435
17.10533333	436
17.1126	436
17.1199	438
17.12721667	439
17.13443333	433
17.14168333	435
17.14891667	434
17.15618333	436
17.16341667	434
17.17061667	432
17.17776667	429
17.18491667	429
17.1921	431
17.19936667	436
17.20651667	429
17.21365	428
17.22076667	427
17.22796667	432
17.23518333	433
17.24235	430
17.24946667	427
17.25658333	427
17.26378333	432
17.27105	436
17.27825	432
17.28536667	427
17.29243333	424
17.29956667	428
17.30673333	430
17.3139	430
17.32098333	425
17.32806667	425
17.33518333	427
17.34238333	432
17.34968333	438
17.3571	445
17.36455	447
17.3719	441
17.37918333	437
17.38643333	435
17.3937	436
17.40101667	439
17.40835	440
17.4157	441
17.42308333	443
17.43053333	447
17.43781667	437
17.44508333	436
17.45235	436
17.45963333	437
17.46696667	440
17.4743	440
17.48173333	446
17.48896667	434
17.4962	434
17.50343333	434
17.5107	436
17.518	438
17.52531667	439
17.53266667	441
17.53993333	436
17.54715	433
17.55433333	431
17.5616	436
17.5689	438
17.57618333	437
17.58346667	437
17.5907	434
17.598	438
17.6052	432
17.61238333	431
17.6196	433
17.62685	435
17.63413333	437
17.64146667	440
17.64876667	438
17.65601667	435
17.6632	431
17.67038333	431
17.6776	433
17.68483333	434
17.6921	436
17.69943333	440
17.70663333	432
17.71376667	428
17.72093333	430
17.72813333	432
17.7354	436
17.7426	432
17.74981667	433
17.75708333	436
17.76425	430
17.7714	429
17.77856667	430
17.78578333	433
17.79303333	435
17.8004	442
17.80771667	439
17.815	437
17.8222	432
17.82941667	433
17.8367	437
17.84398333	437
17.85138333	444
17.8587	439
17.86595	435
17.87315	432
17.88036667	433
17.88763333	436
17.8949	436
17.9022	438
17.90953333	440
17.91678333	435
17.92403333	435
17.93123333	432
17.93843333	432
17.94566667	434
17.95296667	438
17.96028333	439
17.96758333	438
17.9749	439
17.9821	432
17.98926667	430
17.9964	428
18.0036	432
18.01078333	431
18.01803333	435
18.02526667	434
18.03255	437
18.03975	432
18.0469	429
18.05406667	430
18.06125	431
18.06845	432
18.07568333	434
18.08288333	432
18.09008333	432
18.0972	427
18.10431667	427
18.11143333	427
18.11861667	431
18.12581667	432
18.13306667	435
18.14028333	433
18.14743333	429
18.15455	427
18.16168333	428
18.16888333	432
18.17613333	435
18.18341667	437
18.19068333	436
18.19786667	431
18.20503333	430
18.21218333	429
18.2194	433
18.22663333	434
18.23388333	435
18.24113333	435
18.24838333	435
18.25553333	429
18.26261667	425
18.26971667	426
18.27691667	432
18.2842	437
18.2915	438
18.29876667	436
18.30606667	438
18.31336667	438
18.32061667	435
18.32775	428
18.33486667	427
18.34198333	427
18.34918333	432
18.35646667	437
18.36378333	439
18.3711	439
18.37841667	439
18.38571667	438
18.39296667	435
18.40016667	432
18.40746667	438
18.41476667	438
18.42213333	442
18.42951667	443
18.4369	443
18.44413333	434
18.45133333	432
18.45856667	434
18.4658	434
18.47306667	436
18.48035	437
18.48765	438
18.49488333	434
18.50206667	431
18.50921667	429
18.51638333	430
18.52356667	431
18.53075	431
18.53795	432
18.54505	426
18.55215	426
18.5593	429
18.56648333	431
18.5737	433
18.58096667	436
18.58825	437
18.5956	441
18.6028	432
18.60996667	430
18.6171	428
18.62428333	431
18.63148333	432
18.63868333	432
18.64588333	432
18.65308333	432
18.66021667	428
18.66733333	427
18.67445	427
18.68156667	427
18.68868333	427
18.69561667	416
18.70258333	418
18.70955	418
18.71658333	422
18.72363333	423
18.73071667	425
18.73783333	427
18.7449	424
18.7519	420
18.75891667	421
18.76598333	424
18.7731	427
18.78021667	427
18.78735	428
18.79445	426
18.8015	423
18.80853333	422
18.81556667	422
18.82265	425
18.82973333	425
18.83683333	426
18.84386667	422
18.85093333	424
18.85795	421
18.86505	426
18.87213333	425
18.87925	427
18.88643333	431
18.8936	430
18.90073333	428
18.90781667	425
18.91485	422
18.92191667	424
18.92905	428
18.93625	432
18.94351667	436
18.95081667	438
18.95815	440
18.96543333	437
18.97268333	435
18.97985	430
18.98696667	427
18.99411667	429
19.0013	431
19.0085	432
19.0157	432
19.02296667	436
19.0302	434
19.03736667	430
19.04451667	429
19.05171667	432
19.05898333	436
19.06623333	435
19.07343333	432
19.08058333	429
19.08776667	431
19.09501667	435
19.1023	437
19.10963333	440
19.11693333	438
19.12421667	437
19.13138333	430
19.13851667	428
19.14561667	426
19.15275	428
19.15986667	427
19.16698333	427
19.1741	427
19.1811	420
19.18806667	418
19.19501667	417
19.20206667	423
19.2091	422
19.21615	423
19.22326667	427
19.23023333	418
19.23723333	420
19.24421667	419
19.2511	413
19.25795	411
19.26483333	413
19.27171667	413
19.2786	413
19.28548333	413
19.29235	412
19.29921667	412
19.30616667	417
19.31311667	417
19.32018333	424
19.3272	421
19.3342	420
19.34123333	422
19.34838333	429
19.35553333	429
19.36263333	426
19.36968333	423
19.37675	424
19.38385	426
19.39103333	431
19.39833333	438
19.40566667	440
19.413	440
19.42033333	440
19.42768333	441
19.435	439
19.44228333	437
19.44948333	432
19.45655	424
19.4636	423
19.47061667	421
19.4777	425
19.48481667	427
19.49198333	430
19.49915	430
19.50636667	433
19.51346667	426
19.5205	422
19.52753333	422
19.5346	424
19.54175	429
19.54888333	428
19.5561	433
19.56336667	436
19.57061667	435
19.57773333	427
19.58483333	426
19.5919	424
19.59901667	427
19.6062	431
19.61345	435
19.6207	435
19.62781667	427
19.6349	425
19.64198333	425
19.64911667	428
19.65625	428
19.66338333	428
19.67055	430
19.67773333	431
19.68495	433
19.69216667	433
19.69938333	433
19.7065	427
19.71355	423
19.72055	420
19.72761667	424
19.73471667	426
19.74181667	426
19.74893333	427
19.7561	430
19.76325	429
19.77031667	424
19.77728333	418
19.7843	421
19.7914	426
19.79856667	430
19.80575	431
19.8129	429
19.82011667	433
19.82733333	433
19.83448333	429
19.84161667	428
19.8487	425
19.85583333	428
19.86296667	428
19.87013333	430
19.87728333	429
19.8844	427
19.89146667	424
19.89848333	421
19.90556667	425
19.91273333	430
19.91988333	429
19.92706667	431
19.93415	425
19.9412	423
19.94828333	425
19.95536667	425
19.96248333	427
19.96963333	429
19.97676667	428
19.9839	428
19.99093333	422
19.99796667	422
20.00505	425
20.01211667	424
20.01918333	424
20.02621667	422
20.03325	422
20.04038333	428
20.04756667	431
20.05476667	432
20.06198333	433
20.06911667	428
20.0762	425
20.08335	429
20.09066667	439
20.09816667	450
20.10563333	448
20.11313333	450
20.12056667	446
20.12798333	445
20.13543333	447
20.1429	448
20.15036667	448
20.1577	440
20.165	438
20.17221667	433
20.1794	431
20.18655	429
20.19371667	430
20.20083333	427
20.20786667	422
20.21486667	420
20.22193333	424
20.229	424
20.23603333	422
20.24298333	417
20.24995	418
20.25693333	419
20.2639	418
20.27081667	415
20.27768333	412
20.28455	412
20.29143333	413
20.2983	412
20.30515	411
20.312	411
20.3189	414
20.32581667	415
20.33283333	421
20.3399	424
20.3471	432
20.3543	432
20.3615	432
20.3687	432
20.37596667	436
20.38318333	433
20.39038333	432
20.39751667	428
20.40456667	423
20.4118	434
20.41911667	439
20.42636667	435
20.4336	434
20.4408	432
20.448	432
20.45523333	434
20.4625	436
20.46976667	436
20.47701667	435
20.48421667	432
20.49141667	432
20.49863333	433
20.50586667	434
20.51313333	436
20.52043333	438
20.52778333	441
20.53511667	440
20.54248333	442
20.54988333	444
20.55736667	449
20.56481667	447
20.57225	446
20.57966667	445
20.58706667	444
20.59445	443
20.60186667	445
20.60926667	444
20.61666667	444
20.62408333	445
20.63151667	446
20.63896667	447
20.64643333	448
20.65398333	453
20.66153333	453
20.66911667	455
20.67666667	453
20.68425	455
20.69188333	458
20.69953333	459
20.70715	457
20.71471667	454
20.72228333	454
20.72986667	455
20.7374	452
20.74488333	449
20.75233333	447
20.75975	445
20.7672	447
20.77461667	445
20.78203333	445
20.78941667	443
20.79681667	444
20.80425	446
20.8117	447
20.81913333	446
20.82656667	446
20.834	446
20.8415	450
20.84905	453
20.85666667	457
20.86425	455
20.87185	456
20.87948333	458
20.88716667	461
20.8948	458
20.9024	456
20.91	456
20.9176	456
20.92526667	460
20.93293333	460
20.9406	460
20.9482	456
20.95576667	454
20.96336667	456
20.9711	464
20.97891667	469
20.98678333	472
20.99466667	473
21.00266667	480
21.0107	482
21.01883333	488
21.02693333	486
21.03508333	489
21.04315	484
21.05113333	479
21.05913333	480
21.06726667	488
21.07538333	487
21.08355	490
21.09173333	491
21.09986667	488
21.10801667	489
21.1161	485
21.1242	486
21.1323	486
21.14043333	488
21.14861667	491
21.1568	491
21.16495	489
21.17306667	487
21.18111667	483
21.18913333	481
21.19715	481
21.20521667	484
21.21328333	484
21.22138333	486
21.22953333	489
21.23773333	492
21.24596667	494
21.25415	491
21.26228333	488
21.2704	487
21.27853333	488
21.28668333	489
21.29481667	488
21.30293333	487
21.31106667	488
21.31928333	493
21.32753333	495
21.33568333	489
21.34381667	488
21.35193333	487
21.3601	490
21.36826667	490
21.37638333	487
21.38448333	486
21.39248333	480
21.40055	484
21.40863333	485
21.41676667	488
21.42493333	490
21.43308333	489
21.44135	496
21.4497	501
21.4581	504
21.46638333	497
21.47468333	498
21.4832	511
21.49163333	506
21.5	502
21.50835	501
21.51668333	500
21.525	499
21.53325	495
21.54146667	493
21.54951667	483
21.55748333	478
21.56536667	473
21.57318333	469
21.58095	466
21.58861667	460
21.59628333	460
21.60395	460
21.61171667	466
21.61958333	472
21.62805	508
21.63756667	571
21.64976667	732
21.66095	671
21.67173333	647
21.68186667	608
21.69061667	525
21.6992	515
21.7078	516
21.71621667	505
21.72446667	495
21.73256667	486
21.74066667	486
21.74881667	489
21.75696667	489
21.76515	491
21.77345	498
21.78185	504
21.79028333	506
21.79906667	527
21.80868333	577
21.82205	802
21.83385	708
21.84593333	725
21.85735	685
21.86818333	650
21.87868333	630
21.88863333	597
21.89731667	521
21.90595	518
21.9146	519
21.92328333	521
21.93198333	522
21.94073333	525
21.94945	523
21.95831667	532
21.96743333	547
21.97663333	552
21.98566667	542
21.99455	533
22.00321667	520
22.01171667	510
22.0201	503
22.02836667	496
22.03655	491
22.04476667	493
22.0531	500
22.06166667	514
22.0704	524
22.07925	531
22.0882	537
22.09756667	562
22.10741667	591
22.12001667	756
22.13113333	667
22.14246667	680
22.15343333	658
22.16403333	636
22.17435	619
22.18446667	607
22.19448333	601
22.20385	562
22.2133	567
22.2228	570
22.23266667	592
22.24291667	615
22.25383333	655
22.26648333	759
22.27718333	642
22.2874	613
22.29705	579
22.30625	552
22.31511667	532
22.32386667	525
22.33253333	520
22.34116667	518
22.34971667	513
22.35816667	507
22.36658333	505
22.37491667	500
22.38318333	496
22.39141667	494
22.39968333	496
22.40791667	494
22.41621667	498
22.42456667	501
22.43296667	504
22.44141667	507
22.44985	506
22.45833333	509
22.46681667	509
22.47531667	510
22.48383333	511
22.4923	508
22.50076667	508
22.50921667	507
22.51776667	513
22.52653333	526
22.53553333	540
22.5445	538
22.55343333	536
22.56228333	531
22.57106667	527
22.57991667	531
22.58871667	528
22.59756667	531
22.60645	533
22.6153	531
22.6241	528
22.63291667	529
22.64168333	526
22.65053333	531
22.65913333	516
22.66765	511
22.67615	510
22.68468333	512
22.69338333	522
22.70213333	525
22.71076667	518
22.71938333	517
22.72801667	518
22.73671667	522
22.74585	548
22.75495	546
22.764	543
22.77303333	542
22.78206667	542
22.79118333	547
22.80045	556
22.81036667	595
22.82221667	711
22.83376667	693
22.84556667	708
22.8577	728
22.86888333	671
22.87948333	636
22.88955	604
22.89903333	569
22.90785	529
22.9165	519
22.92506667	514
22.93361667	513
22.94225	518
22.9512	537
22.96063333	566
22.97065	601
22.98148333	650
22.99236667	653
23.0033	656
23.01416667	652
23.02485	641
23.03523333	623
23.04548333	615
23.05556667	605
23.06485	557
23.07415	558
23.0833	549
23.0924	546
23.10151667	547
23.11078333	556
23.12008333	558
23.12965	574
23.13898333	560
23.14798333	540
23.15681667	530
23.16561667	528
23.17451667	534
23.18355	542
23.19296667	565
23.20305	605
23.21401667	658
23.22558333	694
23.23636667	647
23.2467	620
23.25646667	586
23.2659	566
23.27488333	539
23.2839	541
23.29273333	530
23.30143333	522
23.30998333	513
23.31845	508
23.3268	501
23.33508333	497
23.3433	493
23.35156667	496
23.35996667	504
23.36838333	505
23.37708333	522
23.38576667	521
23.39453333	526
23.40318333	519
23.41196667	527
23.4207	524
23.42925	513
23.43778333	512
23.44625	508
23.45475	510
23.4632	507
23.47165	507
23.47996667	499
23.48825	497
23.49656667	499
23.50515	515
23.51426667	547
23.52598333	703
23.53761667	698
23.54888333	676
23.55955	640
23.56995	624
23.57985	594
23.58906667	553
23.59808333	541
23.60696667	533
23.61571667	525
23.62436667	519
23.633	518
23.64161667	517
23.65031667	522
23.65911667	528
23.668	533
23.67701667	541
23.68613333	547
23.69576667	578
23.7058	602
23.71565	591
23.72483333	551
23.7339	544
23.74296667	544
23.75191667	537
23.76085	536
23.7698	537
23.7787	534
23.78753333	530
23.79621667	521
23.80481667	516
23.8133	509
23.82168333	503
23.83	499
23.83846667	508
23.84718333	523
23.85601667	530
23.86501667	540
23.87405	542
23.88315	546
23.8927	573
23.90621667	811
23.9253	1145
23.94396667	1120
23.96008333	967
23.97396667	833
23.98591667	717
23.99661667	642
24.0067	605
24.01583333	548
24.02488333	543
24.03375	532
24.04255	528
24.05126667	523
24.05991667	519
24.06848333	514
24.07701667	512
24.08545	506
24.0939	507
24.10233333	506
24.11085	511
24.11946667	517
24.12825	527
24.1372	537
24.14611667	535
24.15523333	547
24.16476667	572
24.17468333	595
24.18421667	572
24.19361667	564
24.2029	557
24.21208333	551
24.22115	544
24.23003333	533
24.23885	529
24.24763333	527
24.2563	520
24.26488333	515
24.27338333	510
24.28185	508
24.29035	510
24.29885	510
24.30736667	511
24.31596667	516
24.32463333	520
24.3335	532
24.34231667	529
24.35106667	525
24.35991667	531
24.369	545
24.37823333	554
24.38786667	578
24.39753333	580
24.40703333	570
24.41611667	545
24.42508333	538
24.434	535
24.44283333	530
24.45156667	524
24.46025	521
24.46885	516
24.47746667	517
24.4861	518
24.49488333	527
24.5037	529
24.51253333	530
24.52136667	530
24.53013333	526
24.53881667	521
24.54745	518
24.55611667	520
24.56491667	528
24.57433333	565
24.58551667	671
24.59645	656
24.60735	654
24.6185	669
24.6293	648
24.6398	630
24.6498	600
24.65915	561
24.66813333	539
24.67688333	525
24.68546667	515
24.694	512
24.70245	507
24.71091667	508
24.71933333	505
24.72775	505
24.73623333	509
24.74475	511
24.75326667	511
24.76196667	522
24.77113333	550
24.78545	859
24.79703333	695
24.80801667	659
24.81838333	622
24.82788333	570
24.83715	556
24.84626667	547
24.85525	539
24.86418333	536
24.87303333	531
24.88188333	531
24.89075	532
24.8997	537
24.9085	528
24.9173	528
24.92611667	529
24.935	533
24.94401667	541
24.95335	560
24.96281667	568
24.97211667	558
24.98125	548
24.99016667	535
24.99896667	528
25.00766667	522
25.01625	515
25.02476667	511
25.03326667	510
25.04178333	511
25.05028333	510
25.05893333	519
25.06775	529
25.0765	525
25.0852	522
25.09393333	524
25.10278333	531
25.11181667	542
25.1211	557
25.13031667	553
25.1395	551
25.14873333	554
25.15798333	555
25.16713333	549
25.17626667	548
25.1853	542
25.19428333	539
25.2033	541
25.2125	552
25.22198333	569
25.23153333	573
25.24093333	564
25.24995	541
25.25891667	538
25.26795	542
25.27696667	541
25.286	542
25.29501667	541
25.304	539
25.31305	543
25.32221667	550
25.33181667	576
25.34285	662
25.354	669
25.366	720
25.37866667	760
25.3912	752
25.40295	705
25.414	663
25.42461667	637
25.43488333	616
25.44486667	599
25.4542	560
25.46333333	548
25.47236667	542
25.4814	542
25.49035	537
25.49926667	535
25.50793333	520
25.51655	517
25.52513333	515
25.53371667	515
25.54233333	517
25.551	520
25.55971667	523
25.56853333	529
25.57746667	536
25.58675	557
25.59681667	604
25.60985	782
25.62248333	758
25.63626667	827
25.64931667	783
25.66143333	727
25.67268333	675
25.68341667	644
25.69376667	621
25.70355	587
25.7128	555
25.72196667	550
25.73105	545
25.74013333	545
25.74921667	545
25.75831667	546
25.76736667	543
25.77635	539
25.78525	534
25.79413333	533
25.80303333	534
25.81188333	531
25.82076667	533
25.82963333	532
25.83835	523
25.84718333	530
25.85615	538
25.86505	534
25.87388333	530
25.8827	529
25.89156667	532
25.90036667	528
25.90916667	528
25.9179	524
25.92653333	518
25.93513333	516
25.94371667	515
25.95231667	516
25.96085	512
25.96953333	521
25.9783	526
25.98736667	544
25.99708333	583
26.00945	742
26.02085	684
26.0326	705
26.04368333	665
26.05435	640
26.06458333	614
26.07395	562
26.08315	552
26.09226667	547
26.10133333	544
26.11035	541
26.11931667	538
26.12821667	534
26.13723333	541
26.14631667	545
26.15555	554
26.16505	570
26.17488333	590
26.18486667	599
26.19481667	597
26.20465	590
26.2144	585
26.22398333	575
26.23338333	564
26.24266667	557
26.25193333	556
26.2611	550
26.27031667	553
26.27956667	555
26.28871667	549
26.29781667	546
26.30693333	547
26.31603333	546
26.32521667	551
26.33445	554
26.34378333	560
26.35318333	564
26.36255	562
26.3718	555
26.38096667	550
26.39	542
26.39898333	539
26.40795	538
26.41698333	542
26.42605	544
26.43518333	548
26.44451667	560
26.45428333	586
26.46471667	626
26.47583333	667
26.48675	655
26.49696667	613
26.5069	596
26.51641667	571
26.52565	554
26.53458333	536
26.54351667	536
26.55233333	529
26.561	520
26.56953333	512
26.57798333	507
26.58635	502
26.59468333	500
26.60303333	501
26.61148333	507
26.61995	508
26.6284	507
26.6369	510
26.64543333	512
26.65395	511
26.66246667	511
26.67105	515
26.67966667	517
26.68855	533
26.69775	552
26.7078	603
26.72238333	875
26.73491667	752
26.7477	767
26.75973333	722
26.77121667	689
26.78216667	657
26.79276667	636
26.80315	623
26.81313333	599
26.82265	571
26.83231667	580
26.84186667	573
26.85128333	565
26.86058333	558
26.86981667	554
26.87896667	549
26.88795	539
26.89686667	535
26.90565	527
26.91443333	527
26.92323333	528
26.93236667	548
26.94163333	556
26.95105	565
26.96025	552
26.96968333	566
26.97913333	567
26.98848333	561
26.99775	556
27.00701667	556
27.01626667	555
27.02543333	550
27.03458333	549
27.0437	547
27.05278333	545
27.06178333	540
27.07088333	546
27.08016667	557
27.08943333	556
27.09871667	557
27.10793333	553
27.1173	562
27.1267	564
27.13606667	562
27.14531667	555
27.15443333	547
27.16351667	545
27.17251667	540
27.18146667	537
27.19038333	535
27.19938333	540
27.20856667	551
27.21801667	567
27.22775	584
27.2378	603
27.24785	603
27.25781667	598
27.26745	578
27.27686667	565
27.28613333	556
27.29231667	0
27.29528333	0
27.30433333	543
27.31326667	536
27.32206667	528
27.33081667	525
27.33945	518
27.348	513
27.35648333	509
27.36495	508
27.3736	519
27.3825	534
27.39161667	547
27.40088333	556
27.41055	580
27.42066667	607
27.43131667	639
27.44201667	642
27.45198333	598
27.46153333	573
27.47078333	555
27.47985	544
27.48873333	533
27.49751667	527
27.50623333	523
27.51493333	522
27.52376667	530
27.53291667	549
27.54238333	568
27.55223333	591
27.56268333	627
27.57523333	753
27.58678333	693
27.5979	667
27.6083	624
27.61796667	580
27.62733333	562
27.63678333	567
27.64623333	567
27.65571667	569
27.66515	566
27.67455	564
27.68396667	565
27.69363333	580
27.70395	619
27.71478333	650
27.72651667	704
27.73788333	682
27.74901667	668
27.76003333	661
27.77088333	651
27.78128333	624
27.79096667	581
27.80051667	573
27.80988333	562
27.81931667	566
27.82865	560
27.83801667	562
27.84726667	555
27.85671667	567
27.86621667	570
27.87586667	579
27.88561667	585
27.89555	596
27.90576667	613
27.91576667	600
27.92536667	576
27.93476667	564
27.9441	560
27.95333333	554
27.96245	547
27.97156667	547
27.98063333	544
27.9897	544
27.99885	549
28.00801667	550
28.01731667	558
28.02658333	556
28.03588333	558
28.045	547
28.054	540
28.06293333	536
28.07191667	539
28.08088333	538
28.08976667	533
28.09856667	528
28.1073	524
28.11595	519
28.12451667	514
28.133	509
28.14143333	506
28.14988333	507
28.1586	523
28.16758333	539
28.17693333	561
28.1861	550
28.19493333	530
28.20403333	546
28.21343333	564
28.22291667	569
28.2326	581
28.2422	576
28.25191667	583
28.26165	584
28.2713	579
28.28098333	581
28.29045	568
28.29985	564
28.30923333	563
28.31863333	564
28.328	562
28.33725	555
28.3465	555
28.35581667	559
28.36546667	579
28.37541667	597
28.38975	860
28.40148333	704
28.4125	661
28.42296667	628
28.43293333	598
28.44255	577
28.45206667	571
28.46163333	574
28.47125	577
28.48088333	578
28.49046667	575
28.49996667	570
28.50933333	562
28.51851667	551
28.52761667	546
28.53665	542
28.54555	534
28.55433333	527
28.56298333	519
28.57163333	519
28.5803	520
28.58896667	520
28.5978	530
28.6068	540
28.6162	564
28.62583333	578
28.63565	589
28.64508333	566
28.65435	556
28.6636	555
28.67278333	551
28.68188333	546
28.69083333	537
28.6997	532
28.70848333	527
28.71721667	524
28.7261	533
28.73525	549
28.7445	555
28.75393333	566
28.76358333	579
28.77361667	602
28.78381667	612
28.7939	605
28.80406667	610
28.81391667	591
28.82346667	573
28.83281667	561
28.84213333	559
28.85135	553
28.86051667	550
28.8697	551
28.87896667	556
28.88826667	558
28.89753333	556
28.9067	550
28.91603333	560
28.92541667	563
28.93505	578
28.94466667	577
28.95416667	570
28.96385	581
28.97353333	581
28.9832	580
28.99286667	580
29.00233333	568
29.01178333	567
29.02115	562
29.03053333	563
29.03976667	554
29.049	554
29.05813333	548
29.06723333	546
29.07636667	548
29.0855	548
29.0948	558
29.1042	564
29.11363333	566
29.12306667	566
29.13235	557
29.14153333	551
29.15061667	545
29.15966667	543
29.16863333	538
29.17763333	540
29.18675	547
29.19623333	569
29.20653333	618
29.2183	706
29.22928333	659
29.23978333	630
29.24971667	596
29.25941667	582
29.26898333	574
29.27826667	557
29.28746667	552
29.29653333	544
29.30545	535
29.31423333	527
29.32288333	519
29.33136667	509
29.33983333	508
29.34826667	506
29.35668333	505
29.36513333	507
29.37348333	501
29.38186667	503
29.39025	503
29.39873333	509
29.40736667	518
29.41625	533
29.42523333	539
29.4343	544
29.44313333	530
29.45233333	552
29.46191667	575
29.47175	590
29.48186667	607
29.49145	575
29.5008	561
29.50995	549
29.51888333	536
29.52775	532
29.53668333	536
29.54565	538
29.55461667	538
29.56351667	534
29.57241667	534
29.5812	527
29.58993333	524
29.59873333	528
29.6078	544
29.61871667	655
29.63056667	711
29.64375	791
29.6552	687
29.66601667	649
29.67636667	621
29.68668333	619
29.69856667	713
29.70958333	661
29.72051667	656
29.73158333	664
29.74296667	683
29.75513333	730
29.76838333	795
29.78268333	858
29.79661667	836
29.8097	785
29.82205	741
29.83393333	713
29.84521667	677
29.85605	650
29.86661667	634
29.87683333	613
29.88623333	564
29.89536667	548
29.90443333	544
29.91355	547
29.92278333	554
29.93213333	561
29.94156667	566
29.95115	575
29.9614	615
29.97345	723
29.98585	744
29.99906667	793
30.01211667	783
30.0245	743
30.03616667	700
30.04723333	664
30.05793333	642
30.0684	628
30.07846667	604
30.08806667	576
30.09768333	577
30.10743333	585
30.11706667	578
30.12686667	588
30.13608333	553
30.14523333	549
30.15435	547
30.16351667	550
30.17276667	555
30.1821	560
30.19143333	560
30.2008	562
30.21028333	569
30.21993333	579
30.23026667	620
30.2412	656
30.25308333	713
30.26456667	689
30.27593333	682
30.28733333	684
30.29865	679
30.30945	648
30.32018333	644
30.3308	637
30.34128333	629
30.35181667	632
30.36203333	613
30.37216667	608
30.38191667	585
30.39135	566
30.40056667	553
30.40968333	547
30.41876667	545
30.42796667	552
30.43728333	559
30.44676667	569
30.4563	572
30.46593333	578
30.47558333	579
30.48566667	605
30.49658333	655
30.50841667	710
30.5201	701
30.53173333	698
30.5433	694
30.55458333	677
30.5656	661
30.57635	645
30.58691667	634
30.59738333	628
30.60753333	609
30.61716667	578
30.62653333	562
30.63573333	552
30.6448	544
30.65385	543
30.6629	543
30.67221667	559
30.6816	563
30.69108333	569
30.70081667	584
30.71073333	595
30.72085	607
30.7314	633
30.7422	648
30.75286667	640
30.76303333	610
30.77286667	590
30.78256667	582
30.79213333	574
30.80156667	566
30.81098333	565
30.8204	565
30.8298	564
30.83933333	572
30.84891667	575
30.85858333	580
30.86845	592
30.87828333	590
30.88846667	611
30.89951667	663
30.91073333	673
30.92136667	638
30.93156667	612
30.9416	602
30.95115	573
30.96045	558
30.96963333	551
30.97871667	545
30.98768333	538
30.99666667	539
31.00576667	546
31.01496667	552
31.02416667	552
31.03328333	547
31.04228333	540
31.05123333	537
31.06016667	536
31.06921667	543
31.0784	551
31.0877	558
31.09713333	566
31.1066	568
31.11625	579
31.12615	594
31.13695	648
31.1501	789
31.1633	792
31.17725	837
31.19078333	812
31.20316667	743
31.21431667	669
31.22493333	637
31.23525	619
31.24513333	593
31.25455	565
31.26383333	557
31.27301667	551
31.28215	548
31.29113333	539
31.3	532
31.30876667	526
31.31756667	528
31.32651667	537
31.3358	557
31.34541667	577
31.35526667	591
31.36533333	604
31.3768	688
31.38991667	787
31.4016	701
31.41253333	656
31.42281667	617
31.4323	569
31.44166667	562
31.45095	557
31.46045	570
31.47015	582
31.48	591
31.48978333	587
31.49953333	585
31.50956667	602
31.52076667	672
31.53476667	840
31.55066667	954
31.56625	935
31.58168333	926
31.59586667	851
31.6086	764
31.62068333	725
31.6323	697
31.64356667	676
31.65451667	657
31.66526667	645
31.67573333	628
31.68603333	618
31.69585	589
31.7057	591
31.71528333	575
31.72495	580
31.73481667	592
31.746	671
31.75815	729
31.7712	783
31.78441667	793
31.79693333	751
31.80846667	692
31.81931667	651
31.8298	629
31.8398	600
31.8495	582
31.85903333	572
31.86853333	570
31.87806667	572
31.88766667	576
31.89731667	579
31.90731667	600
31.91715	590
31.92715	600
31.93713333	599
31.94735	613
31.95773333	623
31.96823333	630
31.97925	661
31.99016667	655
