0.009416667	565
0.019033333	577
0.028916667	593
0.039233333	619
0.049833333	636
0.06135	691
0.073733333	743
0.08635	757
0.098933333	755
0.111716667	767
0.124616667	774
0.137583333	778
0.149983333	744
0.1619	715
0.173416667	691
0.184966667	693
0.196383333	685
0.2077	679
0.219016667	679
0.229933333	655
0.240383333	627
0.250533333	609
0.260483333	597
0.27075	616
0.281716667	658
0.293133333	685
0.305466667	740
0.31785	743
0.330333333	749
0.342816667	749
0.3551	737
0.367183333	725
0.3789	703
0.3904	690
0.401733333	680
0.412816667	665
0.423833333	661
0.434833333	660
0.445366667	632
0.45585	629
0.466583333	644
0.477633333	663
0.48925	697
0.501833333	755
0.513766667	716
0.525083333	679
0.536466667	683
0.5475	662
0.5588	678
0.569516667	643
0.579933333	625
0.589866667	596
0.599616667	585
0.60925	578
0.618816667	574
0.628283333	568
0.637733333	567
0.647183333	567
0.6567	571
0.666266667	574
0.676083333	589
0.687066667	659
0.699716667	759
0.714566667	891
0.729866667	918
0.745366667	930
0.758983333	817
0.771816667	770
0.785216667	804
0.80025	902
0.8145	855
0.827083333	755
0.83875	700
0.850616667	712
0.862883333	736
0.876133333	795
0.8897	814
0.901883333	731
0.91345	694
0.924983333	692
0.936816667	710
0.948916667	726
0.960683333	706
0.9719	673
0.983016667	667
0.99395	656
1.005116667	670
1.01605	656
1.026883333	650
1.03765	646
1.048633333	659
1.059916667	677
1.071116667	672
1.082216667	666
1.093516667	678
1.105	689
1.1167	702
1.128533333	710
1.140083333	693
1.1515	685
1.1626	666
1.173516667	655
1.184533333	661
1.195783333	675
1.207383333	696
1.218766667	683
1.22995	671
1.241283333	680
1.25285	694
1.263983333	668
1.275033333	663
1.286183333	669
1.2975	679
1.308666667	670
1.32	680
1.3315	690
1.343266667	706
1.3548	692
1.366533333	704
1.37815	697
1.3892	663
1.400316667	667
1.41145	668
1.42255	666
1.433566667	661
1.4449	680
1.45615	675
1.466783333	638
1.477383333	636
1.487583333	612
1.4975	595
1.5073	588
1.517416667	607
1.527816667	624
1.5382	623
1.54855	621
1.5586	603
1.568216667	577
1.5779	581
1.587666667	586
1.5974	584
1.607116667	583
1.61695	590
1.627	603
1.636783333	587
1.646266667	569
1.655816667	573
1.665716667	594
1.675916667	612
1.68585	596
1.695716667	592
1.7061	623
1.717283333	671
1.728916667	698
1.741733333	769
1.754416667	761
1.76705	758
1.779866667	769
1.7922	740
1.805133333	776
1.818166667	782
1.8321	836
1.846166667	844
1.85945	797
1.872816667	802
1.886533333	823
1.899766667	794
1.91215	743
1.924383333	734
1.936566667	731
1.948716667	729
1.9606	713
1.972216667	697
1.9836	683
1.994816667	673
2.006366667	693
2.01855	731
2.03055	720
2.042133333	695
2.053416667	677
2.064583333	670
2.075966667	683
2.087183333	673
2.098216667	662
2.109	647
2.119683333	641
2.130233333	633
2.140933333	642
2.151833333	654
2.162833333	660
2.1736	646
2.184566667	658
2.195683333	667
2.207083333	684
2.218633333	693
2.23025	697
2.241966667	703
2.253283333	679
2.2645	673
2.275716667	673
2.28705	680
2.298466667	685
2.3098	680
2.3209	666
2.331983333	665
2.34325	676
2.354666667	685
2.365683333	661
2.376233333	633
2.38655	619
2.396633333	605
2.4064	586
2.415983333	575
2.425433333	567
2.43475	559
2.443966667	553
2.453016667	543
2.462	539
2.470883333	533
2.4801	553
2.490166667	604
2.500283333	607
2.51035	604
2.520166667	589
2.529783333	577
2.53935	574
2.549	579
2.5586	576
2.56825	579
2.57795	582
2.587966667	601
2.598433333	628
2.60925	649
2.620116667	652
2.63095	650
2.6421	669
2.653333333	674
2.66535	721
2.67765	738
2.690566667	775
2.702616667	723
2.715	743
2.72675	705
2.738783333	722
2.751133333	741
2.76375	757
2.777216667	808
2.790066667	771
2.801566667	690
2.812716667	669
2.824033333	679
2.835466667	686
2.846733333	676
2.857483333	645
2.867916667	626
2.87825	620
2.888833333	635
2.8996	646
2.91025	639
2.920633333	623
2.930816667	611
2.940683333	592
2.950516667	590
2.960466667	597
2.97045	599
2.980283333	590
2.990066667	587
2.9999	590
3.010166667	616
3.021066667	654
3.0321	662
3.043383333	677
3.054933333	693
3.06635	685
3.0772	651
3.087933333	644
3.09875	649
3.109766667	661
3.121033333	676
3.133133333	726
3.144683333	693
3.155833333	669
3.1671	676
3.178183333	665
3.189183333	660
3.2	649
3.210583333	635
3.221216667	638
3.231566667	621
3.242	626
3.25255	633
3.26365	666
3.275083333	686
3.2869	709
3.298616667	703
3.309816667	672
3.320866667	663
3.331816667	657
3.342733333	655
3.35365	655
3.364266667	637
3.375	644
3.385816667	649
3.396783333	658
3.407766667	659
3.418583333	649
3.429366667	647
3.439966667	636
3.450233333	616
3.459983333	585
3.489166667	0
3.4991	596
3.508833333	584
3.5184	574
3.527833333	566
3.537216667	563
3.546533333	559
3.555833333	558
3.565283333	567
3.5751	589
3.585216667	607
3.595616667	624
3.606333333	643
3.6169	634
3.627166667	616
3.637333333	610
3.64785	631
3.659	669
3.6706	696
3.68305	747
3.696316667	796
3.710133333	829
3.72355	805
3.736716667	790
3.749	737
3.761	720
3.77285	711
3.78445	696
3.79605	696
3.8075	687
3.818883333	683
3.830083333	672
3.8408	643
3.8515	642
3.862433333	656
3.873983333	693
3.885966667	719
3.897383333	685
3.908683333	678
3.919866667	671
3.9307	650
3.941216667	631
3.951433333	613
3.9612	586
3.970816667	577
3.980366667	573
3.989766667	564
3.999133333	562
4.008483333	561
4.017833333	561
4.027283333	567
4.037116667	590
4.04725	608
4.057383333	608
4.067383333	600
4.077566667	611
4.087683333	607
4.097666667	599
4.10755	593
4.117383333	590
4.1272	589
4.137083333	593
4.146983333	594
4.156783333	588
4.166433333	579
4.175866667	566
4.185416667	573
4.19495	572
4.204766667	589
4.2145	584
4.22425	585
4.234616667	622
4.2449	617
4.254716667	589
4.264516667	588
4.274483333	598
4.284716667	614
4.295316667	636
4.3064	665
4.317616667	673
4.329033333	685
4.3403	676
4.351166667	652
4.361883333	643
4.372433333	633
4.382883333	627
4.393566667	641
4.404766667	672
4.415733333	658
4.42645	643
4.437266667	649
4.448683333	685
4.460533333	711
4.472983333	747
4.48555	754
4.497916667	742
4.509866667	717
4.52155	701
4.532966667	685
4.544166667	672
4.555316667	669
4.566483333	670
4.577566667	665
4.588533333	658
4.599633333	666
4.610533333	654
4.621183333	639
4.6318	637
4.6428	660
4.654583333	707
4.66815	814
4.682533333	863
4.69645	835
4.709383333	776
4.721083333	702
4.73265	694
4.744216667	694
4.755416667	672
4.766633333	673
4.777716667	665
4.788933333	673
4.799833333	654
4.810566667	644
4.821116667	633
4.831333333	613
4.841266667	596
4.85115	593
4.861183333	602
4.871533333	621
4.882416667	653
4.893716667	678
4.905033333	679
4.916283333	675
4.927316667	662
4.93855	674
4.949683333	668
4.960916667	674
4.9719	659
4.98265	645
4.993183333	632
5.003716667	632
5.01435	638
5.025316667	658
5.037	701
5.04845	687
5.0598	681
5.071033333	674
5.0821	664
5.093016667	655
5.103916667	654
5.114683333	646
5.125233333	633
5.135633333	624
5.146016667	623
5.156466667	627
5.167183333	643
5.1782	661
5.189683333	689
5.200933333	675
5.212	664
5.223066667	664
5.234183333	667
5.2454	673
5.256533333	668
5.267466667	656
5.278233333	646
5.288766667	632
5.299383333	637
5.309966667	635
5.320466667	630
5.331066667	636
5.341483333	625
5.3519	625
5.36225	621
5.372816667	634
5.383966667	669
5.39545	689
5.406733333	677
5.417783333	663
5.4285	643
5.43895	627
5.449483333	632
5.46015	640
5.4707	633
5.480983333	617
5.491033333	603
5.500833333	588
5.51035	571
5.5198	567
5.529183333	563
5.5385	559
5.547783333	557
5.557183333	564
5.566933333	585
5.576366667	566
5.5863	596
5.597583333	677
5.6098	733
5.622866667	784
5.635766667	774
5.648483333	763
5.660883333	744
5.6726	703
5.683866667	676
5.695216667	681
5.706816667	696
5.7184	695
5.730416667	721
5.74275	740
5.75515	744
5.767933333	767
5.7807	766
5.793783333	785
5.80645	760
5.819283333	770
5.831833333	753
5.843966667	728
5.856433333	748
5.868166667	704
5.879366667	672
5.89035	659
5.901333333	659
5.91265	679
5.924383333	704
5.936366667	719
5.9484	722
5.960633333	734
5.9731	748
5.985566667	748
5.99765	725
6.009616667	718
6.020966667	681
6.031833333	652
6.0425	640
6.0531	636
6.0638	642
6.074816667	661
6.086183333	682
6.097716667	692
6.109566667	711
6.121466667	714
6.133033333	694
6.144366667	680
6.155716667	681
6.1666	653
6.177283333	641
6.187866667	635
6.1985	638
6.20965	669
6.221316667	700
6.233366667	723
6.245816667	747
6.257966667	729
6.269966667	720
6.28175	707
6.2932	687
6.304616667	685
6.315683333	664
6.326466667	647
6.337183333	643
6.347783333	636
6.358366667	635
6.3693	656
6.380366667	664
6.3918	686
6.40265	651
6.413266667	637
6.4237	626
6.43385	609
6.4438	597
6.453566667	586
6.4632	578
6.472733333	572
6.482116667	563
6.491566667	567
6.501316667	585
6.511366667	603
6.521666667	618
6.531683333	601
6.541383333	582
6.551166667	587
6.5612	602
6.5712	600
6.580616667	565
6.590266667	579
6.599966667	582
6.609883333	595
6.620116667	614
6.630616667	630
6.64095	620
6.651383333	626
6.662	637
6.673133333	668
6.68415	661
6.695216667	664
6.70625	662
6.716933333	641
6.7277	646
6.738816667	667
6.750033333	673
6.761066667	662
6.771933333	652
6.782916667	659
6.79385	656
6.804783333	656
6.815783333	660
6.826683333	654
6.837366667	641
6.848116667	645
6.858766667	639
6.869566667	648
6.880516667	657
6.891566667	663
6.903066667	690
6.914616667	693
6.92615	692
6.93735	672
6.94875	684
6.95985	666
6.9712	681
6.982866667	700
6.99465	707
7.006566667	715
7.0183	704
7.029366667	664
7.039983333	637
7.050483333	630
7.060683333	612
7.0703	577
7.079716667	565
7.08925	572
7.099033333	587
7.10925	613
7.120466667	673
7.131316667	651
7.141866667	633
7.152466667	636
7.163733333	676
7.174533333	648
7.185066667	632
7.195466667	624
7.205866667	624
7.21605	611
7.226433333	623
7.2366	610
7.2466	600
7.256666667	604
7.266533333	592
7.276516667	599
7.286566667	603
7.2966	602
7.307333333	644
7.317783333	627
7.328916667	668
7.340333333	685
7.3512	652
7.362266667	664
7.373383333	667
7.384366667	659
7.3953	656
7.406216667	655
7.4171	653
7.428166667	664
7.4389	644
7.449366667	628
7.459966667	636
7.470366667	624
7.480933333	634
7.491216667	617
7.50155	620
7.512183333	638
7.522633333	627
7.533233333	636
7.54365	625
7.554283333	638
7.565066667	647
7.5757	638
7.586383333	641
7.59705	640
7.607683333	638
7.618566667	653
7.629133333	634
7.639683333	633
7.650316667	638
7.661433333	667
7.67255	667
7.683383333	650
7.694616667	674
7.7059	677
7.716766667	652
7.7279	668
7.738833333	656
7.7496	646
7.760516667	655
7.771316667	648
7.782133333	649
7.792616667	629
7.802983333	622
7.8137	643
7.824266667	634
7.834883333	637
7.845516667	638
7.856283333	646
7.867333333	663
7.878233333	654
7.8891	652
7.90035	675
7.9113	657
7.922433333	668
7.933333333	654
7.943916667	635
7.954666667	645
7.96535	641
7.976	639
7.98695	657
7.997616667	640
8.008216667	636
8.018916667	642
8.0297	647
8.040483333	647
8.050833333	621
8.061483333	639
8.072166667	641
8.08255	623
8.09305	630
8.103633333	635
8.1143	640
8.124666667	622
8.13505	623
8.145516667	628
8.155816667	618
8.166083333	616
8.176166667	605
8.186416667	615
8.19655	608
8.2069	621
8.217116667	613
8.227533333	625
8.238066667	632
8.248283333	613
8.258816667	632
8.2691	617
8.279233333	608
8.289416667	611
8.299833333	625
8.310083333	615
8.3202	607
8.3308	636
8.34105	615
8.351316667	616
8.361283333	598
8.371416667	608
8.381166667	585
8.391	590
8.400883333	593
8.41085	598
8.421166667	619
8.431316667	609
8.44305	704
8.4541	663
8.46575	699
8.478133333	743
8.490033333	714
8.501933333	714
8.5134	688
8.524516667	667
8.535533333	661
8.5464	652
8.557216667	649
8.567783333	634
8.5781	619
8.588683333	635
8.59905	622
8.609466667	625
8.619833333	622
8.630466667	638
8.641016667	633
8.652	659
8.662933333	656
8.674333333	684
8.685366667	662
8.696216667	651
8.7074	671
8.7182	648
8.72885	639
8.739366667	631
8.750316667	657
8.76065	620
8.771066667	625
8.7814	620
8.7919	630
8.802083333	611
8.812416667	620
8.82285	626
8.833683333	650
8.8444	643
8.855383333	659
8.86665	676
8.877983333	680
8.88905	664
8.90005	660
8.911116667	664
8.921866667	645
8.93245	635
8.94295	630
8.953683333	644
8.964	619
8.974416667	625
8.98505	638
8.996116667	664
9.006983333	652
9.0179	655
9.0288	654
9.040083333	677
9.05085	646
9.061733333	653
9.072616667	653
9.08365	662
9.094333333	641
9.1047	622
9.11525	633
9.125816667	634
9.136166667	621
9.146483333	619
9.1569	625
9.167283333	623
9.177566667	617
9.187833333	616
9.198383333	633
9.2086	613
9.218883333	617
9.229466667	635
9.239666667	612
9.2498	608
9.260066667	616
9.270283333	613
9.280266667	599
9.290183333	595
9.300166667	599
9.310016667	591
9.319716667	582
9.329433333	583
9.339233333	588
9.3491	592
9.358933333	590
9.3687	586
9.378583333	593
9.388383333	588
9.398166667	587
9.408083333	595
9.418083333	600
9.427816667	584
9.43755	584
9.447366667	589
9.4571	584
9.466783333	581
9.476433333	579
9.4862	586
9.495833333	578
9.5054	574
9.515016667	577
9.524633333	577
9.5345	592
9.544233333	584
9.5538	574
9.563433333	578
9.573166667	584
9.58275	575
9.59225	570
9.601683333	566
9.611083333	564
9.620383333	558
9.629633333	555
9.638916667	557
9.64835	566
9.657816667	568
9.667266667	567
9.67675	569
9.686416667	580
9.696383333	598
9.706283333	594
9.7161	589
9.7259	588
9.735766667	592
9.74545	581
9.755066667	577
9.76465	575
9.77425	576
9.783716667	568
9.793016667	558
9.8023	557
9.811733333	566
9.82095	553
9.830283333	560
9.8396	559
9.849116667	571
9.858666667	573
9.868233333	574
9.877766667	572
9.887666667	594
9.89725	575
9.90675	570
9.916166667	565
9.925683333	571
9.935233333	573
9.944666667	566
9.954	560
9.963483333	569
9.973083333	576
9.982416667	560
9.991733333	559
10.00101667	557
10.01036667	561
10.01976667	564
10.02901667	555
10.03826667	555
10.04756667	558
10.05691667	561
10.06625	560
10.07558333	560
10.08486667	557
10.09415	557
10.1036	567
10.11288333	557
10.12211667	554
10.13133333	553
10.14058333	555
10.14998333	564
10.15923333	555
10.16851667	557
10.17773333	553
10.187	556
10.19641667	565
10.20581667	564
10.21525	566
10.22468333	566
10.23421667	572
10.24361667	564
10.25291667	558
10.26215	554
10.27136667	553
10.28048333	547
10.28946667	539
10.29845	539
10.30746667	541
10.31643333	538
10.32533333	534
10.33421667	533
10.3432	539
10.35245	555
10.3616	549
10.3708	552
10.37991667	547
10.3893	563
10.39863333	560
10.4078	550
10.41691667	547
10.42606667	549
10.43515	545
10.44421667	544
10.45323333	541
10.46215	535
10.47118333	542
10.4801	535
10.48903333	536
10.4979	532
10.50688333	539
10.516	547
10.52503333	542
10.53406667	542
10.54305	539
10.55223333	551
10.5614	550
10.57045	543
10.57948333	542
10.58866667	551
10.59778333	547
10.6068	541
10.6158	540
10.62483333	542
10.63391667	545
10.64288333	538
10.65183333	537
10.66073333	534
10.66975	541
10.6789	549
10.68795	543
10.697	543
10.70641667	565
10.71605	578
10.72558333	572
10.73483333	555
10.74401667	551
10.75335	560
10.76291667	574
10.77255	578
10.7822	579
10.79185	579
10.80125	564
10.81065	564
10.8199	555
10.8292	558
10.83848333	557
10.84768333	552
10.85696667	557
10.86636667	564
10.87556667	552
10.88485	557
10.89415	558
10.90361667	568
10.91295	560
10.92213333	551
10.93126667	548
10.94063333	562
10.94983333	552
10.95898333	549
10.96808333	546
10.9772	547
10.98658333	563
10.99583333	555
11.00503333	552
11.01436667	560
11.0237	560
11.0332	570
11.04261667	565
11.0519	557
11.06103333	548
11.07026667	554
11.07948333	553
11.08876667	557
11.09785	545
11.10688333	542
11.1159	541
11.12488333	539
11.134	547
11.1431	546
11.15216667	544
11.16126667	546
11.17058333	559
11.17996667	563
11.18926667	558
11.19843333	550
11.20761667	551
11.2169	557
11.22603333	548
11.23503333	540
11.24411667	545
11.25323333	547
11.26246667	554
11.27165	551
11.28075	546
11.28995	552
11.29925	558
11.30846667	553
11.31766667	552
11.3268	548
11.336	552
11.34511667	547
11.35423333	547
11.36338333	549
11.3726	553
11.38166667	544
11.39075	545
11.3998	543
11.40888333	545
11.41795	544
11.42688333	536
11.4359	541
11.44486667	538
11.4539	542
11.46295	543
11.47193333	539
11.48101667	545
11.49023333	553
11.4994	550
11.50858333	551
11.51775	550
11.52703333	557
11.53631667	557
11.54543333	547
11.55453333	546
11.56373333	552
11.57296667	554
11.58208333	547
11.59115	544
11.60021667	544
11.6094	551
11.6184	540
11.62733333	536
11.63618333	531
11.654	0
11.66355	573
11.67323333	581
11.68276667	572
11.69218333	565
11.70165	568
11.7109	555
11.7199	540
11.72886667	538
11.73785	539
11.74685	540
11.75616667	559
11.7655	560
11.77476667	556
11.78398333	553
11.79335	562
11.803	579
11.81246667	568
11.82171667	555
11.83088333	550
11.84008333	552
11.84915	544
11.85818333	542
11.86716667	539
11.8762	542
11.88541667	553
11.89451667	546
11.90361667	546
11.91273333	547
11.92198333	555
11.93106667	545
11.9401	542
11.94905	537
11.95811667	544
11.96706667	537
11.97598333	535
11.9849	535
11.99373333	530
12.00263333	534
12.01148333	531
12.0204	535
12.02928333	533
12.03811667	530
12.04708333	538
12.05611667	542
12.06506667	537
12.07398333	535
12.08288333	534
12.09175	532
12.10065	534
12.10956667	535
12.11841667	531
12.12721667	528
12.13601667	528
12.14491667	534
12.15386667	537
12.16281667	537
12.17173333	535
12.1806	532
12.18961667	541
12.19848333	532
12.20733333	531
12.21616667	530
12.22513333	538
12.23428333	549
12.2433	541
12.25233333	542
12.2613	538
12.27041667	547
12.2795	545
12.28845	537
12.2974	537
12.30633333	536
12.31528333	537
12.32421667	536
12.33306667	531
12.3419	530
12.3508	534
12.35975	537
12.3686	531
12.37741667	529
12.38618333	526
12.39511667	536
12.40398333	532
12.41281667	530
12.42165	530
12.43058333	536
12.43966667	545
12.44856667	534
12.4575	536
12.46636667	532
12.47538333	541
12.48455	550
12.49355	540
12.50251667	538
12.5115	539
12.52056667	544
12.52945	533
12.53821667	526
12.547	527
12.55578333	527
12.56465	532
12.57343333	527
12.58213333	522
12.59088333	525
12.59973333	531
12.60858333	531
12.6174	529
12.62623333	530
12.63505	529
12.64403333	539
12.65295	535
12.66186667	535
12.67076667	534
12.67965	533
12.68868333	542
12.69755	532
12.70646667	535
12.71536667	534
12.72433333	538
12.73325	535
12.74208333	530
12.75091667	530
12.75991667	540
12.76891667	540
12.77795	542
12.78688333	536
12.79586667	539
12.80506667	552
12.81411667	543
12.82315	542
12.8321	537
12.84118333	545
12.85031667	548
12.8594	545
12.86843333	542
12.87733333	534
12.88643333	546
12.89541667	539
12.90438333	538
12.91333333	537
12.92238333	543
12.93153333	549
12.9406	544
12.9495	534
12.95825	525
12.96715	534
12.97628333	548
12.98576667	569
12.9954	578
13.00501667	577
13.01445	566
13.02375	558
13.0328	543
13.04173333	536
13.05058333	531
13.05945	532
13.06845	540
13.07758333	548
13.08671667	548
13.09583333	547
13.1048	538
13.11395	549
13.1233	561
13.13303333	584
13.14265	577
13.152	561
13.16131667	559
13.17045	548
13.17955	546
13.18866667	547
13.19766667	540
13.20653333	532
13.21541667	533
13.22428333	532
13.23321667	536
13.24205	530
13.25086667	529
13.25968333	529
13.26853333	531
13.27755	541
13.28675	552
13.29578333	542
13.3048	541
13.31378333	539
13.32275	538
13.332	555
13.34096667	538
13.34991667	537
13.35885	536
13.36773333	533
13.37663333	534
13.38536667	524
13.39416667	528
13.40293333	526
13.41183333	534
13.42066667	530
13.42953333	532
13.43835	529
13.4474	543
13.45635	537
13.46521667	532
13.47403333	529
13.48286667	530
13.49183333	538
13.5007	532
13.50955	531
13.51836667	529
13.52723333	532
13.53605	529
13.54483333	527
13.55361667	527
13.56246667	531
13.57125	527
13.57998333	524
13.58865	520
13.5973	519
13.60591667	517
13.61455	518
13.62323333	521
13.63191667	521
13.64068333	526
13.64961667	536
13.65871667	546
13.66783333	547
13.67676667	536
13.6857	536
13.6946	534
13.70366667	544
13.71271667	543
13.72166667	537
13.73055	533
13.73938333	530
13.74818333	528
13.75711667	536
13.76583333	523
13.7746	526
13.7833	522
13.79198333	521
13.8008	529
13.80965	531
13.81858333	536
13.8274	529
13.8362	528
13.84515	537
13.8542	543
13.86318333	539
13.87208333	534
13.88103333	537
13.88995	535
13.899	543
13.908	540
13.91695	537
13.9258	531
13.93468333	533
13.94358333	534
13.95233333	525
13.96115	529
13.96996667	529
13.97885	533
13.9877	531
13.99651667	529
14.0053	527
14.01408333	527
14.02293333	531
14.03176667	530
14.04053333	526
14.04933333	528
14.05815	529
14.06711667	538
14.0759	527
14.08475	531
14.0936	531
14.10241667	529
14.11138333	538
14.12035	538
14.12926667	535
14.13816667	534
14.14708333	535
14.15605	538
14.16488333	530
14.17368333	528
14.1825	529
14.19135	531
14.20016667	529
14.20896667	528
14.21776667	528
14.2268	542
14.23573333	536
14.2447	538
14.25365	537
14.26276667	547
14.2718	542
14.28071667	535
14.28966667	537
14.2986	536
14.30741667	529
14.31615	524
14.32481667	520
14.33346667	519
14.34225	527
14.35088333	518
14.35953333	519
14.36816667	518
14.37688333	523
14.38565	526
14.3943	519
14.40293333	518
14.41151667	515
14.4201	515
14.42856667	508
14.43693333	502
14.44511667	491
14.4533	491
14.46148333	491
14.46966667	491
14.47796667	498
14.4862	494
14.49443333	494
14.50261667	491
14.51956667	0
14.52846667	534
14.53738333	535
14.54603333	519
14.55458333	513
14.56298333	504
14.57135	502
14.57958333	494
14.58783333	495
14.59618333	501
14.60471667	512
14.61348333	526
14.62243333	537
14.63115	523
14.63998333	530
14.64901667	542
14.6583	557
14.66766667	562
14.67683333	550
14.686	550
14.69528333	557
14.70468333	564
14.71411667	566
14.72318333	544
14.73221667	542
14.74138333	550
14.75033333	537
14.7593	538
14.76813333	530
14.77698333	531
14.78603333	543
14.7949	532
14.80385	537
14.81271667	532
14.82168333	538
14.8307	541
14.83958333	533
14.84848333	534
14.85726667	527
14.86618333	535
14.875	529
14.88375	525
14.89253333	527
14.90136667	530
14.91023333	532
14.91911667	533
14.92791667	528
14.93678333	532
14.9457	535
14.95446667	526
14.96333333	532
14.97215	529
14.98118333	542
14.99003333	531
14.999	538
15.00788333	533
15.0167	529
15.02561667	535
15.03431667	522
15.04305	524
15.05181667	526
15.06068333	532
15.06976667	545
15.07885	545
15.08783333	539
15.09676667	536
15.10575	539
15.11481667	544
15.12381667	540
15.1327	533
15.14158333	533
15.15058333	540
15.1597	547
15.16878333	545
15.17778333	540
15.18673333	537
15.1957	538
15.2048	546
15.2141	558
15.22318333	545
15.23216667	539
15.24115	539
15.25016667	541
15.25933333	550
15.26863333	558
15.2777	544
15.28673333	542
15.29568333	537
15.30468333	540
15.31383333	549
15.32325	565
15.333	585
15.34293333	596
15.3526	580
15.36203333	566
15.37126667	554
15.38041667	549
15.38981667	564
15.39938333	574
15.40903333	579
15.41871667	581
15.42853333	589
15.4381	574
15.44746667	562
15.45665	551
15.46568333	542
15.47466667	539
15.48375	545
15.49291667	550
15.50213333	553
15.51141667	557
15.52076667	561
15.53	554
15.53911667	547
15.54808333	538
15.55698333	534
15.56591667	536
15.57495	542
15.58406667	547
15.59341667	561
15.6029	569
15.6122	558
15.62138333	551
15.63036667	539
15.63926667	534
15.64818333	535
15.65711667	536
15.66615	542
15.67535	552
15.68438333	542
15.69336667	539
15.70223333	532
15.71105	529
15.72001667	538
15.72878333	526
15.73765	532
15.74645	528
15.75526667	529
15.76418333	535
15.77318333	540
15.7824	553
15.7915	546
15.80056667	544
15.80948333	535
15.81833333	531
15.8271	526
15.83581667	523
15.84463333	529
15.8536	538
15.86265	543
15.87183333	551
15.88086667	542
15.88986667	540
15.89871667	531
15.9076	533
15.91645	531
15.92543333	539
15.93465	553
15.94375	546
15.95281667	544
15.96168333	532
15.97055	532
15.9794	531
15.98825	531
15.99726667	541
16.0063	542
16.01528333	539
16.02415	532
16.033	531
16.04195	537
16.05096667	541
16.06021667	555
16.06916667	537
16.07806667	534
16.0869	530
16.09581667	535
16.10473333	535
16.11373333	540
16.12265	535
16.13148333	530
16.14028333	528
16.14908333	528
16.1579	529
16.1668	534
16.1757	534
16.1846	534
16.19345	531
16.20231667	532
16.21145	548
16.22063333	551
16.2297	544
16.23871667	541
16.24763333	535
16.25651667	533
16.2656	545
16.27485	555
16.28401667	550
16.29308333	544
16.30205	538
16.31108333	542
16.32015	544
16.32945	558
16.33861667	550
16.3477	545
16.3567	540
16.36568333	539
16.37476667	545
16.38398333	553
16.39303333	543
16.40206667	542
16.41101667	537
16.41988333	532
16.4288	535
16.43781667	541
16.44705	554
16.4563	555
16.46538333	545
16.4744	541
16.48331667	535
16.4922	533
16.50125	543
16.51045	552
16.51956667	547
16.52863333	544
16.5376	538
16.54658333	539
16.55558333	540
16.56475	550
16.57403333	557
16.58325	553
16.59243333	551
16.60155	547
16.61051667	538
16.61958333	544
16.62876667	551
16.63805	557
16.64713333	545
16.65618333	543
16.66515	538
16.67405	534
16.68303333	539
16.69208333	543
16.70121667	548
16.7102	539
16.71921667	541
16.72816667	537
16.73731667	549
16.74663333	559
16.75578333	549
16.7648	541
16.77378333	539
16.78286667	545
16.79201667	549
16.80135	560
16.81051667	550
16.81966667	549
16.82875	545
16.83783333	545
16.84695	547
16.85608333	548
16.86511667	542
16.87398333	532
16.88281667	530
16.89155	524
16.90028333	524
16.90915	532
16.91821667	544
16.92726667	543
16.93608333	529
16.94495	532
16.95386667	535
16.96288333	541
16.97205	550
16.98101667	538
16.99003333	541
16.9989	532
17.00763333	524
17.01653333	534
17.0254	532
17.03418333	527
17.0429	523
17.05158333	521
17.0603	523
17.06918333	533
17.07801667	530
17.087	539
17.09591667	535
17.10485	536
17.11383333	539
17.12281667	539
17.1317	533
17.14056667	532
17.14948333	535
17.1583	529
17.16705	525
17.17583333	527
17.1846	526
17.1935	534
17.20223333	524
17.211	526
17.21968333	521
17.22843333	525
17.2374	538
17.24648333	545
17.2557	553
17.26478333	545
17.2738	541
17.28278333	539
17.29171667	536
17.30075	542
17.30991667	550
17.31895	542
17.32795	540
17.33683333	533
17.34568333	531
17.35463333	537
17.36366667	542
17.37283333	550
17.38185	541
17.39085	540
17.39978333	536
17.40868333	534
17.41778333	546
17.427	553
17.43601667	541
17.44501667	540
17.45385	530
17.4627	531
17.47161667	535
17.4807	545
17.48966667	538
17.49866667	540
17.50758333	535
17.51645	532
17.5254	537
17.53461667	553
17.54385	554
17.55291667	544
17.562	545
17.57101667	541
17.58	539
17.5892	552
17.5986	564
17.60803333	566
17.61731667	557
17.62628333	538
17.63521667	536
17.64415	536
17.6531	537
17.66223333	548
17.6713	544
17.68036667	544
17.6893	536
17.69815	531
17.70701667	532
17.71605	542
17.72518333	548
17.73433333	549
17.74326667	536
17.75211667	531
17.7609	527
17.7697	528
17.7785	528
17.78741667	535
17.7964	539
17.80523333	530
17.81401667	527
17.8228	527
17.8316	528
17.84048333	533
17.8496	547
17.85873333	548
17.86776667	542
17.87661667	531
17.88546667	531
17.89435	533
17.90331667	538
17.9124	545
17.92133333	536
17.93028333	537
17.93918333	534
17.94795	526
17.95685	534
17.96583333	539
17.97478333	537
17.98378333	540
17.99265	532
18.00146667	529
18.01033333	532
18.01925	535
18.02825	540
18.03713333	533
18.04593333	528
18.05473333	528
18.0635	526
18.07241667	535
18.08141667	540
18.09033333	535
18.09921667	533
18.1081	533
18.11688333	527
18.12575	532
18.13468333	536
18.14353333	531
18.15236667	530
18.16115	527
18.16993333	527
18.17876667	530
18.18766667	534
18.1966	536
18.20543333	530
18.21418333	525
18.22293333	525
18.2317	526
18.2406	534
18.24953333	536
18.25841667	533
18.26728333	532
18.27605	526
18.28495	534
18.29391667	538
18.30285	536
18.31175	534
18.32055	528
18.32931667	526
18.33816667	531
18.347	530
18.35566667	520
18.36436667	522
18.37295	515
18.38138333	506
18.38968333	498
18.39806667	503
18.4065	506
18.415	510
18.42365	519
18.43223333	515
18.4409	520
18.4495	516
18.45816667	520
18.46701667	531
18.47583333	529
18.48471667	533
18.49348333	526
18.50235	532
18.51123333	533
18.5201	532
18.52896667	532
18.53778333	529
18.54666667	533
18.55555	533
18.56435	528
18.57325	534
18.58205	528
18.59091667	532
18.59976667	531
18.60853333	526
18.61728333	525
18.62603333	525
18.63496667	536
18.64391667	537
18.65291667	540
18.66196667	543
18.67095	539
18.67981667	532
18.68878333	538
18.69765	532
18.70673333	545
18.71595	553
18.72501667	544
18.73411667	546
18.74343333	559
18.75268333	555
18.76191667	554
18.77105	548
18.7803	555
18.7895	552
18.7986	546
18.8076	540
18.8166	540
18.82555	537
18.83453333	539
18.8434	532
18.85228333	533
18.86136667	545
18.87028333	535
18.87931667	542
18.8883	539
18.89748333	551
18.90663333	549
18.91568333	543
18.92471667	542
18.93383333	547
18.94305	553
18.95228333	554
18.96151667	554
18.97071667	552
18.97975	542
18.98868333	536
18.99778333	546
19.00703333	555
19.01616667	548
19.02511667	537
19.03398333	532
19.04278333	528
19.05163333	531
19.06061667	539
19.06956667	537
19.07855	539
19.0875	537
19.0966	546
19.10615	573
19.11568333	572
19.12523333	573
19.13485	577
19.14428333	566
19.15378333	570
19.16306667	557
19.17245	563
19.18165	552
19.1908	549
19.19988333	545
19.20898333	546
19.21818333	552
19.22731667	548
19.23635	542
19.24536667	541
19.25441667	543
19.2635	545
19.27275	555
19.28188333	548
19.291	547
19.30005	543
19.30895	534
19.3179	537
19.32696667	544
19.3362	554
19.3454	552
19.35448333	545
19.36351667	542
19.37246667	537
19.3815	542
19.39061667	547
19.39986667	555
19.40893333	544
19.418	544
19.427	540
19.43591667	535
19.44495	542
19.45401667	544
19.46308333	544
19.4721	541
19.48101667	535
19.4901	545
19.4993	552
19.50835	543
19.5174	543
19.52631667	535
19.53528333	538
19.54443333	549
19.55365	553
19.56278333	548
19.57191667	548
19.58095	542
19.58995	540
19.59896667	541
19.60805	545
19.6174	561
19.62663333	554
19.63586667	554
19.6449	542
19.65385	537
19.66296667	547
19.67206667	546
19.68128333	553
19.69031667	542
19.69935	542
19.70835	540
19.71728333	536
19.72638333	546
19.73563333	555
19.74475	547
19.75376667	541
19.76268333	535
19.77155	532
19.7805	537
19.78956667	544
19.79866667	546
19.80785	551
19.81691667	544
19.82598333	544
19.83508333	546
19.8444	559
19.85363333	554
19.86295	559
19.87213333	551
19.88123333	546
19.89045	553
19.8995	543
19.90853333	542
19.91751667	539
19.92653333	541
19.93578333	555
19.94495	550
19.9541	549
19.96325	549
19.9725	555
19.9816	546
19.99065	543
19.99961667	538
20.00856667	537
20.01758333	541
20.02651667	536
20.03548333	538
20.04451667	542
20.05396667	567
20.06355	575
20.07316667	577
20.08253333	562
20.09173333	552
20.10093333	552
20.10995	541
20.12811667	0
20.13725	548
20.14628333	542
20.15526667	539
20.1642	536
20.1731	534
20.182	534
20.19085	531
20.19971667	532
20.20858333	532
20.21738333	528
20.22615	526
20.23493333	527
20.2437	526
20.25233333	518
20.26105	523
20.26975	522
20.27845	522
20.28711667	520
20.30451667	0
20.32231667	0
20.33143333	547
20.34048333	543
20.34966667	551
20.35895	557
20.36815	552
20.37716667	541
20.38621667	543
20.39528333	544
20.40418333	534
20.41291667	524
20.42175	530
20.43046667	523
20.43901667	513
20.44748333	508
20.45608333	516
20.4646	511
20.47325	519
20.48221667	538
20.49131667	546
20.5004	545
20.50946667	544
20.5186	548
20.52788333	557
20.53713333	555
20.54636667	554
20.55531667	537
20.56438333	544
20.5735	547
20.58271667	553
20.59188333	550
20.60098333	546
20.61001667	542
20.619	539
20.628	540
20.6371	546
20.6462	546
20.65528333	545
20.66441667	548
20.6737	557
20.68321667	571
20.69271667	570
20.70216667	567
20.71151667	561
20.72081667	558
20.73	551
20.73906667	544
20.74816667	546
20.75723333	544
20.76623333	540
20.77531667	545
20.78465	560
20.79445	588
20.80591667	688
20.81701667	666
20.82808333	664
20.83943333	681
20.85055	667
20.86113333	635
20.8715	622
20.88168333	611
20.8914	583
20.90076667	562
20.91013333	562
20.91973333	576
20.92955	589
20.93923333	581
20.94865	565
20.9581	567
20.96763333	572
20.97735	583
20.98733333	599
20.99735	601
21.0075	609
21.01796667	628
21.02835	623
21.03838333	602
21.04836667	599
21.05831667	597
21.06815	590
21.07788333	584
21.08773333	591
21.09763333	594
21.10748333	591
21.11705	574
21.12666667	577
21.13643333	586
21.14658333	609
21.15676667	611
21.16705	617
21.17736667	619
21.1881	644
21.19873333	638
21.20923333	630
21.21978333	633
21.23018333	624
21.24031667	608
21.25048333	610
21.26053333	603
21.27066667	608
21.28068333	601
21.29086667	611
21.30131667	627
21.31171667	624
21.32173333	601
21.33186667	608
21.34175	593
21.35175	600
21.36203333	617
21.37208333	603
21.38181667	584
21.39163333	589
21.40173333	606
21.4122	628
21.42268333	629
21.43323333	633
21.4441	652
21.45518333	665
21.46641667	674
21.47745	662
21.48848333	662
21.49948333	660
21.51046667	659
21.52111667	639
21.5317	635
21.54213333	626
21.55263333	630
21.56268333	603
21.57273333	603
21.58323333	630
21.594	646
21.60475	645
21.61518333	626
21.62573333	633
21.63665	655
21.648	681
21.65991667	715
21.67173333	709
21.68381667	725
21.69628333	748
21.70805	706
21.7192	669
21.73018333	659
21.74115	658
21.75193333	647
21.76265	643
21.77318333	632
21.78325	604
21.79325	600
21.80365	624
21.81401667	622
21.82385	590
21.83338333	572
21.84318333	588
21.85373333	633
21.8646	652
21.87541667	649
21.8861	641
21.89641667	619
21.9064	599
21.91655	609
21.92698333	626
21.937	601
21.94696667	598
21.95698333	601
21.96735	622
21.9777	621
21.98801667	619
21.99823333	613
22.00886667	638
22.01968333	649
22.031	679
22.04218333	671
22.05335	670
22.0645	669
22.0753	648
22.08636667	664
22.09743333	664
22.10861667	671
22.11973333	667
22.13093333	672
22.14181667	653
22.1523	629
22.16255	615
22.17306667	631
22.18451667	687
22.19568333	670
22.20676667	665
22.21841667	699
22.23013333	703
22.24155	685
22.25301667	688
22.26456667	693
22.2761	692
22.28723333	668
22.29845	673
22.30956667	667
22.32071667	669
22.33168333	658
22.34255	652
22.35361667	664
22.36465	662
22.37576667	667
22.38675	659
22.39765	654
22.4085	651
22.41958333	665
22.43071667	668
22.44216667	687
22.45348333	679
22.46465	670
22.47575	666
22.48681667	664
22.49791667	666
22.50908333	670
22.52005	658
22.53113333	665
22.54263333	690
22.55383333	672
22.56465	649
22.57531667	640
22.58596667	639
22.5965	632
22.60671667	613
22.61646667	585
22.62611667	579
22.6358	581
22.64566667	592
22.65656667	654
22.66728333	643
22.67813333	651
22.68906667	656
22.70018333	667
22.71125	664
22.72246667	673
22.7333	650
22.74395	639
22.75438333	626
22.7646	613
22.77473333	608
22.78471667	599
22.79513333	625
22.8058	640
22.81716667	682
22.82928333	727
22.84168333	744
22.85395	736
22.86561667	700
22.87715	692
22.88793333	647
22.89835	625
22.90851667	610
22.91838333	592
22.9286	613
22.93935	645
22.95023333	653
22.96153333	678
22.9732	700
22.98546667	736
22.99783333	742
23.00991667	725
23.02173333	709
23.03346667	704
23.04475	677
23.05576667	661
23.06626667	630
23.07643333	610
23.08623333	588
23.096	586
23.10613333	608
23.11733333	672
23.1286	676
23.14053333	716
23.15316667	758
23.16655	803
23.17941667	772
23.19198333	754
23.20378333	708
23.21525	688
23.22628333	662
23.23708333	648
23.2476	631
23.25793333	620
23.26808333	609
23.27808333	600
23.28786667	587
23.2974	572
23.30686667	568
23.31648333	577
23.32701667	632
23.34058333	814
23.3575	0
23.3737	972
23.38826667	874
23.40156667	798
23.4139	740
23.42558333	701
23.4369	679
23.44786667	658
23.45856667	642
23.46913333	634
23.47956667	626
23.48996667	624
23.50011667	609
23.5099	587
23.51953333	578
23.52913333	576
23.53891667	587
23.54926667	621
23.56093333	700
23.57381667	773
23.58685	782
23.59965	768
23.61168333	722
23.62305	682
23.63411667	664
23.64481667	642
23.65525	626
23.66531667	604
23.67535	602
23.68563333	617
23.69638333	645
23.70758333	672
23.71881667	674
23.73026667	687
23.74198333	703
23.75301667	662
23.76403333	661
23.775	658
23.78585	651
23.79655	642
23.8073	645
23.81841667	667
23.82941667	660
23.84031667	654
23.85093333	637
23.86096667	602
23.87086667	594
23.88096667	606
23.89133333	622
23.90146667	608
23.91126667	588
23.92098333	583
23.93083333	591
23.94098333	609
23.95151667	632
23.9626	665
23.9739	678
23.98541667	691
23.99701667	696
24.00851667	690
24.01965	668
24.03065	660
24.0414	645
24.05195	633
24.06225	618
24.07225	600
24.08201667	586
24.092	599
24.10308333	665
24.1146	691
24.1275	774
24.1416	846
24.15565	843
24.16923333	815
24.18186667	758
24.19371667	711
24.2054	701
24.21691667	691
24.22838333	688
24.23996667	695
24.25148333	691
24.26315	700
24.2748	699
24.28691667	727
24.2992	737
24.3118	756
24.32505	795
24.33815	786
24.35113333	779
24.3639	766
24.37638333	749
24.3887	739
24.40071667	721
24.41218333	688
24.42323333	663
24.43413333	654
24.44496667	650
24.45585	653
24.46665	648
24.47713333	629
24.48763333	630
24.49818333	633
24.50908333	654
24.52045	682
24.53191667	688
24.54348333	694
24.55448333	660
24.56526667	647
24.57603333	646
24.5868	646
24.5976	648
24.60861667	661
24.61975	668
24.63086667	667
24.64203333	670
24.65336667	680
24.66493333	694
24.6766	700
24.68843333	710
24.70003333	696
24.71166667	698
24.72331667	699
24.73496667	699
24.7467	704
24.75855	711
24.77028333	704
24.78198333	702
24.7936	697
24.80513333	692
24.81616667	662
24.8269	644
24.83773333	650
24.84895	673
24.86123333	737
24.87418333	777
24.88666667	749
24.89845	707
24.90996667	691
24.92135	683
24.93276667	685
24.94395	671
24.95503333	665
24.96585	649
24.97646667	637
24.98698333	631
24.9975	631
25.00818333	641
25.01926667	665
25.03096667	702
25.04306667	726
25.05475	701
25.06595	672
25.07693333	659
25.08768333	645
25.0984	643
25.10913333	644
25.1205	682
25.1321	696
25.14375	699
25.1553	693
25.16695	699
25.1785	693
25.19021667	703
25.20213333	715
25.214	712
25.2255	690
25.23676667	676
25.24751667	645
25.25783333	619
25.2679	604
25.27776667	592
25.28766667	594
25.29821667	633
25.30928333	664
25.32178333	750
25.33543333	819
25.34978333	861
25.364	853
25.3778	828
25.39068333	773
25.40283333	729
25.41446667	698
25.42553333	664
25.43615	637
25.4466	627
25.45693333	620
25.46728333	621
25.47806667	647
25.48946667	684
25.50113333	700
25.51218333	663
25.52286667	641
25.53351667	639
25.54415	638
25.55518333	662
25.56641667	674
25.57818333	706
25.59045	736
25.60305	756
25.6158	765
25.62833333	752
25.64066667	740
25.65233333	700
25.6636	676
25.67466667	664
25.6854	644
25.69581667	625
25.706	611
25.71598333	599
25.7261	607
25.73673333	638
25.74776667	662
25.75948333	703
25.77186667	743
25.7849	782
25.79791667	781
25.8106	761
25.8231	750
25.83495	711
25.84658333	698
25.85771667	668
25.86843333	643
25.87901667	635
25.8896	635
25.90031667	643
25.91148333	670
25.9235	721
25.93715	819
25.95116667	841
25.96406667	774
25.97616667	726
25.98775	695
25.99901667	676
26.01003333	661
26.02083333	648
26.0316	646
26.0422	636
26.05256667	622
26.063	626
26.07321667	613
26.0833	605
26.09356667	616
26.10418333	637
26.1151	655
26.12608333	659
26.13711667	662
26.14861667	690
26.16033333	703
26.17235	721
26.18443333	725
26.19675	739
26.20943333	761
26.2222	766
26.23563333	806
26.24861667	779
26.26291667	858
26.27738333	868
26.29176667	863
26.30615	863
26.31883333	761
26.33015	679
26.34098333	650
26.3515	631
26.36248333	659
26.37385	682
26.3852	681
26.39695	705
26.40946667	751
26.42245	779
26.43498333	752
26.44723333	735
26.45926667	722
26.47086667	696
26.48218333	679
26.49321667	662
26.50385	638
26.5142	621
26.5244	612
26.53443333	602
26.54488333	627
26.55606667	671
26.56988333	829
26.5845	877
26.59818333	821
26.61088333	762
26.62286667	719
26.63455	701
26.6462	699
26.65761667	685
26.66925	698
26.6813	723
26.693	702
26.7045	690
26.71581667	679
26.72691667	666
26.7378	653
26.74856667	646
26.7594	650
26.77095	693
26.78361667	760
26.79628333	760
26.80876667	749
26.82085	725
26.83268333	710
26.8441	685
26.855	654
26.86551667	631
26.8859	0
26.896	606
26.90595	597
26.91573333	587
26.92541667	581
26.935	575
26.94451667	571
26.95401667	570
26.96346667	567
26.9731	578
26.98308333	599
26.99355	628
27.00386667	619
27.01366667	588
27.02335	581
27.03305	582
27.04268333	578
27.05231667	578
27.06186667	573
27.07145	575
27.08131667	592
27.0913	599
27.10176667	628
27.11256667	648
27.12363333	664
27.13478333	669
27.14628333	690
27.15823333	717
27.1703	724
27.18241667	727
27.19451667	726
27.20656667	723
27.21775	671
27.22863333	653
27.23928333	639
27.25015	652
27.26123333	665
27.27293333	702
27.2853	742
27.29856667	796
27.31223333	820
27.32566667	806
27.33851667	771
27.35053333	721
27.36213333	696
27.37333333	672
27.38423333	654
27.39478333	633
27.40501667	614
27.4152	611
27.42575	633
27.43688333	668
27.44906667	731
27.4626	812
27.47591667	799
27.4886	761
27.5007	726
27.51218333	689
27.52348333	678
27.53461667	668
27.54566667	663
27.55678333	667
27.56775	658
27.57855	648
27.58903333	629
27.59941667	623
27.60985	626
27.62036667	631
27.63123333	652
27.64208333	651
27.65303333	657
27.66385	649
27.67475	654
27.68575	660
27.6968	663
27.70791667	667
27.71915	674
27.7305	681
27.74171667	673
27.753	677
27.76425	675
27.77535	666
27.78631667	658
27.79725	656
27.80828333	662
27.81941667	668
27.83085	686
27.84275	714
27.85463333	713
27.86618333	693
27.87795	706
27.88961667	700
27.90141667	708
27.91335	716
27.92495	696
27.9365	693
27.94816667	700
27.95971667	693
27.97121667	690
27.9825	677
27.99351667	661
28.00435	650
28.015	639
28.02548333	629
28.03583333	621
28.04595	607
28.0558	591
28.0657	594
28.07553333	590
28.08523333	582
28.09478333	573
28.10418333	564
28.11343333	555
28.12263333	552
28.13205	565
28.14171667	580
28.15186667	609
28.16278333	655
28.1744	697
28.18691667	751
28.19968333	766
28.21238333	762
28.22398333	696
28.23508333	666
28.24586667	647
28.25655	641
28.26698333	626
28.2772	613
28.28738333	611
28.2977	619
28.30851667	649
28.32018333	700
28.3325	739
28.34478333	737
28.35718333	744
28.3694	733
28.38125	711
28.39295	702
28.40473333	707
28.4164	700
28.42813333	704
28.44013333	720
28.45211667	719
28.4639	707
28.47531667	685
28.48646667	669
28.49738333	655
28.50823333	651
28.51946667	674
28.53156667	726
28.54371667	729
28.55551667	708
28.56681667	678
28.57798333	670
28.58923333	675
28.60053333	678
28.61213333	696
28.62345	679
28.63461667	670
28.6455	653
28.65635	651
28.66715	648
28.67768333	632
28.68811667	626
28.69868333	634
28.70963333	657
28.72116667	692
28.73291667	705
28.74446667	693
28.75568333	673
28.76695	676
28.77805	666
28.78883333	647
28.79931667	629
28.80978333	628
28.82025	628
28.8311	651
28.84251667	685
28.85408333	694
28.8656	691
28.87721667	697
28.88851667	678
28.89956667	663
28.91033333	646
28.9207	622
28.93095	615
28.94128333	620
28.95178333	630
28.96245	640
28.97311667	640
28.98365	632
28.99403333	623
29.00451667	629
29.01498333	628
29.02553333	633
29.03593333	624
29.04615	613
29.05638333	614
29.06655	610
29.07681667	616
29.08731667	630
29.09768333	622
29.10796667	617
29.11806667	606
29.12791667	591
29.13766667	585
29.14733333	580
29.1569	574
29.16633333	566
29.17566667	560
29.18483333	550
29.19391667	545
29.2029	539
29.21188333	539
29.22113333	555
29.23236667	674
29.24428333	715
29.25451667	614
29.26675	734
29.28171667	898
29.29573333	841
29.31001667	857
29.32358333	814
29.33596667	743
29.34735	683
29.3585	669
29.36958333	665
29.38075	670
29.392	675
29.40275	645
29.41316667	625
29.42336667	612
29.43338333	601
29.4433	595
29.45318333	593
29.46288333	582
29.47255	580
29.48211667	574
29.4916	569
29.50115	573
29.51116667	601
29.52178333	637
29.53258333	648
29.54321667	638
29.55356667	621
29.56396667	624
29.57551667	693
29.58806667	753
29.6004	740
29.61225	711
29.62446667	733
29.63688333	745
29.64983333	777
29.66325	805
29.6764	789
29.68958333	791
29.7026	781
29.71495	741
29.72723333	737
29.7395	736
29.75155	723
29.7639	741
29.77743333	812
29.79095	811
29.80565	882
29.81965	840
29.83305	804
29.84495	714
29.8563	681
29.86736667	664
29.87835	659
29.88955	672
29.90186667	739
29.91388333	721
29.92526667	683
29.93646667	672
29.94786667	684
29.9594	692
29.97143333	722
29.98323333	708
29.9947	688
30.0059	672
30.01685	657
30.02761667	646
30.03836667	645
30.04908333	643
30.05986667	647
30.07061667	645
30.08125	638
30.09183333	635
30.10253333	642
30.1136	664
30.12565	723
30.13936667	823
30.15363333	856
30.16805	865
30.18138333	800
30.1935	727
30.20531667	709
30.2173	719
30.22945	729
30.24143333	719
30.25355	727
30.26525	702
30.2772	717
30.28951667	739
30.30188333	742
30.31425	742
30.32623333	719
30.33813333	714
30.35003333	714
30.36225	733
30.3744	729
30.38601667	697
30.39765	698
30.4094	705
30.42128333	713
30.43271667	686
30.44413333	685
30.45578333	699
30.46736667	695
30.47876667	684
30.4901	680
30.50175	699
30.5136	711
30.52526667	700
30.5365	674
30.54786667	682
30.55933333	688
30.57101667	701
30.58261667	696
30.59423333	697
30.60623333	720
30.61826667	722
30.63033333	724
30.64191667	695
30.65351667	696
30.66511667	696
30.67685	704
30.68846667	697
30.69976667	678
30.7108	662
30.72206667	676
30.73343333	682
30.74525	709
30.75728333	722
30.769	703
30.78033333	680
30.79191667	695
30.80346667	693
30.81473333	676
30.8256	652
30.83628333	641
30.84698333	642
30.85765	640
30.86843333	647
30.87931667	653
30.8899	635
30.90036667	628
30.91071667	621
30.92085	608
30.93103333	611
30.94121667	611
30.95148333	616
30.96188333	624
30.97213333	615
30.98226667	608
31.00286667	0
31.01345	635
31.02368333	614
31.03368333	600
31.04351667	590
31.05318333	580
31.0627	571
31.07206667	562
31.08145	563
31.09108333	578
31.1013	613
31.11235	663
31.12291667	634
31.13311667	612
31.14328333	610
31.15391667	638
31.16525	680
31.17778333	752
31.19021667	746
31.20303333	769
31.21528333	735
31.22743333	729
31.23905	697
31.25066667	697
31.26203333	682
31.27351667	689
31.28495	686
31.29636667	685
31.30791667	693
31.32	725
31.3329	774
31.34701667	847
31.3625	929
31.377	870
31.39013333	788
31.40173333	696
31.41285	667
31.42345	636
31.43361667	610
31.44366667	603
31.45338333	583
31.46355	610
31.4741	633
31.48443333	620
31.49481667	623
31.50568333	652
31.51855	772
31.53073333	731
31.5425	706
31.55371667	673
31.56473333	661
31.57568333	657
31.58653333	651
31.59746667	656
31.60816667	642
31.6187	632
31.6288	606
31.63898333	611
31.6492	613
31.65943333	614
31.66963333	612
31.67978333	609
31.68983333	603
31.70006667	614
31.71066667	636
31.72226667	696
31.73443333	730
31.74656667	728
31.75843333	712
31.7705	724
31.78241667	715
31.79426667	711
31.80581667	693
31.81713333	679
31.8284	676
31.8399	690
31.8519	720
31.86356667	700
31.8752	698
31.8871	714
31.89896667	712
31.91105	725
31.92335	738
31.93795	876
31.95461667	1000
31.96803333	805
31.98211667	845
31.99735	914
