0.009533333	572
0.01915	577
0.028716667	574
0.038083333	562
0.047366667	557
0.056616667	555
0.065833333	553
0.075166667	560
0.084683333	571
0.095016667	620
0.108033333	781
0.120566667	752
0.132266667	702
0.143566667	678
0.154383333	649
0.164966667	635
0.174783333	589
0.18425	568
0.193516667	556
0.202666667	549
0.211716667	543
0.220716667	540
0.2297	539
0.23885	549
0.24835	570
0.25815	588
0.268366667	613
0.278916667	633
0.289283333	622
0.29925	598
0.308983333	584
0.318483333	570
0.327916667	566
0.33715	554
0.34625	546
0.35525	540
0.364233333	539
0.37345	553
0.382983333	572
0.392616667	578
0.402416667	588
0.412233333	589
0.422	586
0.432016667	601
0.442083333	604
0.452516667	626
0.462833333	619
0.473483333	639
0.483733333	615
0.493783333	603
0.503716667	596
0.513466667	585
0.5231	578
0.532733333	578
0.542383333	579
0.551966667	575
0.56155	575
0.5709	561
0.580083333	551
0.5892	547
0.598316667	547
0.607533333	553
0.617116667	575
0.626766667	579
0.636566667	588
0.646366667	588
0.656166667	588
0.6661	596
0.676133333	602
0.686066667	596
0.696116667	603
0.705983333	592
0.715866667	593
0.72565	587
0.735383333	584
0.745083333	582
0.754733333	579
0.76435	577
0.773933333	575
0.7835	574
0.79305	573
0.802633333	575
0.812033333	564
0.821316667	557
0.83055	554
0.839916667	562
0.8494	569
0.859083333	581
0.86885	586
0.87865	588
0.88845	588
0.898233333	587
0.908183333	597
0.918183333	600
0.928333333	609
0.938716667	623
0.949216667	630
0.959966667	645
0.97075	647
0.981433333	641
0.99215	643
1.00275	636
1.01335	636
1.0238	627
1.0341	618
1.04455	627
1.05565	666
1.067283333	698
1.0778	631
1.087616667	589
1.097016667	564
1.106416667	564
1.116066667	579
1.1261	602
1.1365	624
1.147683333	671
1.158833333	669
1.16955	643
1.179966667	625
1.190266667	618
1.200483333	613
1.210733333	615
1.221016667	617
1.231316667	618
1.2415	611
1.25155	603
1.26145	594
1.27125	588
1.280866667	577
1.290216667	561
1.29935	548
1.308383333	542
1.317366667	539
1.326533333	550
1.33585	559
1.345883333	602
1.358516667	758
1.37065	728
1.38215	690
1.393183333	662
1.403516667	620
1.412983333	568
1.422183333	552
1.431233333	543
1.440266667	542
1.449316667	543
1.458483333	550
1.46825	586
1.479	645
1.491733333	764
1.5039	730
1.515816667	715
1.5273	689
1.53845	669
1.549083333	638
1.559283333	612
1.568933333	579
1.578366667	566
1.587566667	552
1.596666667	546
1.605766667	546
1.615083333	559
1.624966667	593
1.637166667	732
1.651433333	856
1.664466667	782
1.6769	746
1.6886	702
1.699566667	658
1.71005	629
1.719983333	596
1.729366667	563
1.738483333	547
1.74745	538
1.756266667	529
1.765	524
1.77365	519
1.78235	522
1.791033333	521
1.799883333	531
1.80865	526
1.817383333	524
1.826083333	522
1.83485	526
1.8437	531
1.85265	537
1.86165	540
1.8706	537
1.879666667	544
1.888833333	550
1.89795	547
1.907383333	566
1.917483333	606
1.92755	604
1.937333333	587
1.946883333	573
1.956233333	561
1.96565	565
1.975	561
1.98435	561
1.993683333	560
2.003033333	561
2.0125	568
2.022083333	575
2.031883333	588
2.041683333	588
2.051533333	591
2.061166667	578
2.070733333	574
2.080383333	579
2.09025	592
2.1004	609
2.110783333	623
2.121366667	635
2.13185	629
2.142116667	616
2.152216667	606
2.162133333	595
2.17165	571
2.181033333	563
2.190283333	555
2.1994	547
2.208516667	547
2.217683333	550
2.227016667	560
2.236383333	562
2.245733333	561
2.255066667	560
2.264383333	559
2.273783333	564
2.28335	574
2.2937	621
2.306566667	772
2.320333333	826
2.336516667	971
2.352616667	966
2.366683333	844
2.379716667	782
2.3915	707
2.402433333	656
2.412866667	626
2.422466667	576
2.431833333	562
2.44115	559
2.450583333	566
2.460116667	572
2.469616667	570
2.479283333	580
2.489183333	594
2.4993	607
2.509716667	625
2.52055	650
2.53405	810
2.546383333	740
2.557816667	686
2.568816667	660
2.579483333	640
2.589716667	614
2.599316667	576
2.608666667	561
2.6178	548
2.6268	540
2.6357	534
2.644566667	532
2.653466667	534
2.6624	536
2.671416667	541
2.680483333	544
2.689633333	549
2.698983333	561
2.7088	589
2.7195	642
2.73265	789
2.744183333	692
2.755766667	695
2.766816667	663
2.777433333	637
2.787733333	618
2.797283333	573
2.806666667	563
2.816033333	562
2.825566667	572
2.835116667	573
2.84505	596
2.855083333	602
2.86575	640
2.87665	654
2.88855	714
2.9017	789
2.91385	729
2.9254	693
2.936683333	677
2.947483333	648
2.9582	643
2.96875	633
2.978633333	593
2.9882	574
2.997566667	562
3.006883333	559
3.016266667	563
3.02605	587
3.03615	606
3.0464	615
3.05675	621
3.067316667	634
3.07795	638
3.088516667	634
3.099133333	637
3.109566667	626
3.119716667	609
3.1297	599
3.1396	594
3.149416667	589
3.159183333	586
3.168966667	587
3.178766667	588
3.188416667	579
3.197966667	573
3.207383333	565
3.216733333	561
3.2262	568
3.235866667	580
3.245716667	591
3.25555	590
3.265416667	592
3.275316667	594
3.285416667	606
3.2956	611
3.3059	618
3.316183333	617
3.326366667	611
3.3364	602
3.34635	597
3.3563	597
3.366233333	596
3.376066667	590
3.3858	584
3.395366667	574
3.4049	572
3.4146	582
3.424733333	608
3.435916667	671
3.45	845
3.462066667	724
3.473183333	667
3.483916667	644
3.494266667	621
3.504283333	601
3.514333333	603
3.524416667	605
3.534516667	606
3.54435	590
3.554033333	581
3.56365	577
3.573366667	583
3.583316667	597
3.59345	608
3.603666667	613
3.613866667	612
3.623816667	597
3.633716667	594
3.643566667	591
3.653483333	595
3.663516667	602
3.673883333	622
3.684533333	639
3.695033333	630
3.705566667	632
3.715733333	610
3.7254	580
3.735016667	577
3.744483333	568
3.75385	562
3.763233333	563
3.772616667	563
3.78195	560
3.791333333	563
3.800683333	561
3.810216667	572
3.819933333	583
3.829966667	602
3.840233333	616
3.8507	628
3.861116667	625
3.8717	635
3.882266667	634
3.89255	617
3.9026	603
3.91255	597
3.922216667	580
3.931766667	573
3.941216667	567
3.950616667	564
3.960133333	571
3.969916667	587
3.980683333	646
3.992666667	719
4.004483333	709
4.016383333	714
4.028633333	735
4.040316667	701
4.05135	662
4.061866667	631
4.071733333	592
4.0811	562
4.090266667	550
4.0994	548
4.108566667	550
4.117816667	555
4.127183333	562
4.13655	562
4.145933333	563
4.155316667	563
4.1647	563
4.174033333	560
4.183316667	557
4.192633333	559
4.202116667	569
4.211733333	577
4.221566667	590
4.231633333	604
4.241816667	611
4.251933333	607
4.262016667	605
4.27195	596
4.28185	594
4.291683333	590
4.301483333	588
4.311316667	590
4.321283333	598
4.33155	616
4.341816667	616
4.351833333	601
4.3618	598
4.37185	603
4.382066667	613
4.392316667	615
4.402733333	625
4.413283333	633
4.423733333	627
4.433983333	615
4.4441	607
4.453966667	592
4.463766667	588
4.473566667	588
4.48325	581
4.492883333	578
4.5026	583
4.512383333	587
4.522333333	597
4.53225	595
4.541966667	583
4.5518	590
4.561533333	584
4.571466667	596
4.58165	611
4.592	621
4.602166667	610
4.612333333	610
4.6224	604
4.632416667	601
4.642516667	606
4.6525	599
4.6625	600
4.672366667	592
4.682183333	589
4.69185	580
4.7014	573
4.710766667	562
4.72	554
4.729116667	547
4.738133333	541
4.747116667	539
4.75615	542
4.7654	555
4.774983333	575
4.784833333	591
4.794733333	594
4.80455	589
4.814066667	571
4.823333333	556
4.832633333	558
4.8421	568
4.851766667	580
4.861566667	588
4.871416667	591
4.881333333	595
4.891316667	599
4.9014	605
4.912183333	647
4.922633333	627
4.932616667	599
4.942266667	579
4.951766667	570
4.96125	569
4.971066667	589
4.981716667	639
4.9922	629
5.00235	609
5.012466667	607
5.022683333	613
5.03365	658
5.046233333	755
5.060366667	848
5.076066667	942
5.091766667	942
5.105616667	831
5.118316667	762
5.1299	695
5.140816667	655
5.151566667	645
5.1617	608
5.171333333	578
5.180783333	567
5.190166667	563
5.1997	572
5.209533333	590
5.219783333	615
5.230133333	621
5.24055	625
5.251166667	637
5.261833333	640
5.272266667	626
5.2826	620
5.292766667	610
5.302916667	609
5.3129	599
5.3228	594
5.332516667	583
5.34225	584
5.351966667	583
5.36175	587
5.371766667	601
5.381716667	597
5.391716667	600
5.401583333	592
5.4115	595
5.42135	591
5.431283333	596
5.441216667	596
5.451116667	594
5.46095	590
5.470866667	595
5.480566667	582
5.490183333	577
5.499716667	572
5.5091	563
5.518366667	556
5.527616667	555
5.536933333	559
5.546433333	570
5.556033333	576
5.565633333	576
5.5752	574
5.584716667	571
5.594133333	565
5.6035	562
5.613	570
5.622533333	572
5.632166667	578
5.641916667	585
5.651833333	595
5.662233333	624
5.672783333	633
5.68315	622
5.693466667	619
5.70375	617
5.714116667	622
5.724283333	610
5.7344	607
5.744383333	599
5.75425	592
5.763883333	578
5.773333333	567
5.782633333	558
5.791883333	555
5.80115	556
5.81055	564
5.820333333	587
5.830066667	584
5.839566667	570
5.848816667	555
5.8579	545
5.8668	534
5.875633333	530
5.884383333	525
5.893283333	534
5.902566667	557
5.912433333	592
5.9232	646
5.937666667	868
5.95025	755
5.961583333	680
5.971783333	612
5.981433333	579
5.991233333	588
6.000733333	570
6.010116667	563
6.0195	563
6.028733333	554
6.037883333	549
6.046966667	545
6.05605	545
6.0652	549
6.074533333	560
6.08385	559
6.093316667	568
6.102883333	574
6.112666667	587
6.122533333	592
6.132583333	603
6.14255	598
6.15265	606
6.16265	600
6.1728	609
6.1828	600
6.192533333	584
6.202033333	570
6.211483333	567
6.220833333	561
6.2302	562
6.23965	567
6.249183333	572
6.25885	580
6.268433333	575
6.27795	571
6.287383333	566
6.296716667	560
6.306033333	559
6.315266667	554
6.324466667	552
6.333633333	550
6.3428	550
6.351916667	547
6.36095	542
6.36985	534
6.378666667	529
6.387466667	528
6.396233333	526
6.404983333	525
6.413683333	522
6.42235	520
6.430933333	515
6.439533333	516
6.448366667	530
6.457266667	534
6.466116667	531
6.475083333	538
6.484266667	551
6.494033333	586
6.505083333	663
6.51845	802
6.529766667	679
6.5412	686
6.552366667	670
6.56385	689
6.575566667	703
6.587166667	696
6.599133333	718
6.611016667	713
6.62265	698
6.63405	684
6.645033333	659
6.655766667	644
6.666316667	633
6.676533333	613
6.686183333	579
6.695716667	572
6.70515	566
6.714533333	563
6.723833333	558
6.733116667	557
6.7423	551
6.75145	549
6.7606	549
6.769766667	550
6.77905	557
6.7885	567
6.7981	576
6.80775	579
6.817183333	566
6.826533333	561
6.83585	559
6.845216667	562
6.854583333	562
6.864033333	567
6.873333333	558
6.882633333	558
6.891816667	551
6.900916667	546
6.910116667	552
6.919166667	543
6.92835	551
6.937666667	559
6.946866667	552
6.956233333	562
6.965533333	558
6.974516667	539
6.98355	542
6.992716667	550
7.002	557
7.01115	549
7.020383333	554
7.0296	553
7.03885	555
7.0481	555
7.057316667	553
7.066616667	558
7.075766667	549
7.084766667	540
7.093683333	535
7.102533333	531
7.1113	526
7.120116667	529
7.128866667	525
7.1377	530
7.146533333	530
7.1554	532
7.164516667	547
7.17355	542
7.183066667	571
7.192533333	568
7.2023	586
7.21185	573
7.2213	567
7.2306	558
7.2398	552
7.249133333	560
7.258433333	558
7.26805	577
7.277733333	581
7.28725	571
7.296783333	572
7.306083333	558
7.3154	559
7.32465	555
7.333666667	541
7.3427	542
7.351616667	535
7.360383333	526
7.369116667	524
7.377866667	525
7.386633333	526
7.39565	541
7.40485	552
7.414216667	562
7.42385	578
7.433233333	563
7.442533333	558
7.451816667	557
7.461033333	553
7.4702	550
7.4793	546
7.4883	540
7.497283333	539
7.50625	538
7.515133333	533
7.524083333	537
7.53325	550
7.5424	549
7.551733333	560
7.561083333	561
7.570416667	560
7.57985	566
7.589183333	560
7.59845	556
7.607633333	551
7.61675	547
7.625733333	539
7.634733333	540
7.643766667	542
7.65295	551
7.662166667	553
7.671316667	549
7.680366667	543
7.6896	554
7.698783333	551
7.707983333	552
7.717533333	573
7.727133333	576
7.736966667	590
7.746683333	583
7.75615	568
7.765733333	575
7.7753	574
7.7849	576
7.794633333	584
7.804566667	596
7.814416667	591
7.824216667	588
7.833816667	576
7.843233333	565
7.852383333	549
7.861366667	539
7.870283333	535
7.87915	532
7.888133333	539
7.897216667	545
7.9065	557
7.915816667	559
7.92555	584
7.935683333	608
7.9458	607
7.957183333	683
7.970733333	813
7.981633333	654
7.992233333	636
8.0024	610
8.012033333	578
8.0215	568
8.030833333	560
8.040083333	555
8.04945	562
8.058816667	562
8.067916667	546
8.077133333	553
8.08635	553
8.095583333	554
8.104833333	555
8.114083333	555
8.123366667	557
8.133	578
8.1427	582
8.15215	567
8.161866667	583
8.171616667	585
8.181066667	567
8.1906	572
8.200133333	572
8.20965	571
8.21915	570
8.22855	564
8.2379	561
8.24735	567
8.25685	570
8.266233333	563
8.275816667	575
8.2853	569
8.29475	567
8.3044	579
8.31405	579
8.323566667	571
8.333116667	573
8.342583333	568
8.351883333	558
8.361183333	558
8.37065	568
8.38015	570
8.3895	561
8.3988	558
8.407933333	548
8.417133333	552
8.426466667	560
8.4359	566
8.446183333	617
8.45705	652
8.468033333	659
8.479283333	675
8.490183333	654
8.500516667	620
8.510733333	613
8.52055	589
8.5301	573
8.539566667	568
8.548766667	552
8.5579	548
8.56695	543
8.575966667	541
8.58505	545
8.5942	549
8.603333333	548
8.612783333	567
8.622433333	579
8.632133333	582
8.642266667	608
8.65265	623
8.662866667	613
8.6731	614
8.682916667	589
8.692483333	574
8.701983333	570
8.711366667	563
8.720583333	553
8.7298	553
8.739083333	557
8.748283333	552
8.7576	559
8.766966667	562
8.776316667	561
8.785816667	570
8.795483333	580
8.8051	577
8.815166667	604
8.825233333	604
8.83515	595
8.845416667	616
8.85565	614
8.865433333	587
8.8751	580
8.884616667	571
8.893933333	559
8.90315	553
8.9124	555
8.921616667	553
8.931033333	565
8.94045	565
8.94985	564
8.959466667	577
8.96925	587
8.97875	570
8.988216667	568
8.9977	569
9.007183333	569
9.01655	562
9.0259	561
9.035166667	556
9.044316667	549
9.053533333	553
9.062716667	551
9.071933333	553
9.08095	541
9.089966667	541
9.09895	539
9.1081	549
9.117183333	545
9.126366667	551
9.135483333	547
9.144633333	549
9.153666667	542
9.162666667	540
9.17155	533
9.18035	528
9.1891	525
9.19795	531
9.20725	558
9.216633333	563
9.22585	553
9.234983333	548
9.243983333	540
9.252916667	536
9.26175	530
9.270516667	526
9.279166667	519
9.28775	515
9.296266667	511
9.30475	509
9.313183333	506
9.321533333	501
9.329816667	497
9.338066667	495
9.3463	494
9.354466667	490
9.362633333	490
9.37085	493
9.379083333	494
9.3873	493
9.395483333	491
9.403683333	492
9.411916667	494
9.420166667	495
9.42845	497
9.436716667	496
9.44495	494
9.453166667	493
9.461333333	490
9.469483333	489
9.47755	484
9.48565	486
9.493716667	484
9.501766667	483
9.509783333	481
9.517816667	482
9.525866667	483
9.533933333	484
9.542083333	489
9.55025	490
9.5583	483
9.566316667	481
9.574366667	483
9.582383333	481
9.590383333	480
9.5983	475
9.606216667	475
9.614133333	475
9.622033333	474
9.6299	472
9.63775	471
9.645566667	469
9.653366667	468
9.66115	467
9.66895	468
9.67675	468
9.684566667	469
9.692366667	468
9.700183333	469
9.708016667	470
9.71585	470
9.723666667	469
9.731416667	465
9.73915	464
9.746816667	460
9.754483333	460
9.762133333	459
9.7698	460
9.777483333	461
9.785166667	461
9.79285	461
9.80055	462
9.808333333	467
9.8161	466
9.823883333	467
9.831616667	464
9.839316667	462
9.846966667	459
9.854616667	459
9.86225	458
9.869866667	457
9.877466667	456
9.885066667	456
9.89265	455
9.900283333	458
9.907883333	456
9.915483333	456
9.923116667	458
9.930683333	454
9.93825	454
9.945783333	452
9.95335	454
9.960933333	455
9.968483333	453
9.97605	454
9.983616667	454
9.991183333	454
9.99875	454
10.00628333	452
10.01378333	450
10.02125	448
10.02871667	448
10.03618333	448
10.04361667	446
10.05108333	448
10.05853333	447
10.06601667	449
10.07348333	448
10.08088333	444
10.0883	445
10.09571667	445
10.1031	443
10.11056667	448
10.11808333	451
10.12566667	455
10.13328333	457
10.14088333	456
10.14848333	456
10.15606667	455
10.1636	452
10.17105	447
10.17845	444
10.18583333	443
10.19325	445
10.2006	441
10.20785	435
10.21513333	437
10.2224	436
10.22968333	437
10.23701667	440
10.24438333	442
10.25178333	444
10.25923333	447
10.26673333	450
10.27411667	443
10.28151667	444
10.28893333	445
10.29631667	443
10.30361667	438
10.3109	437
10.31818333	437
10.32548333	438
10.33281667	440
10.34016667	441
10.34753333	442
10.35491667	443
10.36223333	439
10.36953333	438
10.3768	436
10.38406667	436
10.39133333	436
10.3986	436
10.40585	435
10.41308333	434
10.4203	433
10.42748333	431
10.4346	427
10.44171667	427
10.4488	425
10.45595	429
10.46313333	431
10.47031667	431
10.47746667	429
10.4846	428
10.49175	429
10.49893333	431
10.50615	433
10.5134	435
10.52066667	436
10.52793333	436
10.53513333	432
10.5423	430
10.54951667	433
10.55671667	432
10.56395	434
10.57116667	433
10.57835	431
10.58545	426
10.59255	426
10.59968333	428
10.6068	427
10.61393333	428
10.62103333	426
10.62806667	422
10.63508333	421
10.64211667	422
10.64918333	424
10.65625	424
10.66335	426
10.6705	429
10.67761667	427
10.68471667	426
10.69175	422
10.6988	423
10.70593333	428
10.71303333	426
10.72013333	426
10.72721667	425
10.73428333	424
10.74131667	422
10.74831667	420
10.75533333	421
10.76236667	422
10.76938333	421
10.77645	424
10.7835	423
10.79045	417
10.79741667	418
10.8044	419
10.8114	420
10.81845	423
10.82548333	422
10.83246667	419
10.83941667	417
10.84631667	414
10.85328333	418
10.86025	418
10.86721667	418
10.8742	419
10.88111667	415
10.88796667	411
10.89481667	411
10.90166667	411
10.90855	413
10.91541667	412
10.92231667	414
10.9292	413
10.93605	411
10.94286667	409
10.94966667	408
10.95651667	411
10.96346667	417
10.97048333	421
10.97756667	425
10.98465	425
10.99178333	428
10.99883333	423
11.00581667	419
11.0128	419
11.01983333	422
11.02685	421
11.03386667	421
11.04086667	420
11.04783333	418
11.0548	418
11.06171667	415
11.0686	413
11.0755	414
11.08243333	416
11.08936667	416
11.09631667	417
11.10323333	415
11.11018333	417
11.11705	412
11.1239	411
11.13076667	412
11.13766667	414
11.14461667	417
11.1516	419
11.15858333	419
11.16558333	420
11.17251667	416
11.1794	413
11.18631667	415
11.19326667	417
11.20023333	418
11.2072	418
11.2142	420
11.22118333	419
11.22808333	414
11.235	415
11.24186667	412
11.24878333	415
11.25573333	417
11.26268333	417
11.26963333	417
11.27653333	414
11.28341667	413
11.29028333	412
11.29723333	417
11.30421667	419
11.31118333	418
11.31816667	419
11.32508333	415
11.332	415
11.33888333	413
11.34583333	417
11.3528	418
11.35978333	419
11.36671667	416
11.37358333	412
11.38046667	413
11.3873	410
11.39416667	412
11.40106667	414
11.40798333	415
11.41491667	416
11.42181667	414
11.42866667	411
11.4355	410
11.44231667	409
11.44916667	411
11.45605	413
11.46293333	413
11.46981667	413
11.47666667	411
11.48351667	411
11.49031667	408
11.49713333	409
11.50401667	413
11.5109	413
11.51781667	415
11.52471667	414
11.53156667	411
11.53836667	408
11.54515	407
11.55198333	410
11.55885	412
11.56568333	410
11.57255	412
11.57935	408
11.5861	405
11.59288333	407
11.59968333	408
11.60653333	411
11.61335	409
11.62016667	409
11.62695	407
11.6337	405
11.64046667	406
11.64723333	406
11.65405	409
11.66085	408
11.66761667	406
11.67436667	405
11.68108333	403
11.68776667	401
11.69451667	405
11.70128333	406
11.70806667	407
11.71483333	406
11.72161667	407
11.72831667	402
11.73501667	402
11.74175	404
11.74851667	406
11.75531667	408
11.7621	407
11.76888333	407
11.77561667	404
11.78236667	405
11.78913333	406
11.79595	409
11.80278333	410
11.80955	406
11.8163	405
11.82303333	404
11.82975	403
11.83653333	407
11.84335	409
11.85023333	413
11.85711667	413
11.86401667	414
11.87088333	412
11.87771667	410
11.8845	407
11.89123333	404
11.89795	403
11.90466667	403
11.9114	404
11.9181	402
11.9248	402
11.93145	399
11.93803333	395
11.94461667	395
11.95125	398
11.95793333	401
11.96463333	402
11.9713	400
11.97796667	400
11.98461667	399
11.99135	404
11.9981	405
12.00486667	406
12.01161667	405
12.01831667	402
12.02498333	400
12.0317	403
12.03845	405
12.04523333	407
12.052	406
12.05873333	404
12.06545	403
12.07213333	401
12.0789	406
12.08568333	407
12.09245	406
12.09923333	407
12.106	406
12.11266667	400
12.11933333	400
12.12605	403
12.13278333	404
12.13951667	404
12.14621667	402
12.1529	401
12.15955	399
12.16616667	397
12.17283333	400
12.17951667	401
12.1862	401
12.19288333	401
12.1995	397
12.20611667	397
12.21271667	396
12.21931667	396
12.22596667	399
12.23263333	400
12.23933333	402
12.24601667	401
12.25273333	403
12.25941667	401
12.26606667	399
12.27271667	399
12.27941667	402
12.28618333	406
12.29301667	410
12.29988333	412
12.3068	415
12.31371667	415
12.32061667	414
12.32746667	411
12.33423333	406
12.34098333	405
12.34766667	401
12.35438333	403
12.3611	403
12.36785	405
12.37461667	406
12.38141667	408
12.38818333	406
12.39493333	405
12.40166667	404
12.40836667	402
12.41503333	400
12.4217	400
12.42841667	403
12.43515	404
12.44186667	403
12.4486	404
12.45531667	403
12.46195	398
12.46856667	397
12.4752	398
12.48186667	400
12.48851667	399
12.4952	401
12.5019	402
12.50853333	398
12.51513333	396
12.52171667	395
12.52831667	396
12.53498333	400
12.54165	400
12.54831667	400
12.5549	395
12.56148333	395
12.5681	397
12.57475	399
12.58143333	401
12.58808333	399
12.59476667	401
12.60141667	399
12.60801667	396
12.6146	395
12.62118333	395
12.62783333	399
12.63453333	402
12.64121667	401
12.64785	398
12.65446667	397
12.6611	398
12.66778333	401
12.67446667	401
12.68118333	403
12.68785	400
12.69448333	398
12.70108333	396
12.70775	400
12.71443333	401
12.72108333	399
12.7277	397
12.73426667	394
12.74083333	394
12.74746667	398
12.75408333	397
12.7607	397
12.76726667	394
12.7738	392
12.78035	393
12.78695	396
12.79355	396
12.80015	396
12.80671667	394
12.81325	392
12.81978333	392
12.82636667	395
12.83296667	396
12.83958333	397
12.84616667	395
12.85268333	391
12.85921667	392
12.8658	395
12.8724	396
12.87901667	397
12.88558333	394
12.8921	391
12.89861667	391
12.9052	395
12.9118	396
12.91835	393
12.92488333	392
12.93135	388
12.93781667	388
12.94431667	390
12.95083333	391
12.9574	394
12.96393333	392
12.97045	391
12.97693333	389
12.98341667	389
12.98993333	391
12.9965	394
13.00306667	394
13.0096	392
13.0161	390
13.0226	390
13.02908333	389
13.03563333	393
13.04218333	393
13.04875	394
13.05528333	392
13.06181667	392
13.06831667	390
13.07481667	390
13.0814	395
13.08798333	395
13.09456667	395
13.10113333	394
13.10765	391
13.11415	390
13.12071667	394
13.1273	395
13.1339	396
13.14051667	397
13.14708333	394
13.1536	391
13.16013333	392
13.16671667	395
13.1733	395
13.17991667	397
13.18646667	393
13.19305	395
13.19955	390
13.20605	390
13.21256667	391
13.21915	395
13.22575	396
13.23235	396
13.2389	393
13.24538333	389
13.25186667	389
13.2584	392
13.26496667	394
13.27153333	394
13.27806667	392
13.28458333	391
13.29105	388
13.29751667	388
13.30401667	390
13.31055	392
13.31708333	392
13.32361667	392
13.3301	389
13.33655	387
13.343	387
13.34951667	391
13.35603333	391
13.36261667	395
13.36913333	391
13.37566667	392
13.38215	389
13.38863333	389
13.39516667	392
13.40173333	394
13.40831667	395
13.41488333	394
13.4214	391
13.42791667	391
13.43443333	391
13.44101667	395
13.4476	395
13.45416667	394
13.46071667	393
13.46721667	390
13.47373333	391
13.48028333	393
13.48685	394
13.49343333	395
13.50001667	395
13.50661667	396
13.51318333	394
13.5197	391
13.52618333	389
13.53268333	390
13.53925	394
13.54585	396
13.55248333	398
13.55908333	396
13.56575	400
13.57233333	395
13.57891667	395
13.5855	395
13.59211667	397
13.59876667	399
13.60541667	399
13.61201667	396
13.61865	398
13.6252	393
13.63178333	395
13.63838333	396
13.645	397
13.65163333	398
13.65825	397
13.6649	399
13.6715	396
13.67805	393
13.68461667	394
13.69123333	397
13.69786667	398
13.70446667	396
13.71103333	394
13.71756667	392
13.72411667	393
13.73073333	397
13.73733333	396
13.74393333	396
13.7505	394
13.757	390
13.76351667	391
13.77008333	394
13.77663333	393
13.78318333	393
13.7897	391
13.79616667	388
13.80263333	388
13.80915	391
13.81571667	394
13.82223333	391
13.82871667	389
13.83515	386
13.84161667	388
13.84813333	391
13.85465	391
13.86115	390
13.86761667	388
13.87403333	385
13.88046667	386
13.88693333	388
13.89345	391
13.89996667	391
13.90645	389
13.91288333	386
13.9193	385
13.92576667	388
13.93226667	390
13.93875	389
13.94521667	388
13.95163333	385
13.95805	385
13.9645	387
13.97098333	389
13.97748333	390
13.98398333	390
13.99041667	386
13.99686667	387
14.00328333	385
14.00973333	387
14.01626667	392
14.02281667	393
14.02941667	396
14.03603333	397
14.04256667	392
14.04908333	391
14.05556667	389
14.0621	392
14.06866667	394
14.07523333	394
14.0818	394
14.08833333	392
14.09483333	390
14.10128333	387
14.10776667	389
14.1143	392
14.12083333	392
14.12736667	392
14.13388333	391
14.14033333	387
14.14681667	389
14.15328333	388
14.15978333	390
14.16631667	392
14.17285	392
14.17938333	392
14.18585	388
14.1923	387
14.19876667	388
14.2053	392
14.21186667	394
14.21836667	390
14.22481667	387
14.23126667	387
14.2377	386
14.2442	390
14.2507	390
14.25721667	391
14.26368333	388
14.2701	385
14.27651667	385
14.28298333	388
14.28948333	390
14.29596667	389
14.30246667	390
14.30891667	387
14.31533333	385
14.32176667	386
14.32821667	387
14.33475	392
14.34126667	391
14.34778333	391
14.35428333	390
14.36076667	389
14.36726667	390
14.37381667	393
14.3804	395
14.38696667	394
14.3935	392
14.4	390
14.40648333	389
14.41303333	393
14.4196	394
14.42616667	394
14.43271667	393
14.43918333	388
14.44566667	389
14.45216667	390
14.45875	395
14.46531667	394
14.47186667	393
14.47831667	387
14.48478333	388
14.49128333	390
14.49785	394
14.50436667	391
14.51085	389
14.51733333	389
14.52383333	390
14.53036667	392
14.53691667	393
14.54346667	393
14.54996667	390
14.55648333	391
14.563	391
14.56958333	395
14.5762	397
14.58278333	395
14.58931667	392
14.59583333	391
14.60233333	390
14.6089	394
14.61551667	397
14.6222	401
14.62885	399
14.63558333	404
14.64225	400
14.64885	396
14.65546667	397
14.66213333	400
14.66878333	399
14.67541667	398
14.682	395
14.68856667	394
14.69508333	391
14.70168333	396
14.70828333	396
14.71488333	396
14.72146667	395
14.72798333	391
14.73451667	392
14.74106667	393
14.74765	395
14.75423333	395
14.76076667	392
14.76726667	390
14.77376667	390
14.78031667	393
14.78686667	393
14.79338333	391
14.79986667	389
14.80633333	388
14.81276667	386
14.81925	389
14.82575	390
14.83223333	389
14.83866667	386
14.84508333	385
14.8515	385
14.85796667	388
14.86443333	388
14.87093333	390
14.8774	388
14.88381667	385
14.89021667	384
14.89666667	387
14.90313333	388
14.90963333	390
14.9161	388
14.92256667	388
14.92901667	387
14.93541667	384
14.94183333	385
14.94826667	386
14.95475	389
14.96131667	394
14.9679	395
14.97451667	397
14.98113333	397
14.98776667	398
14.99438333	397
15.00098333	396
15.00755	394
15.01403333	389
15.0205	388
15.02696667	388
15.03348333	391
15.04	391
15.04655	393
15.05313333	395
15.05976667	398
15.06635	395
15.0729	393
15.07946667	394
15.086	392
15.0925	390
15.09905	393
15.10558333	392
15.11213333	393
15.11858333	387
15.125	385
15.1314	384
15.1379	390
15.1444	390
15.15093333	392
15.15746667	392
15.16396667	390
15.17045	389
15.17686667	385
15.18336667	390
15.1899	392
15.19643333	392
15.203	394
15.20955	393
15.21611667	394
15.22265	392
15.22918333	392
15.23565	388
15.24206667	385
15.24848333	385
15.25496667	389
15.26146667	390
15.26795	389
15.27446667	391
15.28095	389
15.28741667	388
15.29386667	387
15.30025	383
15.30665	384
15.31308333	386
15.31953333	387
15.32598333	387
15.33245	388
15.33893333	389
15.3454	388
15.35178333	383
15.35818333	384
15.36455	382
15.37093333	383
15.37733333	384
15.38376667	386
15.3902	386
15.39663333	386
15.40306667	386
15.40943333	382
15.4158	382
15.42221667	385
15.42866667	387
15.43513333	388
15.4416	388
15.448	384
15.45438333	383
15.4608	385
15.46726667	388
15.47375	389
15.48023333	389
15.48666667	386
15.49305	383
15.49943333	383
15.50583333	384
15.51226667	386
15.5187	386
15.52515	387
15.53153333	383
15.5379	382
15.54423333	380
15.55061667	383
15.55703333	385
15.56343333	384
15.56985	385
15.5762	381
15.58246667	376
15.58876667	378
15.59508333	379
15.60146667	383
15.60781667	381
15.6141	377
15.62038333	377
15.62666667	377
15.63301667	381
15.6394	383
15.64583333	386
15.65226667	386
15.65873333	388
15.66521667	389
15.6717	389
15.67813333	386
15.68453333	384
15.69096667	386
15.69745	389
15.70393333	389
15.71041667	389
15.71691667	390
15.72335	386
15.72978333	386
15.73625	388
15.74275	390
15.74926667	391
15.75576667	390
15.7622	386
15.76861667	385
15.77503333	385
15.78143333	384
15.7879	388
15.79436667	388
15.80083333	388
15.80728333	387
15.8137	385
15.82005	381
15.82641667	382
15.83283333	385
15.83923333	384
15.84566667	386
15.8521	386
15.85848333	383
15.86483333	381
15.87116667	380
15.87751667	381
15.8839	383
15.89028333	383
15.89666667	383
15.90303333	382
15.90936667	380
15.91568333	379
15.92203333	381
15.92841667	383
15.93483333	385
15.94121667	383
15.94761667	384
15.95395	380
15.96026667	379
15.96658333	379
15.97298333	384
15.9794	385
15.98583333	386
15.99226667	386
15.9987	386
16.00513333	386
16.01148333	381
16.01783333	381
16.02418333	381
16.0306	385
16.037	384
16.04336667	382
16.04973333	382
16.05606667	380
16.06238333	379
16.06875	382
16.07515	384
16.08153333	383
16.08793333	384
16.09428333	381
16.10063333	381
16.10695	379
16.11325	378
16.11956667	379
16.12593333	382
16.13228333	381
16.13863333	381
16.14495	379
16.1513	381
16.15755	375
16.16381667	376
16.1701	377
16.17645	381
16.18278333	380
16.18915	382
16.19545	378
16.20173333	377
16.20801667	377
16.21431667	378
16.22065	380
16.22698333	380
16.23331667	380
16.23965	380
16.24596667	379
16.25226667	378
16.25856667	378
16.2649	380
16.27128333	383
16.27771667	386
16.28411667	384
16.29046667	381
16.29676667	378
16.30308333	379
16.3094	379
16.31576667	382
16.32218333	385
16.32863333	387
16.33506667	386
16.34151667	387
16.34795	386
16.35431667	382
16.36068333	382
16.36708333	384
16.3735	385
16.37991667	385
16.38631667	384
16.39271667	384
16.3991	383
16.40543333	380
16.41176667	380
16.4181	380
16.42446667	382
16.43085	383
16.43725	384
16.44361667	382
16.44998333	382
16.4563	379
16.4626	378
16.46896667	382
16.47535	383
16.48175	384
16.48808333	380
16.49441667	380
16.50075	380
16.50703333	377
16.5134	382
16.5198	384
16.52618333	383
16.53255	382
16.5389	381
16.54526667	382
16.55156667	378
16.55786667	378
16.56416667	378
16.57055	383
16.57693333	383
16.5833	382
16.58965	381
16.59595	378
16.60225	378
16.6086	381
16.61501667	385
16.6214	383
16.62775	381
16.63406667	379
16.64041667	381
16.64681667	384
16.65325	386
16.65965	384
16.66608333	386
16.67246667	383
16.67876667	378
16.68506667	378
16.6914	380
16.69776667	382
16.7041	380
16.71038333	377
16.71665	376
16.72293333	377
16.72928333	381
16.73565	382
16.74198333	380
16.74828333	378
16.75456667	377
16.7609	380
16.76728333	383
16.77361667	380
16.77988333	376
16.7862	379
16.79255	381
16.7989	381
16.80523333	380
16.81153333	378
16.81781667	377
16.82413333	379
16.83048333	381
16.8369	385
16.84335	387
16.84978333	386
16.85623333	387
16.86266667	386
16.86905	383
16.87541667	382
16.88176667	381
16.88818333	385
16.89456667	383
16.9009	380
16.90725	381
16.91363333	383
16.92005	385
16.9264	381
16.93275	381
16.93908333	380
16.94546667	383
16.95186667	384
16.95825	383
16.96458333	380
16.97091667	380
16.97725	380
16.98361667	382
16.98998333	382
16.99633333	381
17.00261667	377
17.0089	377
17.01525	381
17.02158333	380
17.02788333	378
17.03413333	375
17.04038333	375
17.04666667	377
17.053	380
17.05931667	379
17.06556667	375
17.07181667	375
17.07806667	375
17.0844	380
17.09073333	380
17.09706667	380
17.10333333	376
17.10956667	374
17.11583333	376
17.12213333	378
17.1285	382
17.13483333	380
17.14111667	377
17.14736667	375
17.15366667	378
17.16001667	381
17.16638333	382
17.17271667	380
17.17901667	378
17.18535	380
17.19171667	382
17.19811667	384
17.2045	383
17.21085	381
17.2172	381
17.2236	384
17.23001667	385
17.23638333	382
17.24273333	381
17.24908333	381
17.25546667	383
17.26188333	385
17.26826667	383
17.27461667	381
17.281	383
17.2874	384
17.2938	384
17.30013333	380
17.30648333	381
17.31281667	380
17.31921667	384
17.32561667	384
17.33198333	382
17.33833333	381
17.34465	379
17.35105	384
17.35746667	385
17.36388333	385
17.3703	385
17.3767	384
17.38308333	383
17.38943333	381
17.39578333	381
17.40215	382
17.40856667	385
17.415	386
17.4214	384
17.42775	381
17.4341	381
17.44046667	382
17.44685	383
17.45325	384
17.45965	384
17.466	381
17.47233333	380
17.47866667	380
17.48503333	382
17.49145	385
17.49783333	383
17.50423333	384
17.51058333	381
17.51695	382
17.52326667	379
17.52966667	384
17.53606667	384
17.54243333	382
17.54878333	381
17.55508333	378
17.56143333	381
17.56781667	383
17.57426667	387
17.58068333	385
17.58708333	384
17.59343333	381
17.59976667	380
17.60611667	381
17.6125	383
17.6189	384
17.6253	384
17.63163333	380
17.63795	379
17.64423333	377
17.65051667	377
17.65685	380
17.66321667	382
17.66955	380
17.67583333	377
17.68208333	375
17.68836667	377
17.69468333	379
17.70103333	381
17.70733333	378
17.71363333	378
17.71996667	380
17.72625	377
17.73251667	376
17.73883333	379
17.74518333	381
17.75158333	384
17.75796667	383
17.76435	383
17.77071667	382
17.77705	380
17.78338333	380
17.78973333	381
17.79615	385
17.80258333	386
17.80901667	386
17.81543333	385
17.8218	382
17.82813333	380
17.83448333	381
17.8409	385
17.8473	384
17.8537	384
17.86003333	380
17.86636667	380
17.87265	377
17.87895	378
17.8853	381
17.89165	381
17.898	381
17.90435	381
17.91066667	379
17.91693333	376
17.92321667	377
17.92953333	379
17.9359	382
17.94223333	380
17.94855	379
17.9548	375
17.96106667	376
17.96735	377
17.97365	378
17.97996667	379
17.98623333	376
17.99245	373
17.99865	372
18.00488333	374
18.01115	376
18.01745	378
18.02371667	376
18.02993333	373
18.03618333	375
18.0424	373
18.04866667	376
18.05496667	378
18.06128333	379
18.06755	376
18.0738	375
18.08001667	373
18.08625	374
18.09246667	373
18.09875	377
18.10503333	377
18.11125	373
18.11741667	370
18.12358333	370
18.12975	370
18.13596667	373
18.1422	374
18.14841667	373
18.15461667	372
18.16078333	370
18.16695	370
18.17316667	373
18.17938333	373
18.18561667	374
18.19183333	373
18.198	370
18.20418333	371
18.2104	373
18.21665	375
18.22291667	376
18.22916667	375
18.23536667	372
18.24158333	373
18.2478	373
18.25405	375
18.26031667	376
18.26663333	379
18.27293333	378
18.2792	376
18.28545	375
18.29168333	374
18.29795	376
18.30425	378
18.31055	378
18.31681667	376
18.32301667	372
18.32921667	372
18.33545	374
18.34171667	376
18.34796667	375
18.35423333	376
18.36045	373
18.36666667	373
18.37286667	372
18.3791	374
18.38536667	376
18.39165	377
18.39793333	377
18.40413333	372
18.41035	373
18.41656667	373
18.42283333	376
18.42913333	378
18.4354	376
18.44161667	373
18.44781667	372
18.45405	374
18.4603	375
18.46656667	376
18.47283333	376
18.47903333	372
18.4852	370
18.49138333	371
18.49761667	374
18.50386667	375
18.51008333	373
18.51625	370
18.5224	369
18.52858333	371
18.53478333	372
18.54101667	374
18.54723333	373
18.5534	370
18.55956667	370
18.56571667	369
18.57195	374
18.57818333	374
18.58441667	374
18.59063333	373
18.59683333	372
18.603	370
18.60918333	371
18.6154	373
18.62163333	374
18.62781667	371
18.63398333	370
18.64013333	369
18.64633333	372
18.65255	373
18.65876667	373
18.66495	371
18.6711	369
18.67723333	368
18.68338333	369
18.6896	373
18.69581667	373
18.70201667	372
18.70823333	373
18.71441667	371
18.72053333	367
18.72668333	369
18.73283333	369
18.73905	373
18.74526667	373
18.75148333	373
18.7577	373
18.76393333	374
18.7701	370
18.77625	369
18.78245	372
18.78868333	374
18.7949	373
18.80108333	371
18.80728333	372
18.8134	367
18.81955	369
18.82573333	371
18.83193333	372
18.83816667	374
18.84438333	373
18.85056667	371
18.85673333	370
18.8629	370
18.86911667	373
18.87533333	373
18.88161667	377
18.88783333	373
18.89401667	371
18.90018333	370
18.90635	370
18.91253333	371
18.91878333	375
18.92501667	374
18.93123333	373
18.93745	373
18.94356667	367
18.94975	371
18.95596667	373
18.96218333	373
18.96843333	375
18.97463333	372
18.98081667	371
18.98696667	369
18.99313333	370
18.99933333	372
19.00556667	374
19.01178333	373
19.01798333	372
19.02418333	372
19.03033333	369
19.0365	370
19.04275	375
19.049	375
19.05526667	376
19.0615	374
19.0677	372
19.07388333	371
19.08011667	374
19.08636667	375
19.09265	377
19.0989	375
19.10515	375
19.11136667	373
19.11756667	372
19.12375	371
19.12996667	373
19.13621667	375
19.14251667	378
19.14876667	375
19.15496667	372
19.16115	371
19.16735	372
19.17356667	373
19.17981667	375
19.18606667	375
19.19228333	373
19.19848333	372
19.20463333	369
19.21076667	368
19.21693333	370
19.22313333	372
19.2294	376
19.23566667	376
19.24193333	376
19.24815	373
19.25435	372
19.26055	372
19.26678333	374
19.27305	376
19.27935	378
19.28561667	376
19.29183333	373
19.29808333	375
19.3043	373
19.3105	372
19.31673333	374
19.323	376
19.32923333	374
19.33543333	372
19.34163333	372
19.34781667	371
19.35401667	372
19.36026667	375
19.36651667	375
19.37271667	372
19.37888333	370
19.38505	370
19.39123333	371
19.39746667	374
19.40368333	373
19.40988333	372
19.41606667	371
19.42225	371
19.42848333	374
19.43473333	375
19.44098333	375
19.4472	373
19.4534	372
19.45965	375
19.46595	378
19.47225	378
19.47851667	376
19.48476667	375
19.49098333	373
19.49728333	378
19.50361667	380
19.50986667	375
19.51608333	373
19.52226667	371
19.52848333	373
19.53473333	375
19.54096667	374
19.54716667	372
19.5533	368
19.5595	372
19.5657	372
19.57193333	374
19.57816667	374
19.58433333	370
19.59046667	368
19.59663333	370
19.60285	373
19.60911667	376
19.6154	377
19.6217	378
19.62795	375
19.63418333	374
19.64043333	375
19.64671667	377
19.65298333	376
19.65923333	375
19.66548333	375
19.67165	370
19.67781667	370
19.68401667	372
19.69025	374
19.69648333	374
19.70271667	374
19.70886667	369
19.71505	371
19.72123333	371
19.72745	373
19.73371667	376
19.73995	374
19.74616667	373
19.75235	371
19.75853333	371
19.76475	373
19.77098333	374
19.77723333	375
19.78343333	372
19.78965	373
19.79581667	370
19.80198333	370
19.80818333	372
19.81441667	374
19.82061667	372
19.82686667	375
19.83305	371
19.83923333	371
19.84541667	371
19.85161667	372
19.85786667	375
19.8641	374
19.8703	372
19.87648333	371
19.88266667	371
19.88888333	373
19.89513333	375
19.9014	376
19.90765	375
19.91385	372
19.92006667	373
19.92626667	372
19.93253333	376
19.93881667	377
19.9451	377
19.95135	375
19.95758333	374
19.9638	373
19.97008333	377
19.9764	379
19.98265	375
19.98886667	373
19.99505	371
20.00128333	374
20.00756667	377
20.01386667	378
20.02008333	373
20.02631667	374
20.03251667	372
20.03871667	372
20.04495	374
20.05121667	376
20.05746667	375
20.0637	374
20.0699	372
20.07618333	377
20.08248333	378
20.08873333	375
20.09491667	371
20.10118333	376
20.10751667	380
20.11388333	382
20.12021667	380
20.12651667	378
20.13285	380
20.13918333	380
20.1456	385
20.1519	378
20.15821667	379
20.16456667	381
20.17098333	385
20.17733333	381
20.18365	379
20.18996667	379
20.19638333	385
20.20275	382
20.2091	381
20.2154	378
20.2217	378
20.22803333	380
20.23443333	384
20.2409	388
20.24736667	388
20.25386667	390
20.26038333	391
20.2669	391
20.27341667	391
20.27988333	388
20.28636667	389
20.29291667	393
20.29943333	391
20.30598333	393
20.31246667	389
20.31898333	391
20.3255	391
20.33196667	388
20.33841667	387
20.3449	389
20.35135	387
20.35778333	386
20.36418333	384
20.3706	385
20.37705	387
20.38348333	386
20.38986667	383
20.39625	383
20.4027	387
20.40913333	386
20.41551667	383
20.42188333	382
20.4283	385
20.43473333	386
20.44113333	384
20.44748333	381
20.45385	382
20.46025	384
20.46663333	383
20.47295	379
20.47923333	377
20.48558333	381
20.49196667	383
20.4983	380
20.5046	378
20.51091667	379
20.51725	380
20.52363333	383
20.53001667	383
20.53638333	382
20.54271667	380
20.5491	383
20.55555	387
20.56196667	385
20.56833333	382
20.57471667	383
20.58116667	387
20.58763333	388
20.59406667	386
20.60048333	385
20.60691667	386
20.61336667	387
20.61983333	388
20.62626667	386
20.63273333	388
20.6392	388
20.64565	387
20.65206667	385
20.65846667	384
20.66486667	384
20.67131667	387
20.67783333	391
20.6844	394
20.69101667	397
20.69768333	400
20.70443333	405
20.71125	409
20.71803333	407
20.72478333	405
20.73155	406
20.73836667	409
20.7452	410
20.75206667	412
20.75885	407
20.76563333	407
20.77251667	413
20.77946667	417
20.78646667	420
20.7935	422
20.80053333	422
20.8076	424
20.8147	426
20.82176667	424
20.82876667	420
20.83575	419
20.84271667	418
20.8497	419
20.85678333	425
20.8639	427
20.87108333	431
20.87831667	434
20.88561667	438
20.89303333	445
20.90043333	444
20.90786667	446
20.91526667	444
20.92265	443
20.93001667	442
20.93733333	439
20.94461667	437
20.95181667	432
20.95898333	430
20.96611667	428
20.97328333	430
20.9806	439
20.9881	450
20.9957	456
21.0034	462
21.01115	465
21.0189	465
21.02675	471
21.03463333	473
21.04258333	477
21.05046667	473
21.05825	467
21.06588333	458
21.07338333	450
21.08081667	446
21.08823333	445
21.09566667	446
21.10318333	451
21.11075	454
21.11836667	457
21.12601667	459
21.13356667	453
21.141	446
21.14838333	443
21.15573333	441
21.16315	445
21.1706	447
21.17808333	449
21.1856	451
21.1932	456
21.20081667	457
21.20841667	456
21.21593333	451
21.22346667	452
21.23105	455
21.23868333	458
21.24635	460
21.25401667	460
21.26173333	463
21.26946667	464
21.27726667	468
21.28508333	469
21.2928	463
21.30046667	460
21.30805	455
21.31563333	455
21.32328333	459
21.33095	460
21.33868333	464
21.34643333	465
21.35423333	468
21.36203333	468
21.36986667	470
21.3777	470
21.3855	468
21.39315	459
21.40073333	455
21.40826667	452
21.41583333	454
21.42338333	453
21.43096667	455
21.4385	452
21.44606667	454
21.4537	458
21.46145	465
21.46926667	469
21.47718333	475
21.48506667	473
21.49286667	468
21.50061667	465
21.50831667	462
21.51603333	463
21.52378333	465
21.53151667	464
21.53923333	463
21.54693333	462
21.55466667	464
21.56246667	468
21.57028333	469
21.57816667	473
21.586	470
21.59386667	472
21.60168333	469
21.6094	463
21.61708333	461
21.62476667	461
21.63246667	462
21.64015	461
21.64785	462
21.65556667	463
21.66331667	465
21.67111667	468
21.67896667	471
21.6869	476
21.69485	477
21.70285	480
21.71083333	479
21.71878333	477
21.72665	472
21.73445	468
21.74215	462
21.74983333	461
21.75751667	461
21.76525	464
21.77295	462
21.78061667	460
21.78838333	466
21.79625	472
21.80416667	475
21.81196667	468
21.81971667	465
21.82745	464
21.8351	459
21.8427	456
21.85031667	457
21.85791667	456
21.86541667	450
21.87293333	451
21.88048333	453
21.888	451
21.89545	447
21.90291667	448
21.91041667	450
21.91786667	447
21.9253	446
21.9327	444
21.94003333	440
21.94741667	443
21.95486667	447
21.96235	449
21.96986667	451
21.97741667	453
21.98501667	456
21.99265	458
22.00026667	457
22.00788333	457
22.0155	457
22.02313333	458
22.0308	460
22.03838333	455
22.04593333	453
22.05353333	456
22.06113333	456
22.0687	454
22.07633333	458
22.08401667	461
22.09178333	466
22.09953333	465
22.10733333	468
22.11516667	470
22.12303333	472
22.13088333	471
22.1387	469
22.1465	468
22.15421667	463
22.16188333	460
22.16948333	456
22.17698333	450
22.18445	448
22.1919	447
22.19935	447
22.20685	450
22.21436667	451
22.22188333	451
22.22943333	453
22.23705	457
22.24466667	457
22.25231667	459
22.25996667	459
22.26766667	462
22.27538333	463
22.28311667	464
22.29095	470
22.29878333	470
22.30663333	471
22.31445	469
22.32233333	473
22.33023333	474
22.33815	475
22.34611667	478
22.35413333	481
22.3622	484
22.37021667	481
22.37821667	480
22.38625	482
22.39428333	482
22.40228333	480
22.41028333	480
22.41831667	482
22.42638333	484
22.4344	481
22.44238333	479
22.4503	475
22.45821667	475
22.4661	473
22.474	474
22.4819	474
22.4898	474
22.4977	474
22.50561667	475
22.51358333	478
22.5216	481
22.52973333	488
22.53785	487
22.546	489
22.55415	489
22.56226667	487
22.5704	488
22.57858333	491
22.58673333	489
22.59488333	489
22.60301667	488
22.61116667	489
22.61926667	486
22.62731667	483
22.63533333	481
22.64333333	480
22.65133333	480
22.65928333	477
22.66721667	476
22.67515	476
22.68308333	476
22.69091667	470
22.69868333	466
22.70645	466
22.71421667	466
22.72198333	466
22.72981667	470
22.73768333	472
22.74558333	474
22.75351667	476
22.76146667	477
22.7694	476
22.77735	477
22.78543333	485
22.79356667	488
22.8017	488
22.80983333	488
22.818	490
22.82618333	491
22.8344	493
22.84263333	494
22.85088333	495
22.85913333	495
22.86748333	501
22.8758	499
22.8841	498
22.89246667	502
22.90081667	501
22.90911667	498
22.91741667	498
22.92575	500
22.9341	501
22.94243333	500
22.95075	499
22.95905	498
22.96731667	496
22.97555	494
22.9838	495
22.99205	495
23.00031667	496
23.00851667	492
23.01671667	492
23.02486667	489
23.03295	485
23.041	483
23.049	480
23.05696667	478
23.0649	476
23.07285	477
23.08085	480
23.08885	480
23.0969	483
23.10498333	485
23.1131	487
23.12125	489
23.12941667	490
23.1376	491
23.14576667	490
23.15388333	487
23.16196667	485
23.17001667	483
23.17805	482
23.18606667	481
23.1941	482
23.20215	483
23.2102	483
23.2183	486
23.22645	489
23.23468333	494
23.24306667	503
23.25155	509
23.2601	513
23.26865	513
23.27725	516
23.28578333	512
23.29425	508
23.30265	504
23.31098333	500
23.31926667	497
23.3275	494
23.3357	492
23.34385	489
23.352	489
23.36021667	493
23.3685	497
23.37681667	499
23.38525	506
23.39376667	511
23.40233333	514
23.41096667	518
23.41963333	520
23.42813333	510
23.43656667	506
23.4449	500
23.4532	498
23.46143333	494
23.46966667	494
23.47786667	492
23.48611667	495
23.49441667	498
23.50281667	504
23.51125	506
23.51968333	506
23.52811667	506
23.5365	503
23.54486667	502
23.55318333	499
23.56145	496
23.56968333	494
23.57788333	492
23.58606667	491
23.59423333	490
23.60245	493
23.61071667	496
23.6191	503
23.6275	504
23.63595	507
23.64441667	508
23.65293333	511
23.6615	514
23.67008333	515
23.67861667	512
23.68713333	511
23.69563333	510
23.70408333	507
23.71248333	504
23.72085	502
23.72916667	499
23.73743333	496
23.74561667	491
23.75376667	489
23.76186667	486
23.76993333	484
23.77801667	485
23.78616667	489
23.79438333	493
23.80266667	497
23.81108333	505
23.81955	508
23.82823333	521
23.837	526
23.8457	522
23.85433333	518
23.8628	508
23.87118333	503
23.8795	499
23.88775	495
23.89595	492
23.90411667	490
23.91226667	489
23.92041667	489
23.92858333	490
23.93683333	495
23.94511667	497
23.95351667	504
23.96201667	510
23.97053333	511
23.97905	511
23.98745	504
23.99576667	499
24.00405	497
24.01226667	493
24.02041667	489
24.0285	485
24.03655	483
24.0446	483
24.0526	480
24.0606	480
24.06861667	481
24.0766	479
24.08453333	476
24.0924	472
24.10023333	470
24.10801667	467
24.11576667	465
24.12351667	465
24.13123333	463
24.13896667	464
24.14681667	471
24.15471667	474
24.16263333	475
24.17058333	477
24.17853333	477
24.18653333	480
24.20261667	0
24.2107	485
24.2188	486
24.22696667	490
24.2352	494
24.24343333	494
24.25163333	492
24.25991667	497
24.26826667	501
24.27671667	507
24.28515	506
24.29358333	506
24.30198333	504
24.31035	502
24.31875	504
24.32711667	502
24.33548333	502
24.34386667	503
24.35226667	504
24.3606	500
24.36881667	493
24.377	491
24.38516667	490
24.39335	491
24.40161667	496
24.40986667	495
24.41818333	499
24.4266	505
24.43526667	520
24.44413333	532
24.45328333	549
24.46243333	549
24.4714	538
24.48023333	530
24.48898333	525
24.49771667	524
24.50641667	522
24.51508333	520
24.52368333	516
24.5322	511
24.54061667	505
24.54896667	501
24.55726667	498
24.56556667	498
24.57381667	495
24.58205	494
24.59025	492
24.59848333	494
24.60668333	492
24.615	499
24.62341667	505
24.63196667	513
24.64061667	519
24.6496	539
24.6587	546
24.66801667	559
24.67723333	553
24.68628333	543
24.69521667	536
24.70401667	528
24.71273333	523
24.72138333	519
24.72995	514
24.73845	510
24.74695	510
24.75541667	508
24.76386667	507
24.77228333	505
24.78066667	503
24.78908333	505
24.7974	499
24.80576667	502
24.81418333	505
24.8228	517
24.83158333	527
24.84031667	524
24.84901667	522
24.85773333	523
24.8665	526
24.87525	525
24.88398333	524
24.89263333	519
24.90126667	518
24.90986667	516
24.91843333	514
24.92696667	512
24.93556667	516
24.94413333	514
24.95268333	513
24.96125	514
24.96985	516
24.97851667	520
24.98716667	519
24.99581667	519
25.00453333	523
25.0132	520
25.02183333	518
25.03045	517
25.03903333	515
25.04753333	510
25.05603333	510
25.06453333	510
25.073	508
25.08143333	506
25.08983333	504
25.09823333	504
25.1066	502
25.11495	501
25.12325	498
25.13155	498
25.13996667	505
25.14838333	505
25.15668333	498
25.16498333	498
25.17326667	497
25.18151667	495
25.18971667	492
25.19785	488
25.20595	486
25.21405	486
25.22215	486
25.23021667	484
25.23825	482
25.24626667	481
25.25423333	478
25.26218333	477
25.27016667	479
25.27813333	478
25.28605	475
25.2939	471
25.30171667	469
25.30955	470
25.31738333	470
25.32526667	473
25.33326667	480
25.3415	494
25.34981667	499
25.35828333	508
25.36686667	515
25.37543333	514
25.384	514
25.39253333	512
25.40111667	515
25.4096	509
25.41803333	506
25.42636667	500
25.43468333	499
25.44298333	498
25.45121667	494
25.45945	494
25.46763333	491
25.47573333	486
25.48375	481
25.49175	480
25.49968333	476
25.50756667	473
25.51536667	468
25.52315	467
25.53095	468
25.53876667	469
25.54668333	475
25.55466667	479
25.56275	485
25.57125	510
25.58011667	532
25.58996667	591
25.60026667	618
25.61008333	589
25.61991667	590
25.62971667	588
25.63926667	573
25.64848333	553
25.65748333	540
25.6664	535
25.67521667	529
25.68391667	522
25.69251667	516
25.70103333	511
25.70953333	510
25.71803333	510
25.72643333	504
25.7348	502
25.74316667	502
25.75155	503
25.75991667	502
25.76828333	502
25.77665	502
25.78508333	506
25.79361667	512
25.8022	515
25.81088333	521
25.81958333	522
25.8283	523
25.83708333	527
25.8459	529
25.85473333	530
25.86356667	530
25.8723	524
25.88098333	521
25.88966667	521
25.89831667	519
25.90698333	520
25.91561667	518
25.92428333	520
25.93295	520
25.94166667	523
25.95038333	523
25.95915	526
25.96791667	526
25.97675	530
25.9855	525
25.99421667	523
26.00286667	519
26.01155	521
26.02016667	517
26.02876667	516
26.0373	512
26.04581667	511
26.05436667	513
26.06293333	514
26.07148333	513
26.08005	514
26.08861667	514
26.0972	515
26.1058	516
26.11441667	517
26.123	515
26.1316	516
26.14016667	514
26.14873333	514
26.15728333	513
26.16583333	513
26.17438333	513
26.183	517
26.1916	516
26.20025	519
26.20888333	518
26.2175	517
26.22613333	518
26.23473333	516
26.24321667	509
26.2517	509
26.26015	507
26.2686	507
26.27705	507
26.28553333	509
26.29398333	507
26.30243333	507
26.31085	505
26.31923333	503
26.32755	499
26.33586667	499
26.34418333	499
26.35241667	494
26.36063333	493
26.36883333	492
26.37701667	491
26.38521667	492
26.39345	494
26.40175	498
26.4101	501
26.4186	510
26.42716667	514
26.4358	518
26.44446667	520
26.45316667	522
26.4618	518
26.47036667	514
26.47883333	508
26.48726667	506
26.49558333	499
26.50381667	494
26.51195	488
26.52	483
26.52798333	479
26.5359	475
26.54378333	473
26.55161667	470
26.55943333	469
26.56721667	467
26.57496667	465
26.5827	464
26.59053333	470
26.59878333	495
26.60701667	494
26.6152	491
26.62361667	505
26.63236667	525
26.64128333	535
26.65008333	528
26.65896667	533
26.6678	530
26.67661667	529
26.68543333	529
26.69423333	528
26.70298333	525
26.7117	523
26.72036667	520
26.729	518
26.73756667	514
26.74608333	511
26.75455	508
26.76308333	512
26.7717	517
26.7805	528
26.78965	549
26.79908333	566
26.80846667	563
26.81768333	553
26.82681667	548
26.83593333	547
26.84503333	546
26.854	538
26.86286667	532
26.87163333	526
26.88031667	521
26.88891667	516
26.89741667	510
26.90586667	507
26.9143	506
26.92271667	505
26.93118333	508
26.93966667	509
26.94826667	516
26.95691667	519
26.96566667	525
26.97441667	525
26.98328333	532
26.99218333	534
27.00098333	528
27.00976667	527
27.0185	524
27.02723333	524
27.03588333	519
27.04445	514
27.05295	510
27.06141667	508
27.06986667	507
27.07823333	502
27.08663333	504
27.0951	508
27.1036	510
27.11211667	511
27.12053333	505
27.12896667	506
27.1374	506
27.14585	507
27.15436667	511
27.1629	512
27.17143333	512
27.18003333	516
27.1887	520
27.19733333	518
27.20598333	519
27.21463333	519
27.22328333	519
27.23195	520
27.24056667	517
27.24911667	513
27.25766667	513
27.26621667	513
27.27473333	511
27.28328333	513
27.29188333	516
27.30065	526
27.30955	534
27.31861667	544
27.32775	548
27.33685	546
27.34595	546
27.35495	540
27.36383333	533
27.37261667	527
27.38136667	525
27.39006667	522
27.39876667	522
27.40738333	517
27.41598333	516
27.4246	517
27.43325	519
27.44195	522
27.4508	531
27.45976667	538
27.469	554
27.47833333	560
27.48778333	567
27.49713333	561
27.50628333	549
27.51538333	546
27.52441667	542
27.53343333	541
27.54238333	537
27.55116667	527
27.55991667	525
27.56863333	523
27.5773	520
27.58591667	517
27.59446667	513
27.60301667	513
27.61156667	513
27.62018333	517
27.62885	520
27.63751667	520
27.64621667	522
27.65503333	529
27.6639	532
27.67273333	530
27.68155	529
27.69035	528
27.69913333	527
27.70788333	525
27.71655	520
27.72518333	518
27.73375	514
27.74226667	511
27.75073333	508
27.75915	505
27.76753333	503
27.7759	502
27.78426667	502
27.79261667	501
27.80096667	501
27.80935	503
27.81781667	508
27.82635	512
27.8349	513
27.84351667	517
27.8522	521
27.8609	522
27.86961667	523
27.87831667	522
27.88701667	522
27.8957	521
27.90435	519
27.91293333	515
27.92141667	509
27.92988333	508
27.9383	505
27.94668333	503
27.95505	502
27.96335	498
27.97163333	497
27.9799	496
27.98813333	494
27.99631667	491
28.00446667	489
28.01255	485
28.02061667	484
28.02863333	481
28.03666667	482
28.04471667	483
28.0528	485
28.06095	489
28.06916667	493
28.07735	491
28.08558333	494
28.09381667	494
28.10213333	499
28.11045	499
28.11858333	488
28.12675	490
28.135	495
28.14321667	493
28.15143333	493
28.15966667	494
28.16781667	489
28.1759	485
28.18395	483
28.1921	489
28.20033333	494
28.20863333	498
28.217	502
28.22545	507
28.23386667	505
28.24226667	504
28.25068333	505
28.25911667	506
28.26753333	505
28.27595	505
28.28431667	502
28.29268333	502
28.30106667	503
28.30948333	505
28.31796667	509
28.32646667	510
28.33491667	507
28.34336667	507
28.3519	512
28.36063333	524
28.36968333	543
28.37898333	558
28.38851667	572
28.39795	566
28.40728333	560
28.41648333	552
28.42558333	546
28.43455	538
28.44336667	529
28.45206667	522
28.46068333	517
28.46918333	510
28.47756667	503
28.48591667	501
28.49425	500
28.5026	501
28.51106667	508
28.51988333	529
28.52965	586
28.54276667	787
28.5542	686
28.56551667	679
28.57638333	652
28.58653333	609
28.59588333	561
28.605	547
28.61391667	535
28.62278333	532
28.63161667	530
28.64025	518
28.64886667	517
28.65741667	513
28.66596667	513
28.67455	515
28.68318333	518
28.69178333	516
28.70043333	519
28.70918333	525
28.71806667	533
28.7271	542
28.7361	540
28.74521667	547
28.75443333	553
28.7637	556
28.77298333	557
28.78205	544
28.79115	546
28.80011667	538
28.80913333	541
28.8181	538
28.82698333	533
28.83588333	534
28.84481667	536
28.85381667	540
28.86301667	552
28.87208333	544
28.88123333	549
28.89046667	554
28.89986667	564
28.90913333	556
28.91825	547
28.92738333	548
28.93646667	545
28.94541667	537
28.95426667	531
28.9631	530
28.97193333	530
28.9808	532
28.98968333	533
28.99858333	534
29.00738333	528
29.01608333	522
29.02473333	519
29.03335	517
29.04198333	518
29.05063333	519
29.05936667	524
29.06798333	517
29.0765	511
29.08501667	511
29.0935	509
29.10196667	508
29.1104	506
29.11873333	500
29.127	496
29.13525	495
29.14346667	493
29.15165	491
29.15981667	490
29.16803333	493
29.17626667	494
29.18453333	496
29.19286667	500
29.20116667	498
29.20946667	498
29.21783333	502
29.2262	502
29.23463333	506
29.24308333	507
29.25158333	510
29.26005	508
29.26853333	509
29.27696667	506
29.28541667	507
29.29401667	516
29.30271667	522
29.31156667	531
29.32056667	540
29.3296	542
29.33895	561
29.34825	558
29.35778333	572
29.36726667	569
29.3765	554
29.38555	543
29.39448333	536
29.4033	529
29.41206667	526
29.42081667	525
29.42955	524
29.43823333	521
29.4469	520
29.45556667	520
29.46425	521
29.47301667	526
29.48181667	528
29.49075	536
29.49981667	544
29.50896667	549
29.51821667	555
29.52748333	556
29.53666667	551
29.54583333	550
29.55498333	549
29.56401667	542
29.57293333	535
29.58176667	530
29.59051667	525
29.59921667	522
29.60793333	523
29.61665	523
29.62546667	529
29.63438333	535
29.6434	541
29.65255	549
29.66181667	556
29.67113333	559
29.68046667	560
29.68976667	558
29.69905	557
29.70821667	550
29.71731667	546
29.7263	539
29.73523333	536
29.74411667	533
29.75303333	535
29.76191667	533
29.77088333	538
29.78005	550
29.78936667	559
29.79875	563
29.80821667	568
29.81748333	556
29.82683333	561
29.83623333	564
29.8455	556
29.85468333	551
29.86388333	552
29.87303333	549
29.88203333	540
29.8909	532
29.89968333	527
29.90838333	522
29.917	517
29.92558333	515
29.93425	520
29.94301667	526
29.95206667	543
29.96141667	561
29.97111667	582
29.98101667	594
29.99176667	645
30.00276667	660
30.01323333	628
30.02318333	597
30.03286667	581
30.04238333	571
30.05176667	563
30.06096667	552
30.07013333	550
30.07925	547
30.08825	540
30.0972	537
30.10605	531
30.11495	534
30.124	543
30.13318333	551
30.14268333	570
30.15226667	575
30.16198333	583
30.1719	595
30.18178333	593
30.19133333	573
30.2008	568
30.21013333	560
30.21938333	555
30.22856667	551
30.2376	542
30.24666667	544
30.25565	539
30.2646	537
30.2736	540
30.28258333	539
30.29166667	545
30.30088333	553
30.3102	559
30.3196	564
30.329	564
30.33831667	559
30.34755	554
30.35675	552
30.3658	543
30.37481667	541
30.38373333	535
30.39261667	533
30.4015	533
30.4103	528
30.41915	531
30.42796667	529
30.43675	527
30.44555	528
30.45426667	523
30.463	524
30.47178333	527
30.48058333	528
30.48965	544
30.4988	549
30.50826667	568
30.5179	578
30.52791667	601
30.53821667	618
30.54865	626
30.55841667	586
30.5678	563
30.57711667	559
30.58655	566
30.59595	564
30.60528333	560
30.61456667	557
30.6238	554
30.633	552
30.64215	549
30.6512	543
30.66023333	542
30.66916667	536
30.67803333	532
30.68685	529
30.69561667	526
30.70435	524
30.71293333	515
30.72146667	512
30.72993333	508
30.73836667	506
30.74683333	508
30.75541667	515
30.76416667	525
30.77313333	538
30.7823	550
30.7917	564
30.80148333	587
30.81133333	591
30.8209	574
30.8304	570
30.83981667	565
30.84918333	562
30.85843333	555
30.86775	559
30.87693333	551
30.88596667	542
30.89486667	534
30.90371667	531
30.91258333	532
30.92148333	534
30.93063333	549
30.94058333	597
30.9534	769
30.96566667	736
30.97696667	678
30.98786667	654
30.99818333	619
31.00783333	579
31.0172	562
31.02626667	544
31.0352	536
31.04406667	532
31.05285	527
31.06161667	526
31.07043333	529
31.07945	541
31.08866667	553
31.09831667	579
31.10781667	570
31.11733333	571
31.1267	562
31.13588333	551
31.14491667	542
31.15383333	535
31.16266667	530
31.17146667	528
31.1803	530
31.18911667	529
31.19793333	529
31.20673333	528
31.21556667	530
31.22441667	531
31.23328333	532
31.24216667	533
31.25106667	534
31.25995	533
31.2687	525
31.2774	522
31.28606667	520
31.29471667	519
31.30336667	519
31.31206667	522
31.32083333	526
31.3295	520
31.33815	519
31.34678333	518
31.35538333	516
31.36396667	515
31.37248333	511
31.38093333	507
31.3894	508
31.39788333	509
31.40636667	509
31.41478333	505
31.42323333	507
31.43176667	512
31.44035	515
31.44895	516
31.45755	516
31.46611667	514
31.47468333	514
31.48328333	516
31.49188333	516
31.5005	517
31.5091	516
31.51773333	518
31.52636667	518
31.53503333	520
31.54368333	519
31.55231667	518
31.56101667	522
31.56973333	523
31.57835	517
31.58696667	517
31.59556667	516
31.60415	515
31.61275	516
31.6214	519
31.63	516
31.63865	519
31.64726667	517
31.65591667	519
31.66455	518
31.67321667	520
31.68195	524
31.6908	531
31.69971667	535
31.70866667	537
31.71758333	535
31.72641667	530
31.73515	524
31.74378333	518
31.75238333	516
31.76096667	515
31.76961667	519
31.77833333	523
31.78718333	531
31.7961	535
31.80515	543
31.81435	552
31.8235	549
31.83263333	548
31.84161667	539
31.85051667	534
31.85926667	525
31.86798333	523
31.87668333	522
31.88533333	519
31.89405	523
31.90285	528
31.9117	531
31.9206	534
31.92951667	535
31.93841667	534
31.94726667	531
31.95595	521
31.96458333	518
31.97318333	516
31.98176667	515
31.99033333	514
31.9989	514
