0.0112	672
0.022783333	695
0.034983333	732
0.046066667	665
0.05735	677
0.068816667	688
0.079133333	619
0.090633333	690
0.100933333	618
0.111033333	606
0.1212	610
0.130866667	580
0.139966667	546
0.149133333	550
0.158716667	575
0.169483333	646
0.1806	667
0.192316667	703
0.203833333	691
0.214866667	662
0.226466667	696
0.237783333	679
0.24795	610
0.258233333	617
0.268716667	629
0.278716667	600
0.289333333	637
0.3	640
0.310116667	607
0.3216	689
0.332766667	670
0.34315	623
0.3543	669
0.3658	690
0.378116667	739
0.3902	725
0.40075	633
0.41205	678
0.422416667	622
0.433583333	670
0.444766667	671
0.455683333	655
0.46765	718
0.4789	675
0.49065	705
0.50245	708
0.51325	648
0.525316667	724
0.537016667	702
0.548233333	673
0.559833333	696
0.570733333	654
0.5824	700
0.593233333	650
0.604066667	650
0.61555	689
0.626266667	643
0.637733333	688
0.648283333	633
0.6593	661
0.669816667	631
0.6795	581
0.6888	558
0.698483333	581
0.709633333	669
0.722383333	765
0.735683333	798
0.7467	661
0.757966667	676
0.76945	689
0.781383333	716
0.793633333	735
0.8055	712
0.817283333	707
0.829116667	710
0.841133333	721
0.852416667	677
0.864066667	699
0.875383333	679
0.8868	685
0.898216667	685
0.908966667	645
0.92035	683
0.931716667	682
0.942483333	646
0.954016667	692
0.965866667	711
0.976933333	664
0.988516667	695
1.000383333	712
1.011083333	642
1.02265	694
1.0343	699
1.04615	711
1.05745	678
1.0683	651
1.078383333	605
1.0884	601
1.098483333	605
1.108566667	605
1.1185	596
1.128816667	619
1.139633333	649
1.1501	628
1.160733333	638
1.170716667	599
1.180783333	604
1.19055	586
1.200666667	607
1.21105	623
1.221483333	626
1.23165	610
1.241966667	619
1.2525	632
1.2628	618
1.273716667	655
1.284233333	631
1.294583333	621
1.305216667	638
1.316	647
1.32615	609
1.3363	609
1.346133333	590
1.356066667	596
1.36615	605
1.376216667	604
1.386316667	606
1.396833333	631
1.407233333	624
1.417283333	603
1.4276	619
1.438066667	628
1.448466667	624
1.458866667	624
1.469783333	655
1.4805	643
1.49235	711
1.5044	723
1.515816667	685
1.527483333	700
1.539	691
1.550183333	671
1.561783333	696
1.57265	652
1.584066667	685
1.595316667	675
1.6061	647
1.61755	687
1.629233333	701
1.6406	682
1.65295	741
1.665283333	740
1.677233333	717
1.6888	694
1.699966667	670
1.711283333	679
1.722916667	698
1.73425	680
1.746216667	718
1.75765	686
1.769283333	698
1.780733333	687
1.7916	652
1.802983333	683
1.814083333	666
1.825616667	692
1.837666667	723
1.8492	692
1.86105	711
1.873283333	734
1.885366667	725
1.897016667	699
1.909433333	745
1.921483333	723
1.932833333	681
1.944583333	705
1.956366667	707
1.967316667	657
1.978766667	687
1.989783333	661
2.0005	643
2.0116	666
2.0227	666
2.033166667	628
2.043816667	639
2.054883333	664
2.065733333	651
2.076533333	648
2.0875	658
2.098083333	635
2.109083333	660
2.120383333	678
2.131066667	641
2.141766667	642
2.152	614
2.1625	630
2.1732	642
2.183816667	637
2.194466667	639
2.205183333	643
2.21555	622
2.226266667	643
2.236783333	631
2.246966667	611
2.2575	632
2.2682	642
2.27875	633
2.2898	663
2.300933333	668
2.311983333	663
2.323216667	674
2.33435	668
2.345116667	646
2.35615	662
2.366683333	632
2.377016667	620
2.387516667	630
2.3978	617
2.407733333	596
2.418266667	632
2.428733333	628
2.439066667	620
2.4497	638
2.4607	660
2.471216667	631
2.481966667	645
2.492966667	660
2.503383333	625
2.5137	619
2.523816667	607
2.533383333	574
2.542816667	566
2.55235	572
2.56185	570
2.57155	582
2.581733333	611
2.592216667	629
2.602433333	613
2.6132	646
2.62405	651
2.634066667	601
2.644516667	627
2.65475	614
2.664466667	583
2.6743	590
2.684216667	595
2.694016667	588
2.704016667	600
2.714533333	631
2.725	628
2.7353	618
2.745833333	632
2.756083333	615
2.766133333	603
2.776183333	603
2.786133333	597
2.795866667	584
2.805716667	591
2.8159	611
2.826033333	608
2.836066667	602
2.8462	608
2.856383333	611
2.866516667	608
2.877083333	634
2.8874	619
2.89735	597
2.907433333	605
2.91735	595
2.926966667	577
2.9369	596
2.947116667	613
2.956816667	582
2.966466667	579
2.97635	593
2.986066667	583
2.995666667	576
3.005816667	609
3.0158	599
3.025566667	586
3.035583333	601
3.045933333	621
3.056116667	611
3.06645	620
3.077066667	637
3.087583333	631
3.097616667	602
3.107883333	616
3.11815	616
3.128266667	607
3.138416667	609
3.148583333	610
3.15895	622
3.169016667	604
3.1794	623
3.189833333	626
3.200116667	617
3.210633333	631
3.221466667	650
3.231916667	627
3.242433333	631
3.253616667	671
3.264433333	649
3.274766667	620
3.285566667	648
3.296133333	634
3.3061	598
3.3162	606
3.32675	633
3.337633333	653
3.34875	667
3.3606	711
3.37255	717
3.383783333	674
3.39515	682
3.406666667	691
3.417966667	678
3.428766667	648
3.4399	668
3.451616667	703
3.463016667	684
3.47415	668
3.4861	717
3.498316667	733
3.5095	671
3.52105	693
3.5324	681
3.542816667	625
3.55385	662
3.56505	672
3.57595	654
3.587266667	679
3.599	704
3.61015	669
3.6215	681
3.633133333	698
3.644233333	666
3.65495	643
3.666266667	679
3.67765	683
3.689133333	689
3.700866667	704
3.712066667	672
3.72215	605
3.732166667	601
3.74205	593
3.751533333	569
3.761116667	575
3.771066667	597
3.781466667	624
3.791816667	621
3.802416667	636
3.813133333	643
3.823566667	626
3.834016667	627
3.844816667	648
3.8553	629
3.8653	600
3.875883333	635
3.8865	637
3.896916667	625
3.907866667	657
3.91885	659
3.929833333	659
3.940883333	663
3.9525	697
3.964316667	709
3.9753	659
3.9865	672
3.9973	648
4.007366667	604
4.017666667	618
4.028233333	634
4.038816667	635
4.0489	605
4.058766667	592
4.0681	560
4.0773	552
4.086483333	551
4.096433333	597
4.107416667	659
4.117733333	619
4.128583333	651
4.1391	631
4.149616667	631
4.16045	650
4.170933333	629
4.181	604
4.19095	597
4.20065	582
4.2103	579
4.219883333	575
4.229133333	555
4.23865	571
4.248066667	565
4.25785	587
4.268016667	610
4.278233333	613
4.288966667	644
4.300533333	694
4.311083333	633
4.321533333	627
4.33215	637
4.342183333	602
4.35295	646
4.36355	636
4.3738	615
4.385166667	682
4.39545	617
4.405316667	592
4.4155	611
4.4251	576
4.434883333	587
4.444766667	593
4.454216667	567
4.463616667	564
4.473016667	564
4.481933333	535
4.490666667	524
4.499533333	532
4.5087	550
4.5179	552
4.527116667	553
4.537016667	594
4.547416667	624
4.557433333	601
4.56735	595
4.577483333	608
4.588183333	642
4.599366667	671
4.609933333	634
4.620683333	645
4.632	679
4.643916667	715
4.656066667	729
4.667216667	669
4.678783333	694
4.690283333	690
4.701166667	653
4.712066667	654
4.723433333	682
4.735183333	705
4.746283333	666
4.757433333	669
4.768933333	690
4.780033333	666
4.790966667	656
4.802533333	694
4.814433333	714
4.82555	667
4.83735	708
4.8488	687
4.859466667	640
4.870566667	666
4.881183333	637
4.891383333	612
4.902316667	656
4.913466667	669
4.924333333	652
4.935433333	666
4.9468	682
4.95815	681
4.9692	663
4.9804	672
4.991116667	643
5.00185	644
5.013916667	724
5.025083333	670
5.03735	736
5.048666667	679
5.0593	638
5.07075	687
5.0816	651
5.09235	645
5.103166667	649
5.113816667	639
5.1245	641
5.1351	636
5.14645	681
5.158533333	725
5.170283333	705
5.182183333	714
5.19365	688
5.2044	645
5.215516667	667
5.226716667	672
5.238	677
5.2488	648
5.259483333	641
5.2701	637
5.281066667	658
5.291583333	631
5.302816667	674
5.314416667	696
5.3259	689
5.337383333	689
5.348416667	662
5.359766667	681
5.370466667	642
5.38075	617
5.39175	660
5.403233333	689
5.415416667	731
5.427666667	735
5.439566667	714
5.451233333	700
5.462983333	705
5.474833333	711
5.48605	673
5.497383333	680
5.509	697
5.520533333	692
5.532333333	708
5.5448	748
5.557766667	778
5.5701	740
5.582583333	749
5.59505	748
5.606583333	692
5.618483333	714
5.63065	730
5.64195	678
5.652366667	625
5.663766667	684
5.675616667	711
5.687833333	733
5.699166667	680
5.711283333	727
5.724033333	765
5.736316667	737
5.747983333	700
5.75995	718
5.7716	699
5.7832	696
5.795033333	710
5.806283333	675
5.817533333	675
5.829383333	711
5.8412	709
5.852183333	659
5.8631	655
5.873866667	646
5.884783333	655
5.896183333	684
5.90755	682
5.918516667	658
5.92975	674
5.940883333	668
5.951583333	642
5.962416667	650
5.973316667	654
5.984133333	649
5.994683333	633
6.00545	646
6.016216667	646
6.02665	626
6.036783333	608
6.04775	658
6.058716667	658
6.0695	647
6.079433333	596
6.0891	580
6.098333333	554
6.107933333	576
6.11785	595
6.1282	621
6.139266667	664
6.1503	662
6.161216667	655
6.171683333	628
6.182	619
6.192516667	631
6.202483333	598
6.212883333	624
6.223566667	641
6.23435	647
6.245366667	661
6.255583333	613
6.26635	646
6.276666667	619
6.287533333	652
6.298766667	674
6.309733333	658
6.321733333	720
6.33395	733
6.345416667	688
6.3573	713
6.36905	705
6.380216667	670
6.3911	653
6.401216667	607
6.4113	605
6.421816667	631
6.43255	644
6.443083333	632
6.454133333	663
6.464883333	645
6.476066667	671
6.487366667	678
6.4983	656
6.509633333	680
6.521333333	702
6.532516667	671
6.543983333	688
6.555433333	687
6.566733333	678
6.577816667	665
6.589333333	691
6.600766667	686
6.611866667	666
6.623766667	714
6.63615	743
6.648116667	718
6.66005	716
6.67205	720
6.683316667	676
6.6948	689
6.706283333	689
6.717983333	702
6.729666667	701
6.740266667	636
6.7514	668
6.762633333	674
6.773183333	633
6.784016667	650
6.794766667	645
6.806066667	678
6.817816667	705
6.829083333	676
6.839483333	624
6.849616667	608
6.85955	596
6.868983333	566
6.878033333	543
6.886983333	537
6.896516667	572
6.908133333	697
6.921833333	822
6.9354	814
6.9491	822
6.961883333	767
6.975033333	789
6.987366667	740
6.999783333	745
7.0121	739
7.023666667	694
7.035266667	696
7.046366667	666
7.057666667	678
7.0688	668
7.080116667	679
7.091016667	654
7.102116667	666
7.112616667	630
7.1234	647
7.133316667	595
7.143266667	597
7.153316667	603
7.163166667	591
7.17275	575
7.182083333	560
7.191333333	555
7.20065	559
7.210383333	584
7.220316667	596
7.230733333	625
7.240783333	603
7.251366667	635
7.261683333	619
7.272083333	624
7.282716667	638
7.293066667	621
7.303583333	631
7.3142	637
7.32475	633
7.335933333	671
7.3464	628
7.357766667	682
7.367916667	609
7.378866667	657
7.389566667	642
7.399516667	597
7.410316667	648
7.420516667	612
7.4307	611
7.44145	645
7.4519	627
7.46245	633
7.473016667	634
7.48385	650
7.494366667	631
7.505066667	642
7.515966667	654
7.526	602
7.536566667	634
7.546933333	622
7.556866667	596
7.567783333	655
7.578166667	623
7.588216667	603
7.598616667	624
7.6086	599
7.618933333	620
7.62925	619
7.6392	597
7.649316667	607
7.65905	584
7.668683333	578
7.678383333	582
7.6882	589
7.69785	579
7.707633333	587
7.7179	616
7.727383333	569
7.737516667	608
7.7476	605
7.757383333	587
7.767166667	587
7.77695	587
7.786333333	563
7.7957	562
7.804933333	554
7.813966667	542
7.8231	548
7.831983333	533
7.840783333	528
7.849316667	512
7.858016667	522
7.8666	515
7.875316667	523
7.88395	518
7.8932	555
7.902533333	560
7.91185	559
7.92105	552
7.9304	561
7.939616667	553
7.94865	542
7.957916667	556
7.967316667	564
7.976633333	559
7.985483333	531
7.994216667	524
8.003466667	555
8.013283333	589
8.022833333	573
8.03185	541
8.040683333	530
8.049833333	549
8.058916667	545
8.0686	581
8.07845	591
8.088466667	601
8.09835	593
8.108566667	613
8.1187	608
8.128066667	562
8.137733333	580
8.147183333	567
8.156716667	572
8.165783333	544
8.175283333	570
8.184633333	561
8.194016667	563
8.203283333	556
8.213166667	593
8.222716667	573
8.2326	593
8.242366667	586
8.2523	596
8.2617	564
8.2715	588
8.281233333	584
8.290783333	573
8.300883333	606
8.311066667	611
8.321066667	600
8.330916667	591
8.341216667	618
8.351333333	607
8.361083333	585
8.370466667	563
8.380416667	597
8.390283333	592
8.400466667	611
8.410683333	613
8.42095	616
8.43085	594
8.44065	588
8.4509	615
8.460866667	598
8.470983333	607
8.4811	607
8.491566667	628
8.50145	593
8.51195	630
8.521833333	593
8.5318	598
8.54175	597
8.551566667	589
8.5611	572
8.570966667	592
8.580733333	586
8.590216667	569
8.5999	581
8.60955	579
8.618983333	566
8.629016667	602
8.639033333	601
8.648933333	594
8.659083333	609
8.669216667	608
8.678766667	573
8.688633333	592
8.69825	577
8.707566667	559
8.7168	554
8.725966667	550
8.734883333	535
8.744066667	551
8.753183333	547
8.76235	550
8.771416667	544
8.780866667	567
8.790133333	556
8.8	592
8.809916667	595
8.819816667	594
8.829533333	583
8.83995	625
8.849766667	589
8.8596	590
8.869483333	593
8.8795	601
8.888983333	569
8.899033333	603
8.909083333	603
8.919366667	617
8.93005	641
8.940483333	626
8.9505	601
8.96135	651
8.971283333	596
8.9819	637
8.992233333	620
9.001966667	584
9.012166667	612
9.02235	611
9.032533333	611
9.042666667	608
9.0528	608
9.06295	609
9.072883333	596
9.082816667	596
9.092866667	603
9.102716667	591
9.112566667	591
9.122116667	573
9.13205	596
9.141766667	583
9.151466667	582
9.1617	614
9.171716667	601
9.18145	584
9.191366667	595
9.201333333	598
9.211133333	588
9.221416667	617
9.231483333	604
9.24155	604
9.251583333	602
9.261516667	596
9.271583333	604
9.28105	568
9.29065	576
9.300433333	587
9.30995	571
9.319333333	563
9.32885	571
9.338233333	563
9.347483333	555
9.356916667	566
9.366516667	576
9.376016667	570
9.3856	575
9.395066667	568
9.40425	551
9.413366667	547
9.422733333	562
9.432216667	569
9.44185	578
9.451233333	563
9.460216667	539
9.46895	524
9.4777	525
9.486416667	523
9.495183333	526
9.50425	544
9.513833333	575
9.52305	553
9.5325	567
9.54205	573
9.551483333	566
9.5612	583
9.5709	582
9.580316667	565
9.589866667	573
9.5995	578
9.608733333	554
9.618116667	563
9.62745	560
9.6365	543
9.645316667	529
9.653883333	514
9.66245	514
9.67095	510
9.679416667	508
9.687833333	505
9.696233333	504
9.704766667	512
9.713333333	514
9.721883333	513
9.730716667	530
9.739516667	528
9.748383333	532
9.75735	538
9.766283333	536
9.774983333	522
9.783466667	509
9.791866667	504
9.8002	500
9.808966667	526
9.817766667	528
9.8265	524
9.835216667	523
9.843783333	514
9.852133333	501
9.86035	493
9.868433333	485
9.87655	487
9.884533333	479
9.892766667	494
9.900983333	493
9.90915	490
9.9175	501
9.92595	507
9.934233333	497
9.942633333	504
9.951116667	509
9.959516667	504
9.967833333	499
9.976383333	513
9.98485	508
9.993233333	503
10.00173333	510
10.01028333	513
10.01871667	506
10.02698333	496
10.0354	505
10.04393333	512
10.05231667	503
10.06061667	498
10.06906667	507
10.07738333	499
10.08561667	494
10.09396667	501
10.10223333	496
10.11038333	489
10.11863333	495
10.12688333	495
10.13508333	492
10.14321667	488
10.1515	497
10.15973333	494
10.16788333	489
10.17606667	491
10.18426667	492
10.19236667	486
10.2004	482
10.20856667	490
10.21663333	484
10.2247	484
10.23285	489
10.2409	483
10.24898333	485
10.25711667	488
10.26516667	483
10.27315	479
10.28116667	481
10.28918333	481
10.29706667	473
10.30493333	472
10.313	484
10.32101667	481
10.329	479
10.33708333	485
10.34513333	483
10.3531	478
10.36115	483
10.36943333	497
10.37765	493
10.38586667	493
10.39428333	505
10.40258333	498
10.41088333	498
10.41916667	497
10.42746667	498
10.43591667	507
10.44428333	502
10.45255	496
10.46081667	496
10.46906667	495
10.4772	488
10.48523333	482
10.49331667	485
10.50136667	483
10.50931667	477
10.51733333	481
10.52533333	480
10.53323333	474
10.54116667	476
10.5491	476
10.55691667	469
10.56476667	471
10.57273333	478
10.58061667	473
10.58866667	483
10.59688333	493
10.605	487
10.61308333	485
10.62141667	500
10.62963333	493
10.63778333	489
10.64618333	504
10.65446667	497
10.6625	482
10.67053333	482
10.67866667	488
10.68666667	480
10.69465	479
10.70281667	490
10.711	491
10.719	480
10.72703333	482
10.73528333	495
10.74345	490
10.75163333	491
10.76005	505
10.76831667	496
10.77653333	493
10.78486667	500
10.79301667	489
10.80106667	483
10.80913333	484
10.81723333	486
10.82515	475
10.83308333	476
10.84111667	482
10.84913333	481
10.85706667	476
10.86491667	471
10.87281667	474
10.88106667	495
10.88936667	498
10.89763333	496
10.90566667	482
10.91358333	475
10.92141667	470
10.92921667	468
10.9372	479
10.94543333	494
10.95373333	498
10.96181667	485
10.96983333	481
10.9782	502
10.98668333	509
10.99491667	494
11.00315	494
11.01151667	502
11.02	509
11.0282	492
11.03641667	493
11.04481667	504
11.0534	515
11.06188333	509
11.07033333	507
11.0791	526
11.08771667	517
11.0962	509
11.10471667	511
11.11338333	520
11.12196667	515
11.13033333	502
11.13895	517
11.1477	525
11.15625	513
11.16475	510
11.1735	525
11.1822	522
11.19073333	512
11.19913333	504
11.20778333	519
11.21643333	519
11.22506667	518
11.23343333	502
11.24181667	503
11.25036667	513
11.25891667	513
11.26735	506
11.27575	504
11.28435	516
11.29288333	512
11.30138333	510
11.30991667	512
11.31858333	520
11.32706667	509
11.3355	506
11.34413333	518
11.35265	511
11.36096667	499
11.36936667	504
11.37785	509
11.38618333	500
11.39453333	501
11.40306667	512
11.41163333	514
11.42001667	503
11.42836667	501
11.43685	509
11.44533333	509
11.4536	496
11.46181667	493
11.47016667	501
11.47848333	499
11.48661667	488
11.49475	488
11.50303333	497
11.51136667	500
11.51955	491
11.52775	492
11.5361	501
11.54431667	493
11.55243333	487
11.56061667	491
11.56886667	495
11.57693333	484
11.58486667	476
11.593	488
11.60143333	506
11.61003333	516
11.6184	502
11.6266	492
11.63471667	487
11.64298333	496
11.65141667	506
11.65968333	496
11.66796667	497
11.6764	506
11.68493333	512
11.69326667	500
11.70153333	496
11.7099	502
11.71818333	497
11.72635	490
11.73456667	493
11.74296667	504
11.75133333	502
11.75956667	494
11.76783333	496
11.77635	511
11.7848	507
11.79315	501
11.80151667	502
11.81001667	510
11.81836667	501
11.82653333	490
11.83473333	492
11.84298333	495
11.85123333	495
11.85935	487
11.8676	495
11.87598333	503
11.8842	493
11.8924	492
11.90071667	499
11.9089	491
11.91708333	491
11.9252	487
11.93346667	496
11.94185	503
11.95018333	500
11.95841667	494
11.96681667	504
11.97533333	511
11.98365	499
11.99191667	496
12.00025	500
12.00855	498
12.01665	486
12.02468333	482
12.03268333	480
12.04056667	473
12.0483	464
12.05595	459
12.0636	459
12.0713	462
12.07885	453
12.08635	450
12.094	459
12.1018	468
12.10956667	466
12.11736667	468
12.12543333	484
12.1334	478
12.14116667	466
12.14903333	472
12.15696667	476
12.16473333	466
12.17251667	467
12.1804	473
12.18831667	475
12.19606667	465
12.20383333	466
12.21166667	470
12.21943333	466
12.2272	466
12.23508333	473
12.24286667	467
12.25053333	460
12.2582	460
12.26586667	460
12.27346667	456
12.28103333	454
12.28861667	455
12.29616667	453
12.30366667	450
12.31116667	450
12.31873333	454
12.3263	454
12.33383333	452
12.34133333	450
12.349	460
12.35686667	472
12.36503333	490
12.37316667	488
12.38123333	484
12.38918333	477
12.39715	478
12.40533333	491
12.41358333	495
12.42165	484
12.42965	480
12.43778333	488
12.44595	490
12.45396667	481
12.46203333	484
12.47021667	491
12.47851667	498
12.48661667	486
12.49473333	487
12.50291667	491
12.51118333	496
12.51926667	485
12.52725	479
12.5352	477
12.54328333	485
12.5517	505
12.56035	519
12.5689	513
12.57718333	497
12.58543333	495
12.59368333	495
12.60186667	491
12.60986667	480
12.61785	479
12.62603333	491
12.6342	490
12.64225	483
12.6503	483
12.65853333	494
12.66665	487
12.67463333	479
12.68273333	486
12.69093333	492
12.69911667	491
12.70721667	486
12.71536667	489
12.7236	494
12.73193333	500
12.74023333	498
12.74828333	483
12.75633333	483
12.76448333	489
12.77265	490
12.78068333	482
12.78873333	483
12.79683333	486
12.80478333	477
12.8127	475
12.82065	477
12.82866667	481
12.8366	476
12.84458333	479
12.85265	484
12.86061667	478
12.86853333	475
12.87666667	488
12.88495	497
12.89295	480
12.90098333	482
12.90926667	497
12.91745	491
12.92551667	484
12.93373333	493
12.94183333	486
12.94976667	476
12.95773333	478
12.9658	484
12.97383333	482
12.9818	478
12.98995	489
12.99805	486
13.0061	483
13.01433333	494
13.02251667	491
13.03068333	490
13.03891667	494
13.04718333	496
13.05528333	486
13.0632	475
13.07111667	475
13.07938333	496
13.08816667	527
13.09686667	522
13.10523333	502
13.11335	487
13.12141667	484
13.12936667	477
13.13733333	478
13.14535	481
13.1534	483
13.16133333	476
13.16926667	476
13.17715	473
13.18505	474
13.19295	474
13.20106667	487
13.20916667	486
13.21715	479
13.22521667	484
13.23345	494
13.24156667	487
13.24965	485
13.2578	489
13.26588333	485
13.27393333	483
13.28213333	492
13.2904	496
13.29853333	488
13.30666667	488
13.31493333	496
13.32311667	491
13.33111667	480
13.3392	485
13.3473	486
13.35536667	484
13.36343333	484
13.37155	487
13.37958333	482
13.38758333	480
13.39563333	483
13.40355	475
13.41143333	473
13.41941667	479
13.42738333	478
13.43533333	477
13.44328333	477
13.45113333	471
13.45895	469
13.4668	471
13.47466667	472
13.48255	473
13.49035	468
13.49828333	476
13.50616667	473
13.51385	461
13.52165	468
13.52965	480
13.53746667	469
13.5453	470
13.55315	471
13.56095	468
13.56865	462
13.57636667	463
13.58418333	469
13.59201667	470
13.5998	467
13.60761667	469
13.6154	467
13.62305	459
13.63071667	460
13.63835	458
13.64595	456
13.6536	459
13.66123333	458
13.6688	454
13.67638333	455
13.68411667	464
13.69181667	462
13.6995	461
13.70735	471
13.71515	468
13.72293333	467
13.73073333	468
13.73866667	476
13.74653333	472
13.75435	469
13.76233333	479
13.7703	478
13.7781	468
13.78595	471
13.79396667	481
13.80218333	493
13.8104	493
13.81838333	479
13.82641667	482
13.83471667	498
13.84316667	507
13.85136667	492
13.8595	488
13.86775	495
13.87623333	509
13.88473333	510
13.89311667	503
13.90135	494
13.90951667	490
13.91785	500
13.92646667	517
13.93531667	531
13.94396667	519
13.95256667	516
13.96145	533
13.97038333	536
13.979	517
13.98765	519
13.99651667	532
14.00526667	525
14.01393333	520
14.02276667	530
14.03153333	526
14.04008333	513
14.04863333	513
14.0573	520
14.06583333	512
14.0743	508
14.08291667	517
14.09158333	520
14.1	505
14.10848333	509
14.11716667	521
14.12565	509
14.13405	504
14.14246667	505
14.15105	515
14.15946667	505
14.16786667	504
14.1764	512
14.185	516
14.1934	504
14.2017	498
14.21011667	505
14.21843333	499
14.22656667	488
14.23455	479
14.24263333	485
14.25063333	480
14.25855	475
14.26656667	481
14.27468333	487
14.2827	481
14.29061667	475
14.2986	479
14.30665	483
14.31443333	467
14.32216667	464
14.33	470
14.33771667	463
14.34528333	454
14.35288333	456
14.36038333	450
14.36775	442
14.3752	447
14.38273333	452
14.39016667	446
14.3975	440
14.40491667	445
14.4125	455
14.42005	453
14.42756667	451
14.43521667	459
14.44288333	460
14.45045	454
14.45801667	454
14.46573333	463
14.47351667	467
14.48115	458
14.48881667	460
14.4966	467
14.50425	459
14.5119	459
14.51968333	467
14.52741667	464
14.5351	461
14.54273333	458
14.55046667	464
14.55806667	456
14.5657	458
14.5733	456
14.58083333	452
14.58831667	449
14.59571667	444
14.60315	446
14.61066667	451
14.61835	461
14.62595	456
14.63345	450
14.64096667	451
14.64856667	456
14.6561	452
14.66363333	452
14.67123333	456
14.67893333	462
14.6865	454
14.694	450
14.7016	456
14.70926667	460
14.71691667	459
14.7245	455
14.73216667	460
14.73988333	463
14.74751667	458
14.75511667	456
14.76301667	474
14.7711	485
14.779	474
14.78686667	472
14.79493333	484
14.80295	481
14.81086667	475
14.819	488
14.82703333	482
14.83498333	477
14.84308333	486
14.85105	478
14.85891667	472
14.8668	473
14.87478333	479
14.88268333	474
14.89055	472
14.89858333	482
14.90666667	485
14.91453333	472
14.92241667	473
14.93035	476
14.93821667	472
14.94593333	463
14.9538	472
14.96163333	470
14.9694	466
14.9772	468
14.98513333	476
14.993	472
15.00086667	472
15.00883333	478
15.01691667	485
15.02483333	475
15.03276667	476
15.0408	482
15.0488	480
15.0567	474
15.06465	477
15.07266667	481
15.0806	476
15.08843333	470
15.09638333	477
15.10423333	471
15.11196667	464
15.11976667	468
15.12761667	471
15.13541667	468
15.14315	464
15.15091667	466
15.15883333	475
15.1667	472
15.17456667	472
15.18255	479
15.19045	474
15.1983	471
15.20618333	473
15.21418333	480
15.22203333	471
15.22988333	471
15.2378	475
15.24553333	464
15.25323333	462
15.26101667	467
15.26878333	466
15.27641667	458
15.28418333	466
15.29195	466
15.2996	459
15.30731667	463
15.31521667	474
15.32313333	475
15.33095	469
15.33873333	467
15.34661667	473
15.35443333	469
15.36213333	462
15.3698	460
15.3776	468
15.3853	462
15.39296667	460
15.40076667	468
15.40861667	471
15.4164	467
15.42413333	464
15.43203333	474
15.43988333	471
15.44763333	465
15.4554	466
15.46328333	473
15.47108333	468
15.4788	463
15.48655	465
15.49445	474
15.50228333	470
15.51003333	465
15.51778333	465
15.52563333	471
15.53335	463
15.54106667	463
15.54886667	468
15.5566	464
15.56426667	460
15.57205	467
15.57985	468
15.5876	465
15.59526667	460
15.6029	458
15.6106	462
15.61835	465
15.626	459
15.63363333	458
15.64131667	461
15.64901667	462
15.65676667	465
15.66463333	472
15.67243333	468
15.68005	457
15.6877	459
15.69541667	463
15.70328333	472
15.71115	472
15.71883333	461
15.72651667	461
15.73428333	466
15.7419	457
15.74945	453
15.75688333	446
15.7643	445
15.7717	444
15.77918333	449
15.78683333	459
15.79461667	467
15.80243333	469
15.81011667	461
15.81771667	456
15.82533333	457
15.83303333	462
15.84076667	464
15.84843333	460
15.85608333	459
15.86385	466
15.87171667	472
15.8795	467
15.88725	465
15.89505	468
15.903	477
15.91103333	482
15.91911667	485
15.927	473
15.93488333	473
15.94286667	479
15.95098333	487
15.959	481
15.9669	474
15.97486667	478
15.9829	482
15.99083333	476
15.99876667	476
16.00673333	478
16.01481667	485
16.02285	482
16.03076667	475
16.03868333	475
16.04675	484
16.05488333	488
16.06288333	480
16.07081667	476
16.0789	485
16.08695	483
16.09478333	470
16.10263333	471
16.11053333	474
16.11836667	470
16.1262	470
16.13415	477
16.14208333	476
16.14986667	467
16.15758333	463
16.16511667	452
16.173	473
16.1811	486
16.18908333	479
16.19688333	468
16.20456667	461
16.21221667	459
16.21983333	457
16.2275	460
16.23541667	475
16.24365	494
16.25183333	491
16.25971667	473
16.26746667	465
16.27521667	465
16.28305	470
16.29076667	463
16.29845	461
16.30623333	467
16.31401667	467
16.32166667	459
16.32933333	460
16.3371	466
16.3449	468
16.3526	462
16.36041667	469
16.36821667	468
16.37586667	459
16.38353333	460
16.39126667	464
16.39895	461
16.40663333	461
16.41438333	465
16.42221667	470
16.4299	461
16.43756667	460
16.44533333	466
16.45298333	459
16.46056667	455
16.46828333	463
16.47601667	464
16.48368333	460
16.49131667	458
16.499	461
16.50665	459
16.51423333	455
16.52191667	461
16.5297	467
16.5376	474
16.54533333	464
16.55301667	461
16.56083333	469
16.56878333	477
16.57666667	473
16.58453333	472
16.59253333	480
16.60065	487
16.60861667	478
16.61646667	471
16.6245	482
16.63245	477
16.64025	468
16.6481	471
16.65605	477
16.66391667	472
16.67168333	466
16.6795	469
16.68728333	467
16.69503333	465
16.70275	463
16.71065	474
16.7185	471
16.72626667	466
16.73411667	471
16.74201667	474
16.74985	470
16.75775	474
16.76571667	478
16.77353333	469
16.7812	460
16.78888333	461
16.79666667	467
16.8044	464
16.81221667	469
16.82028333	484
16.82856667	497
16.83653333	478
16.84441667	473
16.85241667	480
16.86046667	483
16.86835	473
16.87626667	475
16.88408333	469
16.89175	460
16.8994	459
16.90715	465
16.91483333	461
16.92245	457
16.92993333	449
16.93741667	449
16.94501667	456
16.95268333	460
16.96025	454
16.96793333	461
16.97566667	464
16.98323333	454
16.99088333	459
16.99851667	458
17.0061	455
17.01371667	457
17.0215	467
17.02928333	467
17.03705	466
17.04495	474
17.0529	477
17.0608	474
17.0687	474
17.07675	483
17.08498333	494
17.09308333	486
17.10115	484
17.10933333	491
17.1175	490
17.12553333	482
17.13351667	479
17.14166667	489
17.14986667	492
17.15785	479
17.16588333	482
17.17411667	494
17.18235	494
17.19043333	485
17.19853333	486
17.20671667	491
17.2148	485
17.22281667	481
17.23088333	484
17.23895	484
17.24691667	478
17.25471667	468
17.26248333	466
17.27015	460
17.2778	459
17.28551667	463
17.29338333	472
17.30168333	498
17.31001667	500
17.31806667	483
17.32616667	486
17.33436667	492
17.34241667	483
17.35043333	481
17.35846667	482
17.36648333	481
17.37438333	474
17.3823	475
17.39025	477
17.3982	477
17.40601667	469
17.41395	476
17.422	483
17.42988333	473
17.43771667	470
17.4457	479
17.4537	480
17.4617	480
17.46985	489
17.47816667	499
17.48638333	493
17.49456667	491
17.50286667	498
17.51118333	499
17.51938333	492
17.52758333	492
17.53593333	501
17.54408333	489
17.5522	487
17.56033333	488
17.56848333	489
17.57648333	480
17.58455	484
17.59268333	488
17.60068333	480
17.60855	472
17.61645	474
17.62438333	476
17.63245	484
17.6404	477
17.64825	471
17.6561	471
17.664	474
17.67175	465
17.67951667	466
17.68735	470
17.6952	471
17.70295	465
17.71075	468
17.7188	483
17.72695	489
17.73493333	479
17.74305	487
17.75138333	500
17.75965	496
17.76781667	490
17.77631667	510
17.7847	503
17.79288333	491
17.80103333	489
17.80926667	494
17.81736667	486
17.82533333	478
17.83326667	476
17.84125	479
17.84913333	473
17.85693333	468
17.86478333	471
17.87265	472
17.88041667	466
17.88818333	466
17.89605	472
17.90408333	482
17.9121	481
17.91998333	473
17.92795	478
17.93595	480
17.94386667	475
17.95176667	474
17.95978333	481
17.96786667	485
17.97583333	478
17.98378333	477
17.9918	481
17.99986667	484
18.00781667	477
18.01571667	474
18.02368333	478
18.03166667	479
18.03956667	474
18.0473	464
18.05505	465
18.06276667	463
18.07046667	462
18.07818333	463
18.08598333	468
18.09363333	459
18.10123333	456
18.10888333	459
18.11653333	459
18.12408333	453
18.13175	460
18.13936667	457
18.1469	452
18.15446667	454
18.1621	458
18.16975	459
18.17733333	455
18.18501667	461
18.1926	455
18.20011667	451
18.20763333	451
18.2152	454
18.22275	453
18.23033333	455
18.23795	457
18.24551667	454
18.2531	455
18.26066667	454
18.26841667	465
18.2761	461
18.28378333	461
18.29148333	462
18.29915	460
18.30675	456
18.31436667	457
18.32205	461
18.3297	459
18.33725	453
18.34491667	460
18.35265	464
18.36038333	464
18.3681	463
18.37598333	473
18.38386667	473
18.39161667	465
18.39946667	471
18.40735	473
18.41513333	467
18.42281667	461
18.43053333	463
18.43833333	468
18.44613333	468
18.45385	463
18.46155	462
18.46928333	464
18.47698333	462
18.48466667	461
18.49236667	462
18.50016667	468
18.5079	464
18.5156	462
18.5234	468
18.53128333	473
18.53906667	467
18.5468	464
18.55458333	467
18.56245	472
18.57028333	470
18.57801667	464
18.58576667	465
18.59356667	468
18.60136667	468
18.60905	461
18.61665	456
18.62436667	463
18.63215	467
18.63998333	470
18.6478	469
18.65588333	485
18.66391667	482
18.67196667	483
18.68008333	487
18.68808333	480
18.69611667	482
18.70425	488
18.7123	483
18.72021667	475
18.72805	470
18.73576667	463
18.74341667	459
18.7512	467
18.7591	474
18.76698333	473
18.77476667	467
18.7825	464
18.7902	462
18.79786667	460
18.80558333	463
18.81328333	462
18.8211	469
18.82891667	469
18.83665	464
18.84441667	466
18.85236667	477
18.8604	482
18.86833333	476
18.87623333	474
18.88435	487
18.89265	498
18.90076667	487
18.90896667	492
18.91721667	495
18.92535	488
18.93346667	487
18.94165	491
18.94965	480
18.95765	480
18.96566667	481
18.97353333	472
18.98131667	467
18.98895	458
18.99653333	455
19.00413333	456
19.01181667	461
19.01945	458
19.02708333	458
19.03483333	465
19.0427	472
19.05055	471
19.0583	465
19.0661	468
19.07396667	472
19.08186667	474
19.08986667	480
19.09803333	490
19.10621667	491
19.11435	488
19.12261667	496
19.13068333	484
19.1387	481
19.14688333	491
19.155	487
19.16296667	478
19.17091667	477
19.17895	482
19.187	483
19.19495	477
19.20303333	485
19.21121667	491
19.2192	479
19.22708333	473
19.23496667	473
19.24291667	477
19.25075	470
19.25866667	475
19.26658333	475
19.27446667	473
19.28241667	477
19.29026667	471
19.29805	467
19.30588333	470
19.31375	472
19.32155	468
19.32941667	472
19.33731667	474
19.34515	470
19.35291667	466
19.3608	473
19.36873333	476
19.37665	475
19.3846	477
19.39271667	487
19.40081667	486
19.40878333	478
19.41696667	491
19.42523333	496
19.43331667	485
19.44143333	487
19.44968333	495
19.4578	487
19.46571667	475
19.47355	470
19.4813	465
19.48896667	460
19.49655	455
19.5041	453
19.51171667	457
19.5194	461
19.52726667	472
19.53511667	471
19.5429	467
19.5508	474
19.55873333	476
19.5665	466
19.57435	471
19.58221667	472
19.5901	473
19.598	474
19.60596667	478
19.61395	479
19.6218	471
19.6296	468
19.6375	474
19.64541667	475
19.65333333	475
19.66136667	482
19.66945	485
19.67735	474
19.68528333	476
19.6933	481
19.70125	477
19.70935	486
19.71745	486
19.72551667	484
19.73358333	484
19.74183333	495
19.74991667	485
19.758	485
19.76615	489
19.77425	486
19.78235	486
19.79051667	490
19.7986	485
19.80653333	476
19.8144	472
19.82215	465
19.82995	468
19.83765	462
19.84528333	458
19.85278333	450
19.86023333	447
19.86781667	455
19.87553333	463
19.88323333	462
19.89098333	465
19.89913333	489
19.90708333	477
19.91495	472
19.92295	480
19.93096667	481
19.9389	476
19.94698333	485
19.95511667	488
19.96308333	478
19.97118333	486
19.97935	490
19.98745	486
19.99568333	494
20.00401667	500
20.01211667	486
20.02055	506
20.02918333	518
20.03771667	512
20.04655	530
20.05538333	530
20.06406667	521
20.0729	530
20.08145	513
20.08993333	509
20.0984	508
20.10661667	493
20.11491667	498
20.12336667	507
20.13183333	508
20.14008333	495
20.14828333	492
20.15661667	500
20.16511667	510
20.17355	506
20.18171667	490
20.1898	485
20.1978	480
20.20576667	478
20.21385	485
20.22255	522
20.2327	609
20.24381667	667
20.25475	656
20.2653	633
20.2748	570
20.28461667	589
20.29445	590
20.30448333	602
20.31456667	605
20.32386667	558
20.33313333	556
20.34271667	575
20.35271667	600
20.36211667	564
20.37136667	555
20.38056667	552
20.38995	563
20.3996	579
20.40913333	572
20.41843333	558
20.4281	580
20.43853333	626
20.44906667	632
20.45895	593
20.46888333	596
20.47935	628
20.48988333	632
20.49993333	603
20.51026667	620
20.52128333	661
20.53216667	653
20.54235	611
20.55311667	646
20.56428333	670
20.57551667	674
20.58585	620
20.59675	654
20.60758333	650
20.61778333	612
20.62798333	612
20.63903333	663
20.64996667	656
20.6608	650
20.67221667	685
20.68321667	660
20.69396667	645
20.7054	686
20.71695	693
20.7278	651
20.73916667	682
20.75013333	658
20.76051667	623
20.77141667	654
20.78273333	679
20.79441667	701
20.8062	707
20.81696667	646
20.8278	650
20.83843333	638
20.84843333	600
20.85865	613
20.86911667	628
20.87911667	600
20.88933333	613
20.8996	616
20.90933333	584
20.91938333	603
20.92985	628
20.94006667	613
20.95031667	615
20.96128333	658
20.97198333	642
20.98215	610
20.993	651
21.00355	633
21.01383333	617
21.02421667	623
21.03401667	588
21.04375	584
21.05325	570
21.06233333	545
21.07101667	521
21.0798	527
21.08893333	548
21.09916667	614
21.11005	653
21.1214	681
21.13236667	658
21.1428	626
21.15313333	620
21.16343333	618
21.17363333	612
21.1836	598
21.19396667	622
21.2043	620
21.21511667	649
21.22633333	673
21.2375	670
21.2474	594
21.25735	597
21.26701667	580
21.27646667	567
21.28611667	579
21.29585	584
21.30541667	574
21.3154	599
21.32568333	617
21.33593333	615
21.34645	631
21.35715	642
21.3674	615
21.37761667	613
21.38766667	603
21.39726667	576
21.40698333	583
21.4168	589
21.42636667	574
21.43615	587
21.44603333	593
21.4556	574
21.4653	582
21.47496667	580
21.48443333	568
21.49408333	579
21.50376667	581
21.51321667	567
21.52288333	580
21.53276667	593
21.54245	581
21.55215	582
21.56198333	590
21.5716	577
21.58125	579
21.59105	588
21.60061667	574
21.61015	572
21.61966667	571
21.62901667	561
21.63836667	561
21.64813333	586
21.65846667	620
21.66861667	609
21.67885	614
21.68926667	625
21.6996	620
21.70936667	586
21.71918333	589
21.7294	613
21.73985	627
21.7501	615
21.76033333	614
21.77041667	605
21.7801	581
21.78983333	584
21.7994	574
21.8087	558
21.81806667	562
21.82745	563
21.83671667	556
21.84623333	571
21.85598333	585
21.86565	580
21.8754	585
21.8854	600
21.89511667	583
21.9049	587
21.91475	591
21.92463333	593
21.93441667	587
21.94431667	594
21.95413333	589
21.9639	586
21.97361667	583
21.98321667	576
21.9928	575
22.00245	579
22.01236667	595
22.02216667	588
22.0322	602
22.04231667	607
22.0527	623
22.06341667	643
22.0739	629
22.08393333	602
22.09393333	600
22.10363333	582
22.1132	574
22.12288333	581
22.13263333	585
22.14248333	591
22.15235	592
22.16235	600
22.17218333	590
22.18193333	585
22.19205	607
22.202	597
22.21186667	592
22.22183333	598
22.23173333	594
22.24143333	582
22.2513	592
22.26123333	596
22.27083333	576
22.28056667	584
22.29016667	576
22.2996	566
22.30908333	569
22.31858333	570
22.328	565
22.33753333	572
22.34728333	585
22.35705	586
22.36686667	589
22.37698333	607
22.3869	595
22.39661667	583
22.40635	584
22.41596667	577
22.42545	569
22.4349	567
22.44446667	574
22.45401667	573
22.46395	596
22.47423333	617
22.48425	601
22.49448333	614
22.50485	622
22.51478333	596
22.5248	601
22.535	612
22.54498333	599
22.55515	610
22.56565	630
22.5759	615
22.58636667	628
22.59711667	645
22.6078	641
22.6186	648
22.62926667	640
22.63976667	630
22.65036667	636
22.66095	635
22.67136667	625
22.68188333	631
22.69236667	629
22.70246667	606
22.71263333	610
22.72263333	600
22.73256667	596
22.7428	614
22.75323333	626
22.76335	607
22.77375	624
22.78396667	613
22.79395	599
22.8038	591
22.81358333	587
22.8232	577
22.83281667	577
22.84268333	592
22.85255	592
22.86218333	578
22.87188333	582
22.88178333	594
22.89171667	596
22.90145	584
22.91131667	592
22.92116667	591
22.9308	578
22.94043333	578
22.95018333	585
22.95985	580
22.96943333	575
22.97916667	584
22.98896667	588
22.99865	581
23.00848333	590
23.01875	616
23.02931667	634
23.03956667	615
23.05001667	627
23.0601	605
23.06991667	589
23.08001667	606
23.0904	623
23.1005	606
23.11073333	614
23.12125	631
23.13146667	613
23.14158333	607
23.15188333	618
23.16226667	623
23.17231667	603
23.18248333	610
23.19246667	599
23.20208333	577
23.21181667	584
23.22175	596
23.23158333	590
23.24156667	599
23.25193333	622
23.26221667	617
23.27266667	627
23.28341667	645
23.29391667	630
23.30426667	621
23.31456667	618
23.32463333	604
23.33436667	584
23.34385	569
23.35301667	550
23.36206667	543
23.37105	539
23.38018333	548
23.38966667	569
23.39936667	582
23.40898333	577
23.41886667	593
23.42901667	609
23.43891667	594
23.44878333	592
23.45896667	611
23.46905	605
23.47896667	595
23.48876667	588
23.49846667	582
23.50808333	577
23.5177	577
23.52751667	589
23.53746667	597
23.5476	608
23.55811667	631
23.56866667	633
23.5792	632
23.58965	627
23.60015	630
23.61023333	605
23.6203	604
23.63051667	613
23.64046667	597
23.65021667	585
23.66023333	601
23.67036667	608
23.68048333	607
23.6907	613
23.7008	606
23.71063333	590
23.72081667	611
23.73111667	618
23.74121667	606
23.7513	605
23.76143333	608
23.77131667	593
23.7811	587
23.79098333	593
23.8008	589
23.81061667	589
23.82055	596
23.83028333	584
23.83986667	575
23.84948333	577
23.85925	586
23.86895	582
23.87888333	596
23.88896667	605
23.89878333	589
23.90863333	591
23.91866667	602
23.92833333	580
23.93791667	575
23.94775	590
23.95748333	584
23.96716667	581
23.97681667	579
23.98623333	565
23.9957	568
24.00536667	580
24.01551667	609
24.0256	605
24.03545	591
24.04541667	598
24.05525	590
24.065	585
24.07505	603
24.08541667	622
24.09571667	618
24.10593333	613
24.11605	607
24.12578333	584
24.13535	574
24.14493333	575
24.15453333	576
24.16388333	561
24.17323333	561
24.18255	559
24.1917	549
24.20098333	557
24.21023333	555
24.21933333	546
24.22848333	549
24.23776667	557
24.24681667	543
24.25568333	532
24.26433333	519
24.27296667	518
24.28156667	516
24.29011667	513
24.29885	524
24.30768333	530
24.31651667	530
24.32536667	531
24.33438333	541
24.34355	550
24.35258333	542
24.36156667	539
24.3706	542
24.37971667	547
24.38875	542
24.39758333	530
24.40658333	540
24.41563333	543
24.42473333	546
24.43398333	555
24.44366667	581
24.45323333	574
24.46273333	570
24.47246667	584
24.48243333	598
24.49228333	591
24.502	583
24.51191667	595
24.52225	620
24.53246667	613
24.54265	611
24.55338333	644
24.56418333	648
24.57461667	626
24.58491667	618
24.59543333	631
24.60616667	644
24.6163	608
24.62658333	617
24.63695	622
24.64693333	599
24.65693333	600
24.66726667	620
24.6773	602
24.68718333	593
24.69693333	585
24.7065	574
24.7159	564
24.72531667	565
24.735	581
24.74476667	586
24.75426667	570
24.76383333	574
24.77331667	569
24.7827	563
24.79211667	565
24.8016	569
24.81096667	562
24.82036667	564
24.82991667	573
24.83933333	565
24.84863333	558
24.85793333	558
24.86725	559
24.87645	552
24.88561667	550
24.89488333	556
24.90418333	558
24.91326667	545
24.92226667	540
24.93138333	547
24.94041667	542
24.94936667	537
24.95838333	541
24.96751667	548
24.9765	539
24.9856	546
24.99505	567
25.00483333	587
25.01438333	573
25.02405	580
25.03386667	589
25.04365	587
25.0533	579
25.06286667	574
25.07255	581
25.08221667	580
25.09171667	570
25.1013	575
25.11103333	584
25.12076667	584
25.13056667	588
25.14063333	604
25.15046667	590
25.16028333	589
25.17015	592
25.17986667	583
25.18945	575
25.19913333	581
25.20886667	584
25.21836667	570
25.22796667	576
25.23795	599
25.2482	615
25.2583	606
25.26861667	619
25.27895	620
25.28896667	601
25.29893333	598
25.3091	610
25.31946667	622
25.32958333	607
25.33963333	603
25.35016667	632
25.36075	635
25.37105	618
25.38151667	628
25.39236667	651
25.4032	650
25.4136	624
25.42393333	620
25.43443333	630
25.44476667	620
25.45481667	603
25.4649	605
25.47508333	611
25.485	595
25.49481667	589
25.50506667	615
25.51551667	627
25.52578333	616
25.53615	622
25.54678333	638
25.55713333	621
25.56728333	609
25.57778333	630
25.58838333	636
25.59861667	614
25.60903333	625
25.61961667	635
25.62978333	610
25.63971667	596
25.64933333	577
25.65855	553
25.66756667	541
25.6765	536
25.68546667	538
25.69475	557
25.70415	564
25.71331667	550
25.72271667	564
25.73248333	586
25.74205	574
25.75155	570
25.76131667	586
25.7714	605
25.78145	603
25.79128333	590
25.80148333	612
25.81178333	618
25.82186667	605
25.8322	620
25.84306667	652
25.85393333	652
25.86466667	644
25.87596667	678
25.88733333	682
25.89813333	648
25.90896667	650
25.92006667	666
25.93126667	672
25.94216667	654
25.95333333	670
25.96465	679
25.97581667	670
25.98698333	670
25.99805	664
26.00866667	637
26.0193	638
26.03015	651
26.04061667	628
26.05111667	630
26.06155	626
26.07163333	605
26.08181667	611
26.09245	638
26.10296667	631
26.11301667	603
26.12318333	610
26.13321667	602
26.14301667	588
26.15285	590
26.1628	597
26.17246667	580
26.18196667	570
26.19158333	577
26.20135	586
26.21078333	566
26.22023333	567
26.23	586
26.24015	609
26.24988333	584
26.2598	595
26.26985	603
26.28015	618
26.29	591
26.29986667	592
26.30988333	601
26.31975	592
26.32933333	575
26.33886667	572
26.34855	581
26.35823333	581
26.36785	577
26.37778333	596
26.38835	634
26.39876667	625
26.4091	620
26.41983333	644
26.43023333	624
26.44015	595
26.45021667	604
26.46065	626
26.47125	636
26.48141667	610
26.49193333	631
26.50278333	651
26.51355	646
26.52428333	644
26.53501667	644
26.54546667	627
26.55581667	621
26.56645	638
26.57705	636
26.58765	636
26.59853333	653
26.60918333	639
26.61936667	611
26.62958333	613
26.63955	598
26.64936667	589
26.65915	587
26.66893333	587
26.6786	580
26.68883333	614
26.69993333	666
26.7109	658
26.72123333	620
26.73143333	612
26.74141667	599
26.75115	584
26.761	591
26.77095	597
26.78095	600
26.79108333	608
26.80163333	633
26.81168333	603
26.82175	604
26.83171667	598
26.84131667	576
26.8509	575
26.8608	594
26.8708	600
26.8809	606
26.89156667	640
26.90218333	637
26.91255	622
26.92306667	631
26.9335	626
26.94356667	604
26.95381667	615
26.96423333	625
26.97456667	620
26.98466667	606
26.99508333	625
27.00573333	639
27.01603333	618
27.02671667	641
27.03735	638
27.04766667	619
27.05806667	624
27.06893333	652
27.07973333	648
27.08986667	608
27.10008333	613
27.10986667	587
27.11946667	576
27.12916667	582
27.13901667	591
27.14873333	583
27.15873333	600
27.16876667	602
27.17866667	594
27.18891667	615
27.1993	623
27.2093	600
27.21938333	605
27.22945	604
27.23921667	586
27.24903333	589
27.25898333	597
27.26883333	591
27.27865	589
27.28883333	611
27.29873333	594
27.30838333	579
27.31828333	594
27.32853333	615
27.33833333	588
27.34803333	582
27.35776667	584
27.36748333	583
27.37685	562
27.38606667	553
27.39561667	573
27.405	563
27.41415	549
27.42333333	551
27.43248333	549
27.4417	553
27.45086667	550
27.46008333	553
27.46911667	542
27.47785	524
27.48646667	517
27.49521667	525
27.50403333	529
27.51306667	542
27.5223	554
27.5315	552
27.54076667	556
27.55006667	558
27.55931667	555
27.56843333	547
27.57746667	542
27.5867	554
27.59595	555
27.60498333	542
27.61371667	524
27.62233333	517
27.63073333	504
27.639	496
27.64718333	491
27.65541667	494
27.66413333	523
27.67356667	566
27.68411667	633
27.69423333	607
27.70463333	624
27.7151	628
27.72545	621
27.73538333	596
27.74556667	611
27.75583333	616
27.76593333	606
27.77566667	584
27.78566667	600
27.79543333	586
27.80493333	570
27.81468333	585
27.82441667	584
27.83403333	577
27.84386667	590
27.85391667	603
27.86415	614
27.87443333	617
27.88536667	656
27.89588333	631
27.90588333	600
27.91565	586
27.9255	591
27.93566667	610
27.94601667	621
27.95616667	609
27.96638333	613
27.97666667	617
27.98683333	610
27.99668333	591
28.00655	592
28.0166	603
28.02631667	583
28.03576667	567
28.0451	560
28.05406667	538
28.0634	560
28.07311667	583
28.08263333	571
28.09211667	569
28.1018	581
28.11166667	592
28.12118333	571
28.13065	568
28.14005	564
28.14935	558
28.15856667	553
28.16795	563
28.17741667	568
28.18668333	556
28.19625	574
28.2062	597
28.21683333	638
28.22728333	627
28.23781667	632
28.24855	644
28.2588	615
28.26906667	616
28.27936667	618
28.2895	608
28.29971667	613
28.3102	629
28.32055	621
28.33058333	602
28.3406	601
28.35051667	595
28.36	569
28.36931667	559
28.37878333	568
28.38833333	573
28.39768333	561
28.40706667	563
28.41678333	583
28.4263	571
28.43568333	563
28.44526667	575
28.45515	593
28.46475	576
28.47421667	568
28.48341667	552
28.49285	566
28.50213333	557
28.51155	565
28.5211	573
28.53038333	557
28.53956667	551
28.54878333	553
28.55766667	533
28.56636667	522
28.57515	527
28.58415	540
28.59326667	547
28.60275	569
28.61253333	587
28.62211667	575
28.63151667	564
28.64098333	568
28.65046667	569
28.65965	551
28.66883333	551
28.67816667	560
28.68768333	571
28.69675	544
28.70576667	541
28.71488333	547
28.72403333	549
28.73303333	540
28.74208333	543
28.7513	553
28.76055	555
28.7697	549
28.77876667	544
28.78803333	556
28.79766667	578
28.80755	593
28.81771667	610
28.82788333	610
28.83771667	590
28.84768333	598
28.85781667	608
28.86841667	636
28.87886667	627
28.8891	614
28.89953333	626
28.91005	631
28.92016667	607
28.9303	608
28.94041667	607
28.95033333	595
28.96008333	585
28.97026667	611
28.98048333	613
28.99036667	593
29.00026667	594
29.01026667	600
29.01995	581
29.02938333	566
29.03913333	585
29.04928333	609
29.0591	589
29.06928333	611
29.08023333	657
29.09095	643
29.10166667	643
29.1133	698
29.12423333	656
29.13451667	617
29.14481667	618
29.155	611
29.16483333	590
29.17511667	617
29.18581667	642
29.19616667	621
29.20633333	610
29.21675	625
29.2271	621
29.237	594
29.24686667	592
29.25685	599
29.26668333	590
29.2766	595
29.287	624
29.29773333	644
29.30815	625
29.31888333	644
29.3298	655
29.34035	633
29.35045	606
29.36088333	626
29.37101667	608
29.3809	593
29.3909	600
29.40148333	635
29.41225	646
29.4225	615
29.43328333	647
29.44383333	633
29.45421667	623
29.46455	620
29.47526667	643
29.48583333	634
29.49613333	618
29.50725	667
29.51891667	700
29.53018333	676
29.54096667	647
29.55205	665
29.56325	672
29.5736	621
29.58403333	626
29.59461667	635
29.60523333	637
29.61551667	617
29.62615	638
29.63683333	641
29.6473	628
29.65803333	644
29.66918333	669
29.68001667	650
29.6909	653
29.70226667	682
29.71331667	663
29.72386667	633
29.7348	656
29.74636667	694
29.75746667	666
29.76873333	676
29.78048333	705
29.79181667	680
29.80273333	655
29.81351667	647
29.82458333	664
29.83545	652
29.84591667	628
29.85685	656
29.8683	687
29.87961667	679
29.89058333	658
29.90205	688
29.91371667	700
29.92473333	661
29.93573333	660
29.9469	670
29.95796667	664
29.96878333	649
29.97991667	668
29.99106667	669
30.00203333	658
30.01345	685
30.02466667	673
30.03546667	648
30.04663333	670
30.05803333	684
30.06905	661
30.08036667	679
30.09185	689
30.10298333	668
30.11448333	690
30.12645	718
30.13828333	710
30.14978333	690
30.1615	703
30.17318333	701
30.18435	670
30.196	699
30.20806667	724
30.21991667	711
30.23191667	720
30.24408333	730
30.25545	682
30.26663333	671
30.2779	676
30.28906667	670
30.29988333	649
30.31103333	669
30.32265	697
30.33395	678
30.3455	693
30.35776667	736
30.36966667	714
30.38113333	688
30.39253333	684
30.40383333	678
30.41466667	650
30.42588333	673
30.43718333	678
30.44838333	672
30.45986667	689
30.47158333	703
30.48291667	680
30.49415	674
30.50578333	698
30.51715	682
30.52778333	638
30.53865	652
30.54965	660
30.56026667	637
30.57091667	639
30.58168333	646
30.59223333	633
30.60263333	624
30.6135	652
30.62461667	667
30.6353	641
30.6458	630
30.65646667	640
30.6674	656
30.67745	603
30.6876	609
30.69786667	616
30.70775	593
30.7177	597
30.72795	615
30.7381	609
30.74803333	596
30.75835	619
30.76878333	626
30.7791	619
30.78945	621
30.79983333	623
30.81026667	626
30.82035	605
30.83016667	589
30.84036667	612
30.8505	608
30.8604	594
30.87048333	605
30.88101667	632
30.89236667	681
30.9035	668
30.91405	633
30.92456667	631
30.93468333	607
30.94443333	585
30.95401667	575
30.96341667	564
30.97278333	562
30.98228333	570
30.99166667	563
31.00106667	564
31.01091667	591
31.02063333	583
31.03031667	581
31.03963333	559
31.04888333	555
31.0583	565
31.06808333	587
31.07751667	566
31.08671667	552
31.09631667	576
31.1061	587
31.11595	591
31.12546667	571
31.13498333	571
31.14468333	582
31.15511667	626
31.16556667	627
31.17603333	628
31.1867	640
31.19756667	652
31.20821667	639
31.21826667	603
31.22813333	592
31.23826667	608
31.2487	626
31.25935	639
31.26948333	608
31.27941667	596
31.28963333	613
31.30021667	635
31.31111667	654
31.32221667	666
31.33306667	651
31.34348333	625
31.35381667	620
31.36411667	618
31.37463333	631
31.38523333	636
31.39605	649
31.40745	684
31.41913333	701
31.43036667	674
31.44155	671
31.45276667	673
31.46371667	657
31.47431667	636
31.48536667	663
31.49673333	682
31.5078	664
31.51873333	656
31.53016667	686
31.54141667	675
31.5524	659
31.56345	663
31.57493333	689
31.58653333	696
31.59765	667
31.60903333	683
31.6207	700
31.63206667	682
31.64311667	663
31.6545	683
31.66595	687
31.67716667	673
31.68811667	657
31.69935	674
31.71088333	692
31.7222	679
31.73328333	665
31.74476667	689
31.75626667	690
31.76728333	661
31.77826667	659
31.78946667	672
31.80091667	687
31.8119	659
31.82288333	659
31.83428333	684
31.84583333	693
31.8567	652
31.86768333	659
31.87911667	686
31.89046667	681
31.9013	650
31.91183333	632
31.92301667	671
31.93473333	703
31.94676667	722
31.95786667	666
31.96916667	678
31.98071667	693
31.99235	698
