0.010516667	631
0.022166667	699
0.03585	821
0.04955	822
0.062666667	787
0.0743	698
0.086466667	730
0.098683333	733
0.110883333	732
0.122266667	683
0.133016667	645
0.143666667	639
0.1542	632
0.164366667	610
0.17455	611
0.185283333	644
0.19705	706
0.20895	714
0.219866667	655
0.231933333	724
0.244133333	732
0.255466667	680
0.267766667	738
0.2806	770
0.292833333	734
0.304116667	677
0.316183333	724
0.328866667	761
0.341633333	766
0.35355	715
0.365966667	745
0.378816667	771
0.3909	725
0.403533333	758
0.416483333	777
0.429133333	759
0.442383333	795
0.455733333	801
0.469	796
0.480933333	716
0.492316667	683
0.50405	704
0.51645	744
0.52815	702
0.540166667	721
0.552866667	762
0.565933333	784
0.578233333	738
0.589933333	702
0.602233333	738
0.6149	760
0.62765	765
0.63965	720
0.6523	759
0.665083333	767
0.6776	751
0.689166667	694
0.700866667	702
0.713016667	729
0.725683333	760
0.7388	787
0.750866667	724
0.763916667	783
0.777866667	837
0.791566667	822
0.803566667	720
0.814883333	679
0.826716667	710
0.838966667	735
0.85075	707
0.8623	693
0.875033333	764
0.88805	781
0.901133333	785
0.91285	703
0.924966667	727
0.93695	719
0.948716667	706
0.9595	647
0.970383333	653
0.981883333	690
0.992933333	663
1.003766667	650
1.014916667	669
1.0262	677
1.037716667	691
1.0487	659
1.060333333	698
1.07205	703
1.08315	666
1.094133333	659
1.105183333	663
1.116316667	668
1.1269	635
1.138116667	673
1.1496	689
1.160616667	661
1.171416667	648
1.182766667	681
1.194766667	720
1.205833333	664
1.2172	682
1.2289	702
1.240983333	725
1.252083333	666
1.2636	691
1.275216667	697
1.28645	674
1.2973	651
1.307933333	638
1.318266667	620
1.328633333	622
1.3394	646
1.34965	615
1.360516667	652
1.371866667	681
1.3833	686
1.394016667	643
1.405383333	682
1.4175	727
1.429116667	697
1.440083333	658
1.451733333	699
1.4639	730
1.475366667	688
1.486333333	658
1.4982	712
1.510366667	730
1.523066667	762
1.534533333	688
1.54575	673
1.557616667	712
1.569866667	735
1.581133333	676
1.5923	670
1.604633333	740
1.617283333	759
1.62905	706
1.640066667	661
1.6517	698
1.6635	708
1.675533333	722
1.6869	682
1.69825	681
1.710666667	745
1.723433333	766
1.7367	796
1.7492	750
1.761	708
1.773283333	737
1.785866667	755
1.798533333	760
1.810116667	695
1.82245	740
1.835083333	758
1.847833333	765
1.860066667	734
1.872166667	726
1.884716667	753
1.8973	755
1.90895	699
1.920783333	710
1.932983333	732
1.945783333	768
1.957933333	729
1.970433333	750
1.983183333	765
1.996116667	776
2.0078	701
2.019633333	710
2.031433333	708
2.042683333	675
2.053516667	650
2.064616667	666
2.076083333	688
2.087933333	711
2.098866667	656
2.11	668
2.1214	684
2.1334	720
2.145033333	698
2.156283333	675
2.167966667	701
2.1797	704
2.191266667	694
2.202166667	654
2.21335	671
2.22505	702
2.2372	729
2.249216667	721
2.260466667	675
2.271783333	679
2.28335	694
2.2952	711
2.306516667	679
2.3174	653
2.3289	690
2.340483333	695
2.35175	676
2.36225	630
2.37355	678
2.384433333	653
2.394733333	618
2.405216667	629
2.4159	641
2.42615	615
2.436916667	646
2.44855	698
2.460683333	728
2.47245	706
2.483366667	655
2.4951	704
2.50755	747
2.520366667	769
2.532783333	745
2.544233333	687
2.5564	730
2.569116667	763
2.5822	785
2.593983333	707
2.605583333	696
2.617733333	729
2.6303	754
2.642016667	703
2.653683333	700
2.665283333	696
2.67725	718
2.688583333	680
2.7002	697
2.712116667	715
2.72455	746
2.736116667	694
2.748016667	714
2.760233333	733
2.772783333	753
2.78435	694
2.796016667	700
2.8078	707
2.819983333	731
2.8319	715
2.842983333	665
2.854866667	713
2.86685	719
2.87845	696
2.889483333	662
2.901466667	719
2.913466667	720
2.92535	713
2.9363	657
2.947566667	676
2.958983333	685
2.97085	712
2.982233333	683
2.993016667	647
3.004416667	684
3.0162	707
3.0284	732
3.0396	672
3.051233333	698
3.063133333	714
3.07525	727
3.086316667	664
3.097266667	657
3.10865	683
3.12045	708
3.132433333	719
3.14345	661
3.154533333	665
3.166066667	692
3.178116667	723
3.1895	683
3.2007	672
3.212433333	704
3.224216667	707
3.235266667	663
3.246116667	651
3.257233333	667
3.268883333	699
3.280366667	689
3.29115	647
3.3023	669
3.313833333	692
3.325716667	713
3.3365	647
3.347316667	649
3.358483333	670
3.3695	661
3.379983333	629
3.390733333	645
3.402383333	699
3.414016667	698
3.4248	647
3.43555	645
3.445766667	613
3.455833333	604
3.466316667	629
3.477133333	649
3.487683333	633
3.49835	640
3.509766667	685
3.52235	755
3.535066667	763
3.546333333	676
3.557683333	681
3.569366667	701
3.58125	713
3.592466667	673
3.603183333	643
3.6147	691
3.6271	744
3.639233333	728
3.650733333	690
3.661716667	659
3.67335	698
3.6855	729
3.697216667	703
3.70825	662
3.719883333	698
3.7318	715
3.743416667	697
3.754133333	643
3.765266667	668
3.776916667	699
3.789116667	732
3.8001	659
3.81075	639
3.8219	669
3.833066667	670
3.8436	632
3.8539	618
3.865	666
3.876683333	701
3.88885	730
3.899816667	658
3.9104	635
3.921366667	658
3.932416667	663
3.943633333	673
3.954316667	641
3.964633333	619
3.975683333	663
3.987016667	680
3.998066667	663
4.008583333	631
4.019316667	644
4.030466667	669
4.042066667	696
4.052883333	649
4.063416667	632
4.074366667	657
4.0853	656
4.095533333	614
4.105433333	594
4.115516667	605
4.126183333	640
4.136866667	641
4.147183333	619
4.158166667	659
4.169583333	685
4.1811	691
4.19185	645
4.203283333	686
4.2157	745
4.227966667	736
4.239333333	682
4.251666667	740
4.264566667	774
4.278033333	808
4.29045	745
4.302233333	707
4.314633333	744
4.3276	778
4.340283333	761
4.35205	706
4.3636	693
4.375633333	722
4.387666667	722
4.399	680
4.40985	651
4.421533333	701
4.43415	757
4.445783333	698
4.45775	718
4.470233333	749
4.4827	748
4.494016667	679
4.505633333	697
4.517066667	686
4.528316667	675
4.539483333	670
4.551883333	744
4.565033333	789
4.5777	760
4.589266667	694
4.601566667	738
4.614166667	756
4.626683333	751
4.638216667	692
4.650183333	718
4.6625	739
4.6752	762
4.686966667	706
4.69875	707
4.710933333	731
4.723683333	765
4.735566667	713
4.74725	701
4.759416667	730
4.771683333	736
4.783366667	701
4.795316667	717
4.807816667	750
4.82055	764
4.831966667	685
4.843633333	700
4.8561	748
4.868	714
4.879866667	712
4.891866667	720
4.90375	713
4.9151	681
4.926766667	700
4.938566667	708
4.950566667	720
4.961566667	660
4.9732	698
4.985016667	709
4.996016667	660
5.0077	701
5.019833333	728
5.03165	709
5.042733333	665
5.054333333	696
5.066083333	705
5.07755	688
5.0885	657
5.0998	678
5.111116667	679
5.122466667	681
5.133233333	646
5.14415	655
5.155216667	664
5.16685	698
5.177683333	650
5.188366667	641
5.199333333	658
5.210566667	674
5.2215	656
5.231833333	620
5.242283333	627
5.253316667	662
5.263683333	622
5.2743	637
5.28585	693
5.298316667	748
5.311233333	775
5.322633333	684
5.3345	712
5.34695	747
5.359566667	757
5.371166667	696
5.382616667	687
5.394566667	717
5.406816667	735
5.418133333	679
5.429066667	656
5.440366667	678
5.452	698
5.462933333	656
5.4734	628
5.483633333	614
5.494416667	647
5.506216667	708
5.518933333	763
5.532383333	807
5.544883333	750
5.55745	754
5.5704	777
5.583233333	770
5.5958	754
5.60795	729
5.6192	675
5.63125	723
5.643333333	725
5.65525	715
5.6669	699
5.6779	660
5.689383333	689
5.701283333	714
5.713833333	753
5.7258	718
5.737016667	673
5.74895	716
5.76165	762
5.7742	753
5.786383333	731
5.798916667	752
5.811833333	775
5.825416667	815
5.8378	743
5.84995	729
5.862666667	763
5.8754	764
5.888133333	764
5.899583333	687
5.911066667	689
5.922733333	700
5.934283333	693
5.945266667	659
5.9561	650
5.96755	687
5.979583333	722
5.990933333	681
6.002933333	720
6.0154	748
6.027566667	730
6.0394	710
6.052083333	761
6.064683333	756
6.076466667	707
6.08775	677
6.099083333	680
6.110583333	690
6.121533333	657
6.13215	637
6.14255	624
6.153266667	643
6.1643	662
6.175833333	692
6.18705	673
6.19795	654
6.209233333	677
6.22065	685
6.232216667	694
6.243366667	669
6.254133333	646
6.26495	649
6.275816667	652
6.286916667	666
6.2975	635
6.308316667	649
6.319383333	664
6.330516667	668
6.3415	659
6.352183333	641
6.36385	700
6.37565	708
6.3872	693
6.397933333	644
6.40895	661
6.41945	630
6.43045	660
6.441766667	679
6.45335	695
6.464233333	653
6.47575	691
6.487166667	685
6.498216667	663
6.5087	629
6.51975	663
6.531516667	706
6.543033333	691
6.55425	673
6.56735	786
6.581183333	830
6.594866667	821
6.60685	719
6.619216667	742
6.6318	755
6.644183333	743
6.65525	664
6.6669	699
6.678766667	712
6.69095	731
6.702233333	677
6.7141	712
6.72715	783
6.74055	804
6.7535	777
6.766833333	800
6.7802	802
6.7925	738
6.805133333	758
6.8181	778
6.829866667	706
6.841166667	678
6.853166667	720
6.864833333	700
6.875633333	648
6.887066667	686
6.898916667	711
6.910783333	712
6.92165	652
6.933083333	686
6.94445	682
6.9558	681
6.967566667	706
6.97885	677
6.989966667	667
7.001583333	697
7.0131	691
7.0239	648
7.03415	615
7.044316667	610
7.0547	623
7.06535	639
7.075116667	586
7.084916667	588
7.0946	581
7.104483333	593
7.114516667	602
7.124766667	615
7.134583333	589
7.144433333	591
7.154833333	624
7.165666667	650
7.176183333	631
7.186433333	615
7.196783333	621
7.2075	643
7.217483333	599
7.227333333	591
7.237816667	629
7.248116667	618
7.2585	623
7.2692	642
7.279583333	623
7.289733333	609
7.300466667	644
7.311566667	666
7.321916667	621
7.33235	626
7.343333333	659
7.354083333	645
7.364333333	615
7.37505	643
7.386383333	680
7.397	637
7.407266667	616
7.417666667	624
7.42805	623
7.437983333	596
7.448266667	617
7.458466667	612
7.468366667	594
7.479433333	664
7.491066667	698
7.503066667	720
7.51385	647
7.525066667	673
7.536716667	699
7.5482	689
7.558916667	643
7.569516667	636
7.58075	674
7.591833333	665
7.602183333	621
7.6127	631
7.62375	663
7.63435	636
7.6448	627
7.655333333	632
7.665533333	612
7.675316667	587
7.68565	620
7.695333333	581
7.705183333	591
7.715666667	629
7.7271	686
7.7379	648
7.748016667	607
7.758083333	604
7.768183333	606
7.7787	631
7.7898	666
7.800966667	670
7.811966667	660
7.823583333	697
7.83745	832
7.851566667	847
7.86425	761
7.875233333	659
7.88655	679
7.898933333	743
7.910566667	698
7.921416667	651
7.933166667	705
7.946316667	789
7.958183333	712
7.969233333	663
7.980683333	687
7.991583333	654
8.003483333	714
8.016216667	764
8.0279	701
8.039116667	673
8.050866667	705
8.062733333	712
8.073883333	669
8.084566667	641
8.095466667	654
8.106933333	688
8.118083333	669
8.12865	634
8.140133333	689
8.152433333	738
8.1634	658
8.174633333	674
8.186466667	710
8.198816667	741
8.209966667	669
8.221233333	676
8.233116667	713
8.245483333	742
8.25695	688
8.268083333	668
8.2799	709
8.2922	738
8.303716667	691
8.314616667	654
8.325733333	667
8.337483333	705
8.3493	709
8.35985	633
8.3706	645
8.3822	696
8.394183333	719
8.4052	661
8.41615	657
8.427716667	694
8.439716667	720
8.45075	662
8.46155	648
8.472883333	680
8.48495	724
8.495883333	656
8.5064	631
8.5169	630
8.527783333	653
8.538633333	651
8.548866667	614
8.558716667	591
8.568433333	583
8.578366667	596
8.589183333	649
8.602016667	770
8.614966667	777
8.626683333	703
8.637816667	668
8.649716667	714
8.66265	776
8.67495	738
8.68595	660
8.696683333	644
8.707283333	636
8.7177	625
8.727666667	598
8.737483333	589
8.747033333	573
8.756416667	563
8.766366667	597
8.77645	605
8.786166667	583
8.796666667	630
8.808266667	696
8.81905	647
8.829516667	628
8.840566667	663
8.8526	722
8.863666667	664
8.87455	653
8.88635	708
8.898616667	736
8.90965	662
8.921233333	695
8.933066667	710
8.944183333	667
8.955183333	660
8.966383333	672
8.977333333	657
8.987533333	612
8.997666667	608
9.008216667	633
9.019183333	658
9.0294	613
9.040133333	644
9.0524	736
9.064383333	719
9.07505	640
9.085766667	643
9.096416667	639
9.1063	593
9.11645	609
9.126466667	601
9.136266667	588
9.146216667	597
9.156	587
9.165483333	569
9.17485	562
9.184216667	562
9.193716667	570
9.202983333	556
9.212066667	545
9.2213	554
9.230483333	551
9.239516667	542
9.248583333	544
9.25755	538
9.266533333	539
9.275366667	530
9.284083333	523
9.292833333	525
9.30175	535
9.310633333	533
9.319316667	521
9.327983333	520
9.336766667	527
9.3454	518
9.354016667	517
9.3627	521
9.371533333	530
9.38035	529
9.389066667	523
9.3979	530
9.40685	537
9.4157	531
9.4245	528
9.433266667	526
9.442133333	532
9.451083333	537
9.45995	532
9.468933333	539
9.47815	553
9.487133333	539
9.495933333	528
9.5048	532
9.513666667	532
9.522316667	519
9.530933333	517
9.53965	523
9.548516667	532
9.557333333	529
9.566066667	524
9.574816667	525
9.583733333	535
9.592516667	527
9.60115	518
9.609733333	515
9.6184	520
9.627166667	526
9.6358	518
9.644216667	505
9.65275	512
9.661266667	511
9.66975	509
9.678433333	521
9.687133333	522
9.69575	517
9.704266667	511
9.712833333	514
9.721516667	521
9.730083333	514
9.738516667	506
9.747	509
9.755533333	512
9.7639	502
9.772216667	499
9.780583333	502
9.7891	511
9.797616667	511
9.8059	497
9.8142	498
9.822533333	500
9.830783333	495
9.838983333	492
9.847166667	491
9.855416667	495
9.863666667	495
9.871783333	487
9.879816667	482
9.887983333	490
9.896066667	485
9.904116667	483
9.912133333	481
9.9202	484
9.928366667	490
9.936466667	486
9.9445	482
9.952533333	482
9.960633333	486
9.968783333	489
9.976766667	479
9.984783333	481
9.99285	484
10.0009	483
10.00891667	481
10.01683333	475
10.0248	478
10.03271667	475
10.04061667	474
10.04873333	487
10.05683333	486
10.065	490
10.0731	486
10.08111667	481
10.0893	491
10.09746667	490
10.10558333	487
10.11363333	483
10.12161667	479
10.12971667	486
10.1378	485
10.14581667	481
10.15376667	477
10.1618	482
10.16985	483
10.1779	483
10.18588333	479
10.19411667	494
10.20245	500
10.21071667	496
10.21881667	486
10.22691667	486
10.235	485
10.24296667	478
10.25085	473
10.25866667	469
10.26646667	468
10.27428333	469
10.28205	466
10.28978333	464
10.29746667	461
10.30528333	469
10.31313333	471
10.3209	466
10.32861667	463
10.33645	470
10.34431667	472
10.35211667	468
10.3599	467
10.36775	471
10.37555	468
10.38333333	467
10.39105	463
10.39883333	467
10.40668333	471
10.41453333	471
10.42233333	468
10.43016667	470
10.43811667	477
10.44598333	472
10.45383333	471
10.46166667	470
10.4696	476
10.47746667	472
10.48528333	469
10.4931	469
10.50098333	473
10.50881667	470
10.5165	461
10.52411667	457
10.53171667	456
10.53933333	457
10.54695	457
10.55458333	458
10.56223333	459
10.56996667	464
10.5777	464
10.5854	462
10.59311667	463
10.60088333	466
10.60866667	467
10.61633333	460
10.62405	463
10.63178333	464
10.63973333	477
10.6476	472
10.6554	468
10.66333333	476
10.67128333	477
10.67921667	476
10.68708333	472
10.69495	472
10.70283333	473
10.7106	466
10.71831667	463
10.72598333	460
10.73373333	465
10.74141667	461
10.74901667	456
10.75668333	460
10.76435	460
10.77195	456
10.77958333	458
10.7872	457
10.79483333	458
10.80233333	450
10.80986667	452
10.81741667	453
10.82508333	460
10.83268333	456
10.84026667	455
10.84783333	454
10.85545	457
10.8631	459
10.87066667	454
10.87828333	457
10.88593333	459
10.89358333	459
10.90115	454
10.9087	453
10.91633333	458
10.92401667	461
10.93161667	456
10.93915	452
10.94683333	461
10.95448333	459
10.9621	457
10.96968333	455
10.97721667	452
10.98488333	460
10.9925	457
11.00001667	451
11.00756667	453
11.01515	455
11.02268333	452
11.03013333	447
11.03758333	447
11.04508333	450
11.05266667	455
11.06018333	451
11.06768333	450
11.07515	448
11.08263333	449
11.09003333	444
11.09745	445
11.10488333	446
11.11231667	446
11.11973333	445
11.1271	442
11.13451667	445
11.14195	446
11.14931667	442
11.15666667	441
11.1641	446
11.17148333	443
11.1788	439
11.18608333	437
11.19335	436
11.2006	435
11.20791667	439
11.21516667	435
11.22248333	439
11.2298	439
11.23721667	445
11.24455	440
11.25188333	440
11.25931667	446
11.26673333	445
11.27408333	441
11.28143333	441
11.28886667	446
11.29625	443
11.30363333	443
11.31098333	441
11.31843333	447
11.3258	442
11.33315	441
11.34041667	436
11.34771667	438
11.355	437
11.36226667	436
11.36958333	439
11.37688333	438
11.38426667	443
11.39158333	439
11.39888333	438
11.40623333	441
11.41353333	438
11.42091667	443
11.42825	440
11.43546667	433
11.44268333	433
11.4499	433
11.45715	435
11.4645	441
11.47176667	436
11.4791	440
11.48651667	445
11.49406667	453
11.50151667	447
11.50896667	447
11.51645	449
11.524	453
11.53148333	449
11.53893333	447
11.54651667	455
11.55406667	453
11.56158333	451
11.56908333	450
11.57663333	453
11.5842	454
11.59163333	446
11.59908333	447
11.60658333	450
11.61401667	446
11.62145	446
11.62885	444
11.63631667	448
11.64381667	450
11.65126667	447
11.65866667	444
11.66623333	454
11.6737	448
11.68121667	451
11.68873333	451
11.69636667	458
11.70396667	456
11.71146667	450
11.719	452
11.72656667	454
11.73415	455
11.74163333	449
11.74906667	446
11.75655	449
11.76401667	448
11.77148333	448
11.77893333	447
11.78645	451
11.79388333	446
11.8013	445
11.80873333	446
11.81611667	443
11.82346667	441
11.83076667	438
11.83816667	444
11.84551667	441
11.85285	440
11.86013333	437
11.86746667	440
11.87486667	444
11.88221667	441
11.8896	443
11.89696667	442
11.90445	449
11.91196667	451
11.91938333	445
11.92683333	447
11.93435	451
11.94186667	451
11.9495	458
11.95716667	460
11.96471667	453
11.9723	455
11.97993333	458
11.98763333	462
11.99525	457
12.0028	453
12.01038333	455
12.01791667	452
12.02541667	450
12.03291667	450
12.04053333	457
12.04813333	456
12.05573333	456
12.06328333	453
12.07086667	455
12.07836667	450
12.08585	449
12.0933	447
12.10081667	451
12.1083	449
12.11575	447
12.12313333	443
12.13056667	446
12.13795	443
12.14531667	442
12.15266667	441
12.16018333	451
12.16763333	447
12.17505	445
12.18241667	442
12.18981667	444
12.19718333	442
12.20448333	438
12.21185	442
12.21926667	445
12.22666667	444
12.234	440
12.2414	444
12.2487	438
12.256	438
12.26325	435
12.2705	435
12.27776667	436
12.28505	437
12.29236667	439
12.29963333	436
12.3069	436
12.31426667	442
12.32165	443
12.32896667	439
12.33631667	441
12.34371667	444
12.3511	443
12.35843333	440
12.3658	442
12.37311667	439
12.38046667	441
12.38785	443
12.39523333	443
12.40273333	450
12.4102	448
12.41756667	442
12.42498333	445
12.43241667	446
12.43983333	445
12.4472	442
12.45456667	442
12.462	446
12.46938333	443
12.4767	439
12.484	438
12.49136667	442
12.49871667	441
12.50608333	442
12.51345	442
12.5209	447
12.52825	441
12.53555	438
12.543	447
12.5505	450
12.55796667	448
12.5654	446
12.57288333	449
12.5804	451
12.58788333	449
12.59535	448
12.60276667	445
12.61035	455
12.61785	450
12.62526667	445
12.6327	446
12.6402	450
12.64771667	451
12.6551	443
12.66251667	445
12.67001667	450
12.67755	452
12.68501667	448
12.69245	446
12.70006667	457
12.70765	455
12.7152	453
12.7227	450
12.73018333	449
12.73765	448
12.74508333	446
12.75268333	456
12.76023333	453
12.76778333	453
12.7753	451
12.78285	453
12.79048333	458
12.798	451
12.80551667	451
12.81296667	447
12.82048333	451
12.82796667	449
12.83536667	444
12.8428	446
12.8502	444
12.85771667	451
12.86525	452
12.87275	450
12.88023333	449
12.88783333	456
12.89538333	453
12.90285	448
12.91036667	451
12.91778333	445
12.92526667	449
12.93266667	444
12.94001667	441
12.94745	446
12.95485	444
12.96226667	445
12.96961667	441
12.97701667	444
12.98436667	441
12.99165	437
12.99896667	439
13.00623333	436
13.01348333	435
13.02073333	435
13.028	436
13.03533333	440
13.0426	436
13.04986667	436
13.05708333	433
13.06433333	435
13.0716	436
13.07885	435
13.08618333	440
13.09351667	440
13.10081667	438
13.10811667	438
13.11548333	442
13.12286667	443
13.13021667	441
13.13751667	438
13.14486667	441
13.15223333	442
13.15958333	441
13.1669	439
13.1743	444
13.18165	441
13.18893333	437
13.19623333	438
13.2036	442
13.21091667	439
13.21818333	436
13.22543333	435
13.2327	436
13.23986667	430
13.24705	431
13.25426667	433
13.26153333	436
13.26875	433
13.27596667	433
13.28315	431
13.29036667	433
13.29753333	430
13.30468333	429
13.3118	427
13.31901667	433
13.32615	428
13.33323333	425
13.34036667	428
13.34753333	430
13.35476667	434
13.362	434
13.36926667	436
13.37661667	441
13.38418333	454
13.39171667	452
13.39916667	447
13.40673333	454
13.41446667	464
13.42223333	466
13.42988333	459
13.43746667	455
13.44511667	459
13.4527	455
13.46026667	454
13.46775	449
13.47526667	451
13.48276667	450
13.49021667	447
13.49766667	447
13.50511667	447
13.51261667	450
13.52005	446
13.52746667	445
13.53495	449
13.54243333	449
13.54985	445
13.55728333	446
13.56473333	447
13.57216667	446
13.5796	446
13.58698333	443
13.59446667	449
13.60195	449
13.60943333	449
13.61685	445
13.62426667	445
13.63173333	448
13.63916667	446
13.6466	446
13.654	444
13.66151667	451
13.66893333	445
13.67633333	444
13.6837	442
13.69111667	445
13.69851667	444
13.70588333	442
13.71328333	444
13.72058333	438
13.72795	442
13.73528333	440
13.74255	436
13.74986667	439
13.75715	437
13.76455	444
13.77205	450
13.77953333	449
13.78698333	447
13.79438333	444
13.80185	448
13.80935	450
13.81686667	451
13.82436667	450
13.83196667	456
13.8397	464
13.84741667	463
13.85501667	456
13.86266667	459
13.87028333	457
13.87786667	455
13.88558333	463
13.89335	466
13.90115	468
13.90885	462
13.91645	456
13.92405	456
13.93173333	461
13.93935	457
13.94693333	455
13.95448333	453
13.96201667	452
13.96953333	451
13.97706667	452
13.98468333	457
13.99235	460
13.99993333	455
14.00748333	453
14.01508333	456
14.02261667	452
14.03015	452
14.03775	456
14.04538333	458
14.05293333	453
14.06048333	453
14.06806667	455
14.07561667	453
14.08313333	451
14.09061667	449
14.0982	455
14.10573333	452
14.11325	451
14.1208	453
14.12836667	454
14.13596667	456
14.14351667	453
14.1511	455
14.15871667	457
14.1663	455
14.17385	453
14.18145	456
14.1891	459
14.19665	453
14.20421667	454
14.21181667	456
14.21938333	454
14.22696667	455
14.23448333	451
14.24211667	458
14.24971667	456
14.25726667	453
14.26481667	453
14.27243333	457
14.27998333	453
14.28746667	449
14.29491667	447
14.30236667	447
14.30971667	441
14.31708333	442
14.32436667	437
14.33163333	436
14.33888333	435
14.34606667	431
14.3533	434
14.36058333	437
14.36783333	435
14.37508333	435
14.38238333	438
14.38968333	438
14.39695	436
14.4042	435
14.41143333	434
14.41876667	440
14.42603333	436
14.4333	436
14.44055	435
14.44793333	443
14.45526667	440
14.46253333	436
14.46986667	440
14.47725	443
14.48468333	446
14.49208333	444
14.4995	445
14.50693333	446
14.51428333	441
14.52158333	438
14.52883333	435
14.53611667	437
14.54331667	432
14.55053333	433
14.55781667	437
14.56506667	435
14.57235	437
14.57956667	433
14.58681667	435
14.5941	437
14.6014	438
14.60865	435
14.61586667	433
14.62308333	433
14.63036667	437
14.63756667	432
14.64471667	429
14.65181667	426
14.65893333	427
14.66608333	429
14.67326667	431
14.68041667	429
14.68756667	429
14.69476667	432
14.702	434
14.7092	432
14.71645	435
14.72373333	437
14.73108333	441
14.7384	439
14.74566667	436
14.75303333	442
14.76046667	446
14.76788333	445
14.77531667	446
14.78271667	444
14.79013333	445
14.79755	445
14.80493333	443
14.8124	448
14.81983333	446
14.8273	448
14.83473333	446
14.84215	445
14.84956667	445
14.85691667	441
14.86436667	447
14.87183333	448
14.87931667	449
14.88676667	447
14.89433333	454
14.90191667	455
14.90938333	448
14.91686667	449
14.92441667	453
14.93195	452
14.93945	450
14.94691667	448
14.95443333	451
14.9619	448
14.96936667	448
14.9769	452
14.98445	453
14.99198333	452
14.99948333	450
15.00703333	453
15.0146	454
15.02213333	452
15.02963333	450
15.03718333	453
15.04473333	453
15.0522	448
15.05965	447
15.06701667	442
15.07436667	441
15.0817	440
15.08898333	437
15.09623333	435
15.1035	436
15.11073333	434
15.11791667	431
15.12515	434
15.13235	432
15.13951667	430
15.14668333	430
15.15383333	429
15.16105	433
15.16821667	430
15.1754	431
15.18256667	430
15.18983333	436
15.19715	439
15.20443333	437
15.21171667	437
15.21916667	447
15.22655	443
15.23393333	443
15.2413	442
15.24876667	448
15.25631667	453
15.26376667	447
15.27125	449
15.27878333	452
15.28633333	453
15.29388333	453
15.30138333	450
15.309	457
15.31655	453
15.3241	453
15.33156667	448
15.33915	455
15.3467	453
15.3542	450
15.36175	453
15.36935	456
15.37695	456
15.38445	450
15.39198333	452
15.39951667	452
15.40703333	451
15.41463333	456
15.42218333	453
15.42975	454
15.4374	459
15.44503333	458
15.45263333	456
15.46013333	450
15.46765	451
15.47518333	452
15.48271667	452
15.49025	452
15.49778333	452
15.50535	454
15.51286667	451
15.52035	449
15.52781667	448
15.53536667	453
15.54286667	450
15.55036667	450
15.55783333	448
15.5654	454
15.57291667	451
15.58031667	444
15.58766667	441
15.59496667	438
15.60231667	441
15.60963333	439
15.61696667	440
15.62431667	441
15.63171667	444
15.63918333	448
15.64656667	443
15.65403333	448
15.6615	448
15.66893333	446
15.67635	445
15.6838	447
15.6913	450
15.69881667	451
15.7063	449
15.71383333	452
15.72146667	458
15.72916667	462
15.73681667	459
15.74446667	459
15.7522	464
15.75983333	458
15.76736667	452
15.77485	449
15.78228333	446
15.7897	445
15.79718333	449
15.80463333	447
15.81206667	446
15.81951667	447
15.82703333	451
15.83446667	446
15.84195	449
15.84946667	451
15.85691667	447
15.86435	446
15.87176667	445
15.87921667	447
15.88666667	447
15.8941	446
15.90151667	445
15.90898333	448
15.91643333	447
15.92385	445
15.93138333	452
15.93891667	452
15.94638333	448
15.95386667	449
15.96141667	453
15.96893333	451
15.97645	451
15.98396667	451
15.99155	455
15.99906667	451
16.00655	449
16.01403333	449
16.02146667	446
16.02888333	445
16.0363	445
16.04378333	449
16.05131667	452
16.05876667	447
16.0662	446
16.0737	450
16.08115	447
16.0886	447
16.09605	447
16.10351667	448
16.11095	446
16.1184	447
16.12581667	445
16.13325	446
16.14068333	446
16.14803333	441
16.15535	439
16.16276667	445
16.17018333	445
16.17758333	444
16.18495	442
16.19235	444
16.19976667	445
16.20715	443
16.21455	444
16.22198333	446
16.22941667	446
16.23678333	442
16.24415	442
16.25151667	442
16.25898333	448
16.26641667	446
16.27378333	442
16.28115	442
16.28856667	445
16.29593333	442
16.30326667	440
16.3106	440
16.318	444
16.32543333	446
16.33281667	443
16.34026667	447
16.34775	449
16.35528333	452
16.3628	451
16.37025	447
16.37773333	449
16.38528333	453
16.3928	451
16.40028333	449
16.40773333	447
16.41525	451
16.42278333	452
16.43021667	446
16.4376	443
16.445	444
16.45236667	442
16.45973333	442
16.46716667	446
16.47458333	445
16.48195	442
16.48931667	442
16.49675	446
16.50423333	449
16.51175	451
16.51925	450
16.52686667	457
16.53446667	456
16.54201667	453
16.54955	452
16.55721667	460
16.56493333	463
16.5726	460
16.5802	456
16.58786667	460
16.59553333	460
16.60316667	458
16.61076667	456
16.6184	458
16.62603333	458
16.63365	457
16.64121667	454
16.64875	452
16.65635	456
16.66388333	452
16.6714	451
16.67895	453
16.68646667	451
16.69393333	448
16.70135	445
16.70883333	449
16.71625	445
16.72365	444
16.73105	444
16.73846667	445
16.74585	443
16.75315	438
16.76055	444
16.76793333	443
16.77531667	443
16.7827	443
16.79011667	445
16.79751667	444
16.80488333	442
16.81223333	441
16.81961667	443
16.82696667	441
16.8343	440
16.84161667	439
16.849	443
16.85635	441
16.86368333	440
16.87101667	440
16.8784	443
16.88578333	443
16.89311667	440
16.90043333	439
16.90788333	447
16.91526667	443
16.92266667	444
16.93005	443
16.9375	447
16.94488333	443
16.9522	439
16.95965	447
16.96701667	442
16.97443333	445
16.98178333	441
16.98921667	446
16.99658333	442
17.00386667	437
17.01115	437
17.01841667	436
17.02566667	435
17.0329	434
17.04011667	433
17.04731667	432
17.05448333	430
17.06161667	428
17.06875	428
17.07581667	424
17.08286667	423
17.08985	419
17.09685	420
17.10383333	419
17.11081667	419
17.11776667	417
17.12483333	424
17.13186667	422
17.13885	419
17.14585	420
17.15288333	422
17.15993333	423
17.16691667	419
17.17386667	417
17.18086667	420
17.18783333	418
17.1948	418
17.20171667	415
17.20876667	423
17.21576667	420
17.22278333	421
17.2298	421
17.2369	426
17.24405	429
17.25113333	425
17.25821667	425
17.26535	428
17.27246667	427
17.27955	425
17.28665	426
17.29373333	425
17.30081667	425
17.30786667	423
17.31498333	427
17.32211667	428
17.32921667	426
17.33633333	427
17.34348333	429
17.35061667	428
17.35773333	427
17.36485	427
17.37195	426
17.37913333	431
17.38623333	426
17.39328333	423
17.40035	424
17.40745	426
17.41455	426
17.42168333	428
17.42878333	426
17.4359	427
17.44308333	431
17.45023333	429
17.4574	430
17.46466667	436
17.47195	437
17.47923333	437
17.48651667	437
17.49386667	441
17.50128333	445
17.50865	442
17.51601667	442
17.52346667	447
17.53088333	445
17.53835	448
17.54576667	445
17.55328333	451
17.56083333	453
17.56836667	452
17.5759	452
17.58348333	455
17.59108333	456
17.59861667	452
17.60628333	460
17.61388333	456
17.62148333	456
17.62905	454
17.63663333	455
17.64415	451
17.65165	450
17.6591	447
17.66653333	446
17.6739	442
17.68125	441
17.6886	441
17.69598333	443
17.70336667	443
17.71078333	445
17.71825	448
17.7257	447
17.73313333	446
17.74053333	444
17.74801667	449
17.75545	446
17.76288333	446
17.7703	445
17.7778	450
17.7853	450
17.79275	447
17.80016667	445
17.80761667	447
17.81513333	451
17.8226	448
17.83008333	449
17.8376	451
17.84515	453
17.85265	450
17.86011667	448
17.8676	449
17.87508333	449
17.88256667	449
17.89001667	447
17.89751667	450
17.90501667	450
17.91243333	445
17.9199	448
17.92741667	451
17.93491667	450
17.94243333	451
17.94988333	447
17.95745	454
17.96498333	452
17.97248333	450
17.97996667	449
17.98755	455
17.99506667	451
18.00256667	450
18.01006667	450
18.01751667	447
18.02493333	445
18.03235	445
18.0398	447
18.04726667	448
18.05466667	444
18.06206667	444
18.06948333	445
18.0769	445
18.08426667	442
18.09165	443
18.09903333	443
18.10648333	447
18.11386667	443
18.1212	440
18.1286	444
18.13595	441
18.1433	441
18.1506	438
18.15803333	446
18.1654	442
18.17275	441
18.1801	441
18.1875	444
18.1949	444
18.20226667	442
18.20961667	441
18.21708333	448
18.22471667	458
18.23231667	456
18.23986667	453
18.24746667	456
18.25506667	456
18.26263333	454
18.27015	451
18.27771667	454
18.28525	452
18.29276667	451
18.3003	452
18.30791667	457
18.31555	458
18.32315	456
18.33081667	460
18.33846667	459
18.34603333	454
18.35366667	458
18.36126667	456
18.36888333	457
18.37648333	456
18.38415	460
18.39176667	457
18.39935	455
18.40696667	457
18.41463333	460
18.42231667	461
18.4299	455
18.43746667	454
18.44503333	454
18.4526	454
18.46013333	452
18.46765	451
18.4752	453
18.48275	453
18.49023333	449
18.49773333	450
18.50516667	446
18.51258333	445
18.51996667	443
18.52735	443
18.53475	444
18.54218333	446
18.54965	448
18.55711667	448
18.56463333	451
18.57218333	453
18.5797	451
18.5873	456
18.59491667	457
18.60251667	456
18.61006667	453
18.61775	461
18.62541667	460
18.63301667	456
18.64073333	463
18.64846667	464
18.65611667	459
18.66386667	465
18.67163333	466
18.67941667	467
18.68716667	465
18.69505	473
18.70286667	469
18.71071667	471
18.7185	467
18.72638333	473
18.73425	472
18.74206667	469
18.74998333	475
18.7579	475
18.76581667	475
18.77381667	480
18.78181667	480
18.7898	479
18.79773333	476
18.80581667	485
18.81383333	481
18.82173333	474
18.82961667	473
18.83756667	477
18.84545	473
18.85333333	473
18.86123333	474
18.86916667	476
18.87715	479
18.88511667	478
18.89313333	481
18.90118333	483
18.9092	481
18.91715	477
18.92516667	481
18.93313333	478
18.94103333	474
18.94898333	477
18.95701667	482
18.96493333	475
18.97276667	470
18.98065	473
18.98853333	473
18.99636667	470
19.00416667	468
19.012	470
19.01993333	476
19.02778333	471
19.03555	466
19.04333333	467
19.05115	469
19.05895	468
19.06675	468
19.07451667	466
19.08235	470
19.09021667	472
19.09806667	471
19.10595	473
19.1138	471
19.1216	468
19.1293	462
19.13708333	467
19.1448	463
19.15243333	458
19.16001667	455
19.16765	458
19.17525	456
19.1828	453
19.19033333	452
19.19783333	450
19.20523333	444
19.2126	442
19.21996667	442
19.22735	443
19.23465	438
19.24193333	437
19.24926667	440
19.25656667	438
19.2639	440
19.27118333	437
19.27856667	443
19.28595	443
19.29325	438
19.3006	441
19.30801667	445
19.31536667	441
19.32268333	439
19.33	439
19.33735	441
19.34473333	443
19.35205	439
19.35936667	439
19.36675	443
19.37406667	439
19.38138333	439
19.38866667	437
19.39598333	439
19.40326667	437
19.41051667	435
19.41785	440
19.42511667	436
19.43236667	435
19.4396	434
19.44686667	436
19.45413333	436
19.46131667	431
19.4685	431
19.47576667	436
19.483	434
19.49023333	434
19.49748333	435
19.50476667	437
19.51208333	439
19.51938333	438
19.52663333	435
19.53398333	441
19.54128333	438
19.54858333	438
19.55586667	437
19.56326667	444
19.5706	440
19.57791667	439
19.58526667	441
19.59261667	441
19.59998333	442
19.60731667	440
19.61471667	444
19.62208333	442
19.62941667	440
19.63673333	439
19.64406667	440
19.65136667	438
19.65863333	436
19.66588333	435
19.67316667	437
19.68043333	436
19.68768333	435
19.69496667	437
19.70221667	435
19.70945	434
19.71668333	434
19.72393333	435
19.73115	433
19.73835	432
19.74558333	434
19.75275	430
19.75993333	431
19.76715	433
19.77431667	430
19.78156667	435
19.7888	434
19.7961	438
19.80336667	436
19.81075	443
19.8181	441
19.82541667	439
19.83275	440
19.84016667	445
19.84751667	441
19.85488333	442
19.86221667	440
19.86965	446
19.87703333	443
19.88438333	441
19.89171667	440
19.89906667	441
19.9064	440
19.91373333	440
19.92101667	437
19.92833333	439
19.93561667	437
19.94285	434
19.95006667	433
19.9573	434
19.96451667	433
19.97168333	430
19.97888333	432
19.98613333	435
19.9934	436
20.00061667	433
20.0078	431
20.01505	435
20.02221667	430
20.0294	431
20.03658333	431
20.0439	439
20.05131667	445
20.05875	446
20.06615	444
20.07348333	440
20.08098333	450
20.08843333	447
20.09585	445
20.10333333	449
20.11066667	440
20.11798333	439
20.12526667	437
20.13253333	436
20.13971667	431
20.14693333	433
20.15418333	435
20.16136667	431
20.16855	431
20.17576667	433
20.18296667	432
20.19015	431
20.19746667	439
20.20485	443
20.21245	456
20.22006667	457
20.22765	455
20.23521667	454
20.24293333	463
20.2508	472
20.25875	477
20.2666	471
20.27445	471
20.28241667	478
20.2907	497
20.29893333	494
20.30718333	495
20.3156	505
20.32431667	523
20.33306667	525
20.34143333	502
20.3497	496
20.35803333	500
20.36638333	501
20.37453333	489
20.38265	487
20.39086667	493
20.39923333	502
20.40761667	503
20.41591667	498
20.42421667	498
20.43261667	504
20.44105	506
20.44926667	493
20.45738333	487
20.46548333	486
20.47381667	500
20.48225	506
20.49053333	497
20.49876667	494
20.50718333	505
20.51588333	522
20.52458333	522
20.53318333	516
20.54198333	528
20.55098333	540
20.55983333	531
20.5684	514
20.57706667	520
20.5858	524
20.59438333	515
20.6031	523
20.61201667	535
20.62076667	525
20.6295	524
20.63845	537
20.64756667	547
20.65678333	553
20.66555	526
20.67416667	517
20.68288333	523
20.69173333	531
20.70071667	539
20.70953333	529
20.71823333	522
20.72731667	545
20.73671667	564
20.74616667	567
20.75528333	547
20.7648	571
20.77478333	599
20.7849	607
20.79443333	572
20.80395	571
20.81378333	590
20.82386667	605
20.83361667	585
20.84293333	559
20.85241667	569
20.8622	587
20.87196667	586
20.88143333	568
20.89096667	572
20.9011	608
20.91126667	610
20.92085	575
20.93045	576
20.94063333	611
20.95086667	614
20.96093333	604
20.97116667	614
20.98176667	636
20.99186667	606
21.00208333	613
21.01201667	596
21.02168333	580
21.03118333	570
21.04063333	567
21.04996667	560
21.05946667	570
21.06926667	588
21.07918333	595
21.08871667	572
21.09833333	577
21.10828333	597
21.11821667	596
21.12795	584
21.13813333	611
21.14833333	612
21.15813333	588
21.16798333	591
21.1781	607
21.18841667	619
21.19893333	631
21.20923333	618
21.21888333	579
21.22855	580
21.2384	591
21.2483	594
21.25786667	574
21.26796667	606
21.27875	647
21.289	615
21.29961667	637
21.31116667	693
21.3232	722
21.33475	693
21.34505	618
21.3555	627
21.36628333	647
21.37686667	635
21.38713333	616
21.39828333	669
21.40966667	683
21.42041667	645
21.43206667	699
21.44383333	706
21.45493333	666
21.46618333	675
21.47763333	687
21.48896667	680
21.49943333	628
21.51018333	645
21.52181667	698
21.5341	737
21.54628333	731
21.55701667	644
21.56746667	627
21.5783	650
21.5894	666
21.60013333	644
21.61105	655
21.62293333	713
21.63493333	720
21.64611667	671
21.65766667	693
21.66948333	709
21.68086667	683
21.69155	641
21.70223333	641
21.71265	625
21.72263333	599
21.73256667	596
21.74278333	613
21.75355	646
21.76398333	626
21.77445	628
21.7849	627
21.79508333	611
21.80471667	578
21.81435	578
21.82396667	577
21.8335	572
21.84338333	593
21.85351667	608
21.86363333	607
21.8733	580
21.88313333	590
21.89311667	599
21.90291667	588
21.9125	575
21.92236667	592
21.93253333	610
21.94235	589
21.95226667	595
21.9634	668
21.9749	690
21.98603333	668
21.99641667	623
22.00691667	630
22.01756667	639
22.02806667	630
22.03835	617
22.04881667	628
22.05931667	630
22.07016667	651
22.08183333	700
22.09321667	683
22.10396667	645
22.11505	665
22.12611667	664
22.13673333	637
22.14673333	600
22.15695	613
22.16748333	632
22.17831667	650
22.18858333	616
22.1989	619
22.20943333	632
22.2204	658
22.23088333	629
22.24166667	647
22.2529	674
22.26416667	676
22.27471667	633
22.28555	650
22.29658333	662
22.30716667	635
22.31745	617
22.32811667	640
22.33898333	652
22.34953333	633
22.35945	595
22.36918333	584
22.37881667	578
22.38855	584
22.39843333	593
22.40836667	596
22.41853333	610
22.42846667	596
22.43805	575
22.44743333	563
22.45715	583
22.46765	630
22.4785	651
22.4888	618
22.49966667	652
22.51121667	693
22.52265	686
22.5331	627
22.54375	639
22.55451667	646
22.565	629
22.57505	603
22.58488333	590
22.5949	601
22.60508333	611
22.61491667	590
22.6246	581
22.63461667	601
22.64486667	615
22.65493333	604
22.66463333	582
22.67423333	576
22.68405	589
22.69391667	592
22.70355	578
22.71326667	583
22.72326667	600
22.73358333	619
22.74335	586
22.75313333	587
22.763	592
22.77301667	601
22.78275	584
22.79226667	571
22.80186667	576
22.81188333	601
22.82181667	596
22.83143333	577
22.84093333	570
22.85081667	593
22.86111667	618
22.87131667	612
22.88136667	603
22.89155	611
22.90183333	617
22.91195	607
22.92166667	583
22.93143333	586
22.94126667	590
22.95126667	600
22.96108333	589
22.971	595
22.9813	618
22.99183333	632
23.00183333	600
23.01178333	597
23.02211667	620
23.03261667	630
23.04268333	604
23.05236667	581
23.06226667	594
23.07228333	601
23.08216667	593
23.09181667	579
23.10158333	586
23.11145	592
23.12153333	605
23.13118333	579
23.14068333	570
23.15046667	587
23.16041667	597
23.17025	590
23.17978333	572
23.18921667	566
23.19843333	553
23.20743333	540
23.2165	544
23.22558333	545
23.23451667	536
23.24345	536
23.25256667	547
23.26208333	571
23.27161667	572
23.28088333	556
23.2904	571
23.30025	591
23.3102	597
23.32005	591
23.33021667	610
23.34053333	619
23.35038333	591
23.36018333	588
23.37008333	594
23.38016667	605
23.39031667	609
23.40026667	597
23.41015	593
23.42031667	610
23.4307	623
23.44105	621
23.45088333	590
23.4603	565
23.46951667	553
23.47875	554
23.48816667	565
23.49806667	594
23.5088	644
23.51998333	671
23.53126667	677
23.54201667	645
23.55311667	666
23.56428333	670
23.57491667	638
23.58555	638
23.59596667	625
23.60633333	622
23.6169	634
23.62736667	628
23.63766667	618
23.64816667	630
23.65846667	618
23.66901667	633
23.67946667	627
23.69023333	646
23.7007	628
23.7111	624
23.7216	630
23.7322	636
23.74263333	626
23.75285	613
23.76286667	601
23.77301667	609
23.78406667	663
23.79551667	687
23.80655	662
23.81768333	668
23.82868333	660
23.83933333	639
23.84976667	626
23.85998333	613
23.87	601
23.88001667	601
23.89016667	609
23.90058333	625
23.91136667	647
23.92241667	663
23.93321667	648
23.94373333	631
23.95445	643
23.96508333	638
23.9756	631
23.98555	597
23.99535	588
24.00533333	599
24.0153	598
24.02506667	586
24.03483333	586
24.0448	598
24.05495	609
24.06493333	599
24.07536667	626
24.08626667	654
24.09753333	676
24.1082	640
24.1186	624
24.12916667	634
24.13993333	646
24.15026667	620
24.16025	599
24.17036667	607
24.18053333	610
24.19095	625
24.20098333	602
24.21145	628
24.22215	642
24.23318333	662
24.24361667	626
24.25433333	643
24.26523333	654
24.27635	667
24.287	639
24.29778333	647
24.30891667	668
24.32043333	691
24.3313	652
24.34251667	673
24.35405	692
24.36511667	664
24.37565	632
24.38628333	638
24.3968	631
24.4067	594
24.41646667	586
24.4262	584
24.43596667	586
24.44575	587
24.4553	573
24.46503333	584
24.47498333	597
24.48511667	608
24.49525	608
24.50496667	583
24.5147	584
24.52441667	583
24.53415	584
24.54363333	569
24.55321667	575
24.56281667	576
24.57241667	576
24.58186667	567
24.59123333	562
24.6008	574
24.61065	591
24.62061667	598
24.63108333	628
24.64198333	654
24.65285	652
24.66341667	634
24.67388333	628
24.68446667	635
24.69463333	610
24.70448333	591
24.71408333	576
24.72353333	567
24.73291667	563
24.74208333	550
24.7511	541
24.76011667	541
24.76911667	540
24.77823333	547
24.78721667	539
24.79616667	537
24.80506667	534
24.81393333	532
24.82298333	543
24.83211667	548
24.84111667	540
24.85035	554
24.85975	564
24.86945	582
24.87898333	572
24.88843333	567
24.89801667	575
24.90766667	579
24.91708333	565
24.9264	559
24.93563333	554
24.9446	538
24.95351667	535
24.9625	539
24.9715	540
24.98031667	529
24.98906667	525
24.99806667	540
25.00755	569
25.01763333	605
25.02728333	579
25.03746667	611
25.04821667	645
25.05956667	681
25.07016667	636
25.08035	611
25.09086667	631
25.1018	656
25.11295	669
25.12341667	628
25.13373333	619
25.14448333	645
25.15545	658
25.16645	660
25.17688333	626
25.18701667	608
25.19756667	633
25.2085	656
25.21965	669
25.23028333	638
25.2407	625
25.25141667	643
25.2626	671
25.2738	672
25.28426667	628
25.29406667	588
25.3036	572
25.31301667	565
25.32253333	571
25.33246667	596
25.34305	635
25.35421667	670
25.36565	686
25.3775	711
25.38931667	709
25.40078333	688
25.41145	640
25.4223	651
25.43321667	655
25.44425	662
25.45515	654
25.46578333	638
25.47656667	647
25.48761667	663
25.49893333	679
25.50996667	662
25.52026667	618
25.5306	620
25.54095	621
25.5515	633
25.5614	594
25.57128333	593
25.58138333	606
25.59161667	614
25.60146667	591
25.61128333	589
25.62153333	615
25.632	628
25.64236667	622
25.6526	614
25.66261667	601
25.67283333	613
25.68321667	623
25.69383333	637
25.70418333	621
25.71438333	612
25.72468333	618
25.7353	637
25.74626667	658
25.75696667	642
25.76751667	633
25.77841667	654
25.78941667	660
25.79996667	633
25.81046667	630
25.82155	665
25.83268333	668
25.8436	655
25.8543	642
25.86546667	670
25.87668333	673
25.88745	646
25.89788333	626
25.90856667	641
25.91953333	658
25.93036667	650
25.9409	632
25.95138333	629
25.9619	631
25.97253333	638
25.98291667	623
25.9933	623
26.00396667	640
26.0149	656
26.02573333	650
26.03633333	636
26.04696667	638
26.05773333	646
26.06855	649
26.0792	639
26.08945	615
26.09958333	608
26.10971667	608
26.11986667	609
26.13011667	615
26.14005	596
26.15003333	599
26.16003333	600
26.16988333	591
26.17941667	572
26.1891	581
26.19881667	583
26.20841667	576
26.2182	587
26.22843333	614
26.23886667	626
26.24913333	616
26.25938333	615
26.26966667	617
26.28023333	634
26.29053333	618
26.30081667	617
26.31133333	631
26.32218333	651
26.33296667	647
26.34335	623
26.35398333	638
26.36515	670
26.37618333	662
26.38683333	639
26.39745	637
26.40828333	650
26.41936667	665
26.4302	650
26.44075	633
26.45136667	637
26.46215	647
26.47266667	631
26.48286667	612
26.49345	635
26.50465	672
26.51625	696
26.52778333	692
26.53898333	672
26.5504	685
26.56205	699
26.57398333	716
26.58526667	677
26.59616667	654
26.60715	659
26.61825	666
26.62903333	647
26.63946667	626
26.64976667	618
26.66048333	643
26.67163333	669
26.68271667	665
26.69348333	646
26.7048	679
26.7163	690
26.72756667	676
26.73826667	642
26.74913333	652
26.7602	664
26.77095	645
26.78146667	631
26.7923	650
26.80348333	671
26.81503333	693
26.82621667	671
26.83656667	621
26.84698333	625
26.85753333	633
26.86798333	627
26.87805	604
26.8882	609
26.89816667	598
26.90828333	607
26.91821667	596
26.92841667	612
26.93896667	633
26.94985	653
26.96011667	616
26.97083333	643
26.98196667	668
26.99346667	690
27.00535	713
27.01656667	673
27.02811667	693
27.03955	686
27.05075	672
27.06173333	659
27.07216667	626
27.08271667	633
27.09316667	627
27.1037	632
27.11391667	613
27.1238	593
27.1336	588
27.14355	597
27.15368333	608
27.16403333	621
27.17408333	603
27.18416667	605
27.19491667	645
27.20605	668
27.2172	669
27.22773333	632
27.23848333	645
27.24958333	666
27.26073333	669
27.27131667	635
27.28186667	633
27.29248333	637
27.30313333	639
27.31338333	615
27.32365	616
27.3341	627
27.34461667	631
27.35488333	616
27.36496667	605
27.37526667	618
27.38566667	624
27.39591667	615
27.406	605
27.41623333	614
27.42641667	611
27.43623333	589
27.44575	571
27.45556667	589
27.46541667	591
27.47508333	580
27.48448333	564
27.49423333	585
27.50418333	597
27.51445	616
27.52461667	610
27.53471667	606
27.54498333	616
27.55515	610
27.56498333	590
27.57451667	572
27.58408333	574
27.5937	577
27.6032	570
27.61253333	560
27.62215	577
27.63215	600
27.64218333	602
27.65205	592
27.66245	624
27.67306667	637
27.68331667	615
27.69326667	597
27.70295	581
27.71243333	569
27.72216667	584
27.73195	587
27.7416	579
27.75126667	580
27.76125	599
27.77128333	602
27.78101667	584
27.7903	557
27.79946667	550
27.80858333	547
27.81783333	555
27.82695	547
27.83591667	538
27.84521667	558
27.85483333	577
27.86455	583
27.87425	582
27.88445	612
27.89491667	628
27.90543333	631
27.91603333	636
27.92716667	668
27.93845	677
27.9497	675
27.9603	636
27.97046667	610
27.98111667	639
27.99216667	663
28.00305	653
28.01308333	602
28.02286667	587
28.0325	578
28.04195	567
28.05128333	560
28.06065	562
28.07016667	571
28.07966667	570
28.08915	569
28.09876667	577
28.10841667	579
28.1182	587
28.12765	567
28.13685	552
28.14586667	541
28.15481667	537
28.16401667	552
28.17343333	565
28.1833	592
28.19315	591
28.20273333	575
28.21261667	593
28.22248333	592
28.23185	562
28.24145	576
28.25155	606
28.26196667	625
28.27236667	624
28.28258333	613
28.2933	643
28.30365	621
28.31361667	598
28.3233	581
28.33293333	578
28.34283333	594
28.35371667	653
28.36578333	724
28.37865	772
28.39196667	799
28.4052	794
28.4183	786
28.43098333	761
28.44328333	738
28.45563333	741
28.46801667	743
28.47933333	679
28.4906	676
28.50283333	734
28.51376667	656
28.52408333	619
28.53483333	645
28.54585	661
28.55641667	634
28.56741667	660
28.57956667	729
28.59211667	753
28.60371667	696
28.6153	695
28.6272	714
28.63975	753
28.65236667	757
28.66396667	696
28.67536667	684
28.68705	701
28.69888333	710
28.71071667	710
28.72153333	649
28.7321	634
28.74285	645
28.75381667	658
28.76471667	654
28.77538333	640
28.78621667	650
28.79715	656
28.80793333	647
28.81836667	626
28.8286	614
28.83893333	620
28.84975	649
28.86071667	658
28.87153333	649
28.88213333	636
28.89255	625
28.90328333	644
28.9146	679
28.92595	681
28.93681667	652
28.94791667	666
28.95938333	688
28.9707	679
28.98153333	650
28.99195	625
29.00255	636
29.01338333	650
29.02411667	644
29.03455	626
29.04548333	656
29.05691667	686
29.0685	695
29.07978333	677
29.09121667	686
29.1026	683
29.11388333	677
29.12466667	647
29.13553333	652
29.14638333	651
29.15728333	654
29.16775	628
29.1779	609
29.1885	636
29.19923333	644
29.20945	613
29.21948333	602
29.2292	583
29.2387	570
29.24846667	586
29.2585	602
29.26861667	607
29.27913333	631
29.28981667	641
29.30051667	642
29.31131667	648
29.32143333	607
29.33166667	614
29.34223333	634
29.35313333	654
29.3643	670
29.37503333	644
29.38571667	641
29.39648333	646
29.40765	670
29.41871667	664
29.42935	638
29.4406	675
29.45236667	706
29.46456667	732
29.47563333	664
29.48666667	662
29.49828333	697
29.5104	727
29.52223333	710
29.53333333	666
29.54458333	675
29.55623333	699
29.56783333	696
29.57855	643
29.58928333	644
29.6001	649
29.61098333	653
29.62146667	629
29.63185	623
29.64231667	628
29.65293333	637
29.6638	652
29.6743	630
29.68438333	605
29.69478333	624
29.70525	628
29.7162	657
29.72683333	638
29.73718333	621
29.74811667	656
29.759	653
29.76981667	649
29.78088333	664
29.79203333	669
29.80263333	636
29.81338333	645
29.8244	661
29.83561667	673
29.84665	662
29.85716667	631
29.8677	632
29.87845	645
29.88938333	656
29.90061667	674
29.91115	632
29.92168333	632
29.93251667	650
29.94385	680
29.95553333	701
29.96711667	695
29.97886667	705
29.99073333	712
30.00261667	713
30.01415	692
30.0251	657
30.0365	684
30.04808333	695
30.05961667	692
30.0704	647
30.08156667	670
30.0927	668
30.10431667	697
30.11516667	651
30.12591667	645
30.1369	659
30.14825	681
30.15928333	662
30.1698	631
30.18033333	632
30.19088333	633
30.20118333	618
30.21126667	605
30.22141667	609
30.2319	629
30.2425	636
30.25261667	607
30.26283333	613
30.27345	637
30.28445	660
30.29493333	629
30.30566667	644
30.31691667	675
30.3286	701
30.33931667	643
30.34961667	618
30.3599	617
30.36996667	604
30.38005	605
30.38983333	587
30.39968333	591
30.40966667	599
30.42001667	621
30.43058333	634
30.44085	616
30.45106667	613
30.46138333	619
30.47166667	617
30.48163333	598
30.49165	601
30.502	621
30.51258333	635
30.52326667	641
30.5335	614
30.54343333	596
30.55381667	623
30.56441667	636
30.57488333	628
30.58501667	608
30.59523333	613
30.60556667	620
30.61603333	628
30.62653333	630
30.63641667	593
30.6463	593
30.65645	609
30.66706667	637
30.67808333	661
30.68863333	633
30.69891667	617
30.70951667	636
30.72015	638
30.73098333	650
30.74121667	614
30.75125	602
30.76125	600
30.77135	606
30.78135	600
30.79105	582
30.8007	579
30.81043333	584
30.82001667	575
30.82963333	577
30.8392	574
30.8486	564
30.85776667	550
30.86683333	544
30.87578333	537
30.88458333	528
30.8935	535
30.90271667	553
30.91238333	580
30.92186667	569
30.93156667	582
30.94186667	618
30.9529	662
30.96363333	644
30.97411667	629
30.98491667	648
30.99605	668
31.00723333	671
31.01758333	621
31.02818333	636
31.03916667	659
31.05081667	699
31.06273333	715
31.0735	646
31.08381667	619
31.09415	620
31.10471667	634
31.11553333	649
31.12575	613
31.136	615
31.14676667	646
31.15765	653
31.1687	663
31.17908333	623
31.18943333	621
31.19996667	632
31.21091667	657
31.22186667	657
31.23223333	622
31.24288333	639
31.25393333	663
31.26478333	651
31.27508333	618
31.28506667	599
31.29531667	615
31.30578333	628
31.31673333	657
31.3272	628
31.33773333	632
31.34833333	636
31.35921667	653
31.37003333	649
31.38043333	624
31.3913	652
31.4022	654
31.41271667	631
31.42283333	607
31.43331667	629
31.4442	653
31.45503333	650
31.46525	613
31.47581667	634
31.48656667	645
31.49771667	669
31.5088	665
31.51913333	620
31.52938333	615
31.53976667	623
31.55053333	646
31.56131667	647
31.5719	635
31.58286667	658
31.59426667	684
31.60601667	705
31.61761667	696
31.62843333	649
31.63918333	645
31.6498	637
31.66036667	634
31.671	638
31.68116667	610
31.69145	617
31.70175	618
31.71233333	635
31.72293333	636
31.73305	607
31.74318333	608
31.75381667	638
31.76491667	666
31.77548333	634
31.78558333	606
31.79616667	635
31.80713333	658
31.81841667	677
31.82913333	643
31.83978333	639
31.85056667	647
31.86165	665
31.87256667	655
31.88316667	636
31.8941	656
31.9053	672
31.91685	693
31.92783333	659
31.93835	631
31.94866667	619
31.95903333	622
31.96926667	614
31.97918333	595
31.98928333	606
31.99968333	624
