0.012316667	759
0.025	771
0.03795	739
0.050983333	761
0.06385	777
0.0766	782
0.0902	772
0.103883333	765
0.1169	816
0.12965	821
0.14305	781
0.156783333	765
0.172366667	804
0.1859	824
0.200183333	935
0.214033333	812
0.227983333	857
0.241	831
0.254316667	837
0.267933333	781
0.281466667	799
0.294283333	817
0.306383333	812
0.31865	769
0.33165	726
0.344883333	736
0.358666667	780
0.374633333	794
0.38935	827
0.402566667	958
0.415833333	883
0.4292	793
0.442766667	796
0.4565	802
0.470333333	814
0.484683333	824
0.498633333	830
0.512716667	861
0.526133333	837
0.539416667	845
0.552733333	805
0.56625	797
0.57925	799
0.59335	811
0.60725	780
0.62055	846
0.6336	834
0.647583333	798
0.661383333	783
0.6741	839
0.68755	828
0.701166667	763
0.713816667	807
0.727	817
0.73995	759
0.751866667	791
0.763933333	777
0.775416667	715
0.786983333	724
0.798483333	689
0.810283333	694
0.822283333	690
0.8344	708
0.846083333	720
0.858516667	727
0.8708	701
0.882766667	746
0.895133333	737
0.9076	718
0.920216667	742
0.93265	748
0.94535	757
0.95825	746
0.971166667	762
0.98365	774
0.9965	775
1.0094	749
1.021783333	771
1.034483333	774
1.047216667	743
1.059916667	762
1.072233333	764
1.085066667	762
1.097883333	739
1.1105	770
1.122783333	769
1.135033333	757
1.1475	737
1.160133333	735
1.172483333	748
1.185	758
1.197733333	741
1.210583333	751
1.223033333	764
1.23595	771
1.248466667	747
1.260666667	775
1.273133333	751
1.28555	732
1.298	748
1.310083333	745
1.3224	747
1.334616667	725
1.346966667	739
1.359166667	733
1.37115	741
1.383366667	732
1.3957	719
1.4082	733
1.420466667	740
1.432583333	750
1.444933333	736
1.4575	727
1.4699	741
1.482616667	754
1.495283333	744
1.507633333	763
1.520433333	760
1.533233333	741
1.545983333	768
1.558383333	768
1.570933333	765
1.582883333	744
1.593516667	753
1.604133333	717
1.61505	638
1.626616667	637
1.637616667	655
1.649283333	694
1.66115	660
1.673416667	700
1.6858	712
1.69835	736
1.710166667	743
1.722316667	753
1.73455	709
1.746833333	729
1.75915	734
1.771466667	737
1.783083333	739
1.79515	739
1.807233333	697
1.819283333	724
1.831366667	725
1.843616667	723
1.855666667	725
1.867766667	735
1.879533333	723
1.891733333	726
1.9041	706
1.91675	732
1.929133333	742
1.9417	759
1.9542	743
1.966416667	754
1.978733333	750
1.991016667	733
2.003183333	739
2.01525	737
2.027383333	730
2.0396	724
2.051783333	728
2.063866667	733
2.075966667	731
2.0881	725
2.100483333	726
2.113	728
2.125566667	743
2.137716667	751
2.149533333	754
2.161966667	729
2.174466667	709
2.187066667	746
2.19945	750
2.212033333	756
2.22485	743
2.237733333	755
2.25065	769
2.263666667	773
2.2767	775
2.28975	781
2.302683333	782
2.31505	783
2.3274	776
2.340016667	742
2.352916667	741
2.3658	757
2.3785	774
2.390716667	773
2.403366667	762
2.416116667	733
2.42885	759
2.441616667	765
2.4539	764
2.466416667	766
2.478966667	737
2.491516667	751
2.5042	753
2.516266667	753
2.528833333	761
2.54125	724
2.553716667	754
2.565916667	745
2.578383333	748
2.591033333	732
2.603833333	748
2.616783333	759
2.629766667	768
2.6426	777
2.654916667	779
2.66755	770
2.679866667	739
2.692333333	758
2.7047	739
2.717666667	748
2.7308	742
2.743966667	778
2.756783333	788
2.770216667	790
2.783716667	769
2.796583333	806
2.80985	810
2.823016667	772
2.8355	796
2.848533333	790
2.861633333	749
2.874533333	782
2.8875	786
2.9007	774
2.914	778
2.927183333	792
2.94035	798
2.9538	791
2.967266667	790
2.980283333	807
2.993816667	808
3.007483333	781
3.0211	812
3.0341	820
3.046933333	817
3.0602	780
3.073616667	770
3.087283333	796
3.1006	805
3.114266667	820
3.128216667	799
3.141733333	820
3.154233333	837
3.167383333	811
3.180533333	750
3.19365	789
3.206133333	789
3.218166667	787
3.230433333	749
3.24295	722
3.254383333	736
3.26665	751
3.279083333	686
3.29185	736
3.303716667	746
3.315716667	766
3.328083333	712
3.340916667	720
3.353566667	742
3.365816667	770
3.378566667	759
3.3913	735
3.403966667	765
3.41665	764
3.4287	760
3.44095	761
3.452283333	723
3.4638	735
3.475283333	680
3.486916667	691
3.498233333	689
3.509233333	698
3.520533333	679
3.531683333	660
3.543233333	678
3.5556	669
3.567483333	693
3.58015	742
3.593	713
3.606	760
3.618933333	771
3.63175	780
3.644116667	776
3.655983333	769
3.667216667	742
3.6777	712
3.68795	674
3.698083333	629
3.70785	615
3.717666667	608
3.72835	586
3.740783333	589
3.752933333	641
3.765433333	746
3.778416667	729
3.791533333	750
3.804216667	779
3.81725	787
3.830533333	761
3.843983333	782
3.857416667	797
3.871116667	807
3.8849	806
3.898883333	822
3.912583333	827
3.926383333	839
3.94	822
3.95335	828
3.966166667	817
3.978883333	801
3.990766667	769
4.001933333	763
4.012916667	713
4.023933333	670
4.034783333	659
4.04535	661
4.055666667	651
4.066233333	634
4.077466667	619
4.089	634
4.100133333	674
4.112066667	692
4.124133333	668
4.13635	716
4.148233333	724
4.1605	733
4.172816667	713
4.18515	736
4.197466667	739
4.209683333	740
4.2215	739
4.2337	733
4.245816667	709
4.257733333	732
4.269516667	727
4.280583333	715
4.291683333	707
4.302883333	664
4.314783333	666
4.326683333	672
4.33875	714
4.351066667	714
4.363533333	724
4.375783333	739
4.38785	748
4.399866667	735
4.41145	724
4.422466667	721
4.433416667	695
4.443833333	661
4.4542	657
4.46435	625
4.4746	622
4.485033333	609
4.495716667	615
4.506666667	626
4.518516667	641
4.530283333	657
4.542533333	711
4.555233333	706
4.568033333	735
4.581083333	762
4.594166667	768
4.60675	783
4.61965	785
4.632533333	755
4.645	774
4.656833333	773
4.667833333	748
4.678466667	710
4.688966667	660
4.699466667	638
4.710816667	630
4.723616667	630
4.7366	681
4.751616667	768
4.76635	779
4.780983333	901
4.795766667	884
4.81055	878
4.824683333	887
4.8402	887
4.85435	848
4.867416667	931
4.880283333	849
4.89325	784
4.905283333	772
4.918566667	778
4.932383333	722
4.9457	797
4.959516667	829
4.973416667	799
4.986716667	829
5.000583333	834
5.014333333	798
5.028016667	832
5.041166667	825
5.0549	821
5.068466667	789
5.081333333	824
5.094583333	814
5.1078	772
5.121116667	795
5.134183333	793
5.14775	799
5.161066667	784
5.174683333	814
5.188666667	799
5.202133333	817
5.2166	839
5.2309	808
5.244566667	868
5.258833333	858
5.2729	820
5.286566667	856
5.299866667	844
5.31345	820
5.327166667	798
5.34015	815
5.353716667	823
5.367383333	779
5.380616667	814
5.39435	820
5.407866667	794
5.420133333	824
5.43255	811
5.444733333	736
5.457116667	745
5.468983333	731
5.481616667	743
5.494633333	712
5.507833333	758
5.521216667	781
5.534283333	792
5.548166667	803
5.562216667	784
5.575733333	833
5.589383333	843
5.603116667	811
5.616916667	819
5.629983333	824
5.6435	828
5.657216667	784
5.67025	811
5.683983333	823
5.697816667	782
5.710983333	824
5.725033333	830
5.738866667	790
5.752033333	843
5.765783333	830
5.779616667	790
5.79305	825
5.806683333	830
5.82065	806
5.83395	818
5.847383333	838
5.86075	798
5.874133333	806
5.887016667	802
5.9003	803
5.91355	773
5.926583333	797
5.93985	795
5.95325	782
5.966916667	796
5.979733333	804
5.9926	820
6.004783333	769
6.015883333	772
6.026783333	731
6.037766667	666
6.048683333	654
6.059983333	659
6.072066667	655
6.084433333	678
6.096533333	725
6.108716667	742
6.12115	726
6.133616667	731
6.145483333	746
6.157633333	748
6.169583333	712
6.181066667	729
6.191583333	717
6.201983333	689
6.21255	631
6.223783333	624
6.235716667	634
6.24755	674
6.25955	716
6.271333333	710
6.283516667	720
6.295783333	707
6.3082	731
6.320616667	736
6.332883333	745
6.345283333	745
6.357716667	736
6.370266667	744
6.382883333	746
6.395633333	753
6.40845	757
6.42135	765
6.434233333	769
6.447133333	774
6.460166667	773
6.473066667	774
6.485966667	782
6.499033333	774
6.512183333	774
6.52485	784
6.537783333	789
6.550983333	760
6.564033333	776
6.576416667	792
6.589216667	783
6.602116667	743
6.61495	768
6.627083333	774
6.639583333	770
6.651883333	728
6.66395	750
6.6752	738
6.686516667	724
6.698133333	675
6.710266667	679
6.723116667	697
6.735433333	728
6.7483	771
6.7614	739
6.774733333	772
6.787733333	786
6.801183333	800
6.81445	780
6.82705	807
6.8397	796
6.852666667	756
6.865833333	759
6.878966667	778
6.892266667	790
6.90585	788
6.9188	798
6.931366667	815
6.944	777
6.956483333	754
6.968716667	758
6.980416667	749
6.992366667	734
7.003916667	702
7.015116667	717
7.026333333	693
7.0375	672
7.048633333	673
7.059566667	670
7.070583333	668
7.081616667	656
7.092566667	661
7.103583333	662
7.114216667	657
7.124616667	661
7.135016667	638
7.14545	624
7.155966667	624
7.166583333	626
7.177116667	631
7.187616667	637
7.198333333	632
7.2094	630
7.2203	643
7.231066667	664
7.241933333	654
7.252966667	646
7.264416667	652
7.275966667	662
7.2874	687
7.299483333	693
7.3108	686
7.322183333	725
7.333516667	679
7.344716667	683
7.35565	680
7.36655	672
7.3774	656
7.387816667	654
7.398283333	651
7.408716667	625
7.419	628
7.4294	626
7.439883333	617
7.4504	624
7.461016667	629
7.47155	631
7.482	637
7.492416667	632
7.502983333	627
7.513666667	625
7.524533333	634
7.5356	641
7.546366667	652
7.557333333	664
7.5682	646
7.57925	658
7.5898	652
7.600266667	663
7.603083333	633
7.610816667	628
7.62115	0
7.631483333	0
7.641566667	620
7.651666667	620
7.661816667	605
7.671966667	606
7.68245	609
7.6929	609
7.703533333	629
7.713966667	627
7.724783333	638
7.735466667	626
7.746133333	649
7.75705	641
7.767833333	640
7.778666667	655
7.78965	647
7.800416667	650
7.811533333	659
7.82225	646
7.83285	667
7.843833333	643
7.854666667	636
7.86525	659
7.876233333	650
7.8871	635
7.897516667	659
7.9082	652
7.918933333	625
7.929666667	641
7.940366667	644
7.9508	644
7.961266667	642
7.972116667	626
7.982833333	628
7.993333333	651
8.004133333	643
8.014833333	630
8.02535	648
8.035816667	642
8.046266667	631
8.056783333	628
8.067316667	627
8.0776	631
8.08795	632
8.09875	617
8.10955	621
8.12005	648
8.130983333	648
8.14185	630
8.1525	656
8.1633	652
8.174	639
8.184833333	648
8.195416667	642
8.205833333	650
8.216383333	635
8.226933333	625
8.23725	633
8.247783333	633
8.2582	619
8.268716667	632
8.279133333	625
8.289383333	631
8.299816667	625
8.309983333	615
8.320166667	626
8.330583333	610
8.341116667	611
8.351783333	625
8.362333333	632
8.37295	640
8.38375	633
8.394233333	637
8.404666667	648
8.4153	629
8.425983333	626
8.43655	638
8.447166667	641
8.458016667	634
8.468816667	637
8.480083333	651
8.49065	648
8.501366667	676
8.512433333	634
8.523083333	643
8.533766667	664
8.544783333	639
8.555816667	641
8.566483333	661
8.5775	662
8.58845	640
8.599283333	661
8.609916667	657
8.6206	650
8.631233333	638
8.64195	641
8.6522	638
8.6628	643
8.6733	615
8.683683333	636
8.69425	630
8.704833333	623
8.715666667	634
8.7262	635
8.7372	650
8.748333333	632
8.759166667	660
8.7699	668
8.7807	650
8.791266667	644
8.802066667	648
8.812633333	634
8.8228	648
8.832966667	634
8.843133333	610
8.852933333	610
8.862983333	610
8.872966667	588
8.883166667	603
8.893066667	599
8.9033	612
8.913833333	594
8.924233333	614
8.93475	632
8.945416667	624
8.955983333	631
8.967033333	640
8.97785	634
8.988466667	663
8.9992	649
9.00985	637
9.020216667	644
9.030616667	639
9.041016667	622
9.051216667	624
9.061283333	624
9.071666667	612
9.082183333	604
9.092333333	623
9.103016667	631
9.113733333	609
9.124083333	641
9.134833333	643
9.145633333	621
9.156466667	645
9.167033333	648
9.17765	650
9.188366667	634
9.199	637
9.209166667	643
9.219333333	638
9.229716667	610
9.240133333	610
9.25045	623
9.260783333	625
9.2711	619
9.281616667	620
9.291716667	619
9.301966667	631
9.3124	606
9.322716667	615
9.332833333	626
9.342833333	619
9.352733333	607
9.3629	600
9.373033333	594
9.383116667	610
9.3933	608
9.403766667	605
9.414333333	611
9.424683333	628
9.435516667	634
9.44635	621
9.456833333	650
9.467466667	650
9.477933333	629
9.488683333	638
9.49905	628
9.509466667	645
9.520266667	622
9.530966667	625
9.5415	648
9.552066667	642
9.5626	632
9.573516667	634
9.583916667	632
9.5942	655
9.604683333	624
9.614983333	617
9.624966667	629
9.635066667	618
9.645116667	599
9.655533333	606
9.66585	603
9.676216667	625
9.686966667	619
9.698016667	622
9.708383333	645
9.71905	663
9.729666667	622
9.740133333	640
9.7505	637
9.7608	628
9.771466667	622
9.781916667	618
9.7921	640
9.80255	627
9.813	611
9.82315	627
9.833683333	627
9.844216667	609
9.854783333	632
9.865233333	632
9.87575	634
9.8866	627
9.8973	631
9.907683333	651
9.91815	642
9.928466667	623
9.939166667	628
9.949616667	619
9.9599	642
9.970616667	627
9.981366667	617
9.991733333	643
10.00225	645
10.0128	622
10.02306667	631
10.03326667	633
10.04348333	616
10.05391667	612
10.06435	613
10.07453333	626
10.0852	626
10.0961	611
10.10685	640
10.11755	654
10.12826667	645
10.13923333	642
10.14978333	643
10.15973333	658
10.16971667	633
10.17963333	597
10.18993333	599
10.20015	595
10.21033333	618
10.22115	613
10.23205	611
10.2425	649
10.2533	654
10.26403333	627
10.27466667	648
10.28506667	644
10.29556667	638
10.30638333	624
10.31693333	630
10.32731667	649
10.33801667	633
10.34881667	623
10.35928333	642
10.36988333	648
10.38051667	628
10.39123333	636
10.40213333	638
10.4126	643
10.42303333	654
10.43363333	628
10.44413333	626
10.45445	636
10.46483333	630
10.47513333	619
10.48551667	623
10.49558333	618
10.50573333	623
10.5162	604
10.52636667	609
10.53693333	628
10.54776667	610
10.5595	634
10.57043333	650
10.58166667	704
10.59368333	656
10.60486667	674
10.6159	721
10.627	671
10.63831667	662
10.64928333	666
10.65976667	679
10.67026667	658
10.68058333	629
10.69081667	630
10.70105	619
10.71165	614
10.72241667	614
10.73285	636
10.74318333	646
10.75318333	626
10.7633	620
10.77336667	600
10.78333333	607
10.79346667	604
10.8037	598
10.81413333	608
10.8243	614
10.83483333	626
10.84568333	610
10.85613333	632
10.86706667	651
10.87858333	627
10.88938333	656
10.90055	691
10.91198333	648
10.92323333	670
10.93421667	686
10.94463333	675
10.95495	659
10.96493333	625
10.97483333	619
10.98436667	599
10.9938	594
11.00303333	572
11.01205	566
11.02103333	554
11.03001667	541
11.0391	539
11.04835	539
11.05766667	545
11.06681667	555
11.07625	559
11.08565	549
11.09501667	566
11.10438333	564
11.11388333	562
11.12356667	562
11.134	570
11.14455	581
11.15573333	626
11.16683333	633
11.17748333	671
11.18835	666
11.1989	639
11.20928333	652
11.21985	633
11.23018333	623
11.24046667	634
11.25135	620
11.26223333	617
11.27281667	653
11.28443333	653
11.29591667	635
11.3072	697
11.3187	689
11.33025	677
11.34206667	690
11.35355	693
11.36433333	709
11.37593333	689
11.38693333	647
11.39758333	696
11.40828333	660
11.4194	639
11.43053333	642
11.44153333	667
11.45268333	668
11.46386667	660
11.47565	669
11.48688333	671
11.49778333	707
11.5087	674
11.51985	654
11.53055	655
11.54115	669
11.5522	642
11.56323333	636
11.5741	663
11.58533333	662
11.59686667	652
11.60825	674
11.6191	692
11.63021667	683
11.64238333	651
11.6532	667
11.66401667	730
11.67486667	649
11.6858	649
11.69623333	651
11.70686667	656
11.7176	626
11.72811667	638
11.73855	644
11.74898333	631
11.75925	626
11.76963333	626
11.77978333	616
11.78993333	623
11.80041667	609
11.81088333	609
11.82125	629
11.83201667	628
11.84273333	622
11.85353333	646
11.86421667	643
11.875	648
11.8859	641
11.89638333	647
11.90671667	654
11.91718333	629
11.92721667	620
11.93733333	628
11.94765	602
11.9577	607
11.96758333	619
11.9777	603
11.98768333	593
11.99738333	607
12.00688333	599
12.01641667	582
12.02633333	570
12.03615	572
12.04605	595
12.05591667	589
12.06593333	594
12.07636667	592
12.08676667	601
12.09721667	626
12.10756667	624
12.1175	627
12.12693333	621
12.13638333	596
12.14568333	566
12.15525	567
12.1647	558
12.17431667	574
12.18423333	567
12.19395	577
12.20413333	595
12.2145	583
12.2251	611
12.23628333	622
12.24761667	636
12.25868333	671
12.26916667	680
12.27965	664
12.2898	629
12.30008333	629
12.3104	609
12.32026667	617
12.3303	619
12.34041667	592
12.35066667	602
12.36116667	607
12.37153333	615
12.38176667	630
12.3929	622
12.40423333	614
12.4148	668
12.42565	680
12.43628333	634
12.44688333	651
12.45801667	638
12.46876667	636
12.4795	668
12.49015	645
12.50056667	644
12.5106	639
12.52038333	625
12.53021667	602
12.54008333	587
12.55006667	590
12.5599	592
12.57008333	599
12.58075	590
12.59098333	611
12.6014	640
12.61286667	614
12.62418333	625
12.63578333	688
12.6471	679
12.65813333	696
12.66863333	679
12.67878333	662
12.68885	630
12.6989	609
12.7092	604
12.71936667	603
12.72941667	618
12.73961667	610
12.74981667	603
12.76	612
12.77023333	612
12.78051667	611
12.7919	614
12.8025	617
12.81308333	683
12.82453333	636
12.83586667	635
12.84656667	687
12.8578	680
12.86921667	642
12.88041667	674
12.89176667	685
12.90258333	672
12.91333333	681
12.92416667	649
12.93496667	645
12.94543333	650
12.9557	648
12.96573333	628
12.97575	616
12.98578333	602
12.99615	601
13.00645	602
13.01741667	622
13.02801667	618
13.0389	658
13.05015	636
13.0616	653
13.07363333	675
13.0855	687
13.09743333	722
13.10841667	712
13.11938333	716
13.13066667	659
13.14193333	658
13.15255	677
13.16353333	676
13.17445	637
13.18513333	659
13.19591667	655
13.20661667	641
13.21758333	647
13.2281	642
13.2386	658
13.24971667	631
13.26075	630
13.27146667	667
13.28253333	662
13.29365	643
13.30448333	664
13.31566667	667
13.32698333	650
13.33763333	671
13.34861667	679
13.3595	639
13.37001667	659
13.38053333	653
13.39101667	631
13.40151667	631
13.41245	629
13.42338333	630
13.4345	656
13.44591667	656
13.45731667	667
13.46806667	685
13.47898333	684
13.48986667	645
13.50075	655
13.51148333	653
13.52191667	653
13.53261667	644
13.54363333	626
13.55413333	642
13.56505	661
13.57561667	630
13.58583333	655
13.59633333	634
13.60711667	613
13.61798333	630
13.6292	647
13.64063333	652
13.65175	673
13.66268333	686
13.67346667	667
13.68405	656
13.69513333	647
13.70596667	635
13.71641667	665
13.72718333	650
13.7382	627
13.74885	646
13.75998333	661
13.77121667	639
13.78193333	668
13.79276667	674
13.80361667	643
13.81416667	650
13.82496667	651
13.8359	633
13.84638333	648
13.85703333	656
13.86795	629
13.87858333	639
13.88943333	655
13.90041667	638
13.91171667	651
13.92271667	659
13.93385	678
13.94545	660
13.9575	668
13.96848333	696
13.97983333	723
13.99196667	659
14.00311667	681
14.0139	728
14.02501667	669
14.0355	647
14.04641667	667
14.05728333	629
14.0682	655
14.07898333	652
14.08996667	655
14.10103333	647
14.11236667	659
14.12335	664
14.13438333	680
14.14546667	659
14.1561	662
14.16703333	665
14.17813333	638
14.189	656
14.20003333	666
14.211	652
14.22205	662
14.233	658
14.24366667	663
14.2643	657
14.27406667	640
14.28341667	0
14.29281667	586
14.3022	561
14.31156667	564
14.321	563
14.33051667	562
14.34025	566
14.3498	571
14.35955	584
14.3696	573
14.37961667	585
14.3901	603
14.4007	601
14.4115	629
14.4224	636
14.43275	648
14.4429	654
14.45288333	621
14.46298333	609
14.47308333	599
14.48305	606
14.4929	606
14.50293333	598
14.51291667	591
14.52326667	602
14.53365	599
14.5439	621
14.55475	623
14.56646667	615
14.57731667	651
14.58846667	703
14.59995	651
14.61105	669
14.62216667	689
14.63345	666
14.64481667	667
14.65591667	677
14.66643333	682
14.67696667	666
14.68758333	631
14.69828333	632
14.70908333	637
14.71966667	642
14.73025	648
14.74136667	635
14.7521	635
14.76306667	667
14.77485	644
14.7861	658
14.79671667	707
14.8078	675
14.81873333	637
14.82956667	665
14.84031667	656
14.85106667	650
14.86173333	645
14.87236667	645
14.88295	640
14.89365	638
14.9042	635
14.9147	642
14.9254	633
14.93586667	630
14.94663333	642
14.95771667	628
14.96828333	646
14.9792	665
14.99018333	634
15.0008	655
15.0114	659
15.02228333	637
15.0329	636
15.0433	653
15.0536	637
15.0638	624
15.07423333	618
15.08481667	612
15.09528333	626
15.10606667	635
15.11658333	628
15.12695	647
15.13736667	631
15.14771667	622
15.15813333	625
15.16808333	621
15.17791667	625
15.18795	597
15.19808333	590
15.20815	602
15.218	608
15.22783333	604
15.23753333	591
15.24743333	590
15.25721667	582
15.26686667	594
15.27628333	587
15.28555	579
15.29476667	565
15.30418333	556
15.3136	553
15.32328333	565
15.33321667	565
15.34311667	581
15.35365	596
15.36386667	594
15.37386667	632
15.38411667	613
15.39436667	600
15.4045	615
15.4144	615
15.42441667	608
15.43461667	594
15.4448	601
15.45495	612
15.4651	611
15.47533333	609
15.48578333	609
15.49595	614
15.5063	627
15.51646667	610
15.52693333	621
15.53768333	610
15.54808333	628
15.55853333	645
15.56863333	624
15.57855	627
15.5884	606
15.59803333	595
15.60755	591
15.61725	578
15.62713333	571
15.63726667	582
15.64721667	593
15.65773333	608
15.66835	597
15.67888333	631
15.68931667	637
15.69981667	632
15.71065	626
15.7216	630
15.73233333	650
15.74355	657
15.75383333	644
15.76418333	673
15.77458333	617
15.78476667	621
15.79475	624
15.80511667	611
15.8155	599
15.82565	622
15.83605	623
15.84641667	609
15.85761667	624
15.8684	622
15.87871667	672
15.88978333	647
15.90051667	619
15.91058333	664
15.92105	644
15.93176667	604
15.94176667	628
15.95243333	643
15.9629	600
15.97298333	640
15.9833	628
15.99366667	605
16.00435	619
16.0145	622
16.0247	641
16.03513333	609
16.04545	612
16.05586667	626
16.06618333	619
16.07623333	625
16.08616667	619
16.09608333	603
16.10595	596
16.11583333	595
16.12611667	592
16.13648333	593
16.14691667	617
16.15731667	622
16.16816667	626
16.17925	624
16.18958333	651
16.20015	665
16.2115	620
16.22211667	634
16.2327	681
16.24348333	637
16.25433333	635
16.26481667	647
16.27558333	651
16.28635	629
16.29708333	646
16.30785	646
16.31865	644
16.32918333	646
16.34025	648
16.35121667	632
16.36205	664
16.37351667	658
16.38528333	650
16.39605	688
16.4071	706
16.41816667	646
16.42906667	663
16.43978333	664
16.4505	654
16.46135	643
16.47221667	643
16.48273333	651
16.49346667	652
16.5046	631
16.51593333	644
16.5272	668
16.53868333	680
16.55031667	676
16.56233333	689
16.57416667	698
16.5856	721
16.59771667	710
16.60961667	686
16.62058333	727
16.63196667	714
16.6432	658
16.65465	683
16.66573333	674
16.6771	687
16.68848333	665
16.69973333	682
16.71083333	683
16.72196667	675
16.73358333	666
16.74468333	668
16.7555	697
16.76628333	666
16.77745	649
16.78818333	647
16.7993	670
16.81031667	644
16.82078333	667
16.83133333	661
16.84175	628
16.85226667	633
16.86315	625
16.87358333	631
16.88393333	653
16.8946	626
16.90548333	621
16.9166	640
16.9281	653
16.93888333	667
16.94975	690
16.96083333	647
16.97171667	652
16.98231667	665
16.99291667	653
17.00348333	636
17.0139	636
17.0244	634
17.0348	625
17.0452	630
17.0557	624
17.06643333	624
17.07758333	630
17.08886667	644
17.09961667	669
17.11033333	677
17.12113333	645
17.13183333	643
17.14223333	648
17.15298333	642
17.16365	624
17.17395	645
17.18445	640
17.19515	618
17.20585	630
17.21648333	642
17.22698333	642
17.23735	638
17.24833333	630
17.25878333	622
17.26971667	659
17.28005	627
17.29046667	656
17.30103333	620
17.31143333	625
17.32178333	634
17.33236667	624
17.34281667	621
17.35333333	635
17.36373333	627
17.37368333	631
17.38343333	624
17.39295	597
17.4023	585
17.41175	571
17.42113333	561
17.43091667	567
17.44096667	563
17.45143333	587
17.46258333	603
17.47375	628
17.48583333	669
17.49753333	670
17.50926667	725
17.52081667	702
17.53238333	704
17.55343333	693
17.56355	694
17.57348333	0
17.58353333	607
17.5935	596
17.60328333	603
17.61291667	598
17.62243333	587
17.6317	578
17.64091667	571
17.65055	556
17.66065	553
17.6707	578
17.6811	606
17.69155	603
17.70176667	624
17.71201667	627
17.7221	613
17.73248333	615
17.7428	605
17.7532	623
17.76383333	619
17.77438333	624
17.7846	638
17.79521667	633
17.80591667	613
17.81656667	637
17.827	642
17.83778333	639
17.84831667	626
17.85888333	647
17.8694	632
17.88006667	634
17.89086667	631
17.90128333	640
17.9118	648
17.92263333	625
17.93326667	631
17.94375	650
17.95468333	638
17.96528333	629
17.97585	656
17.98691667	636
17.99813333	634
18.0091	664
18.0201	673
18.03121667	658
18.04291667	660
18.05373333	667
18.06503333	702
18.07628333	649
18.08691667	678
18.09751667	675
18.1082	638
18.11896667	636
18.12945	641
18.13996667	646
18.1509	629
18.16133333	631
18.17175	656
18.18251667	626
18.19328333	625
18.20375	646
18.2145	646
18.22548333	628
18.23643333	645
18.24738333	659
18.2588	657
18.2699	657
18.28053333	685
18.29131667	666
18.30198333	638
18.31248333	647
18.32311667	640
18.33361667	630
18.34433333	638
18.35478333	630
18.36538333	643
18.37635	627
18.3874	636
18.39916667	658
18.41078333	663
18.42176667	706
18.43255	697
18.44331667	659
18.4539	647
18.46455	646
18.47525	635
18.48601667	639
18.49675	642
18.50708333	646
18.51738333	644
18.52786667	620
18.538	618
18.54816667	629
18.55841667	608
18.56838333	610
18.57875	615
18.5892	598
18.59935	622
18.60966667	627
18.61995	609
18.6305	619
18.64123333	617
18.6517	633
18.66201667	644
18.67248333	628
18.68265	619
18.69296667	628
18.7029	610
18.71296667	619
18.7233	596
18.73396667	604
18.74473333	620
18.75646667	640
18.76701667	646
18.77781667	704
18.78851667	633
18.79966667	648
18.81093333	642
18.82215	669
18.83286667	676
18.84358333	673
18.85376667	643
18.86421667	643
18.8743	611
18.88416667	627
18.89386667	605
18.90335	592
18.91283333	582
18.92243333	569
18.93195	569
18.9417	576
18.95161667	571
18.96183333	585
18.97276667	595
18.9837	613
18.9944	656
19.00491667	656
19.0158	642
19.02668333	631
19.03775	653
19.04856667	653
19.05911667	664
19.06953333	649
19.07951667	633
19.08946667	625
19.09898333	599
19.1086	597
19.11826667	571
19.1281	577
19.13801667	580
19.148	590
19.1586	595
19.16926667	599
19.18005	636
19.19171667	640
19.20316667	647
19.21463333	700
19.226	687
19.23793333	688
19.24975	682
19.2613	716
19.2732	709
19.28458333	693
19.29581667	714
19.30646667	683
19.31681667	674
19.32681667	639
19.33651667	621
19.34633333	600
19.35661667	582
19.36746667	589
19.3796	617
19.39145	651
19.40275	728
19.4147	711
19.42693333	678
19.4392	717
19.4512	734
19.46343333	736
19.47543333	720
19.4873	734
19.49918333	720
19.5109	712
19.52203333	713
19.53311667	703
19.54451667	668
19.55493333	665
19.5659	684
19.57683333	625
19.5875	658
19.59856667	656
19.60956667	640
19.62051667	664
19.63163333	660
19.64286667	657
19.65416667	667
19.66518333	674
19.67695	678
19.68795	661
19.6988	706
19.71023333	660
19.72073333	651
19.73108333	686
19.74158333	630
19.75193333	621
19.7622	630
19.77251667	621
19.78291667	616
19.79343333	619
19.80391667	624
19.81458333	631
19.82603333	629
19.83668333	640
19.84785	687
19.85943333	639
19.87001667	670
19.88105	695
19.8923	635
19.9028	662
19.91381667	675
19.92436667	630
19.93471667	661
19.94515	633
19.9557	621
19.96608333	626
19.97631667	633
19.98671667	623
19.997	614
20.00723333	624
20.01743333	617
20.028	614
20.03835	612
20.04865	634
20.05906667	621
20.06948333	618
20.07981667	625
20.0901	625
20.1005	620
20.11083333	617
20.12088333	624
20.1313	620
20.14168333	603
20.15218333	625
20.16246667	623
20.17306667	630
20.18358333	617
20.19383333	636
20.20443333	631
20.21473333	615
20.22485	636
20.23483333	618
20.24488333	607
20.25458333	599
20.26443333	603
20.27441667	582
20.2844	591
20.29453333	599
20.30481667	599
20.31501667	608
20.32536667	617
20.33576667	612
20.34598333	621
20.3559	624
20.36608333	613
20.37636667	595
20.38656667	611
20.39671667	617
20.407	612
20.41695	609
20.4267	617
20.43638333	597
20.44675	585
20.45705	581
20.46696667	622
20.47665	618
20.48616667	595
20.49543333	581
20.50458333	571
20.51366667	556
20.52283333	549
20.53206667	545
20.5414	550
20.55078333	554
20.56008333	560
20.56951667	563
20.5788	558
20.5879	566
20.59706667	557
20.60606667	546
20.61506667	550
20.62408333	540
20.63305	540
20.64213333	541
20.65148333	538
20.66086667	545
20.67033333	561
20.67986667	563
20.68986667	568
20.7001	572
20.71025	600
20.72015	614
20.72985	609
20.73935	594
20.74881667	582
20.75825	570
20.76801667	568
20.77791667	566
20.78785	586
20.7979	594
20.80818333	596
20.81891667	603
20.8297	617
20.84078333	644
20.85191667	647
20.86283333	665
20.87416667	668
20.88561667	655
20.89715	680
20.90868333	687
20.92023333	692
20.9313	692
20.94201667	693
20.95231667	664
20.96213333	643
20.97205	618
20.98233333	589
20.99385	595
21.00561667	617
21.01761667	691
21.02978333	706
21.04171667	720
21.0538	730
21.0657	716
21.07746667	725
21.08861667	714
21.1002	706
21.11193333	669
21.12371667	695
21.13536667	704
21.14715	707
21.15913333	699
21.17133333	707
21.18375	719
21.19625	732
21.20813333	745
21.22048333	750
21.23303333	713
21.24535	741
21.25826667	753
21.27121667	739
21.28396667	775
21.29685	777
21.30961667	765
21.32226667	773
21.335	766
21.34771667	759
21.36043333	764
21.3732	763
21.38518333	763
21.39725	766
21.40951667	719
21.42188333	724
21.43451667	736
21.4474	742
21.46058333	758
21.47411667	773
21.48743333	791
21.50053333	812
21.51391667	799
21.52736667	786
21.54021667	803
21.55415	807
21.56765	771
21.58001667	836
21.5928	810
21.6058	742
21.61868333	767
21.63176667	780
21.64468333	773
21.65675	785
21.66933333	775
21.68196667	724
21.69488333	755
21.70785	758
21.72081667	775
21.7331	778
21.74486667	778
21.7561	737
21.76738333	706
21.77846667	674
21.79018333	677
21.8023	665
21.81506667	703
21.8271	727
21.83936667	766
21.85206667	722
21.86511667	736
21.87838333	762
21.8918	783
21.90526667	796
21.91818333	805
21.9312	808
21.94411667	775
21.957	781
21.9697	775
21.98171667	773
21.99251667	762
22.00346667	721
22.01441667	648
22.02565	657
22.03756667	657
22.04885	674
22.05963333	715
22.07078333	677
22.08276667	647
22.09561667	669
22.10838333	719
22.12143333	771
22.13461667	766
22.1478	783
22.16033333	791
22.1731	791
22.18571667	752
22.19826667	766
22.21066667	757
22.22278333	753
22.23418333	744
22.24526667	727
22.25628333	684
22.26741667	665
22.27896667	661
22.29096667	668
22.30331667	693
22.31583333	720
22.32866667	741
22.34153333	751
22.35393333	770
22.36671667	772
22.37951667	744
22.39243333	767
22.40541667	768
22.41758333	775
22.42955	779
22.4418	730
22.45335	718
22.46435	735
22.47498333	693
22.48571667	660
22.49696667	638
22.50818333	644
22.51958333	675
22.53168333	673
22.54403333	684
22.55643333	726
22.56901667	741
22.58173333	744
22.59416667	755
22.60703333	763
22.61993333	746
22.63265	772
22.64526667	774
22.65805	763
22.67091667	757
22.68385	767
22.69675	772
22.70915	776
22.72171667	774
22.73408333	744
22.74568333	754
22.75696667	742
22.76885	696
22.78065	677
22.79296667	713
22.80533333	708
22.81763333	739
22.82911667	742
22.841	738
22.8525	689
22.86391667	713
22.87556667	690
22.88758333	685
22.89866667	699
22.91005	721
22.92141667	665
22.93285	683
22.94483333	682
22.9566	686
22.96863333	719
22.98056667	706
22.99258333	722
23.00428333	716
23.01553333	721
23.0268	702
23.0383	675
23.05058333	676
23.0628	690
23.07441667	737
23.08661667	733
23.09881667	697
23.1114	732
23.12408333	732
23.1373	755
23.15063333	761
23.16435	793
23.17755	800
23.18993333	823
23.2019	792
23.21366667	743
23.22511667	718
23.23711667	706
23.24976667	687
23.26225	720
23.27516667	759
23.28801667	749
23.30191667	775
23.31576667	771
23.33028333	834
23.34405	831
23.35735	871
23.37043333	826
23.38363333	798
23.39663333	785
23.4098	792
23.42286667	780
23.4354	790
23.4482	784
23.46108333	752
23.47318333	768
23.4858	773
23.4986	726
23.51158333	757
23.52391667	768
23.5367	779
23.54943333	740
23.56153333	767
23.57398333	764
23.58633333	726
23.59853333	747
23.61095	741
23.62343333	732
23.63608333	745
23.6485	749
23.66146667	759
23.67461667	745
23.68756667	778
23.70066667	789
23.71365	777
23.72628333	786
23.73895	779
23.75156667	758
23.76306667	760
23.77455	757
23.78655	690
23.79808333	689
23.81005	720
23.82203333	692
23.83376667	718
23.84603333	719
23.8585	704
23.8708	736
23.88326667	748
23.89548333	738
23.90785	748
23.9204	733
23.93278333	742
23.94551667	753
23.95836667	743
23.97091667	764
23.9837	771
23.99665	753
24.00926667	767
24.02195	777
24.0344	757
24.04673333	761
24.05886667	747
24.0712	740
24.08358333	728
24.09521667	740
24.107	743
24.11858333	698
24.13031667	707
24.14186667	695
24.15395	704
24.16633333	693
24.17885	725
24.19121667	743
24.20413333	751
24.21731667	742
24.2301	775
24.24363333	791
24.25698333	767
24.26978333	812
24.28335	801
24.29685	768
24.31018333	814
24.32378333	810
24.3374	800
24.35078333	816
24.36361667	817
24.37685	803
24.3903	770
24.40293333	794
24.4159	807
24.42886667	758
24.44191667	778
24.45451667	778
24.46766667	783
24.48096667	756
24.4944	789
24.50766667	798
24.52161667	806
24.53511667	796
24.54851667	837
24.56236667	810
24.57588333	804
24.58948333	831
24.60273333	811
24.61575	816
24.62815	795
24.64091667	781
24.65363333	744
24.66643333	766
24.67888333	763
24.69178333	768
24.70476667	747
24.71788333	774
24.73058333	779
24.74371667	787
24.75691667	762
24.76988333	788
24.78281667	792
24.7958	778
24.80871667	776
24.82118333	779
24.83403333	775
24.84713333	748
24.86041667	771
24.87328333	786
24.88685	797
24.9005	772
24.91363333	814
24.92725	819
24.9408	788
24.9538	817
24.96663333	813
24.97958333	780
24.99238333	770
25.00463333	777
25.01686667	768
25.02948333	735
25.04248333	734
25.05498333	757
25.0681	780
25.08163333	750
25.0954	787
25.10856667	812
25.12245	826
25.13606667	790
25.14916667	833
25.16236667	817
25.17556667	786
25.18846667	792
25.20055	792
25.2128	774
25.22538333	725
25.23783333	735
25.24993333	755
25.26278333	747
25.27598333	726
25.28896667	771
25.3017	792
25.31506667	779
25.32898333	764
25.34346667	802
25.35726667	835
25.37231667	869
25.38656667	828
25.39983333	903
25.41348333	855
25.42703333	796
25.44021667	819
25.45296667	813
25.46598333	791
25.47875	765
25.49065	781
25.5022	766
25.51401667	714
25.52626667	693
25.53853333	709
25.55063333	735
25.56356667	736
25.57601667	726
25.58815	776
25.60066667	747
25.61306667	728
25.62526667	751
25.6374	744
25.6498	732
25.66201667	728
25.67351667	744
25.6862	733
25.69853333	690
25.71026667	761
25.72281667	740
25.7352	704
25.74753333	753
25.75961667	743
25.77215	740
25.78491667	725
25.7975	752
25.81028333	766
25.82343333	755
25.83658333	767
25.84928333	789
25.8626	789
25.87588333	762
25.8885	799
25.90145	797
25.91411667	757
25.9256	777
25.93703333	760
25.9481	689
25.95875	686
25.96928333	664
25.98016667	639
25.99111667	632
26.0029	653
26.01536667	657
26.02776667	707
26.03991667	748
26.0526	744
26.06553333	729
26.07873333	761
26.09131667	776
26.10423333	792
26.11698333	755
26.12915	775
26.14145	765
26.1535	730
26.16598333	738
26.17841667	723
26.19121667	749
26.20455	746
26.21818333	768
26.23173333	800
26.2457	818
26.25958333	813
26.27411667	838
26.28778333	833
26.30238333	872
26.3163	820
26.33038333	876
26.34371667	835
26.35611667	845
26.36878333	800
26.38243333	744
26.39706667	760
26.41176667	819
26.42665	878
26.44108333	882
26.45578333	893
26.4706	866
26.4861	882
26.50075	889
26.51576667	930
26.53011667	879
26.5443	901
26.55823333	861
26.5721	851
26.58608333	836
26.6	832
26.61396667	839
26.62786667	835
26.64126667	838
26.65518333	834
26.66913333	804
26.68288333	835
26.69645	837
26.71005	825
26.72326667	814
26.73613333	816
26.74865	793
26.76081667	772
26.77388333	751
26.78761667	730
26.80205	784
26.81658333	824
26.833	866
26.84796667	872
26.86206667	985
26.87596667	898
26.88993333	846
26.90381667	834
26.91716667	838
26.93075	833
26.94425	801
26.95775	815
26.97133333	810
26.98488333	810
26.99848333	815
27.01203333	813
27.02553333	816
27.03901667	813
27.05196667	810
27.06533333	809
27.07838333	777
27.09093333	802
27.10293333	783
27.1155	753
27.1283	720
27.14131667	754
27.15325	768
27.16628333	781
27.17903333	716
27.19175	782
27.20435	765
27.21735	763
27.23046667	756
27.24313333	780
27.25625	787
27.26935	760
27.28256667	787
27.29545	786
27.30895	793
27.32253333	773
27.33571667	810
27.34948333	815
27.36315	791
27.37618333	826
27.38953333	820
27.40276667	782
27.4153	801
27.42793333	794
27.441	752
27.45438333	758
27.467	784
27.48008333	803
27.49315	757
27.50553333	785
27.51826667	784
27.53081667	743
27.54273333	764
27.5546	753
27.56663333	715
27.57886667	712
27.59101667	722
27.60323333	734
27.6158	729
27.62848333	733
27.64125	754
27.65396667	761
27.66678333	766
27.6797	763
27.69263333	769
27.7053	775
27.71796667	776
27.73068333	760
27.74346667	760
27.75598333	763
27.76905	767
27.7822	751
27.7951	784
27.80768333	789
27.82061667	774
27.83343333	755
27.84591667	776
27.85853333	769
27.8711	749
27.88371667	757
27.89595	754
27.90861667	757
27.92126667	734
27.93375	760
27.94618333	759
27.95878333	749
27.97143333	746
27.98413333	756
27.99676667	759
28.00973333	762
28.02295	758
28.0365	778
28.04958333	793
28.06286667	813
28.076	785
28.0891	797
28.10175	788
28.11428333	786
28.1267	759
28.1389	752
28.15036667	745
28.16175	732
28.17321667	688
28.18481667	683
28.1962	688
28.20793333	696
28.22028333	683
28.23256667	704
28.2444	741
28.25641667	737
28.26851667	710
28.28065	721
28.29266667	726
28.30461667	728
28.3165	721
28.32786667	717
28.3387	713
28.34951667	682
28.3601	650
28.37068333	649
28.38156667	635
28.39231667	635
28.40278333	653
28.41358333	645
28.42521667	628
28.43611667	648
28.44756667	698
28.45898333	654
28.47065	687
28.48243333	685
28.49408333	700
28.50588333	707
28.51785	699
28.52995	708
28.542	718
28.55405	726
28.56575	723
28.57758333	723
28.58931667	702
28.60105	710
28.61271667	704
28.62428333	704
28.63615	700
28.64816667	694
28.66053333	712
28.67308333	721
28.68551667	742
28.69863333	753
28.71195	746
28.72563333	787
28.73811667	799
28.75063333	821
28.76295	749
28.77516667	751
28.78695	739
28.79903333	733
28.8112	707
28.82346667	725
28.83573333	730
28.84843333	736
28.8613	736
28.87391667	762
28.8861	772
28.89853333	757
28.91085	731
28.9233	746
28.93576667	739
28.9483	747
28.9605	748
28.97315	752
28.98595	732
28.99868333	759
29.01176667	768
29.02498333	764
29.03821667	785
29.0511	793
29.06423333	794
29.07725	773
29.09018333	788
29.10268333	781
29.11541667	776
29.12805	750
29.14081667	764
29.15378333	758
29.16668333	766
29.17986667	778
29.19323333	774
29.20678333	791
29.21986667	802
29.23301667	813
29.24588333	785
29.25878333	789
29.27098333	772
29.28205	774
29.29313333	732
29.3038	664
29.31436667	665
29.32648333	640
29.33981667	634
29.35231667	727
29.36491667	800
29.37781667	750
29.39046667	756
29.40318333	774
29.41545	759
29.42728333	763
29.43878333	736
29.44948333	710
29.45965	690
29.46968333	642
29.47973333	610
29.49021667	602
29.50061667	603
29.5109	629
29.52143333	624
29.53278333	617
29.54431667	632
29.55606667	681
29.56806667	692
29.58031667	705
29.59266667	720
29.60491667	735
29.61678333	741
29.6285	735
29.64011667	712
29.65201667	703
29.66428333	697
29.67688333	714
29.68991667	736
29.70325	756
29.71663333	782
29.72993333	800
29.74305	803
29.75601667	798
29.7689	787
29.78116667	778
29.7938	773
29.80641667	736
29.8191	758
29.8314	757
29.8437	761
29.85628333	738
29.86881667	738
29.88123333	755
29.89351667	752
29.90605	745
29.91865	737
29.93105	752
29.94328333	756
29.95573333	744
29.96801667	734
29.98008333	747
29.992	737
30.00435	724
30.01673333	715
30.02926667	741
30.04193333	743
30.05436667	752
30.06741667	760
30.08048333	746
30.09355	783
30.10616667	784
30.11933333	784
30.1326	757
30.14576667	790
30.15846667	796
30.17148333	790
30.1844	762
30.19733333	781
30.2097	775
30.22248333	776
30.23513333	742
30.24786667	767
30.2602	759
30.27273333	764
30.28536667	740
30.29816667	752
30.31088333	758
30.32388333	768
30.33703333	763
30.35046667	780
30.3635	789
30.3763	806
30.3895	782
30.40256667	768
30.41523333	792
30.42833333	784
30.44203333	760
30.45603333	786
30.47015	822
30.48556667	840
30.5005	847
30.51511667	925
30.5303	896
30.54516667	877
30.55905	911
30.57303333	892
30.58655	833
30.59961667	839
30.61346667	811
30.62655	784
30.64136667	831
30.6555	785
30.66835	889
30.68126667	848
30.69306667	771
30.70465	775
30.7165	708
30.72831667	695
30.74026667	711
30.75298333	709
30.76578333	717
30.77861667	763
30.79098333	768
30.80325	770
30.81501667	742
30.82618333	736
30.83705	706
30.84765	670
30.85793333	652
30.8682	636
30.8785	617
30.88943333	616
30.90183333	618
30.91491667	656
30.92856667	744
30.9428	785
30.95708333	819
30.9734	854
30.9887	857
31.00251667	979
31.016	918
31.02951667	829
31.04271667	809
31.05543333	811
31.06728333	792
31.07843333	763
31.09046667	711
31.1031	669
31.1162	722
31.1285	758
31.14093333	786
31.15381667	738
31.16741667	746
31.18138333	773
31.1949	816
31.20855	838
31.22193333	811
31.23525	819
31.24838333	803
31.26111667	799
31.27351667	788
31.28558333	764
31.29653333	744
31.30728333	724
31.31813333	657
31.32918333	645
31.34058333	651
31.35196667	663
31.36345	684
31.37418333	683
31.38633333	689
31.39846667	644
31.41038333	729
31.42238333	728
31.43465	715
31.4469	720
31.45906667	736
31.471	735
31.4831	730
31.4953	716
31.50758333	726
31.52001667	732
31.53261667	737
31.54503333	746
31.5578	756
31.57068333	745
31.58356667	766
31.59663333	773
31.6096	773
31.62268333	784
31.63571667	778
31.6487	785
31.66125	782
31.67311667	779
31.68483333	753
31.69636667	712
31.70803333	703
31.72033333	692
31.73256667	700
31.74536667	738
31.75893333	734
31.77303333	768
31.7866	814
31.80046667	846
31.81431667	814
31.828	832
31.84123333	831
31.85403333	821
31.86678333	794
31.87926667	768
31.89131667	765
31.90325	749
31.91546667	723
31.9277	716
31.93965	733
31.95166667	734
31.96393333	717
31.97655	721
31.97655	736
31.97655	757
