0.010283333	617
0.020533333	615
0.0307	610
0.04085	609
0.051366667	631
0.06225	653
0.07345	672
0.084066667	637
0.094033333	598
0.103966667	596
0.11385	593
0.1238	597
0.134066667	616
0.144916667	651
0.15545	632
0.1655	603
0.175083333	575
0.184316667	554
0.193433333	547
0.2027	556
0.212066667	562
0.2217	578
0.231333333	578
0.240883333	573
0.25015	556
0.25945	558
0.26885	564
0.278383333	572
0.287933333	573
0.297533333	576
0.3071	574
0.316583333	569
0.325766667	551
0.33495	551
0.344033333	545
0.352833333	528
0.361683333	531
0.370566667	533
0.379433333	532
0.388233333	528
0.396916667	521
0.405716667	528
0.4146	533
0.423533333	536
0.432416667	533
0.44125	530
0.450033333	527
0.458933333	534
0.467883333	537
0.477016667	548
0.4861	545
0.49515	543
0.504216667	544
0.513383333	550
0.522633333	555
0.531766667	548
0.540916667	549
0.550216667	558
0.5596	563
0.568966667	562
0.5784	566
0.587983333	575
0.597883333	594
0.608183333	618
0.61855	622
0.628516667	598
0.638583333	604
0.6485	595
0.6581	576
0.667466667	562
0.6768	560
0.686116667	559
0.695383333	556
0.704483333	546
0.713566667	545
0.722633333	544
0.731433333	528
0.740416667	539
0.749333333	535
0.758366667	542
0.7675	548
0.776616667	547
0.785666667	543
0.794583333	535
0.8035	535
0.812383333	533
0.821166667	527
0.8299	524
0.838483333	515
0.847116667	518
0.855916667	528
0.86485	536
0.8737	531
0.882666667	538
0.891866667	552
0.901366667	570
0.911116667	585
0.920933333	589
0.9306	580
0.94035	585
0.949816667	568
0.9592	563
0.968583333	563
0.977883333	558
0.9873	565
0.997083333	587
1.007	595
1.016833333	590
1.026316667	569
1.035516667	552
1.044766667	555
1.054133333	562
1.063616667	569
1.073283333	580
1.08285	574
1.092216667	562
1.101483333	556
1.11095	568
1.120633333	581
1.130183333	573
1.139916667	584
1.14955	578
1.159083333	572
1.168666667	575
1.178216667	573
1.187516667	558
1.196516667	540
1.20535	530
1.214133333	527
1.222966667	530
1.232016667	543
1.241583333	574
1.251533333	597
1.26125	583
1.270783333	572
1.28025	568
1.29015	594
1.3006	627
1.311366667	646
1.321416667	603
1.331	575
1.340416667	565
1.3498	563
1.359233333	566
1.3687	568
1.378033333	560
1.38735	559
1.396616667	556
1.405916667	558
1.413	425
1.424183333	671
1.432933333	525
1.441516667	515
1.450066667	513
1.45865	515
1.467316667	520
1.476216667	534
1.4852	539
1.494266667	544
1.50335	545
1.5127	561
1.522833333	608
1.533183333	621
1.542916667	584
1.552316667	564
1.561733333	565
1.571483333	585
1.581316667	590
1.591416667	606
1.601416667	600
1.611116667	582
1.620516667	564
1.62975	554
1.638916667	550
1.64815	554
1.6575	561
1.666816667	559
1.676216667	564
1.685733333	571
1.695166667	566
1.704383333	553
1.713616667	554
1.722916667	558
1.7323	563
1.741716667	565
1.751016667	558
1.760266667	555
1.7695	554
1.77875	555
1.788166667	565
1.79775	575
1.80715	564
1.816516667	562
1.826033333	571
1.835666667	578
1.845216667	573
1.854683333	568
1.863916667	554
1.87075	410
1.882533333	707
1.8918	556
1.900966667	550
1.910083333	547
1.919066667	539
1.927983333	535
1.936916667	536
1.946	545
1.955133333	548
1.964316667	551
1.9733	539
1.982083333	527
1.990883333	528
1.999733333	531
2.00865	535
2.017783333	548
2.02705	556
2.036216667	550
2.045316667	546
2.054583333	556
2.064183333	576
2.074033333	591
2.0841	604
2.093883333	587
2.103666667	587
2.113616667	597
2.123833333	613
2.13405	613
2.143816667	586
2.153333333	571
2.162916667	575
2.172666667	585
2.182566667	594
2.192383333	589
2.201816667	566
2.21125	566
2.220783333	572
2.230516667	584
2.240433333	595
2.2504	598
2.260316667	595
2.2701	587
2.280016667	595
2.289883333	592
2.2995	577
2.3087	552
2.317783333	545
2.326866667	545
2.335883333	541
2.344783333	534
2.353633333	531
2.362483333	531
2.371383333	534
2.380516667	548
2.3899	563
2.3992	558
2.408366667	550
2.417683333	559
2.427283333	576
2.437233333	597
2.447116667	593
2.456683333	574
2.466133333	567
2.475616667	569
2.48535	584
2.495166667	589
2.504816667	579
2.514316667	570
2.52355	554
2.53265	546
2.541683333	542
2.550783333	546
2.56095	610
2.571966667	661
2.583033333	664
2.594383333	681
2.605933333	693
2.617233333	678
2.628233333	660
2.63875	631
2.6489	609
2.658466667	574
2.667766667	558
2.67695	551
2.68605	546
2.695066667	541
2.7044	560
2.7144	600
2.724316667	595
2.734483333	610
2.744883333	624
2.755216667	620
2.765533333	619
2.77565	607
2.785233333	575
2.79455	559
2.803783333	554
2.813016667	554
2.822466667	567
2.832233333	586
2.84205	589
2.851633333	575
2.8611	568
2.870433333	560
2.879866667	566
2.889333333	568
2.89885	571
2.908316667	568
2.917633333	559
2.92685	553
2.93605	552
2.94535	558
2.954783333	566
2.964316667	572
2.973666667	561
2.982866667	552
2.991883333	541
3.0008	535
3.0097	534
3.01865	537
3.0277	543
3.036633333	536
3.045533333	534
3.054483333	537
3.0634	535
3.07235	537
3.081266667	535
3.090183333	535
3.099233333	543
3.107533333	498
3.117533333	600
3.12645	535
3.13525	528
3.144	525
3.152733333	524
3.16155	529
3.170666667	547
3.180283333	577
3.190383333	606
3.200416667	602
3.2105	605
3.220833333	620
3.230966667	608
3.24085	593
3.2504	573
3.259616667	553
3.2685	533
3.277233333	524
3.28595	523
3.29455	516
3.303116667	514
3.311733333	517
3.320516667	527
3.329416667	534
3.338533333	547
3.348016667	569
3.357733333	583
3.3676	592
3.3774	588
3.38695	573
3.39645	570
3.405916667	568
3.415283333	562
3.424366667	545
3.433266667	534
3.442	524
3.450716667	523
3.459333333	517
3.468	520
3.476933333	536
3.486166667	554
3.495733333	574
3.50545	583
3.515383333	596
3.52515	586
3.53465	570
3.544	561
3.553316667	559
3.562566667	555
3.571716667	549
3.580733333	541
3.5896	532
3.598266667	520
3.606883333	517
3.61545	514
3.624133333	521
3.632816667	521
3.641483333	520
3.650033333	513
3.658533333	510
3.667133333	516
3.675883333	525
3.685066667	551
3.694683333	577
3.704616667	596
3.714783333	610
3.725016667	614
3.734983333	598
3.7448	589
3.75465	591
3.764516667	592
3.774333333	589
3.783916667	575
3.79325	560
3.802383333	548
3.81155	550
3.82085	558
3.830316667	568
3.8398	569
3.849233333	566
3.858633333	564
3.86805	565
3.877433333	563
3.886783333	561
3.895933333	549
3.90495	541
3.9139	537
3.92285	537
3.93175	534
3.940683333	536
3.94955	532
3.958483333	536
3.96745	538
3.976566667	547
3.9858	554
3.9953	570
4.004983333	581
4.014816667	590
4.0247	593
4.034766667	604
4.045	614
4.055016667	601
4.064783333	586
4.074166667	563
4.083333333	550
4.092416667	545
4.1015	545
4.110466667	538
4.119383333	535
4.128316667	536
4.137316667	540
4.1465	551
4.155916667	565
4.165566667	579
4.17535	587
4.185133333	587
4.1948	580
4.204566667	586
4.214383333	589
4.2242	589
4.234166667	598
4.24375	575
4.253166667	565
4.26255	563
4.271866667	559
4.281033333	550
4.29015	547
4.299166667	541
4.308216667	543
4.31735	548
4.32665	558
4.336033333	563
4.345533333	570
4.354983333	567
4.364616667	578
4.374483333	592
4.384666667	611
4.394733333	604
4.404666667	596
4.414666667	600
4.42465	599
4.434433333	587
4.444183333	585
4.453733333	573
4.4633	574
4.472833333	572
4.482283333	567
4.491666667	563
4.501233333	574
4.510933333	582
4.5207	586
4.530666667	598
4.540466667	588
4.5501	578
4.559533333	566
4.5688	556
4.578116667	559
4.587533333	565
4.597	568
4.606383333	563
4.616033333	579
4.6261	604
4.6363	612
4.6462	594
4.655933333	584
4.66575	589
4.675566667	589
4.685316667	585
4.694933333	577
4.704416667	569
4.7138	563
4.7231	558
4.732466667	562
4.741933333	568
4.751516667	575
4.761033333	571
4.770466667	566
4.779883333	565
4.789433333	573
4.799216667	587
4.809033333	589
4.818583333	573
4.828	565
4.8373	558
4.84655	555
4.855866667	559
4.865333333	568
4.874933333	576
4.884616667	581
4.894166667	573
4.903566667	564
4.912883333	559
4.9222	559
4.931616667	565
4.941183333	574
4.950783333	576
4.960166667	563
4.969416667	555
4.978716667	558
4.98805	560
4.997433333	563
5.00695	571
5.016366667	565
5.02565	557
5.034866667	553
5.0442	560
5.05345	555
5.062683333	554
5.071933333	555
5.081166667	554
5.090366667	552
5.099466667	546
5.10845	539
5.117383333	536
5.126416667	542
5.13575	560
5.1453	573
5.155033333	584
5.164916667	593
5.17495	602
5.184866667	595
5.194716667	591
5.204483333	586
5.214033333	573
5.2235	568
5.232933333	566
5.242416667	569
5.251866667	567
5.261266667	564
5.27075	569
5.2803	573
5.289883333	575
5.299466667	575
5.309	572
5.318566667	574
5.3283	584
5.33805	585
5.347783333	584
5.3574	577
5.366716667	559
5.375916667	552
5.3852	557
5.394683333	569
5.40395	556
5.413166667	553
5.4224	554
5.43175	561
5.441183333	566
5.4507	571
5.460133333	566
5.469416667	557
5.478666667	555
5.488016667	561
5.497333333	559
5.50655	553
5.515616667	544
5.524633333	541
5.53375	547
5.542983333	554
5.552283333	558
5.561733333	567
5.571233333	570
5.5807	568
5.59025	573
5.60005	588
5.60995	594
5.61975	588
5.629266667	571
5.63875	569
5.648216667	568
5.6576	563
5.666816667	553
5.67585	542
5.6848	537
5.693766667	538
5.702733333	538
5.71185	547
5.721083333	554
5.7305	565
5.739883333	563
5.749483333	576
5.759833333	621
5.770766667	656
5.781383333	637
5.791633333	615
5.801883333	615
5.812166667	617
5.82235	611
5.8323	597
5.842	582
5.851733333	584
5.861466667	584
5.871316667	591
5.881183333	592
5.890883333	582
5.9005	577
5.91025	585
5.920133333	593
5.930333333	612
5.940516667	611
5.9504	593
5.960116667	583
5.9698	581
5.979383333	575
5.988966667	575
5.99835	563
6.007633333	557
6.017033333	564
6.02675	583
6.036733333	599
6.0467	598
6.05645	585
6.066066667	577
6.0757	578
6.08555	591
6.09555	600
6.1056	603
6.1155	594
6.125333333	590
6.135216667	593
6.1451	593
6.1551	600
6.165133333	602
6.174883333	585
6.184416667	572
6.193916667	570
6.203516667	576
6.212833333	559
6.222166667	560
6.23145	557
6.240733333	557
6.250083333	561
6.2595	565
6.2688	558
6.278133333	560
6.287583333	567
6.296983333	564
6.3065	571
6.31605	573
6.325533333	569
6.334983333	567
6.3442	553
6.35315	537
6.36205	534
6.370933333	533
6.3799	538
6.388983333	545
6.398266667	557
6.40735	545
6.41635	540
6.425383333	542
6.4346	553
6.44395	561
6.45325	558
6.462633333	563
6.472066667	566
6.481566667	570
6.49105	569
6.500666667	577
6.510383333	583
6.52015	586
6.529783333	578
6.539383333	576
6.5489	571
6.5583	564
6.56775	567
6.577183333	566
6.586583333	564
6.595783333	552
6.604733333	537
6.61355	529
6.6223	525
6.631066667	526
6.639916667	531
6.648966667	543
6.658066667	546
6.667133333	544
6.676266667	548
6.685616667	561
6.695033333	565
6.704516667	569
6.713933333	565
6.723216667	557
6.732483333	556
6.741833333	561
6.75115	559
6.76045	558
6.769766667	559
6.7791	560
6.788683333	575
6.79855	592
6.808666667	607
6.81855	593
6.8285	597
6.838083333	575
6.847433333	561
6.8568	562
6.8661	558
6.87525	549
6.884316667	544
6.89335	542
6.902516667	550
6.912016667	570
6.9219	593
6.93175	591
6.941483333	584
6.95115	580
6.960966667	589
6.970783333	589
6.980466667	581
6.98995	569
6.999283333	560
7.008533333	555
7.017816667	557
7.027116667	558
7.03645	560
7.045683333	554
7.054866667	551
7.064	548
7.0732	552
7.082466667	556
7.091583333	547
7.1004	529
7.10905	519
7.117633333	515
7.126216667	515
7.13475	512
7.143283333	512
7.1519	517
7.160416667	511
7.16885	506
7.17725	504
7.185683333	506
7.19415	508
7.202666667	511
7.211183333	511
7.219766667	515
7.228216667	507
7.23675	512
7.24525	510
7.2537	507
7.26215	507
7.270466667	499
7.278716667	495
7.286933333	493
7.2951	490
7.303283333	491
7.311516667	494
7.320033333	511
7.328783333	525
7.3377	535
7.346516667	529
7.355183333	520
7.363783333	516
7.37235	514
7.380983333	518
7.389633333	519
7.3982	514
7.406666667	508
7.415083333	505
7.42335	496
7.4316	495
7.439933333	500
7.44835	505
7.45685	510
7.465383333	512
7.473966667	515
7.482483333	511
7.490933333	507
7.4995	514
7.50805	513
7.516616667	514
7.5251	509
7.53355	507
7.542016667	508
7.550466667	507
7.558866667	504
7.56715	497
7.5753	489
7.583383333	485
7.59145	484
7.599466667	481
7.607433333	478
7.615433333	480
7.623566667	488
7.631533333	478
7.6395	478
7.647516667	481
7.6556	485
7.663833333	494
7.672116667	497
7.68045	500
7.68875	498
7.69695	492
7.70515	492
7.713316667	490
7.72155	494
7.729866667	499
7.738166667	498
7.74655	503
7.754883333	500
7.763133333	495
7.771433333	498
7.779816667	503
7.788266667	507
7.796666667	504
7.805016667	501
7.813383333	502
7.821666667	497
7.82995	497
7.83835	504
7.8468	507
7.855483333	521
7.86415	520
7.872883333	524
7.881566667	521
7.8901	512
7.8988	522
7.907483333	521
7.916033333	513
7.9246	514
7.933	504
7.941316667	499
7.949666667	501
7.9579	494
7.966116667	493
7.974333333	493
7.982516667	491
7.990766667	495
7.999066667	498
8.00765	515
8.016333333	521
8.025166667	530
8.034083333	535
8.042983333	534
8.052	541
8.06115	549
8.070333333	551
8.0796	556
8.088816667	553
8.098233333	565
8.107666667	566
8.116866667	552
8.126	548
8.1349	534
8.143383333	509
8.150716667	440
8.159883333	550
8.167983333	486
8.17505	424
8.184166667	547
8.19215	479
8.2	471
8.208183333	491
8.216066667	473
8.22415	485
8.23235	492
8.240833333	509
8.24935	511
8.257933333	515
8.266683333	525
8.275533333	531
8.284633333	546
8.29375	547
8.302833333	545
8.311833333	540
8.320683333	531
8.32975	544
8.338883333	548
8.347866667	539
8.356716667	531
8.365316667	516
8.3725	431
8.3826	606
8.391133333	512
8.399933333	528
8.408733333	528
8.417533333	528
8.426166667	518
8.434983333	529
8.444066667	545
8.453316667	555
8.462783333	568
8.4719	547
8.48095	543
8.490116667	550
8.499216667	546
8.508183333	538
8.51705	532
8.526	537
8.534866667	532
8.543783333	535
8.552683333	534
8.561533333	531
8.570333333	528
8.57895	517
8.587533333	515
8.59615	517
8.604866667	523
8.613866667	540
8.623033333	550
8.63235	559
8.6416	555
8.65095	561
8.66005	546
8.669116667	544
8.6784	557
8.687666667	556
8.696833333	550
8.705866667	542
8.714966667	546
8.72395	539
8.732733333	527
8.7416	532
8.750383333	527
8.759266667	533
8.768266667	540
8.77725	539
8.786183333	536
8.795166667	539
8.804283333	547
8.8133	541
8.822283333	539
8.831283333	540
8.840133333	531
8.848833333	522
8.857583333	525
8.8663	523
8.874983333	521
8.88375	526
8.892583333	530
8.901433333	531
8.9105	544
8.919633333	548
8.928433333	528
8.937366667	536
8.9463	536
8.955166667	532
8.964066667	534
8.972766667	522
8.981533333	526
8.988433333	414
8.998866667	626
9.00725	503
9.0155	495
9.023666667	490
9.031916667	495
9.040133333	493
9.048783333	519
9.05765	532
9.06655	534
9.075683333	548
9.08505	562
9.094616667	574
9.104066667	567
9.11335	557
9.1228	567
9.131983333	551
9.140733333	525
9.149466667	524
9.15825	527
9.167066667	529
9.175816667	525
9.18445	518
9.19295	510
9.201466667	511
9.21005	515
9.218666667	517
9.2272	512
9.235833333	518
9.244366667	512
9.2531	524
9.26185	525
9.270633333	527
9.279283333	519
9.28795	520
9.296766667	529
9.305616667	531
9.314383333	526
9.32305	520
9.331883333	530
9.340716667	530
9.349433333	523
9.358233333	528
9.3671	532
9.375983333	533
9.384716667	524
9.393433333	523
9.402216667	527
9.410983333	526
9.419733333	525
9.428483333	525
9.4372	523
9.445783333	515
9.454466667	521
9.463216667	525
9.471933333	523
9.480633333	522
9.489566667	536
9.498616667	543
9.507566667	537
9.516333333	526
9.524983333	519
9.533716667	524
9.542483333	526
9.551283333	528
9.56	523
9.566583333	395
9.5776	661
9.586416667	529
9.595083333	520
9.603533333	507
9.6119	502
9.620316667	505
9.62875	506
9.637316667	514
9.645983333	520
9.65485	532
9.6638	537
9.672816667	541
9.68165	530
9.690316667	520
9.699016667	522
9.70775	524
9.716383333	518
9.725016667	518
9.733616667	516
9.742233333	517
9.750766667	512
9.759416667	519
9.767983333	514
9.77645	508
9.784916667	508
9.7934	509
9.8019	510
9.810416667	511
9.818733333	499
9.8271	502
9.835516667	505
9.843783333	496
9.852066667	497
9.860283333	493
9.868516667	494
9.876716667	492
9.884916667	492
9.8931	491
9.901266667	490
9.909433333	490
9.917683333	495
9.925883333	492
9.934166667	497
9.94245	497
9.950683333	494
9.95895	496
9.967183333	494
9.9754	493
9.983566667	490
9.9917	488
9.9998	486
10.00786667	484
10.01588333	481
10.02395	484
10.03196667	481
10.04001667	483
10.04808333	484
10.05616667	485
10.06423333	484
10.07228333	483
10.08038333	486
10.08841667	482
10.09653333	487
10.1048	496
10.11315	501
10.12136667	493
10.12958333	493
10.13786667	497
10.1461	494
10.15421667	487
10.16231667	486
10.17035	482
10.17838333	482
10.18636667	479
10.19425	473
10.20208333	470
10.20993333	471
10.21775	469
10.22555	468
10.23345	474
10.24143333	479
10.24958333	489
10.25795	502
10.26636667	505
10.27468333	499
10.28301667	500
10.29128333	496
10.29946667	491
10.30756667	486
10.31558333	481
10.32355	478
10.33148333	476
10.33946667	479
10.34743333	478
10.35553333	486
10.36368333	489
10.37185	490
10.38	489
10.38805	483
10.39606667	481
10.40423333	490
10.4124	490
10.42061667	493
10.42876667	489
10.43703333	496
10.44541667	503
10.45378333	502
10.46221667	506
10.47078333	514
10.47945	520
10.48823333	527
10.49676667	512
10.50523333	508
10.51371667	509
10.52216667	507
10.53071667	513
10.53921667	510
10.54765	506
10.55605	504
10.56443333	503
10.5728	502
10.58125	507
10.58976667	511
10.59818333	505
10.60671667	512
10.61525	512
10.62386667	517
10.63255	521
10.64101667	508
10.64953333	511
10.65806667	512
10.66665	515
10.67516667	511
10.68355	503
10.69198333	506
10.70045	508
10.70891667	508
10.71731667	504
10.7257	503
10.73401667	499
10.7425	509
10.75115	519
10.75978333	518
10.7683	511
10.77671667	505
10.78518333	508
10.7937	511
10.80216667	508
10.81046667	498
10.81868333	493
10.82683333	489
10.83498333	489
10.84315	490
10.8514	495
10.85963333	494
10.86773333	486
10.87581667	485
10.88386667	483
10.8919	482
10.8999	480
10.9079	480
10.91593333	482
10.92393333	480
10.93186667	476
10.93973333	472
10.94763333	474
10.95551667	473
10.9633	467
10.97108333	467
10.97886667	467
10.98673333	472
10.99453333	468
11.00235	469
11.01018333	470
11.01795	466
11.02573333	467
11.0335	466
11.04121667	463
11.04891667	462
11.05648333	454
11.06408333	456
11.07171667	458
11.07931667	456
11.08691667	456
11.09451667	456
11.10221667	462
11.10986667	459
11.11751667	459
11.12528333	466
11.13313333	471
11.14095	469
11.1488	471
11.15671667	475
11.16463333	475
11.1726	478
11.18071667	487
11.18896667	495
11.19725	497
11.20533333	485
11.21345	487
11.22158333	488
11.2297	487
11.23776667	484
11.24598333	493
11.25418333	492
11.26248333	498
11.2707	493
11.27895	495
11.2871	489
11.29523333	488
11.30335	487
11.31141667	484
11.31953333	487
11.3277	490
11.3359	492
11.34415	495
11.35248333	500
11.36085	502
11.36921667	502
11.37743333	493
11.38571667	497
11.39405	500
11.40246667	505
11.41101667	513
11.41956667	513
11.42818333	517
11.43666667	509
11.44503333	502
11.45326667	494
11.4615	494
11.46976667	496
11.47816667	504
11.48656667	504
11.49511667	513
11.50375	518
11.51235	516
11.52095	516
11.52948333	512
11.538	511
11.54656667	514
11.55511667	513
11.56361667	510
11.57196667	501
11.58038333	505
11.58885	508
11.5972	501
11.60548333	497
11.6137	493
11.62198333	497
11.6303	499
11.63861667	499
11.64691667	498
11.65515	494
11.66345	498
11.6719	507
11.68023333	500
11.68861667	503
11.69706667	507
11.70558333	511
11.71408333	510
11.72248333	504
11.73095	508
11.73948333	512
11.74801667	512
11.75648333	508
11.76481667	500
11.77311667	498
11.7815	503
11.78981667	499
11.79806667	495
11.80631667	495
11.8147	503
11.8231	504
11.83146667	502
11.83978333	499
11.84816667	503
11.85655	503
11.86496667	505
11.87343333	508
11.88186667	506
11.89036667	510
11.89875	503
11.90705	498
11.91543333	503
11.92371667	497
11.93196667	495
11.94013333	490
11.94815	481
11.9562	483
11.96405	471
11.97183333	467
11.9796	466
11.98735	465
11.99508333	464
12.00275	460
12.01041667	460
12.01803333	457
12.02561667	455
12.0332	455
12.04068333	449
12.04815	448
12.05566667	451
12.06316667	450
12.07066667	450
12.07818333	451
12.08578333	456
12.09338333	456
12.10088333	450
12.10841667	452
12.11595	452
12.12346667	451
12.131	452
12.1386	456
12.14618333	455
12.15378333	456
12.16143333	459
12.16908333	459
12.17675	460
12.18445	462
12.19221667	466
12.19998333	466
12.20768333	462
12.21541667	464
12.22313333	463
12.23081667	461
12.23848333	460
12.24616667	461
12.2538	458
12.26131667	451
12.26885	452
12.27635	450
12.284	459
12.29183333	470
12.29963333	468
12.3072	454
12.31475	453
12.32241667	460
12.33023333	469
12.33833333	486
12.3468	508
12.35483333	482
12.36355	523
12.37166667	487
12.38001667	501
12.38851667	510
12.39691667	504
12.40535	506
12.41406667	523
12.42298333	535
12.43178333	528
12.44021667	506
12.44858333	502
12.457	505
12.46553333	512
12.47401667	509
12.4824	503
12.49068333	497
12.499	499
12.50738333	503
12.51575	502
12.524	495
12.53215	489
12.54035	492
12.54858333	494
12.55685	496
12.565	489
12.57305	483
12.58106667	481
12.58913333	484
12.59721667	485
12.60528333	484
12.61326667	479
12.62123333	478
12.62913333	474
12.63703333	474
12.64493333	474
12.6529	478
12.66106667	490
12.6692	488
12.67725	483
12.68526667	481
12.69336667	486
12.70155	491
12.70971667	490
12.71781667	486
12.72588333	484
12.73398333	486
12.74216667	491
12.75036667	492
12.75841667	483
12.7664	479
12.7745	486
12.78265	489
12.79071667	484
12.79863333	475
12.80656667	476
12.8145	476
12.82245	477
12.83038333	476
12.83826667	473
12.8462	476
12.8542	480
12.86225	483
12.87033333	485
12.87838333	483
12.88636667	479
12.89426667	474
12.90208333	469
12.90993333	471
12.91788333	477
12.92598333	486
12.9341	487
12.9422	486
12.95041667	493
12.95858333	490
12.96665	484
12.97466667	481
12.98263333	478
12.99056667	476
12.99841667	471
13.0062	467
13.01396667	466
13.02171667	465
13.02945	464
13.03723333	467
13.04503333	468
13.05283333	468
13.06065	469
13.06846667	469
13.07626667	468
13.08411667	471
13.09196667	471
13.09985	473
13.10771667	472
13.1156	473
13.12356667	478
13.13148333	475
13.13953333	483
13.14755	481
13.1556	483
13.16366667	484
13.17171667	483
13.1797	479
13.18768333	479
13.19575	484
13.20383333	485
13.21188333	483
13.21998333	486
13.22806667	485
13.23616667	486
13.24431667	489
13.25245	488
13.26065	492
13.26876667	487
13.27686667	486
13.28495	485
13.29298333	482
13.30103333	483
13.30908333	483
13.31706667	479
13.32503333	478
13.33303333	480
13.34108333	483
13.34906667	479
13.357	476
13.36495	477
13.37291667	478
13.38083333	475
13.38875	475
13.39655	468
13.40435	468
13.41211667	466
13.41993333	469
13.4277	466
13.43546667	466
13.4432	464
13.45093333	464
13.4587	466
13.46648333	467
13.47423333	465
13.48203333	468
13.48985	469
13.4976	465
13.50535	465
13.51311667	466
13.52088333	466
13.52868333	468
13.53651667	470
13.54453333	481
13.55258333	483
13.56051667	476
13.5685	479
13.57658333	485
13.5846	481
13.59263333	482
13.60068333	483
13.60871667	482
13.61668333	478
13.62456667	473
13.63236667	468
13.6401	464
13.6478	462
13.65548333	461
13.66301667	452
13.67051667	450
13.67796667	447
13.68548333	451
13.69306667	455
13.7008	464
13.70886667	484
13.71706667	492
13.72516667	486
13.73315	479
13.74113333	479
13.74923333	486
13.7574	490
13.76551667	487
13.77363333	487
13.78163333	480
13.78956667	476
13.79743333	472
13.80528333	471
13.81311667	470
13.82095	470
13.82865	462
13.83635	462
13.8441	465
13.85188333	467
13.85971667	470
13.86745	464
13.8752	465
13.88298333	467
13.8908	469
13.89865	471
13.90651667	472
13.91435	470
13.9222	471
13.93003333	470
13.93793333	474
13.94585	475
13.95365	468
13.9614	465
13.96923333	470
13.97705	469
13.98493333	473
13.99273333	468
14.00068333	477
14.00873333	483
14.01675	481
14.02475	480
14.03278333	482
14.04091667	488
14.049	485
14.05701667	481
14.06503333	481
14.07316667	488
14.08118333	481
14.08913333	477
14.09703333	474
14.10491667	473
14.11285	476
14.12073333	473
14.12883333	486
14.13691667	485
14.14498333	484
14.15311667	488
14.16123333	487
14.1695	496
14.17785	501
14.18608333	494
14.19423333	489
14.2024	490
14.21061667	493
14.21873333	487
14.22671667	479
14.2347	479
14.24271667	481
14.2507	479
14.25856667	472
14.26645	473
14.27433333	473
14.28221667	473
14.29006667	471
14.29798333	475
14.30595	478
14.31385	474
14.3218	477
14.32973333	476
14.33768333	477
14.34568333	480
14.35351667	470
14.36135	470
14.36923333	473
14.37711667	473
14.38493333	469
14.39275	469
14.40051667	466
14.40831667	468
14.41605	464
14.4238	465
14.43148333	461
14.43923333	465
14.44701667	467
14.45481667	468
14.46258333	466
14.47035	466
14.47805	462
14.48573333	461
14.49338333	459
14.50095	454
14.50851667	454
14.5161	455
14.52373333	458
14.53143333	462
14.53918333	465
14.54686667	461
14.55458333	463
14.56233333	465
14.57015	469
14.57785	462
14.58553333	461
14.59321667	461
14.6009	461
14.60853333	458
14.61613333	456
14.62373333	456
14.63133333	456
14.63896667	458
14.64656667	456
14.65423333	460
14.66191667	461
14.66966667	465
14.67745	467
14.68528333	470
14.69306667	467
14.70083333	466
14.70858333	465
14.71636667	467
14.72428333	475
14.73221667	476
14.74018333	478
14.74811667	476
14.75611667	480
14.76418333	484
14.7722	481
14.78021667	481
14.7882	479
14.79611667	475
14.80401667	474
14.81196667	477
14.81996667	480
14.82796667	480
14.83581667	471
14.84371667	474
14.8517	479
14.85965	477
14.86761667	478
14.87558333	478
14.88353333	477
14.89151667	479
14.89945	476
14.90743333	479
14.91536667	476
14.92328333	475
14.93116667	473
14.93905	473
14.94686667	469
14.95466667	468
14.9625	470
14.9704	474
14.97828333	473
14.98605	466
14.99391667	472
15.0019	479
15.00983333	476
15.0177	472
15.02566667	478
15.03363333	478
15.04158333	477
15.04953333	477
15.05751667	479
15.06555	482
15.07356667	481
15.08163333	484
15.0897	484
15.09773333	482
15.1058	484
15.11385	483
15.12191667	484
15.12996667	483
15.13803333	484
15.1461	484
15.15401667	475
15.16193333	475
15.16986667	476
15.17783333	478
15.1858	478
15.1938	480
15.20183333	482
15.21001667	491
15.2182	491
15.22635	489
15.23445	486
15.2425	483
15.25051667	481
15.25856667	483
15.26661667	483
15.27453333	475
15.28253333	480
15.29061667	485
15.29878333	490
15.30686667	485
15.315	488
15.32321667	493
15.33133333	487
15.33936667	482
15.3474	482
15.35546667	484
15.36345	479
15.37135	474
15.37923333	473
15.38711667	473
15.39498333	472
15.40281667	470
15.41065	470
15.41863333	479
15.42678333	489
15.43488333	486
15.44285	478
15.45086667	481
15.45903333	490
15.46726667	494
15.47546667	492
15.48365	491
15.49173333	485
15.49971667	479
15.50763333	475
15.51556667	476
15.52355	479
15.53161667	484
15.5396	479
15.54756667	478
15.55555	479
15.56361667	484
15.57171667	486
15.57995	494
15.5882	495
15.59641667	493
15.60461667	492
15.61286667	495
15.6212	500
15.62946667	496
15.63775	497
15.64601667	496
15.65415	488
15.66228333	488
15.67045	490
15.67848333	482
15.68651667	482
15.6946	485
15.70271667	487
15.71078333	484
15.71885	484
15.72698333	488
15.73508333	486
15.74308333	480
15.7511	481
15.75916667	484
15.7673	488
15.77531667	481
15.7833	479
15.7913	480
15.79926667	478
15.80715	473
15.81498333	470
15.82283333	471
15.83071667	473
15.8386	473
15.8464	468
15.85421667	469
15.86201667	468
15.86996667	477
15.87818333	493
15.88656667	503
15.8951	512
15.9036	510
15.91211667	511
15.9205	503
15.92893333	506
15.93738333	507
15.94563333	495
15.95395	499
15.96228333	500
15.97058333	498
15.97885	496
15.98713333	497
15.99546667	500
16.00365	491
16.01176667	487
16.01991667	489
16.028	485
16.03596667	478
16.04393333	478
16.05186667	476
16.05976667	474
16.06765	473
16.07551667	472
16.08336667	471
16.09121667	471
16.09906667	471
16.10695	473
16.11476667	469
16.12258333	469
16.13046667	473
16.13845	479
16.14636667	475
16.15431667	477
16.16231667	480
16.1703	479
16.17828333	479
16.18625	478
16.19431667	484
16.20241667	486
16.21051667	486
16.21851667	480
16.22661667	486
16.23475	488
16.24276667	481
16.25081667	483
16.25895	488
16.26716667	493
16.27523333	484
16.28323333	480
16.2912	478
16.2991	474
16.3069	468
16.31475	471
16.32265	474
16.33048333	470
16.33835	472
16.34626667	475
16.35421667	477
16.36215	476
16.3701	477
16.37806667	478
16.38595	473
16.39378333	470
16.40166667	473
16.4095	470
16.4174	474
16.4254	480
16.43336667	478
16.44131667	477
16.44928333	478
16.45715	472
16.46505	474
16.473	477
16.48093333	476
16.48885	475
16.49675	474
16.50456667	469
16.51238333	469
16.52013333	465
16.52786667	464
16.5356	464
16.54331667	463
16.55111667	468
16.55896667	471
16.56693333	478
16.57495	481
16.583	483
16.59103333	482
16.59903333	480
16.60706667	482
16.61508333	481
16.62301667	476
16.63091667	474
16.63885	476
16.64681667	478
16.65471667	474
16.66253333	469
16.67043333	474
16.6784	478
16.68631667	475
16.69418333	472
16.70213333	477
16.71016667	482
16.7182	482
16.72615	477
16.73421667	484
16.7422	479
16.75008333	473
16.75796667	473
16.76586667	474
16.77375	473
16.7816	471
16.78938333	467
16.79723333	471
16.80513333	474
16.81288333	465
16.82056667	461
16.8283	464
16.83601667	463
16.84378333	466
16.85158333	468
16.85951667	476
16.86748333	478
16.87538333	474
16.88335	478
16.89146667	487
16.89966667	492
16.90786667	492
16.916	488
16.92421667	493
16.9324	491
16.94046667	484
16.94848333	481
16.95651667	482
16.9645	479
16.97251667	481
16.98043333	475
16.98831667	473
16.9963	479
17.0043	480
17.01233333	482
17.02035	481
17.02846667	487
17.03646667	480
17.04443333	478
17.05241667	479
17.06036667	477
17.0684	482
17.07648333	485
17.08455	484
17.09261667	484
17.10066667	483
17.10856667	474
17.11643333	472
17.12426667	470
17.13205	467
17.13976667	463
17.14748333	463
17.15523333	465
17.1631	472
17.17093333	470
17.17876667	470
17.18665	473
17.19443333	467
17.20218333	465
17.21001667	470
17.2179	473
17.22575	471
17.23358333	470
17.24145	472
17.24938333	476
17.25726667	473
17.26511667	471
17.27293333	469
17.28081667	473
17.2886	467
17.2964	468
17.30418333	467
17.31193333	465
17.31971667	467
17.32755	470
17.33545	474
17.34331667	472
17.35111667	468
17.3589	467
17.36671667	469
17.37453333	469
17.38243333	474
17.3905	484
17.39853333	482
17.40641667	473
17.41436667	477
17.4224	482
17.43056667	490
17.4387	488
17.44686667	490
17.4551	494
17.46335	495
17.47151667	490
17.47958333	484
17.48765	484
17.49573333	485
17.50361667	473
17.51136667	465
17.51918333	469
17.52703333	471
17.53501667	479
17.54293333	475
17.55075	469
17.55866667	475
17.56675	485
17.57483333	485
17.5828	478
17.59088333	485
17.59908333	492
17.60726667	491
17.61543333	490
17.62365	493
17.63185	492
17.6401	495
17.64818333	485
17.65621667	482
17.66416667	477
17.67203333	472
17.67983333	468
17.68755	463
17.69521667	460
17.7029	461
17.71065	465
17.71841667	466
17.72611667	462
17.73393333	469
17.7418	472
17.74975	477
17.75765	474
17.76545	468
17.77321667	466
17.78098333	466
17.7888	469
17.79671667	475
17.80465	476
17.81266667	481
17.82066667	480
17.8286	476
17.83643333	470
17.84421667	467
17.85195	464
17.85971667	466
17.86753333	469
17.8754	472
17.88331667	475
17.89123333	475
17.8991	472
17.90693333	470
17.91481667	473
17.92265	470
17.93046667	469
17.93825	467
17.94596667	463
17.95371667	465
17.9614	461
17.96913333	464
17.97686667	464
17.98455	461
17.99226667	463
18.00003333	466
18.0079	472
18.01575	471
18.0235	465
18.03128333	467
18.03925	478
18.04723333	479
18.05515	475
18.06305	474
18.07096667	475
18.07896667	480
18.0869	476
18.09481667	475
18.10268333	472
18.11061667	476
18.11858333	478
18.12648333	474
18.13435	472
18.14218333	470
18.1501	475
18.15796667	472
18.16578333	469
18.17355	466
18.18141667	472
18.18926667	471
18.19713333	472
18.20488333	465
18.21265	466
18.22048333	470
18.22833333	471
18.23615	469
18.24395	468
18.25181667	472
18.25966667	471
18.26751667	471
18.2754	473
18.28328333	473
18.29118333	474
18.2991	475
18.30695	471
18.31483333	473
18.32266667	470
18.33051667	471
18.33836667	471
18.34613333	466
18.3539	466
18.3617	468
18.36943333	464
18.37713333	462
18.38478333	459
18.39246667	461
18.4002	464
18.4079	462
18.41566667	466
18.42343333	466
18.4312	466
18.4391	474
18.447	474
18.45503333	482
18.46303333	480
18.47098333	477
18.47891667	476
18.48683333	475
18.49473333	474
18.50258333	471
18.51038333	468
18.51818333	468
18.52598333	468
18.53381667	470
18.5416	467
18.5494	468
18.55721667	469
18.565	467
18.57278333	467
18.58056667	467
18.58835	467
18.59616667	469
18.60413333	478
18.61205	475
18.61991667	472
18.6278	473
18.63576667	478
18.6438	482
18.65181667	481
18.65981667	480
18.6678	479
18.67576667	478
18.68373333	478
18.69161667	473
18.6995	473
18.70743333	476
18.7154	478
18.72331667	475
18.73118333	472
18.73903333	471
18.74688333	471
18.7546	463
18.76223333	458
18.76985	457
18.77738333	452
18.78486667	449
18.79238333	451
18.79995	454
18.80756667	457
18.81528333	463
18.82305	466
18.83081667	466
18.83865	470
18.84648333	470
18.85435	472
18.86231667	478
18.87046667	489
18.87863333	490
18.8868	490
18.8949	486
18.90296667	484
18.9111	488
18.91926667	490
18.92735	485
18.93535	480
18.94331667	478
18.95126667	477
18.95916667	474
18.96708333	475
18.97501667	476
18.98301667	480
18.99098333	478
18.99895	478
19.00693333	479
19.0149	478
19.02278333	473
19.03068333	474
19.03861667	476
19.04663333	481
19.05468333	483
19.06266667	479
19.07056667	474
19.07853333	478
19.08655	481
19.09453333	479
19.10258333	483
19.11056667	479
19.11851667	477
19.12656667	483
19.13461667	483
19.14278333	490
19.15093333	489
19.15893333	480
19.16688333	477
19.17486667	479
19.1828	476
19.1907	474
19.19846667	466
19.20623333	466
19.21405	469
19.22191667	472
19.2298	473
19.23775	477
19.24568333	476
19.25383333	489
19.26196667	488
19.2701	488
19.27825	489
19.28653333	497
19.2948	496
19.30296667	490
19.31106667	486
19.31906667	480
19.32711667	483
19.33523333	487
19.34328333	483
19.35131667	482
19.35933333	481
19.36746667	488
19.3756	488
19.38366667	484
19.39176667	486
19.39996667	492
19.40815	491
19.41635	492
19.42448333	488
19.4326	487
19.44073333	488
19.44885	487
19.45695	486
19.46495	480
19.47293333	479
19.48098333	483
19.48908333	486
19.49715	484
19.50513333	479
19.51316667	482
19.52126667	486
19.52936667	486
19.53733333	478
19.54536667	482
19.55351667	489
19.56168333	490
19.56978333	486
19.57778333	480
19.58588333	486
19.59403333	489
19.60211667	485
19.61015	482
19.61823333	485
19.6263	484
19.6343	480
19.64226667	478
19.65021667	477
19.65816667	477
19.66611667	477
19.67405	476
19.682	477
19.68996667	478
19.698	482
19.7061	486
19.7141	480
19.72203333	476
19.72998333	477
19.73803333	483
19.74608333	483
19.75401667	476
19.76193333	475
19.76981667	473
19.77766667	471
19.78548333	469
19.79323333	465
19.80098333	465
19.80861667	458
19.81625	458
19.8239	459
19.83158333	461
19.83931667	464
19.84713333	469
19.85495	469
19.86278333	470
19.8706	469
19.87835	465
19.88615	468
19.89388333	464
19.9017	469
19.90945	465
19.91716667	463
19.9249	464
19.93268333	467
19.94048333	468
19.94821667	464
19.9559	461
19.9636	462
19.97126667	460
19.97898333	463
19.98668333	462
19.99446667	467
20.00216667	462
20.00981667	459
20.01746667	459
20.02505	455
20.0326	453
20.04011667	451
20.04761667	450
20.05513333	451
20.06261667	449
20.07013333	451
20.0777	454
20.08533333	458
20.09296667	458
20.10065	461
20.1085	471
20.11643333	476
20.12453333	486
20.13248333	477
20.14045	478
20.14841667	478
20.15631667	474
20.16416667	471
20.1799	944
20.18771667	469
20.1955	467
20.20325	465
20.21093333	461
20.21865	463
20.22645	468
20.23421667	466
20.24195	464
20.24975	468
20.25756667	469
20.26543333	472
20.27336667	476
20.28126667	474
20.2891	470
20.29688333	467
20.30458333	462
20.31233333	465
20.32005	463
20.32766667	457
20.33523333	454
20.34268333	447
20.35006667	443
20.35741667	441
20.36483333	445
20.37228333	447
20.37973333	447
20.38723333	450
20.39483333	456
20.4027	472
20.41081667	487
20.41908333	496
20.42745	502
20.43595	510
20.4446	519
20.45355	537
20.46271667	550
20.47198333	556
20.48115	550
20.48986667	523
20.49831667	507
20.50673333	505
20.51518333	507
20.52375	514
20.53246667	523
20.54146667	540
20.55061667	549
20.55976667	549
20.56883333	544
20.57778333	537
20.58671667	536
20.59573333	541
20.60486667	548
20.61398333	547
20.62281667	530
20.63155	524
20.64036667	529
20.64918333	529
20.65783333	519
20.66631667	509
20.67481667	510
20.68338333	514
20.69215	526
20.70113333	539
20.71018333	543
20.71945	556
20.72911667	580
20.73876667	579
20.7482	566
20.75735	549
20.76666667	559
20.77615	569
20.78563333	569
20.79526667	578
20.8047	566
20.8141	564
20.82346667	562
20.83328333	589
20.84325	598
20.8533	603
20.8633	600
20.87291667	577
20.88228333	562
20.89171667	566
20.9012	569
20.91081667	577
20.9202	563
20.9294	552
20.93898333	575
20.94863333	579
20.9583	580
20.96786667	574
20.97713333	556
20.98658333	567
20.99605	568
21.00558333	572
21.01493333	561
21.02423333	558
21.03336667	548
21.04261667	555
21.05208333	568
21.06161667	572
21.0713	581
21.081	582
21.0906	576
21.10005	567
21.10963333	575
21.11913333	570
21.12823333	546
21.13706667	530
21.1458	524
21.1546	528
21.1633	522
21.17188333	515
21.18035	508
21.18906667	523
21.19795	533
21.20688333	536
21.2158	535
21.22468333	533
21.23385	550
21.24321667	562
21.25256667	561
21.26195	563
21.27108333	548
21.28021667	548
21.2898	575
21.2994	576
21.30871667	559
21.31798333	556
21.32698333	540
21.33586667	533
21.34461667	525
21.35298333	502
21.36113333	489
21.36915	481
21.37708333	476
21.38486667	467
21.39258333	463
21.40035	466
21.40831667	478
21.41633333	481
21.42438333	483
21.43255	490
21.4409	501
21.44933333	506
21.4578	508
21.4662	504
21.47463333	506
21.48305	505
21.49143333	503
21.49976667	500
21.50803333	496
21.51625	493
21.52436667	487
21.5324	482
21.54035	477
21.54833333	479
21.55653333	492
21.565	508
21.57383333	530
21.58306667	554
21.59285	587
21.6028	597
21.61246667	580
21.6217	554
21.63121667	571
21.64095	584
21.65066667	583
21.65986667	552
21.66855	521
21.67705	510
21.68551667	508
21.69406667	513
21.70315	545
21.71293333	587
21.72275	589
21.73203333	557
21.74145	565
21.751	573
21.76026667	556
21.76893333	520
21.7775	514
21.78598333	509
21.7946	517
21.80318333	515
21.81151667	500
21.81981667	498
21.82818333	502
21.83675	514
21.84551667	526
21.85466667	549
21.86401667	561
21.8734	563
21.88266667	556
21.89175	545
21.90051667	526
21.90935	530
21.91815	528
21.92666667	511
21.93503333	502
21.94336667	500
21.95186667	510
21.96065	527
21.96935	522
21.97793333	515
21.9867	526
21.99575	543
22.0051	561
22.01421667	547
22.02316667	537
22.03208333	535
22.04091667	530
22.04988333	538
22.05923333	561
22.06856667	560
22.0774	530
22.08601667	517
22.09453333	511
22.1029	502
22.1113	504
22.12001667	523
22.12903333	541
22.13868333	579
22.14833333	579
22.15818333	591
22.16795	586
22.17768333	584
22.18695	556
22.19605	546
22.20536667	559
22.21491667	573
22.22433333	565
22.23366667	560
22.24286667	552
22.25245	575
22.26233333	593
22.27221667	593
22.28156667	561
22.29068333	547
22.29981667	548
22.3091	557
22.3183	552
22.32716667	532
22.33601667	531
22.34495	536
22.35413333	551
22.36356667	566
22.37285	557
22.38208333	554
22.39135	556
22.40085	570
22.41046667	577
22.41998333	571
22.42918333	552
22.43833333	549
22.44748333	549
22.4566	547
22.46581667	553
22.47531667	570
22.48505	584
22.49463333	575
22.50366667	542
22.51261667	537
22.52146667	531
22.53006667	516
22.53855	509
22.5471	513
22.55583333	524
22.565	550
22.5744	564
22.5841	582
22.59405	597
22.60391667	592
22.61361667	582
22.62298333	562
22.63223333	555
22.64153333	558
22.65091667	563
22.66043333	571
22.67	574
22.67951667	571
22.68906667	573
22.69853333	568
22.70793333	564
22.71755	577
22.7274	591
22.73705	579
22.74635	558
22.75601667	580
22.76563333	577
22.77493333	558
22.78395	541
22.79268333	524
22.80136667	521
22.81006667	522
22.81931667	555
22.82931667	600
22.83966667	621
22.85003333	622
22.8601	604
22.86996667	592
22.87965	581
22.88908333	566
22.89823333	549
22.907	526
22.91566667	520
22.92428333	517
22.93278333	510
22.94145	520
22.95058333	548
22.96023333	579
22.97001667	587
22.97938333	562
22.98891667	572
22.99803333	547
23.00708333	543
23.01625	550
23.02556667	559
23.03491667	561
23.04435	566
23.0539	573
23.06375	591
23.07403333	617
23.08438333	621
23.09405	580
23.10388333	590
23.11366667	587
23.12341667	585
23.13291667	570
23.14216667	555
23.15138333	553
23.16085	568
23.17073333	593
23.18105	619
23.19056667	571
23.19995	563
23.20943333	569
23.21898333	573
23.22858333	576
23.23806667	569
23.24741667	561
23.25658333	550
23.26568333	546
23.27488333	552
23.28438333	570
23.2939	571
23.30373333	590
23.31343333	582
23.32296667	572
23.33193333	538
23.34096667	542
23.34988333	535
23.35858333	522
23.36718333	516
23.37576667	515
23.38438333	517
23.39298333	516
23.40143333	507
23.40996667	512
23.41863333	520
23.42736667	524
23.43596667	516
23.44476667	528
23.45358333	529
23.46231667	524
23.47113333	529
23.4799	526
23.48846667	514
23.49696667	510
23.50553333	514
23.51421667	521
23.52276667	513
23.53111667	501
23.53941667	498
23.54763333	493
23.55581667	491
23.564	491
23.5723	498
23.58056667	496
23.58883333	496
23.59703333	492
23.60525	493
23.61355	498
23.62196667	505
23.63055	515
23.6391	513
23.64751667	505
23.65595	506
23.66455	516
23.67333333	527
23.68223333	534
23.69095	523
23.69963333	521
23.70835	523
23.71691667	514
23.7235	395
23.7338	618
23.74211667	499
23.75036667	495
23.75856667	492
23.76665	485
23.77486667	493
23.78303333	490
23.79111667	485
23.79911667	480
23.80715	482
23.8152	483
23.8232	480
23.83105	471
23.8389	471
23.84673333	470
23.85473333	480
23.8628	484
23.87105	495
23.87966667	517
23.88895	557
23.8985	573
23.90741667	535
23.91615	524
23.9251	537
23.93415	543
23.94345	558
23.9527	555
23.96175	543
23.97053333	527
23.97921667	521
23.98783333	517
23.99641667	515
24.00496667	513
24.01351667	513
24.02188333	502
24.0302	499
24.03843333	494
24.04658333	489
24.05468333	486
24.06276667	485
24.07088333	487
24.0793	505
24.08808333	527
24.09678333	522
24.10363333	411
24.11391667	617
24.12233333	505
24.13073333	504
24.13915	505
24.14761667	508
24.15601667	504
24.16435	500
24.1726	495
24.18096667	502
24.1894	506
24.19806667	520
24.20696667	534
24.21598333	541
24.22493333	537
24.23383333	534
24.2428	538
24.25193333	548
24.26116667	554
24.27043333	556
24.2796	550
24.28871667	547
24.29796667	555
24.30713333	550
24.31638333	555
24.32585	568
24.33503333	551
24.344	538
24.35295	537
24.36213333	551
24.37161667	569
24.38146667	591
24.391	572
24.40033333	560
24.40973333	564
24.41903333	558
24.4283	556
24.43745	549
24.4465	543
24.45546667	538
24.46445	539
24.47355	546
24.48295	564
24.4926	579
24.502	564
24.51126667	556
24.5205	554
24.52991667	565
24.53931667	564
24.54855	554
24.55786667	559
24.56706667	552
24.57606667	540
24.58473333	520
24.5933	514
24.60181667	511
24.61031667	510
24.61908333	526
24.62843333	561
24.63848333	603
24.64878333	618
24.65855	586
24.66823333	581
24.67793333	582
24.68758333	579
24.697	565
24.70613333	548
24.71521667	545
24.72425	542
24.73338333	548
24.74261667	554
24.75198333	562
24.7613	559
24.77063333	560
24.77978333	549
24.7887	535
24.79765	537
24.80681667	550
24.81613333	559
24.82536667	554
24.83455	551
24.84368333	548
24.85285	550
24.86188333	542
24.87096667	545
24.88008333	547
24.8891	541
24.8981	540
24.90705	537
24.91593333	533
24.92456667	518
24.93318333	517
24.94188333	522
24.95075	532
24.9597	537
24.96868333	539
24.97801667	560
24.98738333	562
24.99681667	566
25.0063	569
25.01588333	575
25.02545	574
25.03496667	571
25.04436667	564
25.05376667	564
25.06315	563
25.07241667	556
25.0814	539
25.0904	540
25.09945	543
25.10853333	545
25.11748333	537
25.12628333	528
25.13505	526
25.14385	528
25.15286667	541
25.16216667	558
25.17135	551
25.18061667	556
25.1899	557
25.1991	552
25.20833333	554
25.21771667	563
25.2272	569
25.2366	564
25.2459	558
25.25521667	559
25.26451667	558
25.2738	557
25.28296667	550
25.2921	548
25.30116667	544
25.31031667	549
25.31966667	561
25.32908333	565
25.3386	571
25.34803333	566
25.35725	553
25.36656667	559
25.37586667	558
25.38521667	561
25.39458333	562
25.40381667	554
25.41293333	547
25.42198333	543
25.43096667	539
25.43995	539
25.44908333	548
25.4581	541
25.46695	531
25.47575	528
25.48461667	532
25.4938	551
25.5045	642
25.516	690
25.52671667	643
25.5371	623
25.54693333	590
25.55656667	578
25.56598333	565
25.57513333	549
25.58398333	531
25.59278333	528
25.60173333	537
25.61096667	554
25.62043333	568
25.63008333	579
25.63956667	569
25.64913333	574
25.6587	574
25.66803333	560
25.67711667	545
25.68618333	544
25.6953	547
25.70443333	548
25.71346667	542
25.7224	536
25.73138333	539
25.74031667	536
25.74926667	537
25.75816667	534
25.76695	527
25.77585	534
25.78496667	547
25.79433333	562
25.80395	577
25.81341667	568
25.82316667	585
25.83285	581
25.84208333	554
25.85115	544
25.8601	537
25.86886667	526
25.87766667	528
25.88648333	529
25.8955	541
25.90456667	544
25.9136	542
25.92273333	548
25.93205	559
25.94135	558
25.95045	546
25.95933333	533
25.96818333	531
25.97711667	536
25.98621667	546
25.99578333	574
26.00566667	593
26.01531667	579
26.02468333	562
26.03393333	555
26.04321667	557
26.05253333	559
26.0619	562
26.07103333	548
26.08001667	539
26.0892	551
26.09853333	560
26.10765	547
26.11658333	536
26.1256	541
26.13456667	538
26.1436	542
26.15266667	544
26.16186667	552
26.17111667	555
26.18041667	558
26.18953333	547
26.19876667	554
26.20785	545
26.21696667	547
26.22611667	549
26.23518333	544
26.24411667	536
26.25295	530
26.26201667	544
26.2709	533
26.27983333	536
26.28885	541
26.29813333	557
26.30761667	569
26.31695	560
26.32626667	559
26.3356	560
26.34481667	553
26.35401667	552
26.36303333	541
26.372	538
26.38083333	530
26.3896	526
26.3984	528
26.40743333	542
26.4169	568
26.42675	591
26.43631667	574
26.44551667	552
26.45453333	541
26.46333333	528
26.47211667	527
26.4809	527
26.4899	540
26.49913333	554
26.50835	553
26.51786667	571
26.52755	581
26.53733333	587
26.54716667	590
26.55663333	568
26.5659	556
26.575	546
26.58411667	547
26.5931	539
26.60201667	535
26.61085	530
26.61968333	530
26.62868333	540
26.638	559
26.64715	549
26.65616667	541
26.6653	548
26.67456667	556
26.68383333	556
26.69298333	549
26.70198333	540
26.71093333	537
26.71978333	531
26.72883333	543
26.738	550
26.7472	552
26.75655	561
26.76561667	544
26.77458333	538
26.78366667	545
26.79296667	558
26.80226667	558
26.8116	560
26.82111667	571
26.83105	596
26.84113333	605
26.85086667	584
26.86026667	564
26.86968333	565
26.87911667	566
26.88841667	558
26.89736667	537
26.90608333	523
26.91468333	516
26.92326667	515
26.9319	518
26.94116667	556
26.95205	653
26.96335	678
26.97501667	700
26.98661667	696
26.99345	410
27.0082	885
27.01765	567
27.02678333	548
27.03588333	546
27.04508333	552
27.05443333	561
27.06366667	554
27.07265	539
27.08151667	532
27.09041667	534
27.09945	542
27.1087	555
27.11833333	578
27.12771667	563
27.13668333	538
27.14565	538
27.15473333	545
27.16385	547
27.17293333	545
27.18196667	542
27.19088333	535
27.19986667	539
27.20913333	556
27.21893333	588
27.22951667	635
27.23991667	624
27.25015	614
27.26	591
27.26955	573
27.27876667	553
27.28776667	540
27.29651667	525
27.305	509
27.31355	513
27.32245	534
27.3325	603
27.34373333	674
27.35426667	632
27.36423333	598
27.37486667	638
27.386	668
27.39693333	656
27.40763333	642
27.41753333	594
27.42725	583
27.43723333	599
27.44731667	605
27.45725	596
27.46705	588
27.47688333	590
27.48721667	620
27.49776667	633
27.5083	632
27.51861667	619
27.52866667	603
27.53878333	607
27.549	613
27.55921667	613
27.56941667	612
27.57951667	606
27.58958333	604
27.59915	574
27.60873333	575
27.61811667	563
27.62726667	549
27.63616667	534
27.64503333	532
27.65403333	540
27.66348333	567
27.67391667	626
27.68465	644
27.69501667	622
27.70545	626
27.71556667	607
27.72538333	589
27.73476667	563
27.74396667	552
27.75333333	562
27.76295	577
27.773	603
27.78318333	611
27.79323333	603
27.80305	589
27.81301667	598
27.82308333	604
27.833	595
27.84245	567
27.85188333	566
27.86125	562
27.87061667	562
27.87971667	546
27.88875	542
27.89776667	541
27.90703333	556
27.91668333	579
27.92645	586
27.93631667	592
27.94593333	577
27.95543333	570
27.96493333	570
27.9747	586
27.98461667	595
27.99471667	606
28.0048	605
28.0143	570
28.02335	543
28.03228333	536
28.04136667	545
28.0507	560
28.06065	597
28.07135	642
28.08196667	637
28.09203333	604
28.1018	586
28.11163333	590
28.12123333	576
28.13043333	552
28.13945	541
28.14835	534
28.15735	540
28.16651667	550
28.17635	590
28.18641667	604
28.19636667	597
28.20625	593
28.21648333	614
28.22743333	657
28.23831667	653
28.24875	626
28.25876667	601
28.2686	590
28.2786	600
28.28855	597
28.29856667	601
28.30843333	592
28.31845	601
28.32856667	607
28.33863333	604
28.34843333	588
28.35815	583
28.36795	588
28.3779	597
28.38775	591
28.39746667	583
28.40693333	568
28.41641667	569
28.42615	584
28.43606667	595
28.44588333	589
28.45551667	578
28.46476667	555
28.47391667	549
28.48311667	552
28.49215	542
28.50111667	538
28.51031667	552
28.51971667	564
28.52935	578
28.53901667	580
28.5487	581
28.55845	585
28.56846667	601
28.57863333	610
28.58865	601
28.59878333	608
28.60885	604
28.61861667	586
28.62811667	570
28.63751667	564
28.64703333	571
28.65691667	593
28.66765	644
28.67865	660
28.68951667	652
28.70035	650
28.71061667	616
28.72025	578
28.72966667	565
28.7389	554
28.74833333	566
28.75823333	594
28.76873333	630
28.78005	679
28.79135	678
28.80208333	644
28.81286667	647
28.82378333	655
28.83416667	623
28.84418333	601
28.8538	577
28.86305	555
28.87225	552
28.88181667	574
28.89198333	610
28.9027	643
28.91325	633
28.92385	636
28.9345	639
28.94498333	629
28.9551	607
28.96521667	607
28.97575	632
28.98665	654
28.99746667	649
29.00815	641
29.01943333	677
29.0305	664
29.04098333	629
29.0513	619
29.0619	636
29.07226667	622
29.08231667	603
29.09261667	618
29.10318333	634
29.11381667	638
29.12428333	628
29.1342	595
29.14383333	578
29.15331667	569
29.16313333	589
29.17323333	606
29.18343333	612
29.19346667	602
29.20333333	592
29.21336667	602
29.22381667	627
29.2344	635
29.24468333	617
29.25488333	612
29.26526667	623
29.27573333	628
29.286	616
29.29598333	599
29.30596667	599
29.31611667	609
29.32656667	627
29.33703333	628
29.34698333	597
29.35685	592
29.36701667	610
29.37723333	613
29.38753333	618
29.39763333	606
29.40793333	618
29.41835	625
29.42843333	605
29.43813333	582
29.44761667	569
29.45696667	561
29.46638333	565
29.4768	625
29.48803333	674
29.49883333	648
29.50968333	651
29.52006667	623
29.53023333	610
29.53995	583
29.54946667	571
29.55911667	579
29.56901667	594
29.57903333	601
29.589	598
29.5993	618
29.60986667	634
29.62055	641
29.63076667	613
29.6409	608
29.651	606
29.66113333	608
29.67135	613
29.68136667	601
29.69145	605
29.70176667	619
29.7125	644
29.7235	660
29.7342	642
29.74498333	647
29.75581667	650
29.76668333	652
29.77736667	641
29.7875	608
29.79728333	587
29.8069	577
29.81665	585
29.82683333	611
29.83738333	633
29.84783333	627
29.85793333	606
29.86766667	584
29.87725	575
29.88695	582
29.89678333	590
29.90683333	603
29.91693333	606
29.92708333	609
29.93756667	629
29.94805	629
29.95868333	638
29.96915	628
29.9793	609
29.98941667	607
29.99953333	607
30.00963333	606
30.01985	613
30.03018333	620
30.04061667	626
30.05085	614
30.061	609
30.07113333	608
30.08121667	605
30.09145	614
30.1016	609
30.11188333	617
30.12236667	629
30.13258333	613
30.14258333	600
30.15253333	597
30.16251667	599
30.1725	599
30.1822	582
30.19195	585
30.20168333	584
30.2116	595
30.22173333	608
30.23198333	615
30.24228333	618
30.25258333	618
30.26275	610
30.27273333	599
30.2826	592
30.29253333	596
30.30265	607
30.31298333	620
30.3233	619
30.33355	615
30.3435	597
30.35343333	596
30.3633	592
30.37323333	596
30.38356667	620
30.3942	638
30.40483333	638
30.41548333	639
30.42631667	650
30.43706667	645
30.44766667	636
30.45815	629
30.46845	618
30.47873333	617
30.489	616
30.4993	618
30.50958333	617
30.51995	622
30.53041667	628
30.54056667	609
30.55061667	603
30.5609	617
30.57138333	629
30.58238333	660
30.5935	667
30.60451667	661
30.61508333	634
30.62556667	629
30.63608333	631
30.64651667	626
30.65688333	622
30.6672	619
30.67753333	620
30.68791667	623
30.69841667	630
30.70868333	616
30.71881667	608
30.7288	599
30.73881667	601
30.74883333	601
30.75901667	611
30.76938333	622
30.77961667	614
30.78978333	610
30.79966667	593
30.80936667	582
30.81896667	576
30.82848333	571
30.8378	559
30.84711667	559
30.85618333	544
30.86525	544
30.87463333	563
30.8843	580
30.89418333	593
30.90378333	576
30.91321667	566
30.92251667	558
30.93175	554
30.94098333	554
30.95053333	573
30.9602	580
30.96983333	578
30.97945	577
30.98888333	566
30.99835	568
31.00791667	574
31.01778333	592
31.02755	586
31.03706667	571
31.04648333	565
31.05598333	570
31.06546667	569
31.07481667	561
31.0841	557
31.09313333	542
31.10213333	540
31.10993333	468
31.11983333	594
31.12875	535
31.13808333	560
31.14796667	593
31.15835	623
31.16918333	650
31.17955	622
31.18986667	619
31.2002	620
31.21053333	620
31.22093333	624
31.23105	607
31.24086667	589
31.25051667	579
31.2601	575
31.27008333	599
31.28068333	636
31.2914	643
31.30191667	631
31.31245	632
31.32335	654
31.33435	660
31.34521667	652
31.35585	638
31.36655	642
31.37691667	622
31.38675	590
31.3962	567
31.40546667	556
31.41468333	553
31.42381667	548
31.43295	548
31.44223333	557
31.45201667	587
31.46198333	598
31.47185	592
31.4816	585
31.4915	594
31.5016	606
31.51181667	613
31.52198333	610
31.53176667	587
31.54131667	573
31.55095	578
31.561	603
31.57168333	641
31.58226667	635
31.59248333	613
31.6026	607
31.61305	627
31.6234	621
31.63383333	626
31.64416667	620
31.65436667	612
31.66473333	622
31.67511667	623
31.68545	620
31.69595	630
31.7063	621
31.71666667	622
31.72738333	643
31.73855	670
31.7497	669
31.7605	648
31.77063333	608
31.78045	589
31.79016667	583
31.80003333	592
31.80995	595
31.81986667	595
31.82998333	607
31.84075	646
31.85146667	643
31.86271667	675
31.87455	710
31.8852	639
31.8959	642
31.90583333	596
31.91533333	570
31.92486667	572
31.93445	575
31.94423333	587
31.95415	595
31.96448333	620
31.97473333	615
31.98473333	600
31.99425	571
