679	0.011316667	679
1330	0.022166667	651
1960	0.032666667	630
2595	0.04325	635
3242	0.054033333	647
3874	0.064566667	632
4474	0.074566667	600
5065	0.084416667	591
5637	0.09395	572
6187	0.103116667	550
6738	0.1123	551
7306	0.121766667	568
7853	0.130883333	547
8399	0.139983333	546
8961	0.14935	562
9558	0.1593	597
10179	0.16965	621
10802	0.180033333	623
11433	0.19055	631
12064	0.201066667	631
12690	0.2115	626
13312	0.221866667	622
13928	0.232133333	616
14532	0.2422	604
15100	0.251666667	568
15672	0.2612	572
16228	0.270466667	556
16770	0.2795	542
17323	0.288716667	553
17914	0.298566667	591
18556	0.309266667	642
19233	0.32055	677
19892	0.331533333	659
20578	0.342966667	686
21281	0.354683333	703
21997	0.366616667	716
22682	0.378033333	685
23340	0.389	658
23974	0.399566667	634
24587	0.409783333	613
25175	0.419583333	588
25766	0.429433333	591
26346	0.4391	580
26912	0.448533333	566
27482	0.458033333	570
28054	0.467566667	572
28624	0.477066667	570
29213	0.486883333	589
29816	0.496933333	603
30447	0.50745	631
31094	0.518233333	647
31740	0.529	646
32356	0.539266667	616
32939	0.548983333	583
33523	0.558716667	584
34122	0.5687	599
34746	0.5791	624
35381	0.589683333	635
36011	0.600183333	630
36668	0.611133333	657
37333	0.622216667	665
38006	0.633433333	673
38665	0.644416667	659
39301	0.655016667	636
39941	0.665683333	640
40581	0.67635	640
41218	0.686966667	637
41862	0.6977	644
42482	0.708033333	620
43108	0.718466667	626
43720	0.728666667	612
44325	0.73875	605
44952	0.7492	627
45592	0.759866667	640
46228	0.770466667	636
46890	0.7815	662
47567	0.792783333	677
48235	0.803916667	668
48866	0.814433333	631
49490	0.824833333	624
50110	0.835166667	620
50734	0.845566667	624
51371	0.856183333	637
52014	0.8669	643
52685	0.878083333	671
53360	0.889333333	675
54010	0.900166667	650
54670	0.911166667	660
55328	0.922133333	658
55971	0.93285	643
56572	0.942866667	601
57151	0.952516667	579
57730	0.962166667	579
58315	0.971916667	585
58924	0.982066667	609
59562	0.9927	638
60218	1.003633333	656
60884	1.014733333	666
61571	1.026183333	687
62268	1.0378	697
62947	1.049116667	679
63588	1.0598	641
64189	1.069816667	601
64778	1.079633333	589
65359	1.089316667	581
65941	1.099016667	582
66530	1.108833333	589
67108	1.118466667	578
67695	1.12825	587
68294	1.138233333	599
68929	1.148816667	635
69586	1.159766667	657
70242	1.1707	656
70888	1.181466667	646
71490	1.1915	602
72110	1.201833333	620
72706	1.211766667	596
73298	1.221633333	592
73892	1.231533333	594
74489	1.241483333	597
75073	1.251216667	584
75648	1.2608	575
76251	1.27085	603
76858	1.280966667	607
77469	1.29115	611
78120	1.302	651
78817	1.313616667	697
79539	1.32565	722
80219	1.336983333	680
80932	1.348866667	713
81590	1.359833333	658
82246	1.370766667	656
82893	1.38155	647
83505	1.39175	612
84127	1.402116667	622
84750	1.4125	623
85361	1.422683333	611
85957	1.432616667	596
86567	1.442783333	610
87180	1.453	613
87771	1.46285	591
88357	1.472616667	586
88958	1.482633333	601
89566	1.492766667	608
90178	1.502966667	612
90780	1.513	602
91359	1.52265	579
91913	1.531883333	554
92446	1.540766667	533
92971	1.549516667	525
93493	1.558216667	522
94036	1.567266667	543
94605	1.57675	569
95180	1.586333333	575
95753	1.595883333	573
96319	1.605316667	566
96913	1.615216667	594
97532	1.625533333	619
98189	1.636483333	657
98842	1.647366667	653
99501	1.65835	659
100185	1.66975	684
100855	1.680916667	670
101501	1.691683333	646
102150	1.7025	649
102814	1.713566667	664
103492	1.724866667	678
104187	1.73645	695
104882	1.748033333	695
105578	1.759633333	696
106228	1.770466667	650
106882	1.781366667	654
107532	1.7922	650
108172	1.802866667	640
108792	1.8132	620
109404	1.8234	612
110035	1.833916667	631
110696	1.844933333	661
111389	1.856483333	693
112084	1.868066667	695
112757	1.879283333	673
113434	1.890566667	677
114085	1.901416667	651
114726	1.9121	641
115345	1.922416667	619
115943	1.932383333	598
116532	1.9422	589
117127	1.952116667	595
117751	1.962516667	624
118420	1.973666667	669
119136	1.9856	716
119830	1.997166667	694
120511	2.008516667	681
121199	2.019983333	688
121876	2.031266667	677
122543	2.042383333	667
123201	2.05335	658
123859	2.064316667	658
124500	2.075	641
125127	2.08545	627
125716	2.095266667	589
126316	2.105266667	600
126927	2.11545	611
127570	2.126166667	643
128274	2.1379	704
128955	2.14925	681
129620	2.160333333	665
130278	2.1713	658
130928	2.182133333	650
131541	2.19235	613
132130	2.202166667	589
132710	2.211833333	580
133268	2.221133333	558
133819	2.230316667	551
134364	2.2394	545
134930	2.248833333	566
135548	2.259133333	618
136245	2.27075	697
136986	2.2831	741
137707	2.295116667	721
138428	2.307133333	721
139122	2.3187	694
139747	2.329116667	625
140355	2.33925	608
140940	2.349	585
141502	2.358366667	562
142046	2.367433333	544
142597	2.376616667	551
143141	2.385683333	544
143690	2.394833333	549
144275	2.404583333	585
144922	2.415366667	647
145606	2.426766667	684
146292	2.4382	686
147003	2.45005	711
147719	2.461983333	716
148414	2.473566667	695
149057	2.484283333	643
149705	2.495083333	648
150366	2.5061	661
151030	2.517166667	664
151701	2.52835	671
152349	2.53915	648
153026	2.550433333	677
153721	2.562016667	695
154407	2.57345	686
155066	2.584433333	659
155708	2.595133333	642
156311	2.605183333	603
156923	2.615383333	612
157545	2.62575	622
158169	2.63615	624
158854	2.647566667	685
159575	2.659583333	721
160299	2.67165	724
160994	2.683233333	695
161630	2.693833333	636
162261	2.70435	631
162887	2.714783333	626
163492	2.724866667	605
164116	2.735266667	624
164766	2.7461	650
165428	2.757133333	662
166081	2.768016667	653
166694	2.778233333	613
167308	2.788466667	614
167929	2.798816667	621
168567	2.80945	638
169238	2.820633333	671
169913	2.831883333	675
170590	2.843166667	677
171302	2.855033333	712
172028	2.867133333	726
172737	2.87895	709
173416	2.890266667	679
174043	2.900716667	627
174675	2.91125	632
175316	2.921933333	641
175969	2.932816667	653
176638	2.943966667	669
177343	2.955716667	705
178068	2.9678	725
178750	2.979166667	682
179378	2.989633333	628
179976	2.9996	598
180578	3.009633333	602
181183	3.019716667	605
181793	3.029883333	610
182388	3.0398	595
182970	3.0495	582
183551	3.059183333	581
184152	3.0692	601
184799	3.079983333	647
185479	3.091316667	680
186132	3.1022	653
186790	3.113166667	658
187447	3.124116667	657
188074	3.134566667	627
188690	3.144833333	616
189284	3.154733333	594
189897	3.16495	613
190500	3.175	603
191112	3.1852	612
191730	3.1955	618
192345	3.20575	615
192987	3.21645	642
193650	3.2275	663
194318	3.238633333	668
194961	3.24935	643
195608	3.260133333	647
196262	3.271033333	654
196914	3.2819	652
197559	3.29265	645
198211	3.303516667	652
198848	3.314133333	637
199458	3.3243	610
200046	3.3341	588
200641	3.344016667	595
201241	3.354016667	600
201846	3.3641	605
202471	3.374516667	625
203107	3.385116667	636
203721	3.39535	614
204325	3.405416667	604
204919	3.415316667	594
205512	3.4252	593
206097	3.43495	585
206686	3.444766667	589
207263	3.454383333	577
207851	3.464183333	588
208454	3.474233333	603
209059	3.484316667	605
209662	3.494366667	603
210259	3.504316667	597
210834	3.5139	575
211384	3.523066667	550
211938	3.5323	554
212501	3.541683333	563
213063	3.55105	562
213631	3.560516667	568
214221	3.57035	590
214842	3.5807	621
215466	3.5911	624
216087	3.60145	621
216698	3.611633333	611
217296	3.6216	598
217884	3.6314	588
218470	3.641166667	586
219037	3.650616667	567
219597	3.65995	560
220150	3.669166667	553
220718	3.678633333	568
221383	3.689716667	665
222215	3.703583333	832
223000	3.716666667	785
223723	3.728716667	723
224516	3.741933333	793
225297	3.75495	781
226025	3.767083333	728
226732	3.778866667	707
227464	3.791066667	732
228207	3.80345	743
228910	3.815166667	703
229579	3.826316667	669
230242	3.837366667	663
230884	3.848066667	642
231520	3.858666667	636
232122	3.8687	602
232698	3.8783	576
233257	3.887616667	559
233804	3.896733333	547
234209	3.903483333	405
234912	3.9152	703
235477	3.924616667	565
236062	3.934366667	585
236671	3.944516667	609
237308	3.955133333	637
237974	3.966233333	666
238612	3.976866667	638
239274	3.9879	662
239951	3.999183333	677
240637	4.010616667	686
241311	4.02185	674
241952	4.032533333	641
242609	4.043483333	657
243272	4.054533333	663
243943	4.065716667	671
244579	4.076316667	636
245189	4.086483333	610
245809	4.096816667	620
246414	4.1069	605
247018	4.116966667	604
247645	4.127416667	627
248321	4.138683333	676
249018	4.1503	697
249682	4.161366667	664
250336	4.172266667	654
250976	4.182933333	640
251623	4.193716667	647
252268	4.204466667	645
252905	4.215083333	637
253540	4.225666667	635
254201	4.236683333	661
254906	4.248433333	705
255651	4.26085	745
256410	4.2735	759
257102	4.285033333	692
257796	4.2966	694
258465	4.30775	669
259112	4.318533333	647
259722	4.3287	610
260324	4.338733333	602
260928	4.3488	604
261567	4.35945	639
262219	4.370316667	652
262846	4.380766667	627
263508	4.3918	662
264205	4.403416667	697
264893	4.414883333	688
265557	4.42595	664
266244	4.4374	687
266910	4.4485	666
267561	4.45935	651
268194	4.4699	633
268830	4.4805	636
269424	4.4904	594
270015	4.50025	591
270601	4.510016667	586
271188	4.5198	587
271810	4.530166667	622
272439	4.54065	629
273060	4.551	621
273692	4.561533333	632
274376	4.572933333	684
275112	4.5852	736
275851	4.597516667	739
276508	4.608466667	657
277176	4.6196	668
277833	4.63055	657
278475	4.64125	642
279114	4.6519	639
279748	4.662466667	634
280352	4.672533333	604
280972	4.682866667	620
281612	4.693533333	640
282279	4.70465	667
282924	4.7154	645
283579	4.726316667	655
284241	4.73735	662
284917	4.748616667	676
285586	4.759766667	669
286212	4.7702	626
286815	4.78025	603
287408	4.790133333	593
287989	4.799816667	581
288588	4.8098	599
289211	4.820183333	623
289859	4.830983333	648
290476	4.841266667	617
291099	4.85165	623
291740	4.862333333	641
292394	4.873233333	654
293029	4.883816667	635
293659	4.894316667	630
294290	4.904833333	631
294924	4.9154	634
295561	4.926016667	637
296194	4.936566667	633
296816	4.946933333	622
297464	4.957733333	648
298114	4.968566667	650
298765	4.979416667	651
299387	4.989783333	622
299993	4.999883333	606
300584	5.009733333	591
301196	5.019933333	612
301844	5.030733333	648
302582	5.043033333	738
303293	5.054883333	711
303985	5.066416667	692
304634	5.077233333	649
305269	5.087816667	635
305898	5.0983	629
306523	5.108716667	625
307160	5.119333333	637
307813	5.130216667	653
308458	5.140966667	645
309066	5.1511	608
309644	5.160733333	578
310226	5.170433333	582
310783	5.179716667	557
311357	5.189283333	574
311943	5.19905	586
312548	5.209133333	605
313175	5.219583333	627
313813	5.230216667	638
314478	5.2413	665
315135	5.25225	657
315751	5.262516667	616
316333	5.272216667	582
316914	5.2819	581
317529	5.29215	615
318215	5.303583333	686
318907	5.315116667	692
319611	5.32685	704
320302	5.338366667	691
320980	5.349666667	678
321614	5.360233333	634
322237	5.370616667	623
322825	5.380416667	588
323395	5.389916667	570
323959	5.399316667	564
324530	5.408833333	571
325121	5.418683333	591
325742	5.429033333	621
326369	5.439483333	627
326973	5.44955	604
327590	5.459833333	617
328221	5.47035	631
328832	5.480533333	611
329410	5.490166667	578
329972	5.499533333	562
330532	5.508866667	560
331073	5.517883333	541
331624	5.527066667	551
332204	5.536733333	580
332782	5.546366667	578
333396	5.5566	614
334051	5.567516667	655
334714	5.578566667	663
335371	5.589516667	657
335994	5.5999	623
336615	5.61025	621
337250	5.620833333	635
337885	5.631416667	635
338512	5.641866667	627
339141	5.65235	629
339774	5.6629	633
340397	5.673283333	623
341017	5.683616667	620
341654	5.694233333	637
342303	5.70505	649
342982	5.716366667	679
343651	5.727516667	669
344286	5.7381	635
344908	5.748466667	622
345540	5.759	632
346187	5.769783333	647
346863	5.78105	676
347542	5.792366667	679
348205	5.803416667	663
348902	5.815033333	697
349613	5.826883333	711
350293	5.838216667	680
350954	5.849233333	661
351630	5.8605	676
352296	5.8716	666
352968	5.8828	672
353642	5.894033333	674
354305	5.905083333	663
354968	5.916133333	663
355584	5.9264	616
356197	5.936616667	613
356805	5.94675	608
357434	5.957233333	629
358078	5.967966667	644
358720	5.978666667	642
359390	5.989833333	670
360065	6.001083333	675
360750	6.0125	685
361485	6.02475	735
362212	6.036866667	727
362934	6.0489	722
363653	6.060883333	719
364318	6.071966667	665
364934	6.082233333	616
365545	6.092416667	611
366147	6.10245	602
366747	6.11245	600
367342	6.122366667	595
367952	6.132533333	610
368579	6.142983333	627
369222	6.1537	643
369880	6.164666667	658
370544	6.175733333	664
371174	6.186233333	630
371827	6.197116667	653
372482	6.208033333	655
373129	6.218816667	647
373766	6.229433333	637
374424	6.2404	658
375084	6.2514	660
375757	6.262616667	673
376448	6.274133333	691
377155	6.285916667	707
377871	6.29785	716
378584	6.309733333	713
379280	6.321333333	696
379932	6.3322	652
380597	6.343283333	665
381264	6.3544	667
381925	6.365416667	661
382607	6.376783333	682
383261	6.387683333	654
383891	6.398183333	630
384503	6.408383333	612
385150	6.419166667	647
385870	6.431166667	720
386643	6.44405	773
387359	6.455983333	716
388100	6.468333333	741
388857	6.48095	757
389586	6.4931	729
390251	6.504183333	665
390888	6.5148	637
391514	6.525233333	626
392151	6.53585	637
392797	6.546616667	646
393468	6.5578	671
394131	6.56885	663
394763	6.579383333	632
395418	6.5903	655
396063	6.60105	645
396698	6.611633333	635
397297	6.621616667	599
397866	6.6311	569
398430	6.6405	564
398983	6.649716667	553
399551	6.659183333	568
400149	6.66915	598
400734	6.6789	585
401318	6.688633333	584
401932	6.698866667	614
402592	6.709866667	660
403289	6.721483333	697
403948	6.732466667	659
404600	6.743333333	652
405262	6.754366667	662
405908	6.765133333	646
406529	6.775483333	621
407150	6.785833333	621
407789	6.796483333	639
408439	6.807316667	650
409071	6.81785	632
409722	6.8287	651
410374	6.839566667	652
410999	6.849983333	625
411626	6.860433333	627
412263	6.87105	637
412907	6.881783333	644
413536	6.892266667	629
414182	6.903033333	646
414870	6.9145	688
415545	6.92575	675
416228	6.937133333	683
416932	6.948866667	704
417595	6.959916667	663
418228	6.970466667	633
418827	6.98045	599
419422	6.990366667	595
419994	6.9999	572
420553	7.009216667	559
421132	7.018866667	579
421710	7.0285	578
422280	7.038	570
422877	7.04795	597
423471	7.05785	594
424065	7.06775	594
424644	7.0774	579
425222	7.087033333	578
425805	7.09675	583
426373	7.106216667	568
426922	7.115366667	549
427466	7.124433333	544
427998	7.1333	532
428532	7.1422	534
429046	7.150766667	514
429546	7.1591	500
430038	7.1673	492
430532	7.175533333	494
431023	7.183716667	491
431549	7.192483333	526
432081	7.20135	532
432620	7.210333333	539
433137	7.21895	517
433694	7.228233333	557
434243	7.237383333	549
434815	7.246916667	572
435365	7.256083333	550
435914	7.265233333	549
436459	7.274316667	545
437000	7.283333333	541
437566	7.292766667	566
438127	7.302116667	561
438730	7.312166667	603
439311	7.32185	581
439910	7.331833333	599
440505	7.34175	595
441104	7.351733333	599
441700	7.361666667	596
442262	7.371033333	562
442851	7.38085	589
443428	7.390466667	577
443999	7.399983333	571
444549	7.40915	550
445095	7.41825	546
445668	7.4278	573
446110	7.435166667	442
446896	7.448266667	786
447455	7.457583333	559
448005	7.46675	550
448566	7.4761	561
449129	7.485483333	563
449703	7.49505	574
450265	7.504416667	562
450828	7.5138	563
451408	7.523466667	580
452036	7.533933333	628
452626	7.543766667	590
453211	7.553516667	585
453784	7.563066667	573
454354	7.572566667	570
454938	7.5823	584
455513	7.591883333	575
456072	7.6012	559
456622	7.610366667	550
457159	7.619316667	537
457718	7.628633333	559
458285	7.638083333	567
458849	7.647483333	564
459422	7.657033333	573
459997	7.666616667	575
460552	7.675866667	555
460958	7.682633333	406
461732	7.695533333	774
462128	7.702133333	396
462888	7.7148	760
463293	7.72155	405
463978	7.732966667	685
464500	7.741666667	522
465024	7.7504	524
465547	7.759116667	523
466078	7.767966667	531
466624	7.777066667	546
467226	7.7871	602
467643	7.79405	417
468543	7.80905	900
469154	7.819233333	611
469736	7.828933333	582
470303	7.838383333	567
470880	7.848	577
471308	7.855133333	428
472096	7.868266667	788
472501	7.875016667	405
473235	7.88725	734
473759	7.895983333	524
474271	7.904516667	512
474787	7.913116667	516
475324	7.922066667	537
475866	7.9311	542
476433	7.94055	567
477012	7.9502	579
477613	7.960216667	601
478245	7.97075	632
478873	7.981216667	628
479509	7.991816667	636
480117	8.00195	608
480685	8.011416667	568
481253	8.020883333	568
481793	8.029883333	540
482338	8.038966667	545
482900	8.048333333	562
483464	8.057733333	564
484041	8.06735	577
484599	8.07665	558
485006	8.083433333	407
485806	8.096766667	800
486370	8.106166667	564
486928	8.115466667	558
487471	8.124516667	543
488024	8.133733333	553
488578	8.142966667	554
489188	8.153133333	610
489786	8.1631	598
490400	8.173333333	614
491003	8.183383333	603
491635	8.193916667	632
492300	8.205	665
492917	8.215283333	617
493542	8.2257	625
494187	8.23645	645
494793	8.24655	606
495369	8.25615	576
495981	8.26635	612
496571	8.276183333	590
497165	8.286083333	594
497761	8.296016667	596
498389	8.306483333	628
499035	8.31725	646
499649	8.327483333	614
500285	8.338083333	636
500968	8.349466667	683
501599	8.359983333	631
502205	8.370083333	606
502802	8.380033333	597
503379	8.38965	577
503954	8.399233333	575
504516	8.4086	562
505065	8.41775	549
505468	8.424466667	403
506263	8.437716667	795
506815	8.446916667	552
507357	8.45595	542
507892	8.464866667	535
508316	8.471933333	424
509010	8.4835	694
509552	8.492533333	542
510108	8.5018	556
510672	8.5112	564
511251	8.52085	579
511812	8.5302	561
512402	8.540033333	590
512995	8.549916667	593
513623	8.560383333	628
514251	8.57085	628
514859	8.580983333	608
515446	8.590766667	587
516054	8.6009	608
516645	8.61075	591
517225	8.620416667	580
517777	8.629616667	552
518334	8.6389	557
518896	8.648266667	562
519307	8.655116667	411
520042	8.667366667	735
520455	8.67425	413
521115	8.68525	660
521642	8.694033333	527
522178	8.702966667	536
522743	8.712383333	565
523321	8.722016667	578
523739	8.728983333	418
524580	8.743	841
525137	8.752283333	557
525677	8.761283333	540
526207	8.770116667	530
526764	8.7794	557
527349	8.78915	585
527953	8.799216667	604
528557	8.809283333	604
529196	8.819933333	639
529912	8.831866667	716
530595	8.84325	683
531257	8.854283333	662
531913	8.865216667	656
532544	8.875733333	631
533162	8.886033333	618
533766	8.8961	604
534363	8.90605	597
534955	8.915916667	592
535563	8.92605	608
536148	8.9358	585
536770	8.946166667	622
537396	8.9566	626
537999	8.96665	603
538629	8.97715	630
539261	8.987683333	632
539862	8.9977	601
540438	9.0073	576
541027	9.017116667	589
541616	9.026933333	589
542200	9.036666667	584
542792	9.046533333	592
543394	9.056566667	602
543986	9.066433333	592
544594	9.076566667	608
545188	9.086466667	594
545770	9.096166667	582
546340	9.105666667	570
546892	9.114866667	552
547297	9.121616667	405
548052	9.1342	755
548451	9.14085	399
549167	9.152783333	716
549687	9.16145	520
550199	9.169983333	512
550716	9.1786	517
551261	9.187683333	545
551805	9.19675	544
552342	9.2057	537
552907	9.215116667	565
553520	9.225333333	613
554152	9.235866667	632
554769	9.24615	617
555397	9.256616667	628
556015	9.266916667	618
556596	9.2766	581
557185	9.286416667	589
557777	9.296283333	592
558377	9.306283333	600
558950	9.315833333	573
559517	9.325283333	567
560085	9.33475	568
560636	9.343933333	551
561038	9.350633333	402
561826	9.363766667	788
562361	9.372683333	535
562878	9.3813	517
563385	9.38975	507
563899	9.398316667	514
564442	9.407366667	543
565002	9.4167	560
565579	9.426316667	577
566174	9.436233333	595
566783	9.446383333	609
567392	9.456533333	609
568006	9.466766667	614
568617	9.47695	611
569186	9.486433333	569
569756	9.495933333	570
570328	9.505466667	572
570915	9.51525	587
571479	9.52465	564
572028	9.5338	549
572433	9.54055	405
573129	9.55215	696
573649	9.560816667	520
574170	9.5695	521
574704	9.5784	534
575247	9.58745	543
575801	9.596683333	554
576389	9.606483333	588
576983	9.616383333	594
577564	9.626066667	581
578145	9.63575	581
578735	9.645583333	590
579323	9.655383333	588
579892	9.664866667	569
580483	9.674716667	591
581062	9.684366667	579
581639	9.693983333	577
582197	9.703283333	558
582756	9.7126	559
583170	9.7195	414
583936	9.732266667	766
584472	9.7412	536
584998	9.749966667	526
585513	9.75855	515
586034	9.767233333	521
586555	9.775916667	521
587079	9.78465	524
587632	9.793866667	553
588202	9.803366667	570
588765	9.81275	563
589315	9.821916667	550
589877	9.831283333	562
590456	9.840933333	579
591038	9.850633333	582
591604	9.860066667	566
592169	9.869483333	565
592715	9.878583333	546
593264	9.887733333	549
593795	9.896583333	531
594324	9.9054	529
594862	9.914366667	538
595406	9.923433333	544
595958	9.932633333	552
596530	9.942166667	572
597091	9.951516667	561
597663	9.96105	572
598231	9.970516667	568
598796	9.979933333	565
599358	9.9893	562
599899	9.998316667	541
600434	10.00723333	535
600966	10.0161	532
601496	10.02493333	530
602040	10.034	544
602585	10.04308333	545
603160	10.05266667	575
603724	10.06206667	564
604272	10.0712	548
604830	10.0805	558
605380	10.08966667	550
605943	10.09905	563
606494	10.10823333	551
607050	10.1175	556
607606	10.12676667	556
608143	10.13571667	537
608689	10.14481667	546
609248	10.15413333	559
609799	10.16331667	551
610345	10.17241667	546
610884	10.1814	539
611442	10.1907	558
611996	10.19993333	554
612532	10.20886667	536
613063	10.21771667	531
613591	10.22651667	528
614132	10.23553333	541
614676	10.2446	544
615202	10.25336667	526
615736	10.26226667	534
616281	10.27135	545
616830	10.2805	549
617373	10.28955	543
617897	10.29828333	524
618427	10.30711667	530
618965	10.31608333	538
619509	10.32515	544
620048	10.33413333	539
620588	10.34313333	540
621141	10.35235	553
621696	10.3616	555
622246	10.37076667	550
622795	10.37991667	549
623334	10.3889	539
623879	10.39798333	545
624411	10.40685	532
624942	10.4157	531
625461	10.42435	519
625983	10.43305	522
626513	10.44188333	530
627047	10.45078333	534
627560	10.45933333	513
628083	10.46805	523
628605	10.47675	522
629116	10.48526667	511
629627	10.49378333	511
630152	10.50253333	525
630683	10.51138333	531
631249	10.52081667	566
631818	10.5303	569
632233	10.53721667	415
633000	10.55	767
633410	10.55683333	410
634120	10.56866667	710
634651	10.57751667	531
635165	10.58608333	514
635677	10.59461667	512
636192	10.6032	515
636714	10.6119	522
637250	10.62083333	536
637785	10.62975	535
638349	10.63915	564
638914	10.64856667	565
639490	10.65816667	576
640070	10.66783333	580
640666	10.67776667	596
641257	10.68761667	591
641825	10.69708333	568
642385	10.70641667	560
642950	10.71583333	565
643497	10.72495	547
643905	10.73175	408
644618	10.74363333	713
645146	10.75243333	528
645668	10.76113333	522
646182	10.7697	514
646705	10.77841667	523
647239	10.78731667	534
647779	10.79631667	540
648339	10.80565	560
648909	10.81515	570
649499	10.82498333	590
650116	10.83526667	617
650714	10.84523333	598
651313	10.85521667	599
651892	10.86486667	579
652471	10.87451667	579
653029	10.88381667	558
653577	10.89295	548
654142	10.90236667	565
654688	10.91146667	546
655236	10.9206	548
655784	10.92973333	548
656338	10.93896667	554
656888	10.94813333	550
657417	10.95695	529
657940	10.96566667	523
658482	10.9747	542
659035	10.98391667	553
659592	10.9932	557
660138	11.0023	546
660588	11.0098	450
661247	11.02078333	659
661770	11.0295	523
662278	11.03796667	508
662775	11.04625	497
663270	11.0545	495
663769	11.06281667	499
664276	11.07126667	507
664794	11.0799	518
665329	11.08881667	535
665857	11.09761667	528
666386	11.10643333	529
666923	11.11538333	537
667460	11.12433333	537
668001	11.13335	541
668545	11.14241667	544
669112	11.15186667	567
669672	11.1612	560
670230	11.1705	558
670794	11.1799	564
671338	11.18896667	544
671871	11.19785	533
672406	11.20676667	535
672950	11.21583333	544
673499	11.22498333	549
674041	11.23401667	542
674594	11.24323333	553
675152	11.25253333	558
675719	11.26198333	567
676273	11.27121667	554
676814	11.28023333	541
677358	11.2893	544
677898	11.2983	540
678445	11.30741667	547
678986	11.31643333	541
679523	11.32538333	537
680069	11.33448333	546
680615	11.34358333	546
681158	11.35263333	543
681691	11.36151667	533
682227	11.37045	536
682774	11.37956667	547
683322	11.3887	548
683858	11.39763333	536
684390	11.4065	532
684938	11.41563333	548
685495	11.42491667	557
686054	11.43423333	559
686598	11.4433	544
687013	11.45021667	415
687740	11.46233333	727
688160	11.46933333	420
688822	11.48036667	662
689332	11.48886667	510
689831	11.49718333	499
690336	11.5056	505
690852	11.5142	516
691368	11.5228	516
691897	11.53161667	529
692453	11.54088333	556
693030	11.5505	577
693590	11.55983333	560
694163	11.56938333	573
694748	11.57913333	585
695333	11.58888333	585
695899	11.59831667	566
696461	11.60768333	562
697029	11.61715	568
697586	11.62643333	557
698146	11.63576667	560
698709	11.64515	563
699247	11.65411667	538
699651	11.66085	404
700370	11.67283333	719
700771	11.67951667	401
701460	11.691	689
701964	11.6994	504
702459	11.70765	495
702956	11.71593333	497
703453	11.72421667	497
703956	11.7326	503
704475	11.74125	519
704999	11.74998333	524
705527	11.75878333	528
706042	11.76736667	515
706568	11.77613333	526
707114	11.78523333	546
707659	11.79431667	545
708201	11.80335	542
708738	11.8123	537
709295	11.82158333	557
709704	11.8284	409
710441	11.84068333	737
710838	11.8473	397
711527	11.85878333	689
712050	11.8675	523
712561	11.87601667	511
713062	11.88436667	501
713567	11.89278333	505
714079	11.90131667	512
714601	11.91001667	522
715135	11.91891667	534
715669	11.92781667	534
716209	11.93681667	540
716767	11.94611667	558
717350	11.95583333	583
717909	11.96515	559
718461	11.97435	552
719011	11.98351667	550
719556	11.9926	545
720092	12.00153333	536
720497	12.00828333	405
721157	12.01928333	660
721678	12.02796667	521
722198	12.03663333	520
722715	12.04525	517
723226	12.05376667	511
723747	12.06245	521
724277	12.07128333	530
724789	12.07981667	512
725316	12.0886	527
725845	12.09741667	529
726381	12.10635	536
726934	12.11556667	553
727493	12.12488333	559
728033	12.13388333	540
728574	12.1429	541
729112	12.15186667	538
729651	12.16085	539
730180	12.16966667	529
730699	12.17831667	519
731221	12.18701667	522
731739	12.19565	518
732265	12.20441667	526
732781	12.21301667	516
733293	12.22155	512
733813	12.23021667	520
734338	12.23896667	525
734865	12.24775	527
735269	12.25448333	404
735903	12.26505	634
736413	12.27355	510
736934	12.28223333	521
737467	12.29111667	533
738016	12.30026667	549
738576	12.3096	560
739126	12.31876667	550
739682	12.32803333	556
740246	12.33743333	564
740805	12.34675	559
741359	12.35598333	554
741915	12.36525	556
742469	12.37448333	554
743033	12.38388333	564
743592	12.3932	559
744140	12.40233333	548
744674	12.41123333	534
745213	12.42021667	539
745746	12.4291	533
746269	12.43781667	523
746798	12.44663333	529
747332	12.45553333	534
747877	12.46461667	545
748430	12.47383333	553
748970	12.48283333	540
749516	12.49193333	546
750057	12.50095	541
750604	12.51006667	547
751157	12.51928333	553
751708	12.52846667	551
752251	12.53751667	543
752787	12.54645	536
753307	12.55511667	520
753821	12.56368333	514
754338	12.5723	517
754857	12.58095	519
755388	12.5898	531
755918	12.59863333	530
756447	12.60745	529
756955	12.61591667	508
757451	12.62418333	496
757954	12.63256667	503
758448	12.6408	494
758942	12.64903333	494
759451	12.65751667	509
759967	12.66611667	516
760477	12.67461667	510
760982	12.68303333	505
761502	12.6917	520
762034	12.70056667	532
762553	12.70921667	519
763070	12.71783333	517
763588	12.72646667	518
764113	12.73521667	525
764634	12.7439	521
765160	12.75266667	526
765684	12.7614	524
766205	12.77008333	521
766732	12.77886667	527
767252	12.78753333	520
767775	12.79625	523
768294	12.8049	519
768817	12.81361667	523
769348	12.82246667	531
769885	12.83141667	537
770409	12.84015	524
770939	12.84898333	530
771473	12.85788333	534
772016	12.86693333	543
772548	12.8758	532
773073	12.88455	525
773608	12.89346667	535
774152	12.90253333	544
774692	12.91153333	540
775227	12.92045	535
775756	12.92926667	529
776307	12.93845	551
776871	12.94785	564
777417	12.95695	546
777959	12.96598333	542
778495	12.97491667	536
779035	12.98391667	540
779574	12.9929	539
780104	13.00173333	530
780625	13.01041667	521
781152	13.0192	527
781688	13.02813333	536
782226	13.0371	538
782757	13.04595	531
783282	13.0547	525
783809	13.06348333	527
784340	13.07233333	531
784868	13.08113333	528
785392	13.08986667	524
785922	13.0987	530
786449	13.10748333	527
786987	13.11645	538
787520	13.12533333	533
788045	13.13408333	525
788573	13.14288333	528
789110	13.15183333	537
789656	13.16093333	546
790194	13.1699	538
790724	13.17873333	530
791254	13.18756667	530
791797	13.19661667	543
792352	13.20586667	555
792905	13.21508333	553
793460	13.22433333	555
794022	13.2337	562
794584	13.24306667	562
795152	13.25253333	568
795706	13.26176667	554
796105	13.26841667	399
796856	13.28093333	751
797388	13.2898	532
797919	13.29865	531
798441	13.30735	522
798953	13.31588333	512
799469	13.32448333	516
799985	13.33308333	516
800504	13.34173333	519
801020	13.35033333	516
801545	13.35908333	525
802093	13.36821667	548
802646	13.37743333	553
803192	13.38653333	546
803726	13.39543333	534
804252	13.4042	526
804779	13.41298333	527
805302	13.4217	523
805828	13.43046667	526
806384	13.43973333	556
806952	13.4492	568
807511	13.45851667	559
808097	13.46828333	586
808661	13.47768333	564
809212	13.48686667	551
809744	13.49573333	532
810299	13.50498333	555
810856	13.51426667	557
811407	13.52345	551
811962	13.5327	555
812525	13.54208333	563
812937	13.54895	412
813685	13.56141667	748
814209	13.57015	524
814727	13.57878333	518
815236	13.58726667	509
815755	13.59591667	519
816285	13.60475	530
816820	13.61366667	535
817350	13.6225	530
817875	13.63125	525
818423	13.64038333	548
818986	13.64976667	563
819538	13.65896667	552
820113	13.66855	575
820686	13.6781	573
821249	13.68748333	563
821809	13.69681667	560
822369	13.70615	560
822923	13.71538333	554
823472	13.72453333	549
823890	13.7315	418
824583	13.74305	693
825107	13.75178333	524
825635	13.76058333	528
826160	13.76933333	525
826686	13.7781	526
827220	13.787	534
827763	13.79605	543
828305	13.80508333	542
828850	13.81416667	545
829398	13.8233	548
829958	13.83263333	560
830519	13.84198333	561
831073	13.85121667	554
831487	13.85811667	414
832192	13.86986667	705
832720	13.87866667	528
833242	13.88736667	522
833754	13.8959	512
834259	13.90431667	505
834778	13.91296667	519
835316	13.92193333	538
835851	13.93085	535
836379	13.93965	528
836923	13.94871667	544
837479	13.95798333	556
838021	13.96701667	542
838564	13.97606667	543
839115	13.98525	551
839674	13.99456667	559
840243	14.00405	569
840803	14.01338333	560
841365	14.02275	562
841929	14.03215	564
842486	14.04143333	557
843032	14.05053333	546
843575	14.05958333	543
844120	14.06866667	545
844663	14.07771667	543
845208	14.0868	545
845753	14.09588333	545
846298	14.10496667	545
846841	14.11401667	543
847386	14.1231	545
847930	14.13216667	544
848481	14.14135	551
849031	14.15051667	550
849576	14.1596	545
850115	14.16858333	539
850672	14.17786667	557
851234	14.18723333	562
851783	14.19638333	549
852340	14.20566667	557
852894	14.2149	554
853452	14.2242	558
854010	14.2335	558
854429	14.24048333	419
855177	14.25295	748
855708	14.2618	531
856235	14.27058333	527
856752	14.2792	517
857255	14.28758333	503
857752	14.29586667	497
858250	14.30416667	498
858765	14.31275	515
859293	14.32155	528
859817	14.33028333	524
860345	14.33908333	528
860887	14.34811667	542
861433	14.35721667	546
861972	14.3662	539
862509	14.37515	537
863049	14.38415	540
863588	14.39313333	539
864115	14.40191667	527
864644	14.41073333	529
865160	14.41933333	516
865678	14.42796667	518
866191	14.43651667	513
866696	14.44493333	505
867209	14.45348333	513
867724	14.46206667	515
868233	14.47055	509
868733	14.47888333	500
869246	14.48743333	513
869778	14.4963	532
870303	14.50505	525
870819	14.51365	516
871334	14.52223333	515
871858	14.53096667	524
872373	14.53955	515
872882	14.54803333	509
873386	14.55643333	504
873900	14.565	514
874417	14.57361667	517
874923	14.58205	506
875430	14.5905	507
875946	14.5991	516
876471	14.60785	525
876997	14.61661667	526
877543	14.62571667	546
878078	14.63463333	535
878609	14.64348333	531
879137	14.65228333	528
879670	14.66116667	533
880196	14.66993333	526
880717	14.67861667	521
881236	14.68726667	519
881755	14.69591667	519
882276	14.7046	521
882799	14.71331667	523
883314	14.7219	515
883833	14.73055	519
884353	14.73921667	520
884872	14.74786667	519
885393	14.75655	521
885907	14.76511667	514
886427	14.77378333	520
886937	14.78228333	510
887443	14.79071667	506
887949	14.79915	506
888455	14.80758333	506
888954	14.8159	499
889452	14.8242	498
889959	14.83265	507
890467	14.84111667	508
890969	14.84948333	502
891461	14.85768333	492
891963	14.86605	502
892469	14.87448333	506
892974	14.8829	505
893478	14.8913	504
893994	14.8999	516
894524	14.90873333	530
895056	14.9176	532
895575	14.92625	519
896096	14.93493333	521
896610	14.9435	514
897125	14.95208333	515
897639	14.96065	514
898151	14.96918333	512
898665	14.97775	514
899181	14.98635	516
899690	14.99483333	509
900201	15.00335	511
900716	15.01193333	515
901235	15.02058333	519
901762	15.02936667	527
902289	15.03815	527
902821	15.04701667	532
903355	15.05591667	534
903892	15.06486667	537
904448	15.07413333	556
904998	15.0833	550
905544	15.0924	546
906085	15.10141667	541
906633	15.11055	548
907177	15.11961667	544
907645	15.12741667	468
908251	15.13751667	606
908770	15.14616667	519
909301	15.15501667	531
909820	15.16366667	519
910329	15.17215	509
910833	15.18055	504
911354	15.18923333	521
911873	15.19788333	519
912387	15.20645	514
912899	15.21498333	512
913406	15.22343333	507
913912	15.23186667	506
914430	15.2405	518
914954	15.24923333	524
915465	15.25775	511
915980	15.26633333	515
916497	15.27495	517
917007	15.28345	510
917510	15.29183333	503
918022	15.30036667	512
918539	15.30898333	517
919056	15.3176	517
919563	15.32605	507
920067	15.33445	504
920576	15.34293333	509
921092	15.35153333	516
921623	15.36038333	531
922167	15.36945	544
922708	15.37846667	541
923247	15.38745	539
923777	15.39628333	530
924324	15.4054	547
924881	15.41468333	557
925424	15.42373333	543
925958	15.43263333	534
926483	15.44138333	525
926995	15.44991667	512
927507	15.45845	512
928025	15.46708333	518
928544	15.47573333	519
929056	15.48426667	512
929568	15.4928	512
930096	15.5016	528
930638	15.51063333	542
931172	15.51953333	534
931691	15.52818333	519
932212	15.53686667	521
932734	15.54556667	522
933253	15.55421667	519
933768	15.5628	515
934292	15.57153333	524
934834	15.58056667	542
935368	15.58946667	534
935894	15.59823333	526
936422	15.60703333	528
936962	15.61603333	540
937501	15.62501667	539
938032	15.63386667	531
938427	15.64045	395
939104	15.65173333	677
939624	15.6604	520
940131	15.66885	507
940632	15.6772	501
941142	15.6857	510
941655	15.69425	513
942171	15.70285	516
942690	15.7115	519
943227	15.72045	537
943764	15.7294	537
944309	15.73848333	545
944846	15.74743333	537
945382	15.75636667	536
945917	15.76528333	535
946450	15.77416667	533
946977	15.78295	527
947500	15.79166667	523
948018	15.8003	518
948536	15.80893333	518
949050	15.8175	514
949565	15.82608333	515
950077	15.83461667	512
950596	15.84326667	519
951113	15.85188333	517
951625	15.86041667	512
952123	15.86871667	498
952620	15.877	497
953123	15.88538333	503
953626	15.89376667	503
954139	15.90231667	513
954647	15.91078333	508
955150	15.91916667	503
955652	15.92753333	502
956158	15.93596667	506
956672	15.94453333	514
957213	15.95355	541
957753	15.96255	540
958280	15.97133333	527
958730	15.97883333	450
959302	15.98836667	572
959801	15.99668333	499
960295	16.00491667	494
960798	16.0133	503
961341	16.02235	543
961902	16.0317	561
962464	16.04106667	562
963031	16.05051667	567
963586	16.05976667	555
964121	16.06868333	535
964649	16.07748333	528
965181	16.08635	532
965719	16.09531667	538
966273	16.10455	554
966798	16.1133	525
967325	16.12208333	527
967862	16.13103333	537
968408	16.14013333	546
968951	16.14918333	543
969472	16.15786667	521
969989	16.16648333	517
970514	16.17523333	525
971049	16.18415	535
971588	16.19313333	539
972129	16.20215	541
972668	16.21113333	539
973066	16.21776667	398
973786	16.22976667	720
974174	16.23623333	388
974852	16.24753333	678
975352	16.25586667	500
975849	16.26415	497
976337	16.27228333	488
976828	16.28046667	491
977345	16.28908333	517
977873	16.29788333	528
978400	16.30666667	527
978929	16.31548333	529
979483	16.32471667	554
979877	16.33128333	394
980665	16.34441667	788
981209	16.35348333	544
981745	16.36241667	536
982262	16.37103333	517
982782	16.3797	520
983298	16.3883	516
983814	16.3969	516
984337	16.40561667	523
984873	16.41455	536
985430	16.42383333	557
985994	16.43323333	564
986546	16.44243333	552
987078	16.4513	532
987602	16.46003333	524
988122	16.4687	520
988648	16.47746667	526
989182	16.48636667	534
989699	16.49498333	517
990214	16.50356667	515
990744	16.5124	530
991280	16.52133333	536
991812	16.5302	532
992362	16.53936667	550
992907	16.54845	545
993440	16.55733333	533
993974	16.56623333	534
994501	16.57501667	527
995020	16.58366667	519
995535	16.59225	515
996041	16.60068333	506
996551	16.60918333	510
997070	16.61783333	519
997602	16.6267	532
998122	16.63536667	520
998648	16.64413333	526
999178	16.65296667	530
999706	16.66176667	528
1000224	16.6704	518
1000741	16.67901667	517
1001265	16.68775	524
1001783	16.69638333	518
1002292	16.70486667	509
1002800	16.71333333	508
1003311	16.72185	511
1003828	16.73046667	517
1004347	16.73911667	519
1004850	16.7475	503
1005350	16.75583333	500
1005849	16.76415	499
1006344	16.7724	495
1006839	16.78065	495
1007340	16.789	501
1007850	16.7975	510
1008370	16.80616667	520
1008878	16.81463333	508
1009385	16.82308333	507
1009903	16.83171667	518
1010426	16.84043333	523
1010940	16.849	514
1011439	16.85731667	499
1011938	16.86563333	499
1012434	16.8739	496
1012933	16.88221667	499
1013448	16.8908	515
1013991	16.89985	543
1014546	16.9091	555
1015094	16.91823333	548
1015620	16.927	526
1016146	16.93576667	526
1016674	16.94456667	528
1017197	16.95328333	523
1017718	16.96196667	521
1018228	16.97046667	510
1018739	16.97898333	511
1019256	16.9876	517
1019774	16.99623333	518
1020302	17.00503333	528
1020830	17.01383333	528
1021353	17.02255	523
1021868	17.03113333	515
1022381	17.03968333	513
1022904	17.0484	523
1023437	17.05728333	533
1023972	17.0662	535
1024498	17.07496667	526
1025012	17.08353333	514
1025522	17.09203333	510
1026036	17.1006	514
1026551	17.10918333	515
1027070	17.11783333	519
1027584	17.1264	514
1028097	17.13495	513
1028620	17.14366667	523
1029153	17.15255	533
1029688	17.16146667	535
1030217	17.17028333	529
1030740	17.179	523
1031262	17.1877	522
1031781	17.19635	519
1032298	17.20496667	517
1032805	17.21341667	507
1033323	17.22205	518
1033840	17.23066667	517
1034350	17.23916667	510
1034863	17.24771667	513
1035389	17.25648333	526
1035918	17.2653	529
1036441	17.27401667	523
1036950	17.2825	509
1037456	17.29093333	506
1037953	17.29921667	497
1038447	17.30745	494
1038944	17.31573333	497
1039443	17.32405	499
1039951	17.33251667	508
1040451	17.34085	500
1040942	17.34903333	491
1041434	17.35723333	492
1041936	17.3656	502
1042432	17.37386667	496
1042922	17.38203333	490
1043411	17.39018333	489
1043895	17.39825	484
1044278	17.40463333	383
1044869	17.41448333	591
1045350	17.4225	481
1045832	17.43053333	482
1046309	17.43848333	477
1046790	17.4465	481
1047281	17.45468333	491
1047777	17.46295	496
1048277	17.47128333	500
1048790	17.47983333	513
1049315	17.48858333	525
1049836	17.49726667	521
1050349	17.50581667	513
1050856	17.51426667	507
1051374	17.5229	518
1051909	17.53181667	535
1052457	17.54095	548
1052997	17.54995	540
1053525	17.55875	528
1054046	17.56743333	521
1054570	17.57616667	524
1055090	17.58483333	520
1055595	17.59325	505
1056102	17.6017	507
1056615	17.61025	513
1057118	17.61863333	503
1057620	17.627	502
1058120	17.63533333	500
1058627	17.64378333	507
1059131	17.65218333	504
1059629	17.66048333	498
1060128	17.6688	499
1060631	17.67718333	503
1061149	17.68581667	518
1061682	17.6947	533
1062237	17.70395	555
1062777	17.71295	540
1063314	17.7219	537
1063848	17.7308	534
1064385	17.73975	537
1064914	17.74856667	529
1065435	17.75725	521
1065951	17.76585	516
1066460	17.77433333	509
1066967	17.78278333	507
1067476	17.79126667	509
1067984	17.79973333	508
1068493	17.80821667	509
1069013	17.81688333	520
1069558	17.82596667	545
1070088	17.8348	530
1070610	17.8435	522
1071130	17.85216667	520
1071656	17.86093333	526
1072171	17.86951667	515
1072687	17.87811667	516
1073205	17.88675	518
1073731	17.89551667	526
1074259	17.90431667	528
1074795	17.91325	536
1075326	17.9221	531
1075853	17.93088333	527
1076377	17.93961667	524
1076905	17.94841667	528
1077428	17.95713333	523
1077953	17.96588333	525
1078475	17.97458333	522
1078986	17.9831	511
1079498	17.99163333	512
1080012	18.0002	514
1080525	18.00875	513
1081049	18.01748333	524
1081582	18.02636667	533
1082108	18.03513333	526
1082621	18.04368333	513
1083126	18.0521	505
1083645	18.06075	519
1084181	18.06968333	536
1084715	18.07858333	534
1085244	18.0874	529
1085768	18.09613333	524
1086305	18.10508333	537
1086839	18.11398333	534
1087362	18.1227	523
1087803	18.13005	441
1088440	18.14066667	637
1088970	18.1495	530
1089490	18.15816667	520
1090005	18.16675	515
1090512	18.1752	507
1091021	18.18368333	509
1091527	18.19211667	506
1092032	18.20053333	505
1092541	18.20901667	509
1093049	18.21748333	508
1093563	18.22605	514
1094086	18.23476667	523
1094637	18.24395	551
1095193	18.25321667	556
1095735	18.26225	542
1096269	18.27115	534
1096805	18.28008333	536
1097347	18.28911667	542
1097890	18.29816667	543
1098409	18.30681667	519
1098922	18.31536667	513
1099436	18.32393333	514
1099962	18.3327	526
1100497	18.34161667	535
1101023	18.35038333	526
1101548	18.35913333	525
1102070	18.36783333	522
1102588	18.37646667	518
1103107	18.38511667	519
1103620	18.39366667	513
1104131	18.40218333	511
1104632	18.41053333	501
1105136	18.41893333	504
1105646	18.42743333	510
1106162	18.43603333	516
1106693	18.44488333	531
1107236	18.45393333	543
1107792	18.4632	556
1108339	18.47231667	547
1108873	18.48121667	534
1109413	18.49021667	540
1109952	18.4992	539
1110482	18.50803333	530
1110999	18.51665	517
1111510	18.52516667	511
1112030	18.53383333	520
1112563	18.54271667	533
1113090	18.5515	527
1113611	18.56018333	521
1114138	18.56896667	527
1114681	18.57801667	543
1115225	18.58708333	544
1115760	18.596	535
1116287	18.60478333	527
1116809	18.61348333	522
1117325	18.62208333	516
1117833	18.63055	508
1118332	18.63886667	499
1118823	18.64705	491
1119317	18.65528333	494
1119821	18.66368333	504
1120328	18.67213333	507
1120824	18.6804	496
1121325	18.68875	501
1121826	18.6971	501
1122327	18.70545	501
1122827	18.71378333	500
1123329	18.72215	502
1123836	18.7306	507
1124340	18.739	504
1124837	18.74728333	497
1125339	18.75565	502
1125842	18.76403333	503
1126346	18.77243333	504
1126854	18.7809	508
1127370	18.7895	516
1127881	18.79801667	511
1128392	18.80653333	511
1128892	18.81486667	500
1129398	18.8233	506
1129915	18.83191667	517
1130436	18.8406	521
1130950	18.84916667	514
1131453	18.85755	503
1131964	18.86606667	511
1132492	18.87486667	528
1133021	18.88368333	529
1133550	18.8925	529
1133968	18.89946667	418
1134602	18.91003333	634
1135117	18.91861667	515
1135633	18.92721667	516
1136144	18.93573333	511
1136654	18.94423333	510
1137152	18.95253333	498
1137646	18.96076667	494
1138146	18.9691	500
1138663	18.97771667	517
1139185	18.98641667	522
1139699	18.99498333	514
1140231	19.00385	532
1140756	19.0126	525
1141288	19.02146667	532
1141823	19.03038333	535
1142363	19.03938333	540
1142904	19.0484	541
1143443	19.05738333	539
1143989	19.06648333	546
1144536	19.0756	547
1145051	19.08418333	515
1145563	19.09271667	512
1146081	19.10135	518
1146600	19.11	519
1147126	19.11876667	526
1147646	19.12743333	520
1148166	19.1361	520
1148683	19.14471667	517
1149209	19.15348333	526
1149736	19.16226667	527
1150260	19.171	524
1150782	19.1797	522
1151300	19.18833333	518
1151822	19.19703333	522
1152363	19.20605	541
1152895	19.21491667	532
1153411	19.22351667	516
1153926	19.2321	515
1154452	19.24086667	526
1155003	19.25005	551
1155559	19.25931667	556
1156096	19.26826667	537
1156627	19.27711667	531
1157159	19.28598333	532
1157686	19.29476667	527
1158225	19.30375	539
1158767	19.31278333	542
1159169	19.31948333	402
1159883	19.33138333	714
1160272	19.33786667	389
1160949	19.34915	677
1161357	19.35595	408
1161932	19.36553333	575
1162414	19.37356667	482
1162890	19.3815	476
1163378	19.38963333	488
1163878	19.39796667	500
1164407	19.40678333	529
1164955	19.41591667	548
1165498	19.42496667	543
1166069	19.43448333	571
1166628	19.4438	559
1167173	19.45288333	545
1167727	19.46211667	554
1168276	19.47126667	549
1168829	19.48048333	553
1169375	19.48958333	546
1169909	19.49848333	534
1170318	19.5053	409
1170976	19.51626667	658
1171500	19.525	524
1172014	19.53356667	514
1172518	19.54196667	504
1173019	19.55031667	501
1173528	19.5588	509
1174038	19.5673	510
1174542	19.5757	504
1175050	19.58416667	508
1175573	19.59288333	523
1176117	19.60195	544
1176528	19.6088	411
1177198	19.61996667	670
1177715	19.62858333	517
1178241	19.63735	526
1178767	19.64611667	526
1179290	19.65483333	523
1179808	19.66346667	518
1180312	19.67186667	504
1180809	19.68015	497
1181302	19.68836667	493
1181795	19.69658333	493
1182297	19.70495	502
1182830	19.71383333	533
1183361	19.72268333	531
1183794	19.7299	433
1184422	19.74036667	628
1184938	19.74896667	516
1185449	19.75748333	511
1185949	19.76581667	500
1186443	19.77405	494
1186942	19.78236667	499
1187461	19.79101667	519
1187996	19.79993333	535
1188532	19.80886667	536
1189075	19.81791667	543
1189612	19.82686667	537
1190137	19.83561667	525
1190662	19.84436667	525
1191191	19.85318333	529
1191740	19.86233333	549
1192283	19.87138333	543
1192809	19.88015	526
1193326	19.88876667	517
1193833	19.89721667	507
1194338	19.90563333	505
1194844	19.91406667	506
1195342	19.92236667	498
1195835	19.93058333	493
1196344	19.93906667	509
1196859	19.94765	515
1197374	19.95623333	515
1197887	19.96478333	513
1198424	19.97373333	537
1198993	19.98321667	569
1199566	19.99276667	573
1200115	20.00191667	549
1200658	20.01096667	543
1201203	20.02005	545
1201725	20.02875	522
1202229	20.03715	504
1202717	20.04528333	488
1203208	20.05346667	491
1203700	20.06166667	492
1204210	20.07016667	510
1204740	20.079	530
1205291	20.08818333	551
1205845	20.09741667	554
1206370	20.10616667	525
1206910	20.11516667	540
1207454	20.12423333	544
1208005	20.13341667	551
1208544	20.1424	539
1209073	20.15121667	529
1209601	20.16001667	528
1210122	20.1687	521
1210645	20.17741667	523
1211176	20.18626667	531
1211713	20.19521667	537
1212268	20.20446667	555
1212827	20.21378333	559
1213373	20.22288333	546
1213925	20.23208333	552
1214469	20.24115	544
1215005	20.25008333	536
1215532	20.25886667	527
1216048	20.26746667	516
1216565	20.27608333	517
1217078	20.28463333	513
1217597	20.29328333	519
1218115	20.30191667	518
1218630	20.3105	515
1219148	20.31913333	518
1219700	20.32833333	552
1220271	20.33785	571
1220825	20.34708333	554
1221382	20.35636667	557
1221438	20.3573	56
1221944	20.36573333	506
1222060	20.36766667	116
1222504	20.37506667	444
1223052	20.3842	548
1223406	20.3901	354
1223596	20.39326667	190
1224076	20.40126667	480
1224241	20.40401667	165
1224659	20.41098333	418
1224920	20.41533333	261
1225179	20.41965	259
1225704	20.4284	525
1226227	20.43711667	523
1226759	20.44598333	532
1227318	20.4553	559
1227880	20.46466667	562
1228438	20.47396667	558
1228992	20.4832	554
1229531	20.49218333	539
1230078	20.5013	547
1230632	20.51053333	554
1231176	20.5196	544
1231697	20.52828333	521
1232213	20.53688333	516
1232725	20.54541667	512
1233226	20.55376667	501
1233720	20.562	494
1234218	20.5703	498
1234731	20.57885	513
1235281	20.58801667	550
1235850	20.5975	569
1236394	20.60656667	544
1236937	20.61561667	543
1237473	20.62455	536
1238022	20.6337	549
1238591	20.64318333	569
1239167	20.65278333	576
1239729	20.66215	562
1240287	20.67145	558
1240841	20.68068333	554
1241403	20.69005	562
1241994	20.6999	591
1242650	20.71083333	656
1243262	20.72103333	612
1243849	20.73081667	587
1244410	20.74016667	561
1244960	20.74933333	550
1245503	20.75838333	543
1246033	20.76721667	530
1246554	20.7759	521
1247079	20.78465	525
1247607	20.79345	528
1248122	20.80203333	515
1248632	20.81053333	510
1249145	20.81908333	513
1249670	20.82783333	525
1250192	20.83653333	522
1250714	20.84523333	522
1251226	20.85376667	512
1251743	20.86238333	517
1252280	20.87133333	537
1252838	20.88063333	558
1253397	20.88995	559
1253958	20.8993	561
1254508	20.90846667	550
1255049	20.91748333	541
1255584	20.9264	535
1256128	20.93546667	544
1256684	20.94473333	556
1257248	20.95413333	564
1257803	20.96338333	555
1258343	20.97238333	540
1258881	20.98135	538
1259435	20.99058333	554
1260009	21.00015	574
1260587	21.00978333	578
1261166	21.01943333	579
1261744	21.02906667	578
1262322	21.0387	578
1262899	21.04831667	577
1263479	21.05798333	580
1264059	21.06765	580
1264630	21.07716667	571
1265201	21.08668333	571
1265830	21.09716667	629
1266360	21.106	530
1266957	21.11595	597
1267538	21.12563333	581
1268112	21.1352	574
1268680	21.14466667	568
1269251	21.15418333	571
1269824	21.16373333	573
1270404	21.1734	580
1270984	21.18306667	580
1271576	21.19293333	592
1272192	21.2032	616
1272828	21.2138	636
1273457	21.22428333	629
1274076	21.2346	619
1274682	21.2447	606
1275283	21.25471667	601
1275877	21.26461667	594
1276466	21.27443333	589
1277052	21.2842	586
1277646	21.2941	594
1278241	21.30401667	595
1278836	21.31393333	595
1279439	21.32398333	603
1280047	21.33411667	608
1280659	21.34431667	612
1281278	21.35463333	619
1281898	21.36496667	620
1282504	21.37506667	606
1283108	21.38513333	604
1283715	21.39525	607
1284323	21.40538333	608
1284930	21.4155	607
1285534	21.42556667	604
1286130	21.4355	596
1286734	21.44556667	604
1287352	21.45586667	618
1287967	21.46611667	615
1288579	21.47631667	612
1289192	21.48653333	613
1289795	21.49658333	603
1290390	21.5065	595
1290977	21.51628333	587
1291569	21.52615	592
1292156	21.53593333	587
1292745	21.54575	589
1293314	21.55523333	569
1293881	21.56468333	567
1294452	21.5742	571
1295045	21.58408333	593
1295647	21.59411667	602
1296250	21.60416667	603
1296847	21.61411667	597
1297446	21.6241	599
1298042	21.63403333	596
1298631	21.64385	589
1299222	21.6537	591
1299807	21.66345	585
1300385	21.67308333	578
1300977	21.68295	592
1301582	21.69303333	605
1302184	21.70306667	602
1302794	21.71323333	610
1303398	21.7233	604
1304015	21.73358333	617
1304629	21.74381667	614
1305255	21.75425	626
1305872	21.76453333	617
1306502	21.77503333	630
1307135	21.78558333	633
1307762	21.79603333	627
1308373	21.80621667	611
1308983	21.81638333	610
1309592	21.82653333	609
1310196	21.8366	604
1310792	21.84653333	596
1311386	21.85643333	594
1311976	21.86626667	590
1312553	21.87588333	577
1313114	21.88523333	561
1313668	21.89446667	554
1314229	21.90381667	561
1314789	21.91315	560
1315357	21.92261667	568
1315935	21.93225	578
1316523	21.94205	588
1317122	21.95203333	599
1317707	21.96178333	585
1318293	21.97155	586
1318894	21.98156667	601
1319497	21.99161667	603
1320113	22.00188333	616
1320739	22.01231667	626
1321372	22.02286667	633
1322001	22.03335	629
1322625	22.04375	624
1323225	22.05375	600
1323825	22.06375	600
1324435	22.07391667	610
1325054	22.08423333	619
1325665	22.09441667	611
1326265	22.10441667	600
1326852	22.1142	587
1327433	22.12388333	581
1328005	22.13341667	572
1328603	22.14338333	598
1329228	22.1538	625
1329882	22.1647	654
1330539	22.17565	657
1331199	22.18665	660
1331833	22.19721667	634
1332450	22.2075	617
1333054	22.21756667	604
1333646	22.22743333	592
1334244	22.2374	598
1334842	22.24736667	598
1335430	22.25716667	588
1336008	22.2668	578
1336581	22.27635	573
1337155	22.28591667	574
1337741	22.29568333	586
1338341	22.30568333	600
1338948	22.3158	607
1339555	22.32591667	607
1340160	22.336	605
1340769	22.34615	609
1341379	22.35631667	610
1341986	22.36643333	607
1342581	22.37635	595
1343177	22.38628333	596
1343784	22.3964	607
1344401	22.40668333	617
1345031	22.41718333	630
1345659	22.42765	628
1346285	22.43808333	626
1346925	22.44875	640
1347575	22.45958333	650
1348221	22.47035	646
1348857	22.48095	636
1349479	22.49131667	622
1350090	22.5015	611
1350712	22.51186667	622
1351344	22.5224	632
1351983	22.53305	639
1352616	22.5436	633
1353252	22.5542	636
1353896	22.56493333	644
1354531	22.57551667	635
1355153	22.58588333	622
1355772	22.5962	619
1356387	22.60645	615
1357005	22.61675	618
1357632	22.6272	627
1358269	22.63781667	637
1358907	22.64845	638
1359547	22.65911667	640
1360197	22.66995	650
1360834	22.68056667	637
1361462	22.69103333	628
1362095	22.70158333	633
1362721	22.71201667	626
1363352	22.72253333	631
1363980	22.733	628
1364608	22.74346667	628
1365242	22.75403333	634
1365863	22.76438333	621
1366473	22.77455	610
1367087	22.78478333	614
1367713	22.79521667	626
1368342	22.8057	629
1368982	22.81636667	640
1369603	22.82671667	621
1370219	22.83698333	616
1370836	22.84726667	617
1371460	22.85766667	624
1372085	22.86808333	625
1372705	22.87841667	620
1373302	22.88836667	597
1373890	22.89816667	588
1374475	22.90791667	585
1375064	22.91773333	589
1375664	22.92773333	600
1376271	22.93785	607
1376870	22.94783333	599
1377481	22.95801667	611
1378103	22.96838333	622
1378735	22.97891667	632
1379371	22.98951667	636
1379993	22.99988333	622
1380612	23.0102	619
1381229	23.02048333	617
1381840	23.03066667	611
1382443	23.04071667	603
1383045	23.05075	602
1383657	23.06095	612
1384278	23.0713	621
1384884	23.0814	606
1385479	23.09131667	595
1386082	23.10136667	603
1386691	23.11151667	609
1387303	23.12171667	612
1387911	23.13185	608
1388528	23.14213333	617
1389156	23.1526	628
1389780	23.163	624
1390389	23.17315	609
1390997	23.18328333	608
1391625	23.19375	628
1392249	23.20415	624
1392853	23.21421667	604
1393450	23.22416667	597
1394058	23.2343	608
1394667	23.24445	609
1395278	23.25463333	611
1395888	23.2648	610
1396503	23.27505	615
1397122	23.28536667	619
1397758	23.29596667	636
1398402	23.3067	644
1399038	23.3173	636
1399659	23.32765	621
1400262	23.3377	603
1400868	23.3478	606
1401473	23.35788333	605
1402076	23.36793333	603
1402672	23.37786667	596
1403270	23.38783333	598
1403864	23.39773333	594
1404461	23.40768333	597
1405063	23.41771667	602
1405668	23.4278	605
1406267	23.43778333	599
1406854	23.44756667	587
1407442	23.45736667	588
1408035	23.46725	593
1408637	23.47728333	602
1409241	23.48735	604
1409838	23.4973	597
1410429	23.50715	591
1411027	23.51711667	598
1411623	23.52705	596
1412209	23.53681667	586
1412789	23.54648333	580
1413371	23.55618333	582
1413957	23.56595	586
1414548	23.5758	591
1415143	23.58571667	595
1415741	23.59568333	598
1416340	23.60566667	599
1416947	23.61578333	607
1417557	23.62595	610
1418162	23.63603333	605
1418766	23.6461	604
1419378	23.6563	612
1419995	23.66658333	617
1420596	23.6766	601
1421196	23.6866	600
1421801	23.69668333	605
1422413	23.70688333	612
1423034	23.71723333	621
1423666	23.72776667	632
1424277	23.73795	611
1424888	23.74813333	611
1425501	23.75835	613
1426108	23.76846667	607
1426706	23.77843333	598
1427305	23.78841667	599
1427911	23.79851667	606
1428526	23.80876667	615
1429143	23.81905	617
1429773	23.82955	630
1430389	23.83981667	616
1430994	23.8499	605
1431592	23.85986667	598
1432170	23.8695	578
1432737	23.87895	567
1433296	23.88826667	559
1433829	23.89715	533
1434359	23.90598333	530
1434887	23.91478333	528
1435413	23.92355	526
1435955	23.93258333	542
1436534	23.94223333	579
1437135	23.95225	601
1437725	23.96208333	590
1438305	23.97175	580
1438871	23.98118333	566
1439441	23.99068333	570
1440011	24.00018333	570
1440597	24.00995	586
1441166	24.01943333	569
1441732	24.02886667	566
1442301	24.03835	569
1442885	24.04808333	584
1443471	24.05785	586
1444067	24.06778333	596
1444665	24.07775	598
1445286	24.0881	621
1445928	24.0988	642
1446577	24.10961667	649
1447226	24.12043333	649
1447887	24.13145	661
1448553	24.14255	666
1449219	24.15365	666
1449865	24.16441667	646
1450499	24.17498333	634
1451132	24.18553333	633
1451765	24.19608333	633
1452394	24.20656667	629
1453012	24.21686667	618
1453644	24.2274	632
1454273	24.23788333	629
1454900	24.24833333	627
1455502	24.25836667	602
1456109	24.26848333	607
1456731	24.27885	622
1457360	24.28933333	629
1457988	24.2998	628
1458616	24.31026667	628
1459242	24.3207	626
1459867	24.33111667	625
1460490	24.3415	623
1461095	24.35158333	605
1461710	24.36183333	615
1462328	24.37213333	618
1462942	24.38236667	614
1463561	24.39268333	619
1464169	24.40281667	608
1464759	24.41265	590
1465321	24.42201667	562
1465867	24.43111667	546
1466401	24.44001667	534
1466939	24.44898333	538
1467495	24.45825	556
1468058	24.46763333	563
1468622	24.47703333	564
1469187	24.48645	565
1469747	24.49578333	560
1470291	24.50485	544
1470838	24.51396667	547
1471412	24.52353333	574
1472021	24.53368333	609
1472625	24.54375	604
1473215	24.55358333	590
1473814	24.56356667	599
1474426	24.57376667	612
1475047	24.58411667	621
1475662	24.59436667	615
1476263	24.60438333	601
1476870	24.6145	607
1477486	24.62476667	616
1478095	24.63491667	609
1478692	24.64486667	597
1479279	24.65465	587
1479874	24.66456667	595
1480482	24.6747	608
1481109	24.68515	627
1481742	24.6957	633
1482374	24.70623333	632
1483006	24.71676667	632
1483648	24.72746667	642
1484294	24.73823333	646
1484923	24.74871667	629
1485540	24.759	617
1486170	24.7695	630
1486799	24.77998333	629
1487437	24.79061667	638
1488092	24.80153333	655
1488720	24.812	628
1489330	24.82216667	610
1489944	24.8324	614
1490581	24.84301667	637
1491251	24.85418333	670
1491883	24.86471667	632
1492486	24.87476667	603
1493114	24.88523333	628
1493751	24.89585	637
1494369	24.90615	618
1495000	24.91666667	631
1495627	24.92711667	627
1496241	24.93735	614
1496840	24.94733333	599
1497446	24.95743333	606
1498048	24.96746667	602
1498629	24.97715	581
1499207	24.98678333	578
1499792	24.99653333	585
1500379	25.00631667	587
1500963	25.01605	584
1501545	25.02575	582
1502130	25.0355	585
1502719	25.04531667	589
1503322	25.05536667	603
1503934	25.06556667	612
1504548	25.0758	614
1505158	25.08596667	610
1505776	25.09626667	618
1506402	25.1067	626
1507037	25.11728333	635
1507666	25.12776667	629
1508292	25.1382	626
1508918	25.14863333	626
1509541	25.15901667	623
1510160	25.16933333	619
1510786	25.17976667	626
1511407	25.19011667	621
1512022	25.20036667	615
1512639	25.21065	617
1513255	25.22091667	616
1513878	25.2313	623
1514493	25.24155	615
1515103	25.25171667	610
1515720	25.262	617
1516354	25.27256667	634
1517006	25.28343333	652
1517641	25.29401667	635
1518260	25.30433333	619
1518874	25.31456667	614
1519498	25.32496667	624
1520123	25.33538333	625
1520755	25.34591667	632
1521381	25.35635	626
1521988	25.36646667	607
1522594	25.37656667	606
1523206	25.38676667	612
1523830	25.39716667	624
1524460	25.40766667	630
1525084	25.41806667	624
1525706	25.42843333	622
1526342	25.43903333	636
1526982	25.4497	640
1527627	25.46045	645
1528272	25.4712	645
1528898	25.48163333	626
1529502	25.4917	604
1530091	25.50151667	589
1530667	25.51111667	576
1531227	25.52045	560
1531793	25.52988333	566
1532390	25.53983333	597
1532976	25.5496	586
1533529	25.55881667	553
1534092	25.5682	563
1534669	25.57781667	577
1535269	25.58781667	600
1535885	25.59808333	616
1536515	25.60858333	630
1537140	25.619	625
1537749	25.62915	609
1538360	25.63933333	611
1538972	25.64953333	612
1539585	25.65975	613
1540188	25.6698	603
1540809	25.68015	621
1541455	25.69091667	646
1542136	25.70226667	681
1542840	25.714	704
1543526	25.72543333	686
1544190	25.7365	664
1544864	25.74773333	674
1545512	25.75853333	648
1546128	25.7688	616
1546752	25.7792	624
1547367	25.78945	615
1547993	25.79988333	626
1548634	25.81056667	641
1549274	25.82123333	640
1549947	25.83245	673
1550650	25.84416667	703
1551330	25.8555	680
1551998	25.86663333	668
1552661	25.87768333	663
1553313	25.88855	652
1553960	25.89933333	647
1554584	25.90973333	624
1555206	25.9201	622
1555836	25.9306	630
1556458	25.94096667	622
1557075	25.95125	617
1557683	25.96138333	608
1558307	25.97178333	624
1558940	25.98233333	633
1559588	25.99313333	648
1560250	26.00416667	662
1560898	26.01496667	648
1561550	26.02583333	652
1562205	26.03675	655
1562884	26.04806667	679
1563565	26.05941667	681
1564229	26.07048333	664
1564907	26.08178333	678
1565599	26.09331667	692
1566303	26.10505	704
1566988	26.11646667	685
1567638	26.1273	650
1568276	26.13793333	638
1568918	26.14863333	642
1569555	26.15925	637
1570206	26.1701	651
1570833	26.18055	627
1571453	26.19088333	620
1572086	26.20143333	633
1572731	26.21218333	645
1573392	26.2232	661
1574052	26.2342	660
1574699	26.24498333	647
1575371	26.25618333	672
1576053	26.26755	682
1576715	26.27858333	662
1577340	26.289	625
1577962	26.29936667	622
1578583	26.30971667	621
1579201	26.32001667	618
1579825	26.33041667	624
1580439	26.34065	614
1581063	26.35105	624
1581708	26.3618	645
1582358	26.37263333	650
1582995	26.38325	637
1583638	26.39396667	643
1584292	26.40486667	654
1584942	26.4157	650
1585580	26.42633333	638
1586206	26.43676667	626
1586843	26.44738333	637
1587480	26.458	637
1588109	26.46848333	629
1588742	26.47903333	633
1589366	26.48943333	624
1590000	26.5	634
1590635	26.51058333	635
1591269	26.52115	634
1591900	26.53166667	631
1592549	26.54248333	649
1593187	26.55311667	638
1593820	26.56366667	633
1594459	26.57431667	639
1595116	26.58526667	657
1595768	26.59613333	652
1596402	26.6067	634
1597010	26.61683333	608
1597625	26.62708333	615
1598236	26.63726667	611
1598838	26.6473	602
1599438	26.6573	600
1600041	26.66735	603
1600660	26.67766667	619
1601274	26.6879	614
1601878	26.69796667	604
1602460	26.70766667	582
1603037	26.71728333	577
1603623	26.72705	586
1604234	26.73723333	611
1604886	26.7481	652
1605558	26.7593	672
1606219	26.77031667	661
1606871	26.78118333	652
1607548	26.79246667	677
1608231	26.80385	683
1608912	26.8152	681
1609568	26.82613333	656
1610206	26.83676667	638
1610843	26.84738333	637
1611472	26.85786667	629
1612095	26.86825	623
1612711	26.87851667	616
1613338	26.88896667	627
1613981	26.89968333	643
1614640	26.91066667	659
1615311	26.92185	671
1615966	26.93276667	655
1616617	26.94361667	651
1617272	26.95453333	655
1617926	26.96543333	654
1618561	26.97601667	635
1619184	26.9864	623
1619813	26.99688333	629
1620437	27.00728333	624
1621068	27.0178	631
1621701	27.02835	633
1622311	27.03851667	610
1622927	27.04878333	616
1623534	27.0589	607
1624129	27.06881667	595
1624720	27.07866667	591
1625325	27.08875	605
1625958	27.0993	633
1626607	27.11011667	649
1627234	27.12056667	627
1627853	27.13088333	619
1628499	27.14165	646
1629143	27.15238333	644
1629784	27.16306667	641
1630409	27.17348333	625
1631027	27.18378333	618
1631662	27.19436667	635
1632312	27.2052	650
1632959	27.21598333	647
1633586	27.22643333	627
1634215	27.23691667	629
1634870	27.24783333	655
1635520	27.25866667	650
1636167	27.26945	647
1636797	27.27995	630
1637451	27.29085	654
1638103	27.30171667	652
1638743	27.31238333	640
1639368	27.3228	625
1639993	27.33321667	625
1640636	27.34393333	643
1641298	27.35496667	662
1641956	27.36593333	658
1642600	27.37666667	644
1643245	27.38741667	645
1643895	27.39825	650
1644531	27.40885	636
1645157	27.41928333	626
1645765	27.42941667	608
1646374	27.43956667	609
1646992	27.44986667	618
1647618	27.4603	626
1648258	27.47096667	640
1648900	27.48166667	642
1649519	27.49198333	619
1650128	27.50213333	609
1650751	27.51251667	623
1651377	27.52295	626
1652004	27.5334	627
1652610	27.5435	606
1653211	27.55351667	601
1653825	27.56375	614
1654460	27.57433333	635
1655100	27.585	640
1655731	27.59551667	631
1656345	27.60575	614
1656979	27.61631667	634
1657625	27.62708333	646
1658266	27.63776667	641
1658898	27.6483	632
1659517	27.65861667	619
1660114	27.66856667	597
1660695	27.67825	581
1661269	27.68781667	574
1661843	27.69738333	574
1662413	27.70688333	570
1662981	27.71635	568
1663527	27.72545	546
1664069	27.73448333	542
1664611	27.74351667	542
1665162	27.7527	551
1665733	27.76221667	571
1666316	27.77193333	583
1666894	27.78156667	578
1667477	27.79128333	583
1668088	27.80146667	611
1668718	27.81196667	630
1669334	27.82223333	616
1669942	27.83236667	608
1670549	27.84248333	607
1671172	27.85286667	623
1671800	27.86333333	628
1672439	27.87398333	639
1673060	27.88433333	621
1673692	27.89486667	632
1674340	27.90566667	648
1674997	27.91661667	657
1675632	27.9272	635
1676256	27.9376	624
1676893	27.94821667	637
1677532	27.95886667	639
1678181	27.96968333	649
1678834	27.98056667	653
1679478	27.9913	644
1680144	28.0024	666
1680808	28.01346667	664
1681470	28.0245	662
1682137	28.03561667	667
1682774	28.04623333	637
1683401	28.05668333	627
1684036	28.06726667	635
1684666	28.07776667	630
1685283	28.08805	617
1685892	28.0982	609
1686508	28.10846667	616
1687147	28.11911667	639
1687800	28.13	653
1688428	28.14046667	628
1689066	28.1511	638
1689716	28.16193333	650
1690383	28.17305	667
1691040	28.184	657
1691685	28.19475	645
1692343	28.20571667	658
1693024	28.21706667	681
1693714	28.22856667	690
1694407	28.24011667	693
1695074	28.25123333	667
1695730	28.26216667	656
1696386	28.2731	656
1697040	28.284	654
1697695	28.29491667	655
1698332	28.30553333	637
1698954	28.3159	622
1699572	28.3262	618
1700208	28.3368	636
1700869	28.34781667	661
1701538	28.35896667	669
1702195	28.36991667	657
1702828	28.38046667	633
1703468	28.39113333	640
1704126	28.4021	658
1704780	28.413	654
1705413	28.42355	633
1706041	28.43401667	628
1706671	28.44451667	630
1707309	28.45515	638
1707967	28.46611667	658
1708642	28.47736667	675
1709312	28.48853333	670
1710012	28.5002	700
1710726	28.5121	714
1711424	28.52373333	698
1712081	28.53468333	657
1712720	28.54533333	639
1713364	28.55606667	644
1714007	28.56678333	643
1714635	28.57725	628
1715255	28.58758333	620
1715873	28.59788333	618
1716509	28.60848333	636
1717165	28.61941667	656
1717837	28.63061667	672
1718491	28.64151667	654
1719125	28.65208333	634
1719766	28.66276667	641
1720419	28.67365	653
1721082	28.6847	663
1721729	28.69548333	647
1722385	28.70641667	656
1723062	28.7177	677
1723729	28.72881667	667
1724405	28.74008333	676
1725069	28.75115	664
1725753	28.76255	684
1726449	28.77415	696
1727114	28.78523333	665
1727779	28.79631667	665
1728472	28.80786667	693
1729170	28.8195	698
1729837	28.83061667	667
1730520	28.842	683
1731192	28.8532	672
1731830	28.86383333	638
1732463	28.87438333	633
1733107	28.88511667	644
1733760	28.896	653
1734417	28.90695	657
1735054	28.91756667	637
1735684	28.92806667	630
1736316	28.9386	632
1736963	28.94938333	647
1737620	28.96033333	657
1738266	28.9711	646
1738898	28.98163333	632
1739522	28.99203333	624
1740156	29.0026	634
1740792	29.0132	636
1741417	29.02361667	625
1742003	29.03338333	586
1742580	29.043	577
1743158	29.05263333	578
1743757	29.06261667	599
1744367	29.07278333	610
1744963	29.08271667	596
1745557	29.09261667	594
1746166	29.10276667	609
1746782	29.11303333	616
1747383	29.12305	601
1747983	29.13305	600
1748578	29.14296667	595
1749182	29.15303333	604
1749796	29.16326667	614
1750426	29.17376667	630
1751052	29.1842	626
1751687	29.19478333	635
1752334	29.20556667	647
1752985	29.21641667	651
1753629	29.22715	644
1754266	29.23776667	637
1754908	29.24846667	642
1755559	29.25931667	651
1756213	29.27021667	654
1756868	29.28113333	655
1757517	29.29195	649
1758177	29.30295	660
1758871	29.31451667	694
1759568	29.32613333	697
1760263	29.33771667	695
1760931	29.34885	668
1761597	29.35995	666
1762277	29.37128333	680
1762957	29.38261667	680
1763616	29.3936	659
1764266	29.40443333	650
1764924	29.4154	658
1765591	29.42651667	667
1766249	29.43748333	658
1766907	29.44845	658
1767538	29.45896667	631
1768152	29.4692	614
1768782	29.4797	630
1769427	29.49045	645
1770074	29.50123333	647
1770699	29.51165	625
1771305	29.52175	606
1771922	29.53203333	617
1772561	29.54268333	639
1773203	29.55338333	642
1773828	29.5638	625
1774431	29.57385	603
1775032	29.58386667	601
1775637	29.59395	605
1776261	29.60435	624
1776881	29.61468333	620
1777495	29.62491667	614
1778118	29.6353	623
1778757	29.64595	639
1779399	29.65665	642
1780032	29.6672	633
1780665	29.67775	633
1781306	29.68843333	641
1781949	29.69915	643
1782576	29.7096	627
1783204	29.72006667	628
1783850	29.73083333	646
1784508	29.7418	658
1785178	29.75296667	670
1785858	29.7643	680
1786573	29.77621667	715
1787253	29.78755	680
1787903	29.79838333	650
1788532	29.80886667	629
1789161	29.81935	629
1789798	29.82996667	637
1790453	29.84088333	655
1791138	29.8523	685
1791813	29.86355	675
1792476	29.8746	663
1793139	29.88565	663
1793791	29.89651667	652
1794438	29.9073	647
1795052	29.91753333	614
1795651	29.92751667	599
1796233	29.93721667	582
1796824	29.94706667	591
1797451	29.95751667	627
1798113	29.96855	662
1798799	29.97998333	686
1799464	29.99106667	665
1800141	30.00235	677
1800800	30.01333333	659
1801450	30.02416667	650
1802096	30.03493333	646
1802744	30.04573333	648
1803391	30.05651667	647
1804029	30.06715	638
1804674	30.0779	645
1805358	30.0893	684
1806068	30.10113333	710
1806746	30.11243333	678
1807399	30.12331667	653
1808045	30.13408333	646
1808695	30.14491667	650
1809339	30.15565	644
1809975	30.16625	636
1810594	30.17656667	619
1811208	30.1868	614
1811809	30.19681667	601
1812426	30.2071	617
1813043	30.21738333	617
1813670	30.22783333	627
1814292	30.2382	622
1814902	30.24836667	610
1815517	30.25861667	615
1816128	30.2688	611
1816748	30.27913333	620
1817374	30.28956667	626
1817994	30.2999	620
1818632	30.31053333	638
1819297	30.32161667	665
1819987	30.33311667	690
1820645	30.34408333	658
1821283	30.35471667	638
1821918	30.3653	635
1822565	30.37608333	647
1823211	30.38685	646
1823838	30.3973	627
1824469	30.40781667	631
1825087	30.41811667	618
1825720	30.42866667	633
1826371	30.43951667	651
1827007	30.45011667	636
1827650	30.46083333	643
1828302	30.4717	652
1828960	30.48266667	658
1829617	30.49361667	657
1830259	30.50431667	642
1830892	30.51486667	633
1831530	30.5255	638
1832175	30.53625	645
1832820	30.547	645
1833447	30.55745	627
1834092	30.5682	645
1834743	30.57905	651
1835409	30.59015	666
1836076	30.60126667	667
1836724	30.61206667	648
1837372	30.62286667	648
1838020	30.63366667	648
1838650	30.64416667	630
1839268	30.65446667	618
1839874	30.66456667	606
1840476	30.6746	602
1841083	30.68471667	607
1841707	30.69511667	624
1842346	30.70576667	639
1842978	30.7163	632
1843605	30.72675	627
1844255	30.73758333	650
1844914	30.74856667	659
1845582	30.7597	668
1846238	30.77063333	656
1846905	30.78175	667
1847572	30.79286667	667
1848232	30.80386667	660
1848867	30.81445	635
1849490	30.82483333	623
1850116	30.83526667	626
1850726	30.84543333	610
1851313	30.85521667	587
1851886	30.86476667	573
1852446	30.8741	560
1852991	30.88318333	545
1853552	30.89253333	561
1854159	30.90265	607
1854795	30.91325	636
1855412	30.92353333	617
1856019	30.93365	607
1856624	30.94373333	605
1857244	30.95406667	620
1857864	30.9644	620
1858486	30.97476667	622
1859100	30.985	614
1859711	30.99518333	611
1860333	31.00555	622
1860967	31.01611667	634
1861605	31.02675	638
1862226	31.0371	621
1862828	31.04713333	602
1863423	31.05705	595
1864030	31.06716667	607
1864689	31.07815	659
1865352	31.0892	663
1866009	31.10015	657
1866677	31.11128333	668
1867362	31.1227	685
1868047	31.13411667	685
1868716	31.14526667	669
1869370	31.15616667	654
1870019	31.16698333	649
1870679	31.17798333	660
1871344	31.18906667	665
1872006	31.2001	662
1872646	31.21076667	640
1873273	31.22121667	627
1873922	31.23203333	649
1874581	31.24301667	659
1875247	31.25411667	666
1875904	31.26506667	657
1876560	31.276	656
1877215	31.28691667	655
1877875	31.29791667	660
1878533	31.30888333	658
1879178	31.31963333	645
1879825	31.33041667	647
1880480	31.34133333	655
1881137	31.35228333	657
1881808	31.36346667	671
1882458	31.3743	650
1883097	31.38495	639
1883754	31.3959	657
1884433	31.40721667	679
1885119	31.41865	686
1885775	31.42958333	656
1886425	31.44041667	650
1887086	31.45143333	661
1887728	31.46213333	642
1888370	31.47283333	642
1888976	31.48293333	606
1889564	31.49273333	588
1890135	31.50225	571
1890703	31.51171667	568
1891277	31.52128333	574
1891889	31.53148333	612
1892548	31.54246667	659
1893224	31.55373333	676
1893911	31.56518333	687
1894614	31.5769	703
1895233	31.58721667	619
1895848	31.59746667	615
1896470	31.60783333	622
1897083	31.61805	613
1897687	31.62811667	604
1898268	31.6378	581
1898843	31.64738333	575
1899419	31.65698333	576
1899998	31.66663333	579
1900578	31.6763	580
1901147	31.68578333	569
1901715	31.69525	568
1902322	31.70536667	607
1902954	31.7159	632
1903612	31.72686667	658
1904255	31.73758333	643
1904883	31.74805	628
1905519	31.75865	636
1906155	31.76925	636
1906770	31.7795	615
1907394	31.7899	624
1908025	31.80041667	631
1908652	31.81086667	627
1909298	31.82163333	646
1909957	31.83261667	659
1910616	31.8436	659
1911258	31.8543	642
1911907	31.86511667	649
1912583	31.87638333	676
1913279	31.88798333	696
1913967	31.89945	688
1914639	31.91065	672
1915313	31.92188333	674
1915999	31.93331667	686
1916680	31.94466667	681
1917356	31.95593333	676
1918034	31.96723333	678
1918705	31.97841667	671
1922501	32.04168333	3796
1923096	32.0516	595
1924791	32.07985	1695
1925352	32.0892	561
1926588	32.1098	1236
1926833	32.11388333	245
1928534	32.14223333	1701
1930236	32.1706	1702
1930671	32.17785	435
1935037	32.25061667	4366
1935037	32.25061667	
1935037	32.25061667	
1935037	32.25061667	
1935037	32.25061667	
1935037	32.25061667	
1935037	32.25061667	
1935037	32.25061667	
1935037	32.25061667	
1935037	32.25061667	
1935037	32.25061667	
1935037	32.25061667	
1935037		
1935037		
