0.010516667	631
0.021033333	631
0.031533333	630
0.041983333	627
0.052783333	648
0.0636	649
0.074066667	628
0.084683333	637
0.095416667	644
0.106266667	651
0.117266667	660
0.12775	629
0.138333333	635
0.148833333	630
0.1594	634
0.17	636
0.18065	639
0.191116667	628
0.201533333	625
0.211933333	624
0.222283333	621
0.232783333	630
0.24345	640
0.2539	627
0.26465	645
0.275483333	650
0.286416667	656
0.2969	629
0.307183333	617
0.317416667	614
0.327516667	606
0.337383333	592
0.347383333	600
0.357266667	593
0.367216667	597
0.376883333	580
0.386816667	596
0.396733333	595
0.406616667	593
0.416466667	591
0.4263	590
0.436233333	596
0.446083333	591
0.456266667	611
0.4667	626
0.47725	633
0.48765	624
0.498116667	628
0.508366667	615
0.51835	599
0.528316667	598
0.5383	599
0.548233333	596
0.558133333	594
0.56805	595
0.578333333	617
0.588783333	627
0.5994	637
0.610166667	646
0.621216667	663
0.632133333	655
0.642616667	629
0.653283333	640
0.66385	634
0.6741	615
0.684733333	638
0.695433333	642
0.706083333	639
0.717	655
0.728316667	679
0.739516667	672
0.75025	644
0.761166667	655
0.771966667	648
0.7826	638
0.793183333	635
0.803933333	645
0.814766667	650
0.825566667	648
0.83585	617
0.846333333	629
0.856633333	618
0.8669	616
0.876866667	598
0.8871	614
0.897433333	620
0.907766667	620
0.918516667	645
0.929633333	667
0.94105	685
0.951816667	646
0.9628	659
0.9736	648
0.983783333	611
0.993783333	600
1.003733333	597
1.013483333	585
1.023083333	576
1.032866667	587
1.04275	593
1.05255	588
1.062516667	598
1.072733333	613
1.083016667	617
1.09305	602
1.10315	606
1.11305	594
1.122716667	580
1.132366667	579
1.142083333	583
1.151933333	591
1.161416667	569
1.171133333	583
1.181083333	597
1.19135	616
1.2016	615
1.211766667	610
1.22195	611
1.232166667	613
1.242716667	633
1.25375	662
1.264683333	656
1.275383333	642
1.285683333	618
1.295766667	605
1.305666667	594
1.315533333	592
1.325383333	591
1.3353	595
1.34515	591
1.354816667	580
1.364433333	577
1.374116667	581
1.383883333	586
1.393466667	575
1.40315	581
1.412883333	584
1.4227	589
1.432733333	602
1.442633333	594
1.452633333	600
1.46275	607
1.47275	600
1.482516667	586
1.49235	590
1.5021	585
1.5117	576
1.521466667	586
1.5315	602
1.541666667	610
1.551766667	606
1.561916667	609
1.572083333	610
1.582466667	623
1.59285	623
1.602966667	607
1.613283333	619
1.623566667	617
1.633633333	604
1.64345	589
1.653266667	589
1.6629	578
1.672633333	584
1.682683333	603
1.6928	607
1.702733333	596
1.712633333	594
1.7225	592
1.7326	606
1.742983333	623
1.753416667	626
1.7639	629
1.774616667	643
1.7854	647
1.796183333	647
1.807033333	651
1.817866667	650
1.828916667	663
1.840433333	691
1.852183333	705
1.863916667	704
1.87535	686
1.886516667	670
1.897333333	649
1.907866667	632
1.9184	632
1.9291	642
1.940016667	655
1.9506	635
1.96185	675
1.97345	696
1.98545	720
1.996633333	671
2.008233333	696
2.01975	691
2.030533333	647
2.041166667	638
2.051683333	631
2.06195	616
2.071783333	590
2.0815	583
2.091216667	583
2.100766667	573
2.11015	563
2.1196	567
2.129166667	574
2.138866667	582
2.148883333	601
2.159333333	627
2.169933333	636
2.1804	628
2.1908	624
2.201333333	632
2.211716667	623
2.2221	623
2.2322	606
2.24225	603
2.252383333	608
2.262533333	609
2.272866667	620
2.283066667	612
2.293683333	637
2.3044	643
2.31475	621
2.325416667	640
2.336033333	637
2.346216667	611
2.356566667	621
2.366616667	603
2.3766	599
2.386333333	584
2.39645	607
2.40635	594
2.416016667	580
2.4259	593
2.435683333	587
2.445266667	575
2.455033333	586
2.464716667	581
2.474266667	573
2.483966667	582
2.493733333	586
2.503883333	609
2.513966667	605
2.524183333	613
2.534583333	624
2.544766667	611
2.554683333	595
2.564633333	597
2.57455	595
2.584466667	595
2.5942	584
2.60425	603
2.6144	609
2.624666667	616
2.634916667	615
2.645483333	634
2.655966667	629
2.666116667	609
2.676316667	612
2.6865	611
2.696333333	590
2.706216667	593
2.716066667	591
2.726016667	597
2.735866667	591
2.746033333	610
2.756216667	611
2.766333333	607
2.776483333	609
2.78665	610
2.796883333	614
2.80685	598
2.8169	603
2.827	606
2.837	600
2.846883333	593
2.856833333	597
2.866816667	599
2.876783333	598
2.88685	604
2.897083333	614
2.907383333	618
2.91735	598
2.927516667	610
2.9377	611
2.9478	606
2.9578	600
2.967883333	605
2.977833333	597
2.987566667	584
2.9975	596
3.0075	600
3.0175	600
3.027383333	593
3.037516667	608
3.047683333	610
3.057783333	606
3.067683333	594
3.077716667	602
3.087616667	594
3.097466667	591
3.107166667	582
3.117016667	591
3.126833333	589
3.1367	592
3.1468	606
3.157083333	617
3.16745	622
3.177533333	605
3.187883333	621
3.198216667	620
3.208283333	604
3.218283333	600
3.22835	604
3.238383333	602
3.24825	592
3.25835	606
3.268583333	614
3.27885	616
3.289	609
3.299316667	619
3.309616667	618
3.319783333	610
3.330133333	621
3.34065	631
3.351166667	631
3.361283333	607
3.371483333	612
3.381366667	593
3.390866667	570
3.40045	575
3.41035	594
3.420816667	628
3.432216667	684
3.44345	674
3.4551	699
3.466666667	694
3.477983333	679
3.489733333	705
3.501716667	719
3.513083333	682
3.524233333	669
3.535383333	669
3.546366667	659
3.556833333	628
3.567533333	642
3.57845	655
3.589283333	650
3.599883333	636
3.61085	658
3.621933333	665
3.632583333	639
3.643333333	645
3.654066667	644
3.6644	620
3.67475	621
3.68525	630
3.695716667	628
3.7059	611
3.716316667	625
3.727016667	642
3.737733333	643
3.7482	628
3.758733333	632
3.769233333	630
3.779416667	611
3.789616667	612
3.79995	620
3.81055	636
3.82085	618
3.831333333	629
3.841916667	635
3.8524	629
3.862566667	610
3.872866667	618
3.883166667	618
3.893383333	613
3.9033	595
3.913416667	607
3.923633333	613
3.933916667	617
3.944166667	615
3.954533333	622
3.96495	625
3.975416667	628
3.985616667	612
3.9959	617
4.006033333	608
4.0157	580
4.025583333	593
4.035483333	594
4.045883333	624
4.056816667	656
4.068033333	673
4.078983333	657
4.089866667	653
4.101083333	673
4.112333333	675
4.123216667	653
4.13365	626
4.1441	627
4.154366667	616
4.164333333	598
4.174466667	608
4.1847	614
4.19475	603
4.20475	600
4.2148	603
4.224733333	596
4.2348	604
4.244916667	607
4.25545	632
4.266016667	634
4.27645	626
4.28685	624
4.296816667	598
4.3069	605
4.316883333	599
4.326916667	602
4.336783333	592
4.3466	589
4.3564	588
4.366433333	602
4.376816667	623
4.387666667	651
4.398466667	648
4.409133333	640
4.419983333	651
4.431466667	689
4.44305	695
4.454416667	682
4.465583333	670
4.476166667	635
4.48665	629
4.496616667	598
4.506633333	601
4.51655	595
4.527066667	631
4.538633333	694
4.550583333	717
4.5625	715
4.5743	708
4.5861	708
4.59715	663
4.6086	687
4.619833333	674
4.630933333	666
4.641316667	623
4.652283333	658
4.663416667	668
4.674183333	646
4.685583333	684
4.697	685
4.708016667	661
4.718766667	645
4.729733333	658
4.74085	667
4.751616667	646
4.762216667	636
4.773	647
4.78355	633
4.793633333	605
4.804	622
4.81445	627
4.825016667	634
4.835183333	610
4.84575	634
4.856333333	635
4.867083333	645
4.87735	616
4.887866667	631
4.8985	638
4.9092	642
4.919616667	625
4.930233333	637
4.9409	640
4.95165	645
4.962083333	626
4.97265	634
4.983216667	634
4.993733333	631
5.004533333	648
5.0151	634
5.025333333	614
5.035566667	614
5.04565	605
5.056016667	622
5.066583333	634
5.077266667	641
5.088183333	655
5.099016667	650
5.109733333	643
5.120133333	624
5.130116667	599
5.140216667	606
5.1502	599
5.160416667	613
5.17095	632
5.181966667	661
5.192983333	661
5.203766667	647
5.214233333	628
5.22465	625
5.235066667	625
5.245366667	618
5.2553	596
5.265466667	610
5.27565	611
5.285933333	617
5.296433333	630
5.306933333	630
5.31705	607
5.327333333	617
5.3375	610
5.347516667	601
5.357483333	598
5.367433333	597
5.377533333	606
5.387866667	620
5.398116667	615
5.408216667	606
5.41835	608
5.428183333	590
5.438166667	599
5.4481	596
5.458266667	610
5.468783333	631
5.479583333	648
5.490566667	659
5.50165	665
5.512783333	668
5.523366667	635
5.533916667	633
5.54425	620
5.55465	624
5.565166667	631
5.575916667	645
5.586916667	660
5.598083333	670
5.609433333	681
5.6207	676
5.631716667	661
5.642516667	648
5.6528	617
5.66245	579
5.67205	576
5.68155	570
5.691133333	575
5.70185	643
5.715083333	794
5.7285	805
5.74215	819
5.755333333	791
5.7666	676
5.7778	672
5.788683333	653
5.799466667	647
5.810116667	639
5.8202	605
5.8305	618
5.840583333	605
5.850583333	600
5.860833333	615
5.871266667	626
5.8817	626
5.891966667	616
5.902316667	621
5.912583333	616
5.922816667	614
5.9328	599
5.94255	585
5.952333333	587
5.962066667	584
5.97215	605
5.983	651
5.994033333	662
6.00515	667
6.015883333	644
6.026616667	644
6.03715	632
6.04765	630
6.058016667	622
6.068133333	607
6.078283333	609
6.08855	616
6.098733333	611
6.1089	610
6.118666667	586
6.128583333	595
6.138333333	585
6.148233333	594
6.15855	619
6.168966667	625
6.179583333	637
6.191166667	695
6.202733333	694
6.214683333	717
6.2263	697
6.236683333	623
6.247433333	645
6.2578	622
6.267933333	608
6.277833333	594
6.2874	574
6.297183333	587
6.307166667	599
6.317666667	630
6.328566667	654
6.339416667	651
6.351283333	712
6.3628	691
6.375183333	743
6.3879	763
6.39985	717
6.411533333	701
6.423066667	692
6.434283333	673
6.4454	667
6.456216667	649
6.466733333	631
6.476516667	587
6.486516667	600
6.496366667	591
6.50625	593
6.51635	606
6.526866667	631
6.537666667	648
6.5488	668
6.559716667	655
6.570083333	622
6.5808	643
6.591216667	625
6.601233333	601
6.611616667	623
6.621916667	618
6.6324	629
6.642783333	623
6.654183333	684
6.665866667	701
6.6784	752
6.69055	729
6.702183333	698
6.714066667	713
6.725883333	709
6.73685	658
6.747616667	646
6.758283333	640
6.768566667	617
6.778716667	609
6.788983333	616
6.799633333	639
6.810666667	662
6.822016667	681
6.833333333	679
6.844566667	674
6.855083333	631
6.865733333	639
6.876166667	626
6.886066667	594
6.89645	623
6.906633333	611
6.917483333	651
6.92815	640
6.9402	723
6.952416667	733
6.964683333	736
6.97815	808
6.991983333	830
7.004933333	777
7.016733333	708
7.02925	751
7.0411	711
7.053183333	725
7.065433333	735
7.07715	703
7.0879	645
7.098633333	644
7.1097	664
7.11995	615
7.131216667	676
7.14225	662
7.153183333	656
7.16435	670
7.17625	714
7.187033333	647
7.19825	673
7.20945	672
7.219966667	631
7.230983333	661
7.241466667	629
7.251833333	622
7.262566667	644
7.272616667	603
7.282733333	607
7.292966667	614
7.302966667	600
7.3131	608
7.323966667	652
7.334433333	628
7.344766667	620
7.355833333	664
7.3666	646
7.37695	621
7.387633333	641
7.39835	643
7.40865	618
7.4191	627
7.429516667	625
7.43975	614
7.450616667	652
7.46075	608
7.47125	630
7.4815	615
7.49375	735
7.50525	690
7.5171	711
7.528	654
7.53775	585
7.548083333	620
7.55815	604
7.567683333	572
7.577183333	570
7.586583333	564
7.595966667	563
7.6055	572
7.615033333	572
7.625066667	602
7.635433333	622
7.645966667	632
7.657	662
7.667783333	647
7.678466667	641
7.689166667	642
7.699516667	621
7.710166667	639
7.720566667	624
7.730616667	603
7.740833333	613
7.750783333	597
7.760816667	602
7.770583333	586
7.780666667	605
7.791066667	624
7.801233333	610
7.811516667	617
7.822	629
7.832766667	646
7.843016667	615
7.8536	635
7.864083333	629
7.874116667	602
7.884433333	619
7.8944	598
7.904216667	589
7.91395	584
7.923883333	596
7.93395	604
7.943716667	586
7.953716667	600
7.963716667	600
7.974	617
7.983933333	596
7.994316667	623
8.004533333	613
8.014516667	599
8.024616667	606
8.034766667	609
8.044983333	613
8.055033333	603
8.0653	616
8.075766667	628
8.085833333	604
8.096233333	624
8.106466667	614
8.11685	623
8.127583333	644
8.138	625
8.149016667	661
8.159383333	622
8.16985	628
8.180383333	632
8.190633333	615
8.2014	646
8.211866667	628
8.222016667	609
8.232466667	627
8.242916667	627
8.253816667	654
8.2648	659
8.275183333	623
8.285933333	645
8.296016667	605
8.306266667	615
8.3164	608
8.326133333	584
8.336233333	606
8.346533333	618
8.356683333	609
8.3673	637
8.378233333	656
8.3891	652
8.3996	630
8.410466667	652
8.421216667	645
8.431516667	618
8.442166667	639
8.452533333	622
8.46275	613
8.473083333	620
8.483533333	627
8.493933333	624
8.50405	607
8.514116667	604
8.524216667	606
8.534383333	610
8.544266667	593
8.554533333	616
8.564733333	612
8.574833333	606
8.584916667	605
8.595433333	631
8.605466667	602
8.61595	629
8.626533333	635
8.6368	616
8.647416667	637
8.657966667	633
8.668766667	648
8.679266667	630
8.68995	641
8.700516667	634
8.711116667	636
8.721583333	628
8.731816667	614
8.74205	614
8.752066667	601
8.761866667	588
8.771583333	583
8.781433333	591
8.791283333	591
8.801533333	615
8.81155	601
8.8218	615
8.832016667	613
8.842316667	618
8.852516667	612
8.863033333	631
8.87325	613
8.8833	603
8.8934	606
8.90365	615
8.9137	603
8.92355	591
8.933533333	599
8.9437	610
8.953883333	611
8.964033333	609
8.974583333	633
8.985266667	641
8.995466667	612
9.005783333	619
9.01605	616
9.0261	603
9.03595	591
9.04605	606
9.05615	606
9.066216667	604
9.076366667	609
9.087016667	639
9.09765	638
9.1079	615
9.11855	639
9.129083333	632
9.13935	616
9.149983333	638
9.1607	643
9.171	618
9.181733333	644
9.192516667	647
9.2028	617
9.213166667	622
9.223616667	627
9.233833333	613
9.2437	592
9.25385	609
9.264016667	610
9.27385	590
9.284066667	613
9.294233333	610
9.304066667	590
9.31415	605
9.324416667	616
9.334183333	586
9.3441	595
9.353916667	589
9.363566667	579
9.373316667	585
9.383066667	585
9.392583333	571
9.402066667	569
9.411683333	577
9.421183333	570
9.4306	565
9.440116667	571
9.449733333	577
9.4591	562
9.4685	564
9.478083333	575
9.487433333	561
9.496883333	567
9.506483333	576
9.516133333	579
9.525516667	563
9.535066667	573
9.54465	575
9.553983333	560
9.563383333	564
9.572783333	564
9.582133333	561
9.59145	559
9.601	573
9.6105	570
9.619683333	551
9.629	559
9.63825	555
9.647433333	551
9.6566	550
9.665816667	553
9.675016667	552
9.6841	545
9.6932	546
9.70225	543
9.711266667	541
9.720266667	540
9.72935	545
9.738416667	544
9.747216667	528
9.756166667	537
9.76525	545
9.774266667	541
9.783183333	535
9.792066667	533
9.800983333	535
9.809783333	528
9.818516667	524
9.82735	530
9.836016667	520
9.844616667	516
9.853216667	516
9.861866667	519
9.870566667	522
9.879316667	525
9.888083333	526
9.896666667	515
9.905366667	522
9.914166667	528
9.922983333	529
9.931766667	527
9.940516667	525
9.9493	527
9.958	522
9.966516667	511
9.975133333	517
9.983766667	518
9.99235	515
10.00088333	512
10.00943333	513
10.01815	523
10.02676667	517
10.03546667	522
10.04425	527
10.05293333	521
10.0616	520
10.07033333	524
10.07926667	536
10.08831667	543
10.0972	533
10.10635	549
10.11575	564
10.12531667	574
10.13471667	564
10.14416667	567
10.1538	578
10.16306667	556
10.17255	569
10.18195	564
10.19135	564
10.20048333	548
10.20958333	546
10.2187	547
10.22748333	527
10.23641667	536
10.24546667	543
10.25475	557
10.26396667	553
10.27328333	559
10.28288333	576
10.29228333	564
10.3017	565
10.31126667	574
10.32066667	564
10.32998333	559
10.33926667	557
10.34851667	555
10.35766667	549
10.3668	548
10.37598333	551
10.3853	559
10.39438333	545
10.40351667	548
10.4128	557
10.42208333	557
10.43128333	552
10.44058333	558
10.4501	571
10.4595	564
10.46893333	566
10.47863333	582
10.48805	565
10.49753333	569
10.50696667	566
10.5163	560
10.52551667	553
10.53448333	538
10.54341667	536
10.55241667	540
10.56161667	552
10.57073333	547
10.5801	562
10.58948333	563
10.59865	550
10.60788333	554
10.6171	553
10.62646667	562
10.63561667	549
10.64488333	556
10.65418333	558
10.66341667	554
10.67258333	550
10.68176667	551
10.69116667	564
10.70066667	570
10.71016667	570
10.71985	581
10.72958333	584
10.73913333	573
10.74865	571
10.75833333	581
10.76771667	563
10.77721667	570
10.78676667	573
10.79638333	577
10.80576667	563
10.81521667	567
10.82485	578
10.83425	564
10.84368333	566
10.85311667	566
10.86271667	576
10.87203333	559
10.88153333	570
10.89115	577
10.90033333	551
10.90958333	555
10.9188	553
10.92805	555
10.93711667	544
10.94631667	552
10.95533333	541
10.96401667	521
10.97278333	526
10.98156667	527
10.99048333	535
10.99955	544
11.00881667	556
11.01815	560
11.02718333	542
11.03635	550
11.04541667	544
11.05458333	550
11.06395	562
11.07328333	560
11.0823	541
11.0913	540
11.10028333	539
11.1091	529
11.118	534
11.12705	543
11.13605	540
11.14513333	545
11.15431667	551
11.16366667	561
11.17281667	549
11.18215	560
11.19151667	562
11.2007	551
11.20996667	556
11.2192	554
11.22835	549
11.23756667	553
11.2468	554
11.25623333	566
11.26541667	551
11.27468333	556
11.28395	556
11.29343333	569
11.30301667	575
11.31285	590
11.32276667	595
11.33231667	573
11.3421	587
11.35168333	575
11.3609	553
11.37015	555
11.37931667	550
11.38836667	543
11.3976	554
11.40701667	565
11.4163	557
11.4258	570
11.43545	579
11.44533333	593
11.45545	607
11.46546667	601
11.47513333	580
11.48511667	599
11.49496667	591
11.50456667	576
11.51421667	579
11.52381667	576
11.5332	563
11.54238333	551
11.55165	556
11.5608	549
11.57011667	559
11.57953333	565
11.58951667	599
11.59966667	609
11.60938333	583
11.61933333	597
11.62938333	603
11.63926667	593
11.64905	587
11.65903333	599
11.66893333	594
11.67858333	579
11.68821667	578
11.69813333	595
11.7078	580
11.71745	579
11.72738333	596
11.7375	607
11.7473	588
11.7571	588
11.76715	603
11.77688333	584
11.78686667	599
11.79665	587
11.8065	591
11.81621667	583
11.82618333	598
11.83646667	617
11.8471	638
11.85716667	604
11.86698333	589
11.87691667	596
11.88665	584
11.89646667	589
11.90596667	570
11.91551667	573
11.92508333	574
11.93471667	578
11.94445	584
11.95395	570
11.96365	582
11.97306667	565
11.98266667	576
11.99213333	568
12.00163333	570
12.0111	568
12.02056667	568
12.0297	548
12.03881667	547
12.04808333	556
12.0572	547
12.06646667	556
12.07595	569
12.08545	570
12.0951	579
12.1046	570
12.1141	570
12.12358333	569
12.13296667	563
12.14195	539
12.151	543
12.15986667	532
12.16846667	516
12.17715	521
12.18578333	518
12.1945	523
12.20315	519
12.21191667	526
12.22091667	540
12.22983333	535
12.23865	529
12.24766667	541
12.25698333	559
12.26631667	560
12.27566667	561
12.28528333	577
12.29505	586
12.3049	591
12.31436667	568
12.3238	566
12.3333	570
12.34273333	566
12.35201667	557
12.36135	560
12.37066667	559
12.37985	551
12.38901667	550
12.39841667	564
12.40776667	561
12.41708333	559
12.42648333	564
12.43588333	564
12.44511667	554
12.45443333	559
12.46396667	572
12.47323333	556
12.48275	571
12.49231667	574
12.5017	563
12.51113333	566
12.52055	565
12.53006667	571
12.53926667	552
12.54865	563
12.55816667	571
12.56758333	565
12.57695	562
12.58643333	569
12.596	574
12.60528333	557
12.61485	574
12.6244	573
12.6338	564
12.64321667	565
12.65278333	574
12.66206667	557
12.67145	563
12.68081667	562
12.69008333	556
12.69941667	560
12.70875	560
12.71821667	568
12.72773333	571
12.73741667	581
12.74715	584
12.75645	558
12.76578333	560
12.77503333	555
12.78436667	560
12.79333333	538
12.80243333	546
12.81151667	545
12.82068333	550
12.83003333	561
12.83951667	569
12.8493	587
12.85886667	574
12.86826667	564
12.87771667	567
12.88718333	568
12.8965	559
12.90568333	551
12.91495	556
12.92406667	547
12.93306667	540
12.94206667	540
12.95121667	549
12.96026667	543
12.96898333	523
12.97781667	530
12.98673333	535
12.99581667	545
13.00493333	547
13.01408333	549
13.02318333	546
13.03216667	539
13.04096667	528
13.0498	530
13.05863333	530
13.06753333	534
13.07633333	528
13.08511667	527
13.09391667	528
13.10303333	547
13.11208333	543
13.12121667	548
13.13056667	561
13.13973333	550
13.14896667	554
13.15831667	561
13.16786667	573
13.17718333	559
13.18666667	569
13.19633333	580
13.20571667	563
13.21513333	565
13.2245	562
13.23396667	568
13.2431	548
13.25226667	550
13.2615	554
13.27096667	568
13.28018333	553
13.28946667	557
13.29888333	565
13.308	547
13.31706667	544
13.32615	545
13.33503333	533
13.34391667	533
13.35288333	538
13.36193333	543
13.37081667	533
13.37973333	535
13.38863333	534
13.39741667	527
13.40613333	523
13.41496667	530
13.42371667	525
13.43245	524
13.44131667	532
13.45033333	541
13.4595	550
13.4687	552
13.47825	573
13.48768333	566
13.4971	565
13.50665	573
13.51608333	566
13.5254	559
13.5347	558
13.54396667	556
13.55325	557
13.56231667	544
13.57145	548
13.58055	546
13.58963333	545
13.59883333	552
13.60816667	560
13.61785	581
13.6275	579
13.63731667	589
13.64673333	565
13.6563	574
13.6658	570
13.67508333	557
13.68436667	557
13.69378333	565
13.70281667	542
13.71196667	549
13.72125	557
13.73031667	544
13.73943333	547
13.74868333	555
13.75776667	545
13.76686667	546
13.776	548
13.78528333	557
13.79465	562
13.80371667	544
13.81288333	550
13.82203333	549
13.83121667	551
13.84028333	544
13.84945	550
13.8585	543
13.86766667	550
13.87686667	552
13.88603333	550
13.89528333	555
13.90436667	545
13.9137	560
13.92296667	556
13.93205	545
13.94118333	548
13.95028333	546
13.95953333	555
13.96863333	546
13.97803333	564
13.9875	568
13.9969	564
14.0063	564
14.01581667	571
14.02553333	583
14.035	568
14.0448	588
14.05458333	587
14.06483333	615
14.07481667	599
14.08496667	609
14.095	602
14.10486667	592
14.11458333	583
14.12433333	585
14.13388333	573
14.14315	556
14.15253333	563
14.16165	547
14.17056667	535
14.1795	536
14.18871667	553
14.1981	563
14.20725	549
14.21675	570
14.22615	564
14.23565	570
14.24515	570
14.25488333	584
14.26448333	576
14.27398333	570
14.28365	580
14.29318333	572
14.30251667	560
14.31188333	562
14.32135	568
14.33058333	554
14.33973333	549
14.34888333	549
14.35796667	545
14.36688333	535
14.37578333	534
14.38498333	552
14.39425	556
14.40361667	562
14.41295	560
14.4225	573
14.4321	576
14.44151667	565
14.45116667	579
14.46075	575
14.47011667	562
14.47951667	564
14.48891667	564
14.49823333	559
14.50735	547
14.5166	555
14.52588333	557
14.53506667	551
14.54423333	550
14.55355	559
14.5628	555
14.57205	555
14.58141667	562
14.5908	563
14.59991667	547
14.60903333	547
14.61815	547
14.62701667	532
14.636	539
14.64503333	542
14.65408333	543
14.6631	541
14.67201667	535
14.68106667	543
14.69011667	543
14.69915	542
14.70826667	547
14.71753333	556
14.72671667	551
14.7358	545
14.74508333	557
14.7542	547
14.76326667	544
14.77235	545
14.78156667	553
14.7908	554
14.79976667	538
14.80883333	544
14.8179	544
14.82698333	545
14.836	541
14.84531667	559
14.85451667	552
14.86368333	550
14.87281667	548
14.88178333	538
14.89101667	554
14.90041667	564
14.90971667	558
14.91896667	555
14.92828333	559
14.93761667	560
14.94671667	546
14.95605	560
14.9654	561
14.97471667	559
14.98383333	547
14.99296667	548
15.00231667	561
15.01175	566
15.02121667	568
15.03035	548
15.03956667	553
15.04878333	553
15.05798333	552
15.06711667	548
15.07593333	529
15.08495	541
15.09405	546
15.10316667	547
15.11218333	541
15.12125	544
15.13036667	547
15.13938333	541
15.14841667	542
15.15753333	547
15.16661667	545
15.1758	551
15.18473333	536
15.19386667	548
15.20305	551
15.21231667	556
15.22141667	546
15.23046667	543
15.2396	548
15.24878333	551
15.2579	547
15.26701667	547
15.2762	551
15.28531667	547
15.2944	545
15.30366667	556
15.313	560
15.32215	549
15.3314	555
15.34066667	556
15.34993333	556
15.35878333	531
15.36773333	537
15.37666667	536
15.3854	524
15.39401667	517
15.40261667	516
15.41126667	519
15.42011667	531
15.42945	560
15.43943333	599
15.4496	610
15.45963333	602
15.46956667	596
15.47953333	598
15.48935	589
15.4991	585
15.50835	555
15.5178	567
15.52708333	557
15.5364	559
15.54546667	544
15.55451667	543
15.56355	542
15.57233333	527
15.58138333	543
15.59056667	551
15.5998	554
15.609	552
15.61826667	556
15.62773333	568
15.6369	550
15.64618333	557
15.6555	559
15.66453333	542
15.67365	547
15.68266667	541
15.69156667	534
15.70038333	529
15.70928333	534
15.71813333	531
15.72685	523
15.73571667	532
15.74455	530
15.75326667	523
15.76185	515
15.77035	510
15.7788	507
15.78735	513
15.79593333	515
15.80433333	504
15.81288333	513
15.82148333	516
15.82995	508
15.83848333	512
15.84696667	509
15.8556	518
15.86411667	511
15.87268333	514
15.88133333	519
15.88998333	519
15.89873333	525
15.90765	535
15.91656667	535
15.92533333	526
15.9341	526
15.94298333	533
15.9518	529
15.96056667	526
15.96946667	534
15.97843333	538
15.98733333	534
15.99643333	546
16.00566667	554
16.01466667	540
16.02376667	546
16.03293333	550
16.042	544
16.05091667	535
16.05986667	537
16.06903333	550
16.07793333	534
16.08703333	546
16.09633333	558
16.10565	559
16.1149	555
16.12418333	557
16.13373333	573
16.143	556
16.15243333	566
16.1619	568
16.17133333	566
16.18063333	558
16.19003333	564
16.19946667	566
16.20875	557
16.21826667	571
16.22765	563
16.23695	558
16.24625	558
16.25573333	569
16.26521667	569
16.27461667	564
16.28411667	570
16.29351667	564
16.3027	551
16.31165	537
16.32038333	524
16.32925	532
16.33823333	539
16.34745	553
16.3566	549
16.36591667	559
16.37518333	556
16.38428333	546
16.39335	544
16.40265	558
16.41181667	550
16.42101667	552
16.43038333	562
16.43973333	561
16.44898333	555
16.4583	559
16.4678	570
16.477	552
16.48631667	559
16.49563333	559
16.50473333	546
16.51383333	546
16.523	550
16.53226667	556
16.54141667	549
16.5508	563
16.56028333	569
16.56968333	564
16.57895	556
16.58835	564
16.59775	564
16.607	555
16.61638333	563
16.62561667	554
16.63485	554
16.64401667	550
16.65305	542
16.66191667	532
16.67086667	537
16.67976667	534
16.68861667	531
16.69748333	532
16.70651667	542
16.71558333	544
16.72456667	539
16.7336	542
16.74266667	544
16.75166667	540
16.7606	536
16.76961667	541
16.77861667	540
16.78771667	546
16.7969	551
16.80605	549
16.81506667	541
16.82406667	540
16.83316667	546
16.84196667	528
16.85093333	538
16.86	544
16.86905	543
16.87806667	541
16.88708333	541
16.89626667	551
16.90546667	552
16.91465	551
16.92385	552
16.933	549
16.94241667	565
16.95173333	559
16.961	556
16.97033333	560
16.97966667	560
16.989	560
16.9982	552
17.0074	552
17.01655	549
17.02561667	544
17.03453333	535
17.04353333	540
17.05256667	542
17.06156667	540
17.0706	542
17.0796	540
17.0886	540
17.09751667	535
17.10656667	543
17.11558333	541
17.1246	541
17.13373333	548
17.14256667	530
17.15148333	535
17.16041667	536
17.16936667	537
17.17815	527
17.187	531
17.19591667	535
17.20458333	520
17.21341667	530
17.22241667	540
17.23141667	540
17.24081667	564
17.25003333	553
17.25941667	563
17.26885	566
17.27833333	569
17.28748333	549
17.29648333	540
17.30561667	548
17.31466667	543
17.3235	530
17.33233333	530
17.34125	535
17.35008333	530
17.359	535
17.36805	543
17.37715	546
17.38603333	533
17.3949	532
17.40388333	539
17.41275	532
17.42171667	538
17.43076667	543
17.4396	530
17.44863333	542
17.45765	541
17.46696667	559
17.47626667	558
17.48533333	544
17.49448333	549
17.50355	544
17.51265	546
17.5215	531
17.53041667	535
17.53941667	540
17.54831667	534
17.55726667	537
17.56633333	544
17.57546667	548
17.58455	545
17.59366667	547
17.60275	545
17.61205	558
17.62158333	572
17.63081667	554
17.64015	560
17.64948333	560
17.6587	553
17.66785	549
17.6772	561
17.68678333	575
17.6966	589
17.70638333	587
17.71628333	594
17.72608333	588
17.73585	586
17.74521667	562
17.7544	551
17.76368333	557
17.77283333	549
17.78176667	536
17.7907	536
17.79976667	544
17.80885	545
17.81793333	545
17.82723333	558
17.83665	565
17.84586667	553
17.85505	551
17.86435	558
17.87333333	539
17.88246667	548
17.89166667	552
17.9009	554
17.91006667	550
17.91921667	549
17.9284	551
17.9375	546
17.94651667	541
17.95561667	546
17.96481667	552
17.97393333	547
17.98295	541
17.99215	552
18.00123333	545
18.01011667	533
18.01911667	540
18.02811667	540
18.0369	527
18.0458	534
18.0546	528
18.06328333	521
18.07196667	521
18.0805	512
18.08911667	517
18.09793333	529
18.10685	535
18.11565	528
18.12453333	533
18.1335	538
18.14233333	530
18.15123333	534
18.16025	541
18.16915	534
18.17795	528
18.18675	528
18.19561667	532
18.20461667	540
18.21396667	561
18.22388333	595
18.23411667	614
18.2441	599
18.254	594
18.26398333	599
18.274	601
18.28406667	604
18.29381667	585
18.30366667	591
18.3135	590
18.32313333	578
18.33323333	606
18.34345	613
18.35345	600
18.36338333	596
18.37403333	639
18.38421667	611
18.39395	584
18.40326667	559
18.4123	542
18.4213	540
18.42998333	521
18.43853333	513
18.44701667	509
18.45556667	513
18.4639	500
18.47243333	512
18.48113333	522
18.48975	517
18.49843333	521
18.50718333	525
18.51591667	524
18.52443333	511
18.53306667	518
18.54181667	525
18.5505	521
18.55921667	523
18.568	527
18.57685	531
18.58551667	520
18.59436667	531
18.60323333	532
18.61196667	524
18.6207	524
18.62948333	527
18.63823333	525
18.64683333	516
18.65555	523
18.66426667	523
18.67298333	523
18.68173333	525
18.69066667	536
18.69956667	534
18.70818333	517
18.71691667	524
18.72576667	531
18.73468333	535
18.74355	532
18.75263333	545
18.76183333	552
18.77086667	542
18.78005	551
18.78923333	551
18.79838333	549
18.80743333	543
18.81658333	549
18.82561667	542
18.8347	545
18.84373333	542
18.85291667	551
18.86201667	546
18.87123333	553
18.88051667	557
18.89001667	570
18.89931667	558
18.90866667	561
18.91815	569
18.92726667	547
18.93633333	544
18.9454	544
18.9544	540
18.96338333	539
18.97255	550
18.98156667	541
18.99056667	540
18.99978333	553
19.00915	562
19.01866667	571
19.02805	563
19.03778333	584
19.04748333	582
19.057	571
19.0666	576
19.07626667	580
19.08568333	565
19.09516667	569
19.10468333	571
19.11405	562
19.12331667	556
19.13246667	549
19.14145	539
19.15013333	521
19.15886667	524
19.16758333	523
19.1762	517
19.18498333	527
19.19396667	539
19.20306667	546
19.21188333	529
19.22098333	546
19.22995	538
19.23881667	532
19.24768333	532
19.2567	541
19.26555	531
19.27453333	539
19.28373333	552
19.29283333	546
19.30191667	545
19.31103333	547
19.32015	547
19.3291	537
19.33811667	541
19.3473	551
19.3562	534
19.3652	540
19.37425	543
19.3834	549
19.39233333	536
19.4014	544
19.41063333	554
19.41961667	539
19.42866667	543
19.43771667	543
19.44675	542
19.45566667	535
19.46463333	538
19.47366667	542
19.48261667	537
19.49163333	541
19.50061667	539
19.5098	551
19.51896667	550
19.52803333	544
19.53713333	546
19.54645	559
19.55568333	554
19.56493333	555
19.57425	559
19.58345	552
19.59258333	548
19.6017	547
19.6109	552
19.61996667	544
19.62913333	550
19.63835	553
19.64791667	574
19.65721667	558
19.66671667	570
19.67626667	573
19.68573333	568
19.69515	565
19.70473333	575
19.71411667	563
19.72331667	552
19.7326	557
19.74175	549
19.75081667	544
19.75991667	546
19.76916667	555
19.7782	542
19.78741667	553
19.79678333	562
19.80588333	546
19.81496667	545
19.82415	551
19.83341667	556
19.84236667	537
19.85135	539
19.86025	534
19.86901667	526
19.8779	533
19.887	546
19.89608333	545
19.90498333	534
19.91408333	546
19.92321667	548
19.93221667	540
19.94115	536
19.95023333	545
19.95926667	542
19.96818333	535
19.97716667	539
19.9861	536
19.99485	525
20.00361667	526
20.0125	533
20.02143333	536
20.03033333	534
20.03926667	536
20.04831667	543
20.05728333	538
20.06635	544
20.07546667	547
20.08446667	540
20.09341667	537
20.10226667	531
20.11111667	531
20.1199	527
20.12868333	527
20.13758333	534
20.14676667	551
20.15611667	561
20.16565	572
20.17505	564
20.18451667	568
20.19381667	558
20.20306667	555
20.21211667	543
20.22108333	538
20.23016667	545
20.23955	563
20.24926667	583
20.25876667	570
20.26821667	567
20.27798333	586
20.28801667	602
20.29778333	586
20.3075	583
20.31743333	596
20.3276	610
20.33768333	605
20.34776667	605
20.35791667	609
20.36808333	610
20.37781667	584
20.38755	584
20.39725	582
20.40698333	584
20.41656667	575
20.42635	587
20.43658333	614
20.44713333	633
20.457	592
20.46666667	580
20.47605	563
20.48545	564
20.49521667	586
20.50545	614
20.51555	606
20.52551667	598
20.53515	578
20.54441667	556
20.55361667	552
20.5629	557
20.5725	576
20.58201667	571
20.59158333	574
20.60103333	567
20.61051667	569
20.61988333	562
20.62918333	558
20.6385	559
20.64781667	559
20.65665	530
20.6656	537
20.67453333	536
20.68353333	540
20.69278333	555
20.70251667	584
20.71271667	612
20.72303333	619
20.73323333	612
20.74335	607
20.75333333	599
20.76308333	585
20.77281667	584
20.78251667	582
20.7921	575
20.80196667	592
20.81191667	597
20.82216667	615
20.83216667	600
20.84246667	618
20.85283333	622
20.86333333	630
20.87328333	597
20.88331667	602
20.89301667	582
20.90245	566
20.91195	570
20.92148333	572
20.93125	586
20.94126667	601
20.95153333	616
20.96151667	599
20.97148333	598
20.98143333	597
20.99145	601
21.00125	588
21.01116667	595
21.02145	617
21.03203333	635
21.04245	625
21.05305	636
21.06358333	632
21.0736	601
21.08358333	599
21.09353333	597
21.10355	601
21.11373333	611
21.1238	604
21.1338	600
21.14348333	581
21.15323333	585
21.16325	601
21.1735	615
21.18436667	652
21.19553333	670
21.20663333	666
21.21773333	666
21.2288	664
21.23973333	656
21.25061667	653
21.26153333	655
21.27173333	612
21.28188333	609
21.29216667	617
21.30225	605
21.31268333	626
21.3231	625
21.33348333	623
21.34381667	620
21.35433333	631
21.3646	616
21.37483333	614
21.38473333	594
21.39443333	582
21.40415	583
21.41403333	593
21.42433333	618
21.43505	643
21.44606667	661
21.4569	650
21.46751667	637
21.4783	647
21.4889	636
21.49948333	635
21.50985	622
21.52005	612
21.53005	600
21.54008333	602
21.55028333	612
21.56055	616
21.5712	639
21.58191667	643
21.59296667	663
21.60435	683
21.61578333	686
21.62728333	690
21.63825	658
21.64891667	640
21.65891667	600
21.66873333	589
21.67836667	578
21.68806667	582
21.69815	605
21.70891667	646
21.71965	644
21.73065	660
21.74176667	667
21.75295	671
21.7645	693
21.77566667	670
21.78678333	667
21.79775	658
21.80853333	647
21.81915	637
21.82963333	629
21.84025	637
21.8503	603
21.8602	594
21.86998333	587
21.87986667	593
21.88998333	607
21.9004	625
21.911	636
21.92186667	652
21.93216667	618
21.94231667	609
21.95233333	601
21.96218333	591
21.97198333	588
21.98195	598
21.99233333	623
22.0029	634
22.01333333	626
22.02375	625
22.03415	624
22.04488333	644
22.0552	619
22.06571667	631
22.07635	638
22.08716667	649
22.09828333	667
22.10988333	696
22.12121667	680
22.13286667	699
22.14421667	681
22.1553	665
22.1663	660
22.17731667	661
22.1884	665
22.19956667	670
22.2102	638
22.22088333	641
22.23185	658
22.24303333	671
22.25398333	657
22.2651	667
22.27635	675
22.28775	684
22.2992	687
22.31043333	674
22.32163333	672
22.3326	658
22.34321667	637
22.35388333	640
22.36478333	654
22.37591667	668
22.3866	641
22.39743333	650
22.40826667	650
22.41921667	657
22.43028333	664
22.4415	673
22.45241667	655
22.46306667	639
22.4734	620
22.48346667	604
22.49363333	610
22.5038	610
22.5141	618
22.52486667	646
22.53593333	664
22.54711667	671
22.55776667	639
22.56818333	625
22.57856667	623
22.58896667	624
22.5994	626
22.60981667	625
22.62005	614
22.63028333	614
22.6405	613
22.65053333	602
22.66036667	590
22.67008333	583
22.67965	574
22.68923333	575
22.699	586
22.70868333	581
22.71848333	588
22.72816667	581
22.73805	593
22.74823333	611
22.75813333	594
22.76803333	594
22.7782	610
22.78848333	617
22.79888333	624
22.80925	622
22.81945	612
22.82946667	601
22.8394	596
22.8492	588
22.8587	570
22.86808333	563
22.87771667	578
22.88753333	589
22.89763333	606
22.90783333	612
22.91846667	638
22.92983333	682
22.94118333	681
22.9525	679
22.9638	678
22.97476667	658
22.98546667	642
22.99578333	619
23.00558333	588
23.01516667	575
23.02458333	565
23.03403333	567
23.04395	595
23.05441667	628
23.06481667	624
23.07528333	628
23.08551667	614
23.09571667	612
23.10611667	624
23.1169	647
23.12823333	680
23.13953333	678
23.15061667	665
23.16143333	649
23.17196667	632
23.1818	590
23.19178333	599
23.2016	589
23.21121667	577
23.22121667	600
23.23141667	612
23.24201667	636
23.25333333	679
23.265	700
23.27721667	733
23.2895	737
23.30156667	724
23.3138	734
23.32513333	680
23.33578333	639
23.34608333	618
23.35595	592
23.36605	606
23.37653333	629
23.38738333	651
23.3987	679
23.41026667	694
23.4221	710
23.4339	708
23.44528333	683
23.45576667	629
23.46625	629
23.47646667	613
23.48668333	613
23.49688333	612
23.50745	634
23.51875	678
23.53148333	764
23.54471667	794
23.55763333	775
23.57061667	779
23.58366667	783
23.59603333	742
23.60701667	659
23.61778333	646
23.62855	646
23.63978333	674
23.65053333	645
23.66163333	666
23.674	742
23.68718333	791
23.70025	784
23.71411667	832
23.72783333	823
23.74043333	756
23.75355	787
23.76541667	712
23.77686667	687
23.78836667	690
23.80041667	723
23.81293333	751
23.8259	778
23.83886667	778
23.85128333	745
23.86316667	713
23.87413333	658
23.88466667	632
23.89538333	643
23.90656667	671
23.91866667	726
23.93073333	724
23.94391667	791
23.95756667	819
23.9716	842
23.98455	777
23.99711667	754
24.00911667	720
24.0209	707
24.03276667	712
24.04418333	685
24.05521667	662
24.06635	668
24.07785	690
24.08951667	700
24.10108333	694
24.11273333	699
24.12323333	630
24.13411667	653
24.1447	635
24.15553333	650
24.1663	646
24.178	702
24.19005	723
24.20326667	793
24.21618333	775
24.22871667	752
24.24091667	732
24.25261667	702
24.26378333	670
24.27465	652
24.2854	645
24.29585	627
24.30656667	643
24.31711667	633
24.32795	650
24.33936667	685
24.35105	701
24.36265	696
24.37405	684
24.38516667	667
24.39583333	640
24.40621667	623
24.41638333	610
24.42598333	576
24.4356	577
24.44515	573
24.45476667	577
24.46481667	603
24.47633333	691
24.48855	733
24.4997	669
24.51091667	673
24.52258333	700
24.53471667	728
24.54626667	693
24.55758333	679
24.56901667	686
24.58045	686
24.59101667	634
24.60161667	636
24.61225	638
24.623	645
24.63378333	647
24.64408333	618
24.65451667	626
24.66491667	624
24.67483333	595
24.68458333	585
24.6944	589
24.70418333	587
24.71431667	608
24.72446667	609
24.73491667	627
24.74555	638
24.75645	654
24.76675	618
24.7773	633
24.78805	645
24.79893333	653
24.8107	706
24.82288333	731
24.83586667	779
24.84795	725
24.85973333	707
24.87155	709
24.88291667	682
24.89421667	678
24.90566667	687
24.91725	695
24.9283	663
24.9397	684
24.95133333	698
24.96333333	720
24.97475	685
24.98685	726
24.99878333	716
25.0101	679
25.02158333	689
25.03285	676
25.04378333	656
25.05473333	657
25.06578333	663
25.0779	727
25.09065	765
25.1026	717
25.11478333	731
25.12703333	735
25.13828333	675
25.14918333	654
25.16001667	650
25.17111667	666
25.18231667	672
25.19446667	729
25.20663333	730
25.21973333	786
25.23218333	747
25.24558333	804
25.25926667	821
25.2718	752
25.28455	765
25.29706667	751
25.3087	698
25.3208	726
25.33181667	661
25.34316667	681
25.3545	680
25.36603333	692
25.37748333	687
25.38961667	728
25.40246667	771
25.41513333	760
25.4281	778
25.44015	723
25.4518	699
25.46366667	712
25.47501667	681
25.48583333	649
25.49718333	681
25.50865	688
25.5196	657
25.53096667	682
25.54246667	690
25.55443333	718
25.56593333	690
25.57808333	729
25.59023333	729
25.60116667	656
25.61203333	652
25.62281667	647
25.63336667	633
25.64438333	661
25.65496667	635
25.6662	674
25.67725	663
25.68878333	692
25.70031667	692
25.71156667	675
25.72278333	673
25.73386667	665
25.74438333	631
25.75465	616
25.765	621
25.77585	651
25.78806667	733
25.79943333	682
25.81111667	701
25.82325	728
25.83518333	716
25.8464	673
25.85775	681
25.8689	669
25.8795	636
25.88996667	628
25.90028333	619
25.91056667	617
25.92065	605
25.93058333	596
25.94088333	618
25.95155	640
25.9625	657
25.9737	672
25.98506667	682
25.99625	671
26.00676667	631
26.01765	653
26.02843333	647
26.0393	652
26.0503	660
26.06145	669
26.07343333	719
26.08528333	711
26.09728333	720
26.1097	745
26.12188333	731
26.13411667	734
26.1459	707
26.15741667	691
26.16858333	670
26.17941667	650
26.18998333	634
26.19995	598
26.21001667	604
26.2199	593
26.23046667	634
26.24223333	706
26.2547	748
26.26753333	770
26.27986667	740
26.29193333	724
26.30356667	698
26.3147	668
26.32488333	611
26.33516667	617
26.3452	602
26.355	588
26.36443333	566
26.37466667	614
26.38571667	663
26.39855	770
26.41115	756
26.42373333	755
26.4364	760
26.4483	714
26.45976667	688
26.47093333	670
26.48213333	672
26.49336667	674
26.50436667	660
26.51513333	646
26.52611667	659
26.5374	677
26.54845	663
26.56001667	694
26.57181667	708
26.5837	713
26.5955	708
26.60706667	694
26.61778333	643
26.6285	643
26.6392	642
26.65026667	664
26.6617	686
26.67336667	700
26.68448333	667
26.69658333	726
26.70856667	719
26.72085	737
26.7318	657
26.74328333	689
26.75438333	666
26.7652	649
26.77601667	649
26.78681667	648
26.79781667	660
26.80836667	633
26.81911667	645
26.82995	650
26.84066667	643
26.85135	641
26.8623	657
26.87321667	655
26.88416667	657
26.89496667	648
26.90563333	640
26.91598333	621
26.92606667	605
26.93588333	589
26.94591667	602
26.95593333	601
26.96628333	621
26.97625	598
26.98638333	608
26.99658333	612
27.00708333	630
27.01758333	630
27.02815	634
27.03898333	650
27.0501	667
27.06126667	670
27.07181667	633
27.08248333	640
27.0929	625
27.10328333	623
27.11318333	594
27.12316667	599
27.13286667	582
27.1425	578
27.15221667	583
27.1618	575
27.17161667	589
27.18168333	604
27.19186667	611
27.20173333	592
27.21165	595
27.22165	600
27.23183333	611
27.24175	595
27.25185	606
27.26205	612
27.27215	606
27.28246667	619
27.2928	620
27.30301667	613
27.31313333	607
27.32283333	582
27.3326	586
27.34223333	578
27.35173333	570
27.36121667	569
27.37061667	564
27.38035	584
27.3905	609
27.40176667	676
27.41321667	687
27.42405	650
27.43586667	709
27.44816667	738
27.46011667	717
27.4719	707
27.48368333	707
27.49518333	690
27.50615	658
27.51705	654
27.5279	651
27.5388	654
27.54921667	625
27.55996667	645
27.57063333	640
27.58123333	636
27.59165	625
27.60201667	622
27.61196667	597
27.62205	605
27.63228333	614
27.64308333	648
27.65348333	624
27.66391667	626
27.67416667	615
27.68438333	613
27.69426667	593
27.70415	593
27.71396667	589
27.72401667	603
27.73455	632
27.74495	624
27.75561667	640
27.7669	677
27.7778	654
27.78893333	668
27.80013333	672
27.81126667	668
27.82233333	664
27.83331667	659
27.84396667	639
27.85465	641
27.86516667	631
27.87571667	633
27.88688333	670
27.8986	703
27.91073333	728
27.92288333	729
27.93503333	729
27.94703333	720
27.95851667	689
27.96988333	682
27.98103333	669
27.99233333	678
28.00333333	660
28.01428333	657
28.0257	685
28.03716667	688
28.0477	632
28.05833333	638
28.06911667	647
28.0803	671
28.09106667	646
28.10211667	663
28.11323333	667
28.12501667	707
28.13723333	733
28.1491	712
28.16085	705
28.17141667	634
28.18198333	634
28.1923	619
28.20238333	605
28.2123	595
28.22223333	596
28.2319	580
28.2419	600
28.25201667	607
28.26285	650
28.27481667	718
28.28735	752
28.29958333	734
28.31101667	686
28.32265	698
28.33398333	680
28.34446667	629
28.3549	626
28.36516667	616
28.37533333	610
28.38595	637
28.39728333	680
28.4081	649
28.41945	681
28.43105	696
28.44295	714
28.4548	711
28.46615	681
28.47708333	656
28.48823333	669
28.49868333	627
28.50965	658
28.52075	666
28.53186667	667
28.54396667	726
28.55651667	753
28.56945	776
28.58121667	706
28.59358333	742
28.60615	754
28.61758333	686
28.62936667	707
28.64081667	687
28.6516	647
28.66166667	604
28.67178333	607
28.6816	589
28.69181667	613
28.70321667	684
28.71521667	720
28.7269	701
28.73866667	706
28.75116667	750
28.76331667	729
28.77513333	709
28.78705	715
28.79903333	719
28.81015	667
28.82158333	686
28.8334	709
28.84568333	737
28.85741667	704
28.86943333	721
28.88156667	728
28.89401667	747
28.90631667	738
28.91796667	699
28.92908333	667
28.93961667	632
28.95018333	634
28.96083333	639
28.972	670
28.9829	654
28.9944	690
29.0071	762
29.0201	780
29.03198333	713
29.04438333	744
29.05685	748
29.0683	687
29.07978333	689
29.0911	679
29.10255	687
29.11381667	676
29.12558333	706
29.13801667	746
29.14966667	699
29.1623	758
29.17493333	758
29.18708333	729
29.19923333	729
29.21131667	725
29.22315	710
29.23425	666
29.24481667	634
29.25566667	651
29.26708333	685
29.2786	691
29.2903	702
29.30183333	692
29.31348333	699
29.32411667	638
29.3346	629
29.3448	612
29.355	612
29.36496667	598
29.37515	611
29.38553333	623
29.39556667	602
29.40566667	606
29.41601667	621
29.42663333	637
29.43703333	624
29.44761667	635
29.4583	641
29.4689	636
29.48001667	667
29.49131667	678
29.50203333	643
29.51243333	624
29.52293333	630
29.53323333	618
29.54311667	593
29.55308333	598
29.5631	601
29.57328333	611
29.58328333	600
29.5938	631
29.60475	657
29.6161	681
29.62711667	661
29.6379	647
29.64835	627
29.65875	624
29.6689	609
29.6787	588
29.68906667	622
29.7	656
29.71126667	676
29.7229	698
29.73398333	665
29.7457	703
29.75728333	695
29.76843333	669
29.78015	703
29.79218333	722
29.8039	703
29.81561667	703
29.82783333	733
29.84013333	738
29.85276667	758
29.86521667	747
29.87731667	726
29.88815	650
29.89896667	649
29.90976667	648
29.92083333	664
29.93193333	666
29.94281667	653
29.9546	707
29.9666	720
29.97826667	700
29.98973333	688
30.00231667	755
30.01486667	753
30.02703333	730
30.03876667	704
30.0504	698
30.06128333	653
30.0722	655
30.0833	666
30.09476667	688
30.10616667	684
30.11785	701
30.13003333	731
30.14265	757
30.15433333	701
30.16663333	738
30.1791	748
30.19118333	725
30.20208333	654
30.21323333	669
30.22451667	677
30.2355	659
30.2463	648
30.25751667	673
30.26895	686
30.2798	651
30.29118333	683
30.30263333	687
30.31326667	638
30.32393333	640
30.33455	637
30.34528333	644
30.35558333	618
30.3666	661
30.37793333	680
30.38955	697
30.40036667	649
30.4115	668
30.422	630
30.43203333	602
30.44235	619
30.45255	612
30.4627	609
30.47301667	619
30.48371667	642
30.49485	668
30.5065	699
30.5179	684
30.52925	681
30.54008333	650
30.55105	658
30.56203333	659
30.57286667	650
30.58278333	595
30.59295	610
30.60315	612
30.61353333	623
30.624	628
30.63475	645
30.64565	654
30.65675	666
30.66725	630
30.67821667	658
30.68905	650
30.69988333	650
30.71033333	627
30.72145	667
30.73278333	680
30.74426667	689
30.75538333	667
30.76718333	708
30.77891667	704
30.78985	656
30.80073333	653
30.81171667	659
30.82283333	667
30.83441667	695
30.84546667	663
30.85706667	696
30.86898333	715
30.88068333	702
30.89146667	647
30.9024	656
30.91298333	635
30.92355	634
30.93388333	620
30.9447	649
30.95638333	701
30.96811667	704
30.97925	668
30.99046667	673
31.0015	662
31.01245	657
31.02313333	641
31.03343333	618
31.04348333	603
31.0536	607
31.0638	612
31.07451667	643
31.08526667	645
31.09703333	706
31.1093	736
31.12155	735
31.13346667	715
31.14568333	733
31.15755	712
31.16875	672
31.17965	654
31.19063333	659
31.2016	658
31.21246667	652
31.22321667	645
31.23393333	643
31.24483333	654
31.25568333	651
31.26631667	638
31.27703333	643
31.2877	640
31.29803333	620
31.30843333	624
31.31878333	621
31.32903333	615
31.33928333	615
31.34933333	603
31.35931667	599
31.37026667	657
31.38201667	705
31.39441667	744
31.40703333	757
31.41985	769
31.433	789
31.44568333	761
31.45761667	716
31.46831667	642
31.47873333	625
31.48895	613
31.49915	612
31.50976667	637
31.52056667	648
31.53155	659
31.5425	657
31.55375	675
31.56543333	701
31.57736667	716
31.58886667	690
31.60061667	705
31.61225	698
31.62408333	710
31.63568333	696
31.64645	646
31.65713333	641
31.6677	634
31.67818333	629
31.68885	640
31.69943333	635
31.71025	649
31.72145	672
31.73301667	694
31.7454	743
31.75835	777
31.77101667	760
31.7829	713
31.7946	702
31.80635	705
31.81766667	679
31.82853333	652
31.8388	616
31.84886667	604
31.85881667	597
31.86865	590
31.87883333	611
31.88953333	642
31.9003	646
31.91151667	673
31.92211667	636
31.93288333	646
31.94381667	656
31.95511667	678
31.966	653
31.97728333	677
31.98825	658
31.99913333	653
