0.011083333	657
0.02235	665
0.03315	676
0.044266667	648
0.055583333	667
0.066683333	679
0.0774	666
0.088633333	643
0.100416667	674
0.112483333	707
0.124883333	724
0.1361	744
0.1477	673
0.15935	696
0.171333333	699
0.18365	719
0.19465	739
0.205966667	660
0.217766667	679
0.230366667	708
0.2416	756
0.2533	674
0.265466667	702
0.278016667	730
0.291433333	753
0.305716667	805
0.317533333	857
0.32875	709
0.3409	673
0.353683333	729
0.365233333	767
0.377316667	693
0.390016667	725
0.403233333	762
0.427283333	793
0.439066667	0
0.4513	707
0.463316667	734
0.4752	721
0.487166667	713
0.4982	718
0.50965	662
0.52145	687
0.533683333	708
0.5447	734
0.556716667	661
0.56955	721
0.581233333	770
0.593266667	701
0.606133333	722
0.618583333	772
0.629683333	747
0.641666667	666
0.654316667	719
0.6674	759
0.678916667	785
0.6918	691
0.705833333	773
0.719883333	842
0.731933333	843
0.7454	723
0.759183333	808
0.77095	827
0.78315	706
0.796483333	732
0.809983333	800
0.8215	810
0.834533333	691
0.848416667	782
0.861983333	833
0.873866667	814
0.887116667	713
0.901033333	795
0.914	835
0.927133333	778
0.938616667	788
0.950966667	689
0.964633333	741
0.97835	820
0.9903	823
1.00315	717
1.016866667	771
1.030616667	823
1.0424	825
1.055116667	707
1.0688	763
1.082166667	821
1.09395	802
1.107016667	707
1.12045	784
1.133333333	806
1.145	773
1.15705	700
1.169216667	723
1.181766667	730
1.193966667	753
1.204816667	732
1.2161	651
1.227683333	677
1.239466667	695
1.250966667	707
1.2616	690
1.272066667	638
1.28325	628
1.295233333	671
1.306166667	719
1.31805	656
1.33175	713
1.345883333	822
1.357783333	848
1.371583333	714
1.3859	828
1.399716667	859
1.412	829
1.424933333	737
1.437783333	776
1.449133333	771
1.461166667	681
1.47445	722
1.488316667	797
1.50025	832
1.513333333	716
1.527066667	785
1.54015	824
1.5518	785
1.564366667	699
1.576883333	754
1.5892	751
1.600316667	739
1.612516667	667
1.625466667	732
1.636983333	777
1.650166667	691
1.6643	791
1.677933333	848
1.690266667	818
1.70375	740
1.71685	809
1.728433333	786
1.740616667	695
1.75335	731
1.766416667	764
1.77805	784
1.79045	698
1.803116667	744
1.81615	760
1.827666667	782
1.839983333	691
1.853466667	739
1.86705	809
1.87955	815
1.890916667	750
1.902766667	682
1.9154	711
1.92675	758
1.938866667	681
1.951766667	727
1.965	774
1.976516667	794
1.989	691
2.0019	749
2.01485	774
2.026416667	777
2.039016667	694
2.052666667	756
2.066183333	819
2.077916667	811
2.090133333	704
2.102783333	733
2.116066667	759
2.1277	797
2.1406	698
2.154216667	774
2.16805	817
2.179783333	830
2.192483333	704
2.205383333	762
2.216816667	774
2.228833333	686
2.241716667	721
2.254983333	773
2.26675	796
2.279216667	706
2.292283333	748
2.305866667	784
2.319283333	815
2.331	805
2.342366667	703
2.3539	682
2.36585	692
2.377016667	717
2.3885	670
2.400533333	689
2.4132	722
2.424566667	760
2.436633333	682
2.44785	724
2.458883333	673
2.4706	662
2.483683333	703
2.49565	785
2.508483333	718
2.522	770
2.53515	811
2.547533333	789
2.5607	743
2.57395	790
2.585666667	795
2.597933333	703
2.610466667	736
2.623233333	752
2.634783333	766
2.6469	693
2.6592	727
2.671616667	738
2.682733333	745
2.69455	667
2.7073	709
2.718616667	765
2.730716667	679
2.7431	726
2.755866667	743
2.767916667	766
2.779083333	723
2.790683333	670
2.802633333	696
2.815183333	717
2.826466667	753
2.838283333	677
2.850583333	709
2.863283333	738
2.874783333	762
2.887116667	690
2.89995	740
2.912233333	770
2.9247	737
2.935966667	748
2.947816667	676
2.95995	711
2.972233333	728
2.983266667	737
2.99495	662
3.00685	701
3.019666667	714
3.031383333	769
3.044483333	703
3.05805	786
3.071733333	814
3.083383333	821
3.09555	699
3.107583333	730
3.1186	722
3.129783333	661
3.14105	671
3.1517	676
3.163316667	639
3.17575	697
3.18695	746
3.199233333	672
3.211733333	737
3.224533333	750
3.237316667	768
3.249816667	767
3.261516667	750
3.272983333	702
3.284066667	688
3.294166667	665
3.304266667	606
3.3143	606
3.32485	602
3.336266667	633
3.348666667	685
3.361416667	744
3.372233333	765
3.3835	649
3.394766667	676
3.406983333	676
3.41995	733
3.433316667	778
3.4468	802
3.459766667	809
3.4721	778
3.484	740
3.4946	714
3.505516667	636
3.516116667	655
3.52695	636
3.538983333	650
3.551766667	722
3.564416667	767
3.57705	759
3.588183333	758
3.5996	668
3.6106	685
3.62145	660
3.632466667	651
3.642883333	661
3.653416667	625
3.663866667	632
3.674466667	627
3.6854	636
3.6957	656
3.706533333	618
3.717833333	650
3.729616667	678
3.740733333	707
3.7513	667
3.761816667	634
3.77225	631
3.782716667	626
3.7935	628
3.803883333	647
3.815133333	623
3.828233333	675
3.84365	786
3.856333333	925
3.8703	761
3.884883333	838
3.897166667	875
3.909816667	737
3.922366667	759
3.933983333	753
3.945633333	697
3.9575	699
3.969833333	712
3.981416667	740
3.993516667	695
4.006933333	726
4.021216667	805
4.0331	857
4.04615	713
4.059866667	783
4.074183333	823
4.086383333	859
4.099416667	732
4.112416667	782
4.124133333	780
4.135983333	703
4.148383333	711
4.161433333	744
4.174083333	783
4.185283333	759
4.197416667	672
4.209366667	728
4.22165	717
4.23265	737
4.244233333	660
4.256266667	695
4.269766667	722
4.28365	810
4.295633333	833
4.30845	719
4.321266667	769
4.332766667	769
4.3447	690
4.3571	716
4.369916667	744
4.381233333	769
4.393783333	679
4.406983333	753
4.420716667	792
4.4327	824
4.445683333	719
4.4597	779
4.473566667	841
4.486983333	832
4.49865	805
4.511033333	700
4.523533333	743
4.5361	750
4.547583333	754
4.55985	689
4.571766667	736
4.583633333	715
4.594533333	712
4.6059	654
4.61775	682
4.629283333	711
4.640516667	692
4.6528	674
4.6654	737
4.677316667	756
4.68905	715
4.701516667	704
4.714416667	748
4.726083333	774
4.738566667	700
4.751383333	749
4.763366667	769
4.775366667	719
4.787533333	720
4.80015	730
4.812666667	757
4.824016667	751
4.836033333	681
4.848216667	721
4.860633333	731
4.871933333	745
4.883316667	678
4.895133333	683
4.907033333	709
4.91835	714
4.930066667	679
4.9424	703
4.953683333	740
4.965833333	677
4.97865	729
4.9924	769
5.0055	825
5.0171	786
5.02905	696
5.040816667	717
5.05285	706
5.0652	722
5.077366667	741
5.089233333	730
5.10085	712
5.111416667	697
5.12195	634
5.13255	632
5.143616667	636
5.155633333	664
5.166533333	721
5.179166667	654
5.19295	758
5.206716667	827
5.218366667	826
5.229766667	699
5.241183333	684
5.253216667	685
5.26405	722
5.27505	650
5.286833333	660
5.2998	707
5.311183333	778
5.323433333	683
5.336283333	735
5.3503	771
5.362133333	841
5.374366667	710
5.3871	734
5.4007	764
5.412333333	816
5.4248	698
5.438016667	748
5.451966667	793
5.46365	837
5.476116667	701
5.488916667	748
5.502033333	768
5.5138	787
5.52615	706
5.537516667	741
5.549033333	682
5.5606	691
5.572366667	694
5.584333333	706
5.595966667	718
5.6069	698
5.6178	656
5.628366667	654
5.639066667	634
5.649733333	642
5.66055	640
5.671583333	649
5.682716667	662
5.693283333	668
5.70375	634
5.714216667	628
5.724916667	628
5.7362	642
5.7478	677
5.759483333	696
5.770433333	701
5.780783333	657
5.791083333	621
5.80155	618
5.812533333	628
5.824483333	659
5.837266667	717
5.850133333	767
5.861266667	772
5.8724	668
5.883216667	668
5.894166667	649
5.905233333	657
5.916433333	664
5.926883333	672
5.937366667	627
5.947833333	629
5.958666667	628
5.9703	650
5.983516667	698
5.9967	793
6.007566667	791
6.018916667	652
6.03005	681
6.041716667	668
6.0537	700
6.065783333	719
6.077933333	725
6.089916667	729
6.100783333	719
6.111616667	652
6.1327	650
6.1436	0
6.154583333	654
6.165633333	659
6.1766	663
6.186666667	658
6.196883333	604
6.207266667	613
6.217966667	623
6.229133333	642
6.239616667	670
6.25085	629
6.262933333	674
6.2762	725
6.287566667	796
6.299333333	682
6.312083333	706
6.325966667	765
6.339016667	833
6.350233333	783
6.362	673
6.373333333	706
6.384183333	680
6.3953	651
6.406633333	667
6.41835	680
6.430216667	703
6.44205	712
6.452683333	710
6.46355	638
6.474283333	652
6.48515	644
6.496283333	652
6.507466667	668
6.517766667	671
6.528433333	618
6.53905	640
6.549883333	637
6.561166667	650
6.572416667	677
6.583333333	675
6.593533333	655
6.603833333	612
6.614216667	618
6.624683333	623
6.635666667	628
6.64655	659
6.657533333	653
6.668633333	659
6.68025	666
6.692716667	697
6.705366667	748
6.716616667	759
6.727733333	675
6.73865	667
6.748683333	655
6.759333333	602
6.770266667	639
6.78205	656
6.795083333	707
6.80825	782
6.820833333	790
6.8321	755
6.84365	676
6.855133333	693
6.86575	689
6.876466667	637
6.8872	643
6.898666667	644
6.9097	688
6.921566667	662
6.933766667	712
6.945866667	732
6.957883333	726
6.9696	721
6.980833333	703
6.991566667	674
7.001983333	644
7.012216667	625
7.021966667	614
7.031433333	585
7.040866667	568
7.05055	566
7.061083333	581
7.073	632
7.085633333	715
7.0978	758
7.111733333	730
7.125083333	836
7.1381	801
7.150133333	781
7.162233333	722
7.173933333	726
7.185383333	702
7.19635	687
7.207383333	658
7.218233333	662
7.228583333	651
7.238766667	621
7.249183333	611
7.25965	625
7.269516667	628
7.279616667	592
7.29035	606
7.301883333	644
7.312216667	692
7.322483333	620
7.333233333	616
7.34445	645
7.35585	673
7.367216667	684
7.378383333	682
7.389283333	670
7.3995	654
7.4097	613
7.41995	612
7.43025	615
7.439883333	618
7.44985	578
7.459766667	598
7.469733333	595
7.479716667	598
7.4899	599
7.499883333	611
7.5094	599
7.519233333	571
7.529183333	590
7.53895	597
7.549033333	586
7.55865	605
7.56825	577
7.57815	576
7.588116667	594
7.598233333	598
7.608466667	607
7.6188	614
7.629033333	620
7.638966667	614
7.6487	596
7.658533333	584
7.668283333	590
7.677733333	585
7.6873	567
7.697033333	574
7.706883333	584
7.717016667	591
7.727333333	608
7.737783333	619
7.747866667	627
7.757683333	605
7.76755	589
7.777566667	592
7.787916667	601
7.798483333	621
7.809166667	634
7.819233333	641
7.82935	604
7.838316667	607
7.839516667	538
7.84865	72
7.85955	548
7.869733333	654
7.8795	611
7.8889	586
7.898233333	564
7.9079	560
7.917633333	580
7.927233333	584
7.9366	576
7.945983333	562
7.955466667	563
7.965166667	569
7.974766667	582
7.984083333	576
7.993766667	559
8.0041	581
8.01435	620
8.024233333	615
8.0349	593
8.046166667	640
8.0575	676
8.067883333	680
8.078383333	623
8.08915	630
8.100216667	646
8.110616667	664
8.12095	624
8.13145	620
8.142333333	630
8.152566667	653
8.162533333	614
8.172866667	598
8.183433333	620
8.193533333	634
8.203366667	606
8.21375	590
8.2246	623
8.2348	651
8.2451	612
8.2561	618
8.267566667	660
8.27805	688
8.288633333	629
8.299166667	635
8.309783333	632
8.319833333	637
8.330016667	603
8.3404	611
8.351033333	623
8.361783333	638
8.371833333	645
8.382066667	603
8.39265	614
8.403283333	635
8.413233333	638
8.423	597
8.433283333	586
8.4439	617
8.454583333	637
8.4646	641
8.474816667	601
8.485166667	613
8.495916667	621
8.50635	645
8.516216667	626
8.5263	592
8.536866667	605
8.547883333	634
8.558566667	661
8.568583333	641
8.578216667	601
8.587933333	578
8.597933333	583
8.607966667	600
8.618083333	602
8.62795	607
8.637666667	592
8.64755	583
8.657766667	593
8.6684	613
8.67855	638
8.688766667	609
8.6995	613
8.71055	644
8.721216667	663
8.731266667	640
8.741533333	603
8.75195	616
8.762466667	625
8.772316667	631
8.782083333	591
8.792183333	586
8.802516667	606
8.812233333	620
8.822116667	583
8.832433333	593
8.843066667	619
8.853983333	638
8.864216667	655
8.874416667	614
8.885066667	612
8.8961	639
8.9062	662
8.916716667	606
8.927883333	631
8.939016667	670
8.949316667	668
8.959733333	618
8.970333333	625
8.981283333	636
8.9917	657
9.0016	625
9.011866667	594
9.02245	616
9.033366667	635
9.043533333	655
9.053566667	610
9.063816667	602
9.074316667	615
9.084366667	630
9.094066667	603
9.103966667	582
9.114	594
9.123483333	602
9.1331	569
9.142866667	577
9.152583333	586
9.161983333	583
9.171516667	564
9.181166667	572
9.19085	579
9.200133333	581
9.20945	557
9.218916667	559
9.228316667	568
9.23745	564
9.246583333	548
9.255816667	548
9.26495	554
9.27385	548
9.282716667	534
9.2916	532
9.300383333	533
9.30895	527
9.317616667	514
9.326316667	520
9.334883333	522
9.343366667	514
9.351933333	509
9.360616667	514
9.3692	521
9.37775	515
9.38635	513
9.39505	516
9.403766667	522
9.4123	523
9.420816667	512
9.429416667	511
9.43815	516
9.446666667	524
9.455133333	511
9.463716667	508
9.47225	515
9.48065	512
9.489083333	504
9.497333333	506
9.505516667	495
9.513716667	491
9.5219	492
9.52995	491
9.537866667	483
9.5459	475
9.553983333	482
9.561966667	485
9.56985	479
9.577766667	473
9.585716667	475
9.593683333	477
9.60155	478
9.60945	472
9.617433333	474
9.625483333	479
9.633466667	483
9.641433333	479
9.649583333	478
9.657766667	489
9.665866667	491
9.673933333	486
9.682116667	484
9.690316667	491
9.69855	492
9.706616667	494
9.714766667	484
9.723	489
9.7312	494
9.739283333	492
9.747383333	485
9.75555	486
9.763666667	490
9.771633333	487
9.779766667	478
9.787883333	488
9.796016667	487
9.804066667	488
9.81215	483
9.820283333	485
9.828516667	488
9.836566667	494
9.844633333	483
9.852783333	484
9.861016667	489
9.868983333	494
9.876966667	478
9.885016667	479
9.893066667	483
9.901033333	483
9.908966667	478
9.916933333	476
9.9263	478
9.93285	562
9.95665	0
9.96025	0
9.964483333	0
9.97235	0
9.9803	472
9.988166667	477
9.995933333	472
10.00376667	466
10.0117	470
10.0432	476
10.05113333	0
10.08266667	476
10.08615	0
10.10591667	0
10.12131667	0
10.13561667	0
10.14296667	0
10.14401667	441
10.15163333	0
10.15928333	457
10.1669	459
10.17445	457
10.18188333	453
10.18943333	446
10.20463333	453
10.21218333	0
10.21448333	453
10.21971667	0
10.22738333	0
10.23495	460
10.24255	454
10.2502	456
10.25785	459
10.26546667	459
10.27298333	457
10.2806	451
10.2882	457
10.29576667	456
10.3033	454
10.3108	452
10.31843333	450
10.326	458
10.33348333	454
10.34088333	449
10.34833333	444
10.35581667	447
10.36326667	449
10.37066667	447
10.37815	444
10.38556667	449
10.393	445
10.4004	446
10.40783333	444
10.41531667	446
10.42268333	449
10.43006667	442
10.43753333	443
10.44491667	448
10.4523	443
10.4596	443
10.467	438
10.47436667	444
10.4817	442
10.48903333	440
10.49636667	440
10.50371667	440
10.51103333	441
10.5183	439
10.52555	436
10.53285	435
10.54023333	438
10.54751667	443
10.55475	437
10.56208333	434
10.56941667	440
10.57673333	440
10.58395	439
10.5912	433
10.5985	435
10.60581667	438
10.613	439
10.6203	431
10.6276	438
10.63491667	438
10.64213333	439
10.64935	433
10.6566	433
10.66388333	435
10.67106667	437
10.67826667	431
10.6855	432
10.69273333	434
10.69996667	434
10.70725	434
10.71451667	437
10.72168333	436
10.72891667	430
10.73623333	434
10.74361667	439
10.75091667	443
10.75818333	438
10.76541667	436
10.7727	434
10.78005	437
10.78725	441
10.7944	432
10.80166667	429
10.8089	436
10.81606667	434
10.82321667	430
10.83033333	429
10.83756667	427
10.84481667	434
10.852	435
10.86636667	431
10.87356667	0
10.88081667	432
10.88795	435
10.89513333	428
10.90243333	431
10.90966667	438
10.91683333	434
10.92403333	430
10.9313	432
10.93851667	436
10.94575	433
10.95293333	434
10.96018333	431
10.96741667	435
10.97468333	434
10.98181667	436
10.98908333	428
10.99631667	436
11.00358333	434
11.01073333	436
11.0179	429
11.02506667	430
11.03221667	430
11.03928333	429
11.04645	424
11.05358333	430
11.06071667	428
11.06781667	428
11.07495	426
11.08215	428
11.08931667	432
11.09645	430
11.10351667	428
11.11068333	424
11.11785	430
11.12498333	430
11.13208333	428
11.13925	426
11.14651667	430
11.15371667	436
11.16083333	432
11.16796667	427
11.17515	428
11.18233333	431
11.18946667	431
11.19653333	428
11.20368333	424
11.21085	429
11.21803333	430
11.22515	431
11.23223333	427
11.23943333	425
11.24655	432
11.25371667	427
11.2607	430
11.2679	419
11.27503333	432
11.28208333	428
11.28908333	423
11.29611667	420
11.30313333	422
11.31011667	421
11.317	419
11.3239	413
11.33093333	414
11.33786667	422
11.34483333	416
11.35168333	418
11.35866667	411
11.36566667	419
11.37263333	420
11.37956667	418
11.38645	416
11.3933	413
11.4001	411
11.40693333	408
11.41373333	410
11.42051667	408
11.42718333	407
11.43398333	400
11.44076667	408
11.44755	407
11.45433333	407
11.46105	407
11.46775	403
11.47456667	402
11.4813	409
11.488	404
11.49465	402
11.50141667	399
11.50811667	406
11.51481667	402
11.5215	402
11.52815	401
11.53491667	399
11.54161667	406
11.54838333	402
11.55505	406
11.56178333	400
11.5685	404
11.57536667	403
11.58213333	412
11.58891667	406
11.59573333	407
11.60258333	409
11.60943333	411
11.6163	411
11.62323333	412
11.63008333	416
11.637	411
11.64393333	415
11.65085	416
11.65783333	415
11.6649	419
11.67195	424
11.67901667	423
11.68606667	424
11.69316667	423
11.70026667	426
11.70725	426
11.71426667	419
11.72131667	421
11.72838333	423
11.7355	424
11.74261667	427
11.74963333	427
11.7567	421
11.76385	424
11.77093333	429
11.77815	425
11.78526667	433
11.79245	427
11.7997	431
11.80701667	435
11.8143	439
11.82155	437
11.82893333	435
11.8363	443
11.84376667	442
11.85118333	448
11.85855	445
11.866	442
11.87345	447
11.88083333	447
11.8881	443
11.89545	436
11.90278333	441
11.91006667	440
11.9173	437
11.92455	434
11.93186667	435
11.93911667	439
11.9463	435
11.9536	431
11.96085	438
11.9681	435
11.97525	435
11.98243333	429
11.98965	431
11.9969	433
12.00408333	435
12.01131667	431
12.01858333	434
12.02581667	436
12.03303333	434
12.0401	433
12.04725	424
12.05445	429
12.06165	432
12.06883333	432
12.07598333	431
12.08325	429
12.09045	436
12.09756667	432
12.1047	427
12.11188333	428
12.11901667	431
12.1262	428
12.13326667	431
12.14041667	424
12.14768333	429
12.1549	436
12.16215	433
12.16933333	435
12.17655	431
12.18376667	433
12.191	433
12.1982	434
12.20543333	432
12.2127	434
12.21996667	436
12.2271	436
12.23421667	428
12.24136667	427
12.24853333	429
12.25566667	430
12.26276667	428
12.26993333	426
12.27708333	430
12.28416667	429
12.29118333	425
12.29831667	421
12.30538333	428
12.31241667	424
12.31941667	422
12.32645	420
12.33361667	422
12.3407	430
12.3477	425
12.35466667	420
12.36173333	418
12.36878333	424
12.37585	423
12.38286667	424
12.38995	421
12.3971	425
12.40423333	429
12.41128333	428
12.4184	423
12.4256	427
12.43273333	432
12.43981667	428
12.44695	425
12.4541	428
12.46126667	429
12.46838333	430
12.4755	427
12.48266667	427
12.48985	430
12.49703333	431
12.50418333	431
12.51138333	429
12.51856667	432
12.52561667	431
12.53265	423
12.53976667	422
12.54691667	427
12.55396667	429
12.56103333	423
12.57523333	424
12.58223333	0
12.58921667	420
12.59636667	419
12.60351667	429
12.61055	429
12.61756667	422
12.6247	421
12.63176667	428
12.63883333	424
12.64586667	424
12.65293333	422
12.66015	424
12.66733333	433
12.67446667	431
12.68155	428
12.68876667	425
12.69598333	433
12.7032	433
12.71035	433
12.71756667	429
12.7248	433
12.73198333	434
12.73901667	431
12.74616667	422
12.75333333	429
12.76045	430
12.76751667	427
12.77455	424
12.78166667	422
12.78883333	427
12.79596667	430
12.803	428
12.81003333	422
12.81721667	422
12.82435	431
12.83141667	428
12.83848333	424
12.84561667	424
12.85275	428
12.85981667	428
12.8668	424
12.87381667	419
12.88095	421
12.88805	428
12.8952	426
12.90228333	429
12.90951667	425
12.9168	434
12.92401667	437
12.9312	433
12.93845	431
12.94576667	435
12.95315	439
12.9605	443
12.96783333	441
12.9753	440
12.98281667	448
12.9904	451
12.998	455
13.00553333	456
13.01311667	452
13.0207	455
13.02828333	455
13.03585	455
13.04335	454
13.05081667	450
13.0583	448
13.06581667	449
13.07333333	451
13.08075	451
13.08823333	445
13.09571667	449
13.10313333	449
13.11045	445
13.1179	439
13.12533333	447
13.13275	446
13.14013333	445
13.14758333	443
13.15506667	447
13.16251667	449
13.16993333	447
13.1774	445
13.18498333	448
13.19251667	455
13.20003333	452
13.20763333	451
13.21521667	456
13.22281667	455
13.23026667	456
13.23775	447
13.24521667	449
13.25268333	448
13.26016667	448
13.26758333	449
13.2749	445
13.28205	439
13.2892	429
13.29638333	429
13.30355	431
13.31068333	430
13.31766667	428
13.32471667	419
13.33186667	423
13.33901667	429
13.34231667	429
13.34608333	0
13.35306667	0
13.36015	419
13.36725	425
13.37431667	426
13.38126667	424
13.38836667	417
13.39556667	426
13.4023	432
13.40996667	404
13.41713333	460
13.42446667	430
13.43188333	440
13.43921667	445
13.44661667	440
13.4541	444
13.4616	449
13.4691	450
13.47656667	450
13.48406667	448
13.49166667	450
13.49926667	456
13.50678333	456
13.51426667	451
13.52185	449
13.52941667	455
13.5369	454
13.54433333	449
13.5519	446
13.5594	454
13.5669	450
13.57438333	450
13.58191667	449
13.58945	452
13.59698333	452
13.6044	452
13.61186667	445
13.6205	448
13.62681667	518
13.6342	379
13.63818333	443
13.6416	0
13.649	0
13.65638333	444
13.66376667	443
13.67843333	443
13.68576667	0
13.69316667	440
13.7004	444
13.70763333	434
13.71496667	434
13.72221667	440
13.72315	435
13.7294	0
13.7366	375
13.74386667	432
13.75115	436
13.75836667	437
13.76556667	433
13.77286667	432
13.78018333	438
13.7875	439
13.7948	439
13.80203333	438
13.80936667	434
13.8168	440
13.82418333	446
13.82846667	443
13.83145	0
13.83885	0
13.84623333	444
13.85361667	443
13.86093333	443
13.86821667	439
13.87555	437
13.88291667	440
13.89025	442
13.89745	440
13.90476667	432
13.9121	439
13.91943333	440
13.92665	440
13.93388333	433
13.94125	434
13.94855	442
13.95585	438
13.96308333	438
13.97041667	434
13.9777	440
13.98496667	437
13.99213333	436
13.99936667	430
14.0067	434
14.01398333	440
14.02116667	437
14.03566667	431
14.04298333	0
14.05018333	439
14.05735	432
14.06035	430
14.06471667	0
14.072	0
14.07923333	437
14.08643333	434
14.09368333	432
14.1009	435
14.10808333	433
14.11525	431
14.12243333	430
14.12968333	431
14.13686667	435
14.144	431
14.15113333	428
14.15836667	428
14.16556667	434
14.17266667	432
14.17975	426
14.18693333	425
14.1941	431
14.2012	430
14.20828333	426
14.21548333	425
14.22271667	432
14.22986667	434
14.23695	429
14.2441	425
14.25125	429
14.2584	429
14.26541667	429
14.27255	421
14.27975	428
14.28693333	432
14.29401667	431
14.3012	425
14.30843333	431
14.31566667	434
14.3228	434
14.33006667	428
14.33728333	436
14.34453333	433
14.35175	435
14.35901667	433
14.3663	436
14.37355	437
14.38073333	435
14.38803333	431
14.39533333	438
14.40253333	438
14.4097	432
14.41701667	430
14.42426667	439
14.43141667	435
14.4386	429
14.44586667	431
14.45313333	436
14.46031667	436
14.46751667	431
14.47476667	432
14.48201667	435
14.48918333	435
14.4964	430
14.5035	433
14.51056667	426
14.51756667	424
14.52466667	420
14.53173333	426
14.53878333	424
14.54568333	423
14.55266667	414
14.55968333	419
14.56675	421
14.57378333	424
14.58078333	422
14.58771667	420
14.59455	416
14.60143333	410
14.60833333	413
14.61525	414
14.62211667	415
14.62893333	412
14.63588333	409
14.64286667	417
14.64986667	419
14.65678333	420
14.66383333	415
14.6709	423
14.67798333	424
14.68515	425
14.69223333	430
14.69941667	425
14.70668333	431
14.71393333	436
14.72121667	435
14.72843333	437
14.7358	433
14.74316667	442
14.75058333	442
14.7579	445
14.76535	439
14.77281667	447
14.7803	448
14.78773333	449
14.7952	446
14.80276667	448
14.81028333	454
14.81785	451
14.82531667	454
14.8329	448
14.8405	455
14.84806667	456
14.85551667	454
14.8631	447
14.87066667	455
14.87816667	454
14.88555	450
14.89306667	443
14.90056667	451
14.90796667	450
14.91536667	444
14.92288333	444
14.93033333	451
14.93763333	447
14.945	438
14.9524	442
14.9598	444
14.96713333	444
14.97458333	440
14.98201667	447
14.9895	446
14.99695	449
15.00445	447
15.01191667	450
15.01943333	448
15.0269	451
15.03435	448
15.0419	447
15.04948333	453
15.05701667	455
15.0645	452
15.07205	449
15.07958333	453
15.08705	452
15.09445	448
15.10191667	444
15.10946667	448
15.11688333	453
15.12426667	445
15.13171667	443
15.13921667	447
15.14665	450
15.15406667	446
15.16148333	445
15.16898333	445
15.17628333	450
15.18361667	438
15.19101667	440
15.19841667	444
15.20565	444
15.21295	434
15.22031667	438
15.22773333	442
15.23501667	445
15.24231667	437
15.24971667	438
15.25715	444
15.26445	446
15.27178333	438
15.27923333	440
15.28665	447
15.29401667	445
15.30138333	442
15.3088	442
15.31618333	445
15.32346667	443
15.33083333	437
15.33825	442
15.3456	445
15.35286667	441
15.3602	436
15.36765	440
15.37501667	447
15.38235	442
15.38968333	440
15.39706667	440
15.40443333	443
15.41173333	442
15.41908333	438
15.4265	441
15.4338	445
15.4411	438
15.44846667	438
15.45586667	442
15.46316667	444
15.47046667	438
15.47781667	438
15.48521667	441
15.49243333	444
15.4997	433
15.50703333	436
15.51441667	440
15.52165	443
15.52895	434
15.5363	438
15.54368333	441
15.55096667	443
15.55828333	437
15.5657	439
15.57306667	445
15.58038333	442
15.58776667	439
15.59523333	443
15.60265	448
15.6099	445
15.61733333	435
15.62476667	446
15.63211667	446
15.63938333	441
15.64675	436
15.6542	442
15.66151667	447
15.66883333	439
15.67611667	439
15.68348333	437
15.69068333	442
15.69791667	432
15.70526667	434
15.71263333	441
15.72006667	442
15.72746667	446
15.73485	444
15.74231667	443
15.74976667	448
15.75723333	447
15.76456667	448
15.77201667	440
15.77948333	447
15.78678333	448
15.79411667	438
15.8015	440
15.80886667	443
15.81616667	442
15.8235	438
15.83088333	440
15.83825	443
15.84548333	442
15.85271667	434
15.85988333	434
15.86696667	430
15.87415	425
15.8813	431
15.88833333	429
15.89535	422
15.90236667	421
15.90953333	421
15.91663333	430
15.92376667	426
15.93085	428
15.93786667	425
15.94495	421
15.95208333	425
15.95921667	428
15.96628333	428
15.9735	424
15.98073333	433
15.98793333	434
15.99516667	432
16.00246667	434
16.00985	438
16.01711667	443
16.02446667	436
16.03185	441
16.03923333	443
16.04653333	443
16.05396667	438
16.06141667	446
16.0688	447
16.0762	443
16.08361667	444
16.09108333	445
16.0984	448
16.10585	439
16.11331667	447
16.12078333	448
16.12815	448
16.13558333	442
16.14306667	446
16.1505	449
16.15785	446
16.16525	441
16.1727	444
16.18003333	447
16.18738333	440
16.19483333	441
16.20221667	447
16.2095	443
16.21685	437
16.22421667	441
16.2315	442
16.23876667	437
16.24613333	436
16.25345	442
16.26065	439
16.26788333	432
16.27523333	434
16.28243333	441
16.28963333	432
16.29691667	432
16.30421667	437
16.31146667	438
16.31871667	435
16.32608333	435
16.33346667	442
16.34075	443
16.3481	437
16.35551667	441
16.36285	445
16.37011667	440
16.37756667	436
16.385	447
16.39228333	446
16.39966667	437
16.40708333	443
16.41445	445
16.42175	442
16.42913333	438
16.43656667	443
16.4439	446
16.45125	440
16.4587	441
16.4661	447
16.47343333	444
16.4808	440
16.48828333	442
16.49575	449
16.50313333	448
16.51056667	443
16.51806667	446
16.52555	450
16.53295	449
16.54041667	444
16.54791667	448
16.5553	450
16.56261667	443
16.57003333	439
16.57741667	445
16.58471667	443
16.592	438
16.59935	437
16.60668333	441
16.61393333	440
16.62118333	435
16.62853333	435
16.6358	441
16.64305	436
16.65035	435
16.65771667	438
16.66495	442
16.67221667	434
16.67955	436
16.68686667	440
16.6941	439
16.70136667	434
16.70871667	436
16.71603333	441
16.72328333	439
16.73055	435
16.73788333	436
16.7452	440
16.75243333	439
16.75976667	434
16.76713333	440
16.77435	442
16.7816	433
16.78895	435
16.7963	441
16.8035	441
16.81078333	432
16.81808333	437
16.82533333	438
16.83248333	435
16.83978333	429
16.84705	438
16.85425	436
16.86145	432
16.86875	432
16.87601667	438
16.88321667	436
16.89041667	432
16.89768333	432
16.90493333	436
16.91208333	435
16.91933333	429
16.92656667	435
16.93378333	434
16.94096667	433
16.9482	431
16.9554	434
16.9626	432
16.9697	432
16.97686667	426
16.9841	430
16.99121667	434
16.99828333	427
17.00548333	424
17.01263333	432
17.01965	429
17.02676667	421
17.03396667	427
17.04111667	432
17.04816667	429
17.05526667	423
17.06241667	426
17.06951667	429
17.07653333	426
17.0836	421
17.0907	424
17.09778333	426
17.10481667	425
17.1119	422
17.11901667	425
17.12601667	427
17.13296667	420
17.14005	417
17.14706667	425
17.15408333	421
17.1611	421
17.16805	421
17.1749	417
17.1819	411
17.18888333	420
17.19581667	419
17.20275	416
17.2097	416
17.21676667	417
17.22378333	424
17.23083333	421
17.23776667	423
17.24485	416
17.25201667	425
17.25916667	430
17.26625	429
17.27338333	425
17.28051667	428
17.2876	428
17.29468333	425
17.30178333	425
17.30898333	426
17.31606667	432
17.32313333	425
17.3303	424
17.33745	430
17.3445	429
17.3517	423
17.35888333	432
17.36608333	431
17.37321667	432
17.38041667	428
17.38765	432
17.39485	434
17.40201667	432
17.40921667	430
17.41641667	432
17.42368333	432
17.4308	436
17.43795	427
17.44513333	429
17.4523	431
17.4594	430
17.46651667	426
17.47366667	427
17.48081667	429
17.48785	429
17.4949	422
17.50203333	423
17.50918333	428
17.51623333	429
17.52325	423
17.53038333	421
17.53741667	428
17.54446667	422
17.55148333	423
17.55861667	421
17.5658	428
17.57298333	431
17.58008333	431
17.5873	426
17.59451667	433
17.60173333	433
17.60885	433
17.61605	427
17.62326667	432
17.63043333	433
17.63756667	430
17.64475	428
17.65195	431
17.65903333	432
17.66615	425
17.67333333	427
17.68048333	431
17.68758333	429
17.69463333	426
17.7018	423
17.70896667	430
17.7161	430
17.72318333	428
17.73036667	425
17.7376	431
17.74485	434
17.75201667	435
17.75926667	430
17.76658333	435
17.7739	439
17.78118333	439
17.78845	437
17.79573333	436
17.80306667	437
17.8103	440
17.81748333	434
17.82475	431
17.83206667	436
17.83935	439
17.84656667	437
17.85386667	433
17.86121667	438
17.86845	441
17.8757	434
17.88305	435
17.89038333	441
17.89761667	440
17.9049	434
17.91225	437
17.91956667	441
17.9268	439
17.934	434
17.94126667	432
17.9486	436
17.95583333	440
17.96303333	434
17.97031667	432
17.9776	437
17.98486667	437
17.99206667	436
17.99936667	432
18.0066	438
18.01383333	434
18.02101667	434
18.02823333	431
18.03545	433
18.04273333	433
18.0499	437
18.05708333	430
18.06435	431
18.0716	436
18.07873333	435
18.0859	428
18.09311667	430
18.10026667	433
18.10745	429
18.11468333	431
18.1219	434
18.12901667	433
18.13618333	427
18.14341667	430
18.15058333	434
18.15771667	430
18.16483333	428
18.17196667	427
18.1791	428
18.18616667	428
18.19316667	424
18.20026667	420
18.20738333	426
18.21446667	427
18.22145	425
18.22845	419
18.23561667	420
18.24276667	430
18.24986667	429
18.2569	426
18.26398333	422
18.27106667	425
18.27815	425
18.28513333	425
18.29221667	419
18.2993	425
18.30645	425
18.31356667	429
18.32076667	427
18.3281	432
18.33546667	440
18.34286667	442
18.35026667	444
18.35516667	444
18.36536667	0
18.37286667	0
18.3804	450
18.38801667	452
18.39563333	457
18.40316667	457
18.41071667	452
18.41828333	453
18.42581667	454
18.43323333	452
18.44075	445
18.44828333	451
18.45575	452
18.46311667	448
18.47051667	442
18.47795	444
18.48533333	446
18.49258333	443
18.49993333	435
18.50728333	441
18.51461667	441
18.52183333	440
18.52905	433
18.53635	433
18.54363333	438
18.55091667	437
18.55813333	437
18.56548333	433
18.5729	441
18.58043333	445
18.58791667	452
18.59543333	449
18.60298333	451
18.6107	453
18.61835	463
18.62595	459
18.63363333	456
18.6413	461
18.6489	460
18.65645	456
18.6641	453
18.6717	459
18.67916667	456
18.68668333	448
18.69416667	451
18.70168333	449
18.70908333	451
18.71645	444
18.72386667	442
18.73128333	445
18.73866667	445
18.74593333	443
18.75333333	436
18.76076667	444
18.76813333	446
18.77545	442
18.78286667	439
18.79026667	445
18.79756667	444
18.80485	438
18.81221667	437
18.8196	442
18.82688333	443
18.83415	437
18.84155	436
18.84888333	444
18.85611667	440
18.86345	434
18.87076667	440
18.87811667	439
18.88535	441
18.89261667	434
18.89998333	436
18.91465	442
18.92191667	0
18.92921667	436
18.93653333	438
18.94373333	439
18.95101667	432
18.95835	437
18.9656	440
18.97278333	435
18.98006667	431
18.98731667	437
18.9945	435
19.00165	431
19.00886667	429
19.01611667	433
19.02335	435
19.03048333	434
19.03766667	428
19.04491667	431
19.05213333	435
19.05945	433
19.06666667	439
19.07391667	433
19.08123333	435
19.08863333	439
19.09593333	444
19.10318333	438
19.11053333	435
19.1178	441
19.12508333	436
19.1323	437
19.13955	433
19.14683333	435
19.15403333	437
19.16116667	432
19.16843333	428
19.18285	436
19.19003333	0
19.19725	431
19.20446667	433
19.21163333	433
19.21878333	430
19.22586667	429
19.24028333	425
19.24733333	0
19.26173333	423
19.26898333	0
19.27611667	435
19.2833	428
19.29051667	431
19.29771667	433
19.30485	432
19.312	428
19.31923333	429
19.32641667	434
19.33346667	431
19.34068333	423
19.34786667	433
19.36925	431
19.37636667	0
19.38353333	427
19.39056667	430
19.39768333	422
19.40486667	427
19.412	431
19.419	428
19.42615	420
19.43328333	429
19.44033333	428
19.44736667	423
19.45443333	422
19.46153333	424
19.46863333	426
19.4757	426
19.48261667	424
19.48965	415
19.49663333	422
19.51036667	419
19.51725	0
19.532	413
19.53806667	0
19.54488333	364
19.55175	409
19.55868333	412
19.56561667	416
19.57255	416
19.57945	416
19.58626667	414
19.5931	409
19.60001667	410
19.6069	415
19.61373333	413
19.62065	410
19.62756667	415
19.63453333	415
19.64145	418
19.64836667	415
19.65541667	415
19.6624	423
19.66935	419
19.67638333	417
19.69048333	422
19.69741667	0
19.70445	416
19.7115	422
19.71845	423
19.72536667	417
19.73231667	415
19.73925	417
19.74611667	416
19.75293333	412
19.75983333	409
19.7668	414
19.77361667	418
19.78048333	409
19.78738333	412
19.7943	414
19.8011	415
19.80788333	408
19.81485	407
19.82168333	418
19.82853333	410
19.83535	411
19.84225	409
19.84908333	414
19.85583333	410
19.86265	405
19.8695	409
19.87626667	411
19.883	406
19.88985	404
19.89668333	411
19.90343333	410
19.91015	405
19.91698333	403
19.9238	410
19.93056667	409
19.93733333	406
19.94418333	406
19.951	411
19.95776667	409
19.96458333	406
19.97146667	409
19.97831667	413
19.98513333	411
19.99196667	409
19.99883333	410
20.00565	412
20.0125	409
20.01926667	411
20.02621667	406
20.0331	417
20.04006667	413
20.047	418
20.054	416
20.0611	420
20.07528333	426
20.11091667	0
20.11803333	0
20.12508333	427
20.13218333	423
20.13931667	426
20.14646667	428
20.1536	429
20.16078333	428
20.16785	431
20.17496667	424
20.18203333	427
20.18913333	424
20.1962	426
20.20323333	424
20.21033333	422
20.2174	426
20.22451667	424
20.23165	427
20.2388	428
20.246	429
20.2532	432
20.26045	432
20.26776667	435
20.27516667	439
20.28253333	444
20.28991667	442
20.2974	443
20.305	449
20.32005	456
20.32763333	0
20.33526667	455
20.3429	458
20.35061667	458
20.35846667	463
20.36621667	471
20.37398333	465
20.38181667	466
20.38968333	470
20.39753333	472
20.40523333	471
20.41295	462
20.42073333	463
20.42858333	467
20.43628333	471
20.44401667	462
20.45178333	464
20.45965	466
20.46748333	472
20.47521667	470
20.48298333	464
20.49086667	466
20.4989	473
20.50681667	482
20.51475	475
20.5228	476
20.5309	483
20.53898333	486
20.54696667	485
20.555	479
20.5631	482
20.57131667	486
20.57938333	493
20.58743333	484
20.59545	483
20.60361667	481
20.61181667	490
20.61991667	492
20.62803333	486
20.63631667	487
20.64461667	497
20.65268333	498
20.66076667	484
20.66885	485
20.67691667	485
20.68491667	484
20.69295	480
20.70095	482
20.70881667	480
20.71678333	472
20.72478333	478
20.73273333	480
20.74063333	477
20.74861667	474
20.75675	479
20.76503333	488
20.77315	497
20.78135	487
20.78975	492
20.79835	504
20.80671667	516
20.81515	502
20.82375	506
20.8324	516
20.8411	519
20.85858333	522
20.86695	0
20.8753	502
20.88366667	501
20.89198333	502
20.90036667	499
20.90871667	503
20.91706667	501
20.92541667	501
20.9338	501
20.94238333	503
20.95101667	515
20.95948333	518
20.96768333	508
20.97598333	492
20.98433333	498
20.9928	501
21.00115	508
21.00948333	501
21.018	500
21.02665	511
21.0351	519
21.04361667	507
21.05235	511
21.06111667	524
21.06973333	526
21.0784	517
21.08716667	520
21.096	526
21.10475	530
21.11336667	525
21.12208333	517
21.131	523
21.14001667	535
21.14875	541
21.1575	524
21.16636667	525
21.17521667	532
21.18406667	531
21.1926	531
21.20121667	512
21.20983333	517
21.21855	517
21.22703333	523
21.23566667	509
21.2444	518
21.2532	524
21.26193333	528
21.27053333	524
21.27893333	516
21.28736667	504
21.2958	506
21.30421667	506
21.31253333	505
21.32096667	499
21.32958333	506
21.33828333	517
21.34686667	522
21.35556667	515
21.36445	522
21.37345	533
21.38223333	540
21.39115	527
21.40033333	535
21.40955	551
21.41851667	553
21.42755	538
21.4368	542
21.44616667	555
21.45526667	562
21.46458333	546
21.47398333	559
21.48346667	564
21.4926	569
21.50181667	548
21.51103333	553
21.52025	553
21.52953333	553
21.53891667	557
21.54846667	563
21.5582	573
21.56796667	584
21.5777	586
21.58683333	584
21.59608333	548
21.6052	555
21.6142	547
21.62326667	540
21.63233333	544
21.64136667	544
21.65011667	542
21.6589	525
21.66778333	527
21.6767	533
21.68566667	535
21.69465	538
21.7035	539
21.71225	531
21.72103333	525
21.7299	527
21.73883333	532
21.74753333	536
21.75628333	522
21.76516667	525
21.77416667	533
21.78298333	540
21.79175	529
21.8006	526
21.80961667	531
21.81846667	541
21.82733333	531
21.83631667	532
21.84553333	539
21.85465	553
21.86358333	547
21.87268333	536
21.882	546
21.89105	559
21.90031667	543
21.90973333	556
21.91881667	565
21.92786667	545
21.93703333	543
21.94623333	550
21.95516667	552
21.96398333	536
21.97283333	529
21.98163333	531
21.99026667	528
21.99878333	518
22.00726667	511
22.01575	509
22.02428333	509
22.03286667	512
22.04138333	515
22.04995	511
22.05878333	514
22.06786667	530
22.07705	545
22.08605	551
22.09515	540
22.10421667	546
22.11336667	544
22.1226	549
22.13196667	554
22.14171667	562
22.15153333	585
22.16088333	589
22.17053333	561
22.1802	579
22.18978333	580
22.1993	575
22.20838333	571
22.2176	545
22.22686667	553
22.236	556
22.24498333	548
22.25413333	539
22.26351667	549
22.27296667	563
22.2822	567
22.29165	554
22.30133333	567
22.31118333	581
22.32075	591
22.33055	574
22.34046667	588
22.35043333	595
22.36006667	598
22.36953333	578
22.37911667	568
22.38866667	575
22.39791667	573
22.40721667	555
22.41675	558
22.42603333	572
22.43546667	557
22.44511667	566
22.45496667	579
22.46446667	591
22.47423333	570
22.48433333	586
22.4946	606
22.50446667	616
22.51448333	592
22.5248	601
22.53511667	619
22.54495	619
22.55458333	590
22.56425	578
22.57386667	580
22.58346667	577
22.59271667	576
22.60203333	555
22.6115	559
22.62103333	568
22.6303	572
22.63961667	556
22.64903333	559
22.65855	565
22.66776667	571
22.67715	553
22.6867	563
22.69636667	573
22.7061	580
22.71545	584
22.72488333	561
22.73436667	566
22.74388333	569
22.75333333	571
22.76251667	567
22.77178333	551
22.78113333	556
22.79048333	561
22.7996	561
22.80883333	547
22.81813333	554
22.82751667	558
22.83666667	563
22.84588333	549
22.85513333	553
22.86448333	555
22.87375	561
22.88296667	556
22.89206667	553
22.90105	546
22.90981667	539
22.91865	526
22.9273	530
22.9359	519
22.94458333	516
22.95353333	521
22.96261667	537
22.97176667	545
22.98101667	549
22.99026667	555
22.99956667	555
23.0088	558
23.01798333	554
23.02681667	551
23.03565	530
23.04455	530
23.05345	534
23.06266667	534
23.07233333	553
23.08233333	580
23.09186667	600
23.10126667	572
23.11121667	564
23.12135	597
23.13198333	608
23.14305	638
23.15416667	664
23.16441667	667
23.17441667	615
23.18455	600
23.19458333	608
23.20418333	602
23.21366667	576
23.22321667	569
23.2327	573
23.24198333	569
23.2512	557
23.26048333	553
23.26988333	557
23.27933333	564
23.28865	567
23.29803333	559
23.30748333	563
23.31705	567
23.32635	574
23.33573333	558
23.3454	563
23.35508333	580
23.36455	581
23.37408333	568
23.38375	572
23.39351667	580
23.40301667	586
23.41258333	570
23.42218333	574
23.43181667	576
23.44121667	578
23.45051667	564
23.45995	558
23.4694	566
23.47893333	567
23.48851667	572
23.49803333	575
23.5073	571
23.51663333	556
23.52603333	560
23.53553333	564
23.54478333	570
23.55416667	555
23.56378333	563
23.57361667	577
23.58328333	590
23.59296667	580
23.60271667	581
23.61265	585
23.62238333	596
23.632	584
23.64181667	577
23.65161667	589
23.66145	588
23.6713	590
23.68121667	591
23.69108333	595
23.70086667	592
23.71061667	587
23.7201	585
23.72951667	569
23.73881667	565
23.74805	558
23.75706667	554
23.7661	541
23.77511667	542
23.7842	541
23.7934	545
23.80273333	552
23.8119	560
23.82091667	550
23.83013333	541
23.83948333	553
23.84881667	561
23.85798333	560
23.86725	550
23.8765	556
23.88575	555
23.89501667	555
23.90428333	556
23.91365	556
23.92325	562
23.93306667	576
23.943	589
23.95311667	596
23.96338333	607
23.97368333	616
23.9839	618
23.99381667	613
24.00326667	595
24.01276667	567
24.0222	570
24.03155	566
24.04065	561
24.04966667	546
24.0589	541
24.06813333	554
24.07751667	554
24.08705	563
24.0968	572
24.10628333	585
24.116	569
24.12578333	583
24.13551667	587
24.14538333	584
24.15485	592
24.1644	568
24.17415	573
24.18401667	585
24.19386667	592
24.20351667	591
24.21333333	579
24.22313333	589
24.2333	588
24.24375	610
24.25376667	627
24.26415	601
24.27463333	623
24.28513333	629
24.29556667	630
24.30583333	626
24.31591667	616
24.32545	605
24.33485	572
24.34421667	564
24.35355	562
24.36291667	560
24.37206667	562
24.38141667	549
24.39095	561
24.40105	572
24.41163333	606
24.42241667	635
24.43251667	647
24.44256667	606
24.45246667	603
24.46215	594
24.47173333	581
24.48116667	575
24.4905	566
24.49976667	560
24.50911667	556
24.51851667	561
24.52786667	564
24.53726667	561
24.54668333	564
24.55583333	565
24.56506667	549
24.57445	554
24.58393333	563
24.59316667	569
24.60253333	554
24.61215	562
24.62206667	577
24.63238333	595
24.64228333	619
24.65235	594
24.66278333	604
24.67341667	626
24.68438333	638
24.69465	658
24.7052	616
24.71588333	633
24.72678333	641
24.73771667	654
24.74796667	656
24.75843333	615
24.769	628
24.77976667	634
24.79041667	646
24.80046667	639
24.81071667	603
24.82113333	615
24.83178333	625
24.84195	639
24.85233333	610
24.86291667	623
24.87373333	635
24.88423333	649
24.89451667	630
24.90506667	617
24.91561667	633
24.92618333	633
24.93685	634
24.94688333	640
24.95706667	602
24.9674	611
24.97771667	620
24.988	619
24.99775	617
25.00745	585
25.01708333	582
25.02646667	578
25.03568333	563
25.04481667	553
25.05386667	548
25.0628	543
25.0716	536
25.0803	528
25.08891667	522
25.09758333	517
25.1067	520
25.11641667	547
25.12665	583
25.13705	614
25.14695	624
25.15651667	594
25.16631667	574
25.1762	588
25.18621667	593
25.1964	601
25.20661667	611
25.21693333	613
25.22703333	619
25.23661667	606
25.24601667	575
25.25558333	564
25.26515	574
25.27488333	574
25.28485	584
25.2944	598
25.30403333	573
25.31405	578
25.3244	601
25.3343	621
25.34473333	594
25.3553	626
25.36563333	634
25.3757	620
25.38568333	604
25.39528333	599
25.40475	576
25.41433333	568
25.42391667	575
25.43371667	575
25.44326667	588
25.45281667	573
25.46275	573
25.47281667	596
25.4827	604
25.49281667	593
25.50321667	607
25.51363333	624
25.52356667	625
25.5338	596
25.54416667	614
25.55455	622
25.56438333	623
25.57446667	590
25.58458333	605
25.59476667	607
25.60503333	611
25.61541667	616
25.6258	623
25.63611667	623
25.64581667	619
25.65575	582
25.66561667	596
25.67541667	592
25.68523333	588
25.69506667	589
25.70496667	590
25.7149	594
25.72491667	596
25.73483333	601
25.74416667	595
25.7537	560
25.76316667	572
25.77251667	568
25.782	561
25.79181667	569
25.80191667	589
25.81226667	606
25.82295	621
25.83386667	641
25.84445	655
25.85446667	635
25.86466667	601
25.87488333	612
25.88515	613
25.89555	616
25.90598333	624
25.91651667	626
25.9269	632
25.93718333	623
25.94726667	617
25.95691667	605
25.96663333	579
25.97623333	583
25.98578333	576
25.99536667	573
26.00491667	575
26.0144	573
26.0238	569
26.03306667	564
26.04203333	556
26.05106667	538
26.06011667	542
26.06933333	543
26.07865	553
26.08785	559
26.09715	552
26.10705	558
26.1177	594
26.1296	639
26.14093333	714
26.15223333	680
26.16391667	678
26.17586667	701
26.18773333	717
26.19873333	712
26.20905	660
26.21946667	619
26.22938333	625
26.23935	595
26.24916667	598
26.25881667	589
26.26835	579
26.27788333	572
26.2875	572
26.29681667	577
26.30611667	559
26.31543333	558
26.32468333	559
26.3341	555
26.34395	565
26.35386667	591
26.36431667	595
26.37511667	627
26.38616667	648
26.39675	663
26.40706667	635
26.41761667	619
26.42813333	633
26.43838333	631
26.44813333	615
26.45805	585
26.46801667	595
26.47833333	598
26.48875	619
26.49873333	625
26.50921667	599
26.5201	629
26.53148333	653
26.5431	683
26.5546	697
26.56523333	690
26.57623333	638
26.58718333	660
26.59828333	657
26.60856667	666
26.61916667	617
26.62963333	636
26.64021667	628
26.65081667	635
26.66121667	636
26.6712	624
26.68103333	599
26.69101667	590
26.70096667	599
26.711	597
26.72083333	602
26.73073333	590
26.74091667	594
26.75151667	611
26.76263333	636
26.77345	667
26.78366667	649
26.79426667	613
26.80495	636
26.81558333	641
26.82575	638
26.83563333	610
26.8456	593
26.85555	598
26.86535	597
26.8749	588
26.88445	573
26.89433333	573
26.90433333	593
26.91411667	600
26.92401667	587
26.93405	594
26.94418333	602
26.9543	608
26.96406667	607
26.974	586
26.98393333	596
26.9938	596
27.00358333	592
27.01308333	587
27.02253333	570
27.03198333	567
27.04138333	567
27.05061667	564
27.05975	554
27.0689	548
27.07795	549
27.08681667	543
27.09568333	532
27.10448333	532
27.11316667	528
27.12175	521
27.13025	515
27.13865	510
27.14695	504
27.15525	498
27.16346667	498
27.17163333	493
27.17981667	490
27.18811667	491
27.19653333	498
27.20488333	505
27.21336667	501
27.22205	509
27.23098333	521
27.24021667	536
27.24971667	554
27.2595	570
27.26955	587
27.27993333	603
27.29041667	623
27.30035	629
27.30995	596
27.31956667	576
27.32928333	577
27.33891667	583
27.34823333	578
27.35765	559
27.36728333	565
27.3772	578
27.38695	595
27.39663333	585
27.40661667	581
27.4169	599
27.4279	617
27.43895	660
27.44983333	663
27.46008333	653
27.47068333	615
27.4815	636
27.49221667	649
27.50306667	643
27.51321667	651
27.52338333	609
27.5337	610
27.54405	619
27.55416667	621
27.56405	607
27.57425	593
27.58476667	612
27.59556667	631
27.60638333	648
27.61661667	649
27.62705	614
27.63763333	626
27.64828333	635
27.65865	639
27.66873333	622
27.67896667	605
27.68933333	614
27.69993333	622
27.7102	636
27.7204	616
27.73086667	612
27.74156667	628
27.75241667	642
27.76281667	651
27.77303333	624
27.78348333	613
27.79398333	627
27.80451667	630
27.81483333	632
27.8249	619
27.83515	604
27.84533333	615
27.85551667	611
27.86563333	611
27.87533333	607
27.885	582
27.89481667	580
27.90471667	589
27.91466667	594
27.92428333	597
27.93395	577
27.94373333	580
27.95356667	587
27.96346667	590
27.97308333	594
27.98291667	577
27.99296667	590
28.00325	603
28.0133	617
28.02345	603
28.0338	609
28.04418333	621
28.0546	623
28.06475	625
28.07498333	609
28.08513333	614
28.09528333	609
28.10505	609
28.11481667	586
28.12461667	586
28.13423333	588
28.14378333	577
28.15338333	573
28.16288333	576
28.17231667	570
28.1818	566
28.19135	569
28.20086667	573
28.21033333	571
28.21953333	568
28.22876667	552
28.23795	554
28.24706667	551
28.25625	547
28.26526667	551
28.27431667	541
28.28348333	543
28.29283333	550
28.30243333	561
28.31236667	576
28.32205	596
28.33176667	581
28.34175	583
28.3519	599
28.36223333	609
28.37225	620
28.38213333	601
28.39205	593
28.40196667	595
28.41183333	595
28.42168333	592
28.43145	591
28.4412	586
28.45083333	585
28.46013333	578
28.46941667	558
28.47873333	557
28.48796667	559
28.49735	554
28.50661667	563
28.51613333	556
28.5259	571
28.53598333	586
28.54598333	605
28.55583333	600
28.56603333	591
28.57656667	612
28.58738333	632
28.59763333	649
28.60808333	615
28.61878333	627
28.6296	642
28.64046667	649
28.6511	652
28.66123333	638
28.67155	608
28.68193333	619
28.69231667	623
28.70245	623
28.71268333	608
28.72295	614
28.7333	616
28.74365	621
28.75361667	621
28.76376667	598
28.77396667	609
28.78421667	612
28.79403333	615
28.804	589
28.81393333	598
28.82376667	596
28.83335	590
28.8427	575
28.85211667	561
28.86156667	565
28.87108333	567
28.88045	571
28.88971667	562
28.89901667	556
28.90846667	558
28.91786667	567
28.92743333	564
28.93721667	574
28.94728333	587
28.95751667	604
28.96746667	614
28.97735	597
28.98735	593
28.99735	600
29.00736667	600
29.01701667	601
29.02675	579
29.03663333	584
29.04663333	593
29.0565	600
29.06626667	592
29.07628333	586
29.08646667	601
29.09645	611
29.10635	599
29.11641667	594
29.1266	604
29.13676667	611
29.14656667	610
29.15658333	588
29.16671667	601
29.17696667	608
29.18695	615
29.19688333	599
29.20696667	596
29.21713333	605
29.22738333	610
29.23728333	615
29.2471	594
29.25711667	589
29.26715	601
29.27706667	602
29.28671667	595
29.2964	579
29.30626667	581
29.31626667	592
29.3262	600
29.33591667	596
29.3458	583
29.35581667	593
29.3659	601
29.37571667	605
29.38553333	589
29.39546667	589
29.40543333	596
29.41506667	598
29.42468333	578
29.43445	577
29.4445	586
29.45471667	603
29.46471667	613
29.47476667	600
29.48491667	603
29.49505	609
29.50508333	608
29.51506667	602
29.52488333	599
29.5343	589
29.54373333	565
29.55313333	566
29.56248333	564
29.57163333	561
29.58093333	549
29.59028333	558
29.59955	561
29.60898333	556
29.61851667	566
29.6284	572
29.63875	593
29.64896667	621
29.6592	613
29.6696	614
29.6798	624
29.68966667	612
29.69966667	592
29.70965	600
29.71963333	599
29.72973333	599
29.73955	606
29.74941667	589
29.75945	592
29.76961667	602
29.77983333	610
29.78946667	613
29.79933333	578
29.8093	592
29.81943333	598
29.82956667	608
29.83931667	608
29.84915	585
29.85906667	590
29.8691	595
29.8792	602
29.88911667	606
29.89893333	595
29.90885	589
29.91893333	595
29.92906667	605
29.93896667	608
29.94886667	594
29.9589	594
29.96905	602
29.97923333	609
29.9891	611
29.99895	592
30.00888333	591
30.01893333	596
30.02898333	603
30.03903333	603
30.04873333	603
30.05836667	582
30.06808333	578
30.07756667	583
30.08716667	569
30.09683333	576
30.10661667	580
30.1164	587
30.12593333	587
30.1354	572
30.14466667	568
30.15395	556
30.16311667	557
30.17213333	550
30.18106667	541
30.18996667	536
30.19906667	534
30.20876667	546
30.21913333	582
30.22908333	622
30.23905	597
30.2494	598
30.25986667	621
30.27035	628
30.28076667	629
30.29063333	625
30.30043333	592
30.31005	588
30.3195	577
30.32898333	567
30.33853333	569
30.3482	573
30.3578	580
30.36725	576
30.37686667	567
30.38686667	577
30.39731667	600
30.4077	627
30.41868333	623
30.43031667	659
30.4423	698
30.45358333	719
30.46426667	677
30.47513333	641
30.48586667	652
30.49635	644
30.507	629
30.51753333	639
30.52781667	632
30.53825	617
30.54888333	626
30.55948333	638
30.56991667	636
30.57985	626
30.59016667	596
30.60046667	619
30.61088333	618
30.62095	625
30.63146667	604
30.64201667	631
30.65215	633
30.66246667	608
30.67308333	619
30.68385	637
30.69423333	646
30.70466667	623
30.7152	626
30.72583333	632
30.73585	638
30.74601667	601
30.75615	610
30.76625	608
30.77596667	606
30.78593333	583
30.79591667	598
30.80603333	599
30.81585	607
30.82605	589
30.83645	612
30.84695	624
30.85691667	630
30.86686667	598
30.87665	597
30.88626667	587
30.89571667	577
30.90513333	567
30.91436667	565
30.9237	554
30.93318333	560
30.9429	569
30.95291667	583
30.9632	601
30.97348333	617
30.98393333	617
30.99456667	627
31.00533333	638
31.01623333	646
31.0264	654
31.03673333	610
31.04696667	620
31.05716667	614
31.06695	612
31.0768	587
31.08666667	591
31.09625	592
31.10583333	575
31.11533333	575
31.125	570
31.13526667	580
31.14618333	616
31.15693333	655
31.16753333	645
31.17826667	636
31.1891	644
31.19981667	650
31.2104	643
31.22071667	635
31.23056667	619
31.24026667	591
31.24998333	582
31.25961667	583
31.2693	578
31.27878333	581
31.28861667	569
31.29873333	590
31.30925	607
31.3196	631
31.3307	621
31.34208333	666
31.3536	683
31.36473333	691
31.37513333	668
31.38591667	624
31.39668333	647
31.40743333	646
31.41796667	645
31.42845	632
31.43915	629
31.44998333	642
31.4602	650
31.47071667	613
31.48111667	631
31.49145	624
31.50138333	620
31.51131667	596
31.52136667	596
31.53163333	603
31.54181667	616
31.55205	611
31.56263333	614
31.57366667	635
31.58478333	662
31.59526667	667
31.6061	629
31.61681667	650
31.62746667	643
31.63753333	639
31.64793333	604
31.65833333	624
31.6689	624
31.6791	634
31.68933333	612
31.6997	614
31.71031667	622
31.72051667	637
31.73076667	612
31.74116667	615
31.75173333	624
31.76206667	634
31.77236667	620
31.7828	618
31.79323333	626
31.80365	626
31.8136	625
31.82365	597
31.83376667	603
31.84406667	607
31.85435	618
31.86423333	617
31.87443333	593
31.8847	612
31.89483333	616
31.90478333	608
31.91465	597
31.9245	592
31.93401667	591
31.94363333	571
31.95323333	577
31.96293333	576
31.97256667	582
31.98203333	578
31.99168333	568
