0.011483333	689
0.023616667	728
0.036333333	763
0.04905	763
0.061233333	731
0.073183333	717
0.084583333	684
0.095616667	662
0.106466667	651
0.117133333	640
0.127566667	626
0.137683333	607
0.147666667	599
0.1576	596
0.167766667	610
0.178033333	616
0.1887	640
0.1996	654
0.210816667	673
0.222883333	724
0.235716667	770
0.2491	803
0.262733333	818
0.27595	793
0.2886	759
0.300483333	713
0.311933333	687
0.323	664
0.333766667	646
0.344466667	642
0.355066667	636
0.36535	617
0.375766667	625
0.38615	623
0.396716667	634
0.407466667	645
0.418416667	657
0.4297	677
0.4409	672
0.45215	675
0.46335	672
0.47455	672
0.486116667	694
0.497633333	691
0.5091	688
0.52055	687
0.531766667	673
0.542783333	661
0.553966667	671
0.565616667	699
0.57845	770
0.590933333	749
0.6024	688
0.613716667	679
0.62495	674
0.6365	693
0.648583333	725
0.660566667	719
0.672416667	711
0.684066667	699
0.695316667	675
0.7063	659
0.7168	630
0.727316667	631
0.737883333	634
0.748766667	653
0.760266667	690
0.771816667	693
0.782966667	669
0.7936	638
0.80405	627
0.814466667	625
0.82505	635
0.835816667	646
0.84675	656
0.857483333	644
0.8682	643
0.878833333	638
0.88955	643
0.900166667	637
0.9108	638
0.92125	627
0.931716667	628
0.942166667	627
0.952733333	634
0.963383333	639
0.974233333	651
0.985183333	657
0.996333333	669
1.007366667	662
1.018133333	646
1.028533333	624
1.038733333	612
1.048933333	612
1.059233333	618
1.069833333	636
1.081016667	671
1.09225	674
1.103416667	670
1.114433333	661
1.1251	640
1.135466667	622
1.1457	614
1.15645	645
1.167216667	646
1.178666667	687
1.191033333	742
1.203733333	762
1.216116667	743
1.2284	737
1.24075	741
1.252633333	713
1.264333333	702
1.2759	694
1.28715	675
1.2984	675
1.30955	669
1.321016667	688
1.33245	686
1.34395	690
1.355666667	703
1.367183333	691
1.379016667	710
1.391966667	777
1.405483333	811
1.418033333	753
1.43055	751
1.443016667	748
1.455183333	730
1.467083333	714
1.478566667	689
1.489983333	685
1.501366667	683
1.512533333	670
1.523233333	642
1.5339	640
1.5445	636
1.5556	666
1.567833333	734
1.5806	766
1.593866667	796
1.6077	830
1.621616667	835
1.635416667	828
1.648816667	804
1.661683333	772
1.6742	751
1.687833333	818
1.702166667	860
1.716666667	870
1.730716667	843
1.74445	824
1.756466667	721
1.7685	722
1.780466667	718
1.792616667	729
1.804283333	700
1.8154	667
1.827016667	697
1.839016667	720
1.851716667	762
1.86385	728
1.8767	771
1.88935	759
1.902183333	770
1.914	709
1.926216667	733
1.93825	722
1.9503	723
1.962066667	706
1.97325	671
1.98455	678
1.996083333	692
2.007816667	704
2.019	671
2.030266667	676
2.041383333	667
2.0526	673
2.063783333	671
2.074933333	669
2.086433333	690
2.098466667	722
2.11105	755
2.123816667	766
2.135933333	727
2.14775	709
2.159216667	688
2.17015	656
2.18105	654
2.1918	645
2.202666667	652
2.213666667	660
2.2247	662
2.23635	699
2.248483333	728
2.261416667	776
2.274566667	789
2.287166667	756
2.29965	749
2.3122	753
2.32475	753
2.337233333	749
2.348866667	698
2.3608	716
2.3727	714
2.384833333	728
2.396833333	720
2.4082	682
2.42	708
2.432016667	721
2.444266667	735
2.456233333	718
2.46795	703
2.480116667	730
2.49245	740
2.504833333	743
2.516266667	686
2.527616667	681
2.5391	689
2.550816667	703
2.5624	695
2.573483333	665
2.584883333	684
2.596366667	689
2.608316667	717
2.620166667	711
2.631466667	678
2.642766667	678
2.6538	662
2.664783333	659
2.675716667	656
2.686716667	660
2.6979	671
2.709266667	682
2.720483333	673
2.731466667	659
2.742116667	639
2.7525	623
2.762716667	613
2.772783333	604
2.782883333	606
2.7932	619
2.803333333	608
2.813766667	626
2.8245	644
2.835483333	659
2.84655	664
2.857016667	628
2.8679	653
2.879	666
2.890466667	688
2.901983333	691
2.913116667	668
2.924683333	694
2.93645	706
2.947933333	689
2.959216667	677
2.970333333	667
2.982033333	702
2.994133333	726
3.006233333	726
3.019033333	768
3.03085	709
3.042316667	688
3.054233333	715
3.065583333	681
3.077716667	728
3.090316667	756
3.10315	770
3.115616667	748
3.1276	719
3.138916667	679
3.149516667	636
3.159816667	618
3.1704	635
3.181083333	641
3.192366667	677
3.205316667	777
3.219133333	829
3.231383333	735
3.243133333	705
3.255333333	732
3.2677	742
3.2804	762
3.293083333	761
3.305566667	749
3.3179	740
3.329816667	715
3.341133333	679
3.35195	649
3.362583333	638
3.37315	634
3.3834	615
3.39365	615
3.403866667	613
3.4142	620
3.424933333	644
3.436216667	677
3.4472	659
3.458416667	673
3.469633333	673
3.480833333	672
3.491916667	665
3.50295	662
3.514383333	686
3.526533333	729
3.539216667	761
3.552466667	795
3.565733333	796
3.578033333	738
3.588983333	657
3.600033333	663
3.610916667	653
3.621566667	639
3.6322	638
3.64305	651
3.654416667	682
3.666316667	714
3.67875	746
3.691383333	758
3.703366667	719
3.715366667	720
3.727066667	702
3.73855	689
3.749533333	659
3.760216667	641
3.771033333	649
3.782133333	666
3.793966667	710
3.806033333	724
3.818	718
3.82955	693
3.84135	708
3.853733333	743
3.866516667	767
3.879266667	765
3.892216667	777
3.904933333	763
3.917516667	755
3.9299	743
3.942	726
3.953783333	707
3.965433333	699
3.976766667	680
3.98775	659
3.999033333	677
4.0103	676
4.021683333	683
4.0328	667
4.04395	669
4.05545	690
4.067166667	703
4.079616667	747
4.092133333	751
4.104433333	738
4.116033333	696
4.127683333	699
4.139083333	684
4.150416667	680
4.16135	656
4.171766667	625
4.182216667	627
4.19235	608
4.2026	615
4.213016667	625
4.223433333	625
4.2342	646
4.2455	678
4.257066667	694
4.2684	680
4.279233333	650
4.28985	637
4.30015	618
4.31055	624
4.32135	648
4.3323	657
4.343216667	655
4.354083333	652
4.364733333	639
4.375083333	621
4.38525	610
4.39515	594
4.405016667	592
4.4148	587
4.424633333	590
4.43455	595
4.444583333	602
4.454783333	612
4.465066667	617
4.4755	626
4.485716667	613
4.495916667	612
4.506016667	606
4.515933333	595
4.52605	607
4.536066667	601
4.546083333	601
4.556266667	611
4.56655	617
4.576816667	616
4.587516667	642
4.598166667	639
4.608833333	640
4.61925	625
4.6295	615
4.639883333	623
4.650283333	624
4.660883333	636
4.672	667
4.6827	642
4.693133333	626
4.7038	640
4.714133333	620
4.724733333	636
4.735433333	642
4.74635	655
4.757783333	686
4.7695	703
4.781666667	730
4.7939	734
4.80625	741
4.818183333	716
4.830366667	731
4.842666667	738
4.855533333	772
4.868283333	765
4.880816667	752
4.893783333	778
4.906816667	782
4.919866667	783
4.932783333	775
4.944733333	717
4.9564	700
4.967716667	679
4.978766667	663
4.9897	656
5.000733333	662
5.012	676
5.023683333	701
5.03575	724
5.04815	744
5.06075	756
5.073283333	752
5.0858	751
5.097683333	713
5.109783333	726
5.121583333	708
5.133266667	701
5.145233333	718
5.157466667	734
5.169833333	742
5.182383333	753
5.194666667	737
5.20675	725
5.218333333	695
5.229616667	677
5.24095	680
5.252433333	689
5.264	694
5.27575	705
5.287333333	695
5.2987	682
5.3106	714
5.322466667	712
5.334483333	721
5.34725	766
5.359983333	764
5.37245	748
5.3848	741
5.39675	717
5.408333333	695
5.419633333	678
5.43085	673
5.442033333	671
5.4531	664
5.464033333	656
5.4745	628
5.485	630
5.495466667	628
5.505883333	625
5.516383333	630
5.526766667	623
5.537416667	639
5.5481	641
5.559133333	662
5.570133333	660
5.580966667	650
5.591733333	646
5.602983333	675
5.614766667	707
5.627	734
5.638783333	707
5.649866667	665
5.661016667	669
5.672	659
5.682733333	644
5.69325	631
5.703883333	638
5.714466667	635
5.725116667	639
5.735716667	636
5.746316667	636
5.7568	629
5.767733333	656
5.779066667	680
5.790883333	709
5.802983333	726
5.815883333	774
5.82865	766
5.841033333	743
5.853533333	750
5.865233333	702
5.8768	694
5.887933333	668
5.899	664
5.91015	669
5.921633333	689
5.9333	700
5.945383333	725
5.956766667	683
5.9688	722
5.980766667	718
5.993283333	751
6.005633333	741
6.01795	739
6.030133333	731
6.042033333	714
6.053833333	708
6.0647	652
6.075416667	643
6.086216667	648
6.097183333	658
6.108166667	659
6.119266667	666
6.1308	692
6.142833333	722
6.1552	742
6.1684	792
6.181883333	809
6.195383333	810
6.208516667	788
6.221166667	759
6.233083333	715
6.244633333	693
6.2559	676
6.267183333	677
6.278316667	668
6.289583333	676
6.3011	691
6.312466667	682
6.323583333	667
6.334983333	684
6.34615	670
6.357383333	674
6.368683333	678
6.38	679
6.39125	675
6.402366667	667
6.41335	659
6.42495	696
6.437183333	734
6.449	709
6.459883333	653
6.47075	652
6.481416667	640
6.491733333	619
6.502133333	624
6.512616667	629
6.523216667	636
6.533366667	609
6.543566667	612
6.553866667	618
6.564516667	639
6.575816667	678
6.587233333	685
6.598966667	704
6.61095	719
6.622666667	703
6.634883333	733
6.64715	736
6.659183333	722
6.67055	682
6.68165	666
6.692716667	664
6.703883333	670
6.715166667	677
6.726533333	682
6.738516667	719
6.75065	728
6.76255	714
6.773833333	677
6.785533333	702
6.7972	700
6.808883333	701
6.820783333	714
6.8324	697
6.843766667	682
6.85555	707
6.866783333	674
6.87835	694
6.88955	672
6.900816667	676
6.912166667	681
6.92385	701
6.935116667	676
6.945816667	642
6.95635	632
6.966983333	638
6.977516667	632
6.987666667	609
6.9977	602
7.007983333	617
7.018866667	653
7.030066667	672
7.041366667	678
7.052233333	652
7.062733333	630
7.073133333	624
7.08325	607
7.093333333	605
7.103466667	608
7.113583333	607
7.123633333	603
7.13415	631
7.144866667	643
7.155583333	643
7.16635	646
7.177383333	662
7.18835	658
7.1997	681
7.211116667	685
7.22235	674
7.23335	660
7.244016667	640
7.254966667	657
7.266	662
7.27665	639
7.2873	639
7.297916667	637
7.308383333	628
7.318966667	635
7.329366667	624
7.339466667	606
7.349516667	603
7.359666667	609
7.369666667	600
7.3803	638
7.391016667	643
7.401416667	624
7.4117	617
7.422033333	620
7.432116667	605
7.4423	611
7.452516667	613
7.46255	602
7.47265	606
7.4828	609
7.4932	624
7.503633333	626
7.51395	619
7.524483333	632
7.534833333	621
7.544983333	609
7.554883333	594
7.56485	598
7.5748	597
7.584733333	596
7.594983333	615
7.60535	622
7.615666667	619
7.626433333	646
7.637283333	651
7.648133333	651
7.65875	637
7.6693	633
7.679616667	619
7.689766667	609
7.699733333	598
7.710016667	617
7.720616667	636
7.731416667	648
7.742383333	658
7.75305	640
7.76365	636
7.774366667	643
7.784566667	612
7.7944	590
7.804166667	586
7.81395	587
7.82355	576
7.833166667	577
7.842883333	583
7.852783333	594
7.862816667	602
7.87255	584
7.882333333	587
7.892	580
7.90175	585
7.911716667	598
7.921816667	606
7.931616667	588
7.941566667	597
7.9517	608
7.961783333	605
7.971983333	612
7.9821	607
7.99205	597
8.002183333	608
8.012333333	609
8.022416667	605
8.032466667	603
8.04275	617
8.053116667	622
8.0641	659
8.075233333	668
8.08575	631
8.096533333	647
8.10735	649
8.1182	651
8.1289	642
8.139416667	631
8.150083333	640
8.161116667	662
8.17225	668
8.18315	654
8.193516667	622
8.203883333	622
8.214133333	615
8.224333333	612
8.2345	610
8.244416667	595
8.254566667	609
8.265133333	634
8.2759	646
8.286616667	643
8.297183333	634
8.307816667	638
8.31875	656
8.329733333	659
8.3402	628
8.350616667	625
8.361116667	630
8.37135	614
8.381283333	596
8.3912	595
8.400966667	586
8.4107	584
8.420566667	592
8.4303	584
8.440133333	590
8.449866667	584
8.45975	593
8.46975	600
8.479966667	613
8.489883333	595
8.4999	601
8.5101	612
8.52035	615
8.53065	618
8.540716667	604
8.550866667	609
8.561083333	613
8.571616667	632
8.5824	647
8.592916667	631
8.603783333	652
8.614916667	668
8.62595	662
8.6368	651
8.647283333	629
8.658116667	650
8.668666667	633
8.67965	659
8.690316667	640
8.700933333	637
8.7118	652
8.723	672
8.734	660
8.744716667	643
8.755	617
8.76505	603
8.775166667	607
8.785283333	607
8.796116667	650
8.807733333	697
8.819716667	719
8.831783333	724
8.843	673
8.853933333	656
8.864466667	632
8.874816667	621
8.885	611
8.895166667	610
8.9051	596
8.915183333	605
8.925366667	611
8.9357	620
8.9458	606
8.956066667	616
8.96705	659
8.978566667	691
8.990233333	700
9.0013	664
9.012433333	668
9.023966667	692
9.035033333	664
9.04545	625
9.055816667	622
9.0659	605
9.076016667	607
9.085783333	586
9.0958	601
9.105616667	589
9.1154	587
9.12505	579
9.1346	573
9.144033333	566
9.153416667	563
9.162616667	552
9.171716667	546
9.180883333	550
9.189983333	546
9.198933333	537
9.207716667	527
9.216516667	528
9.22525	524
9.233966667	523
9.24275	527
9.2515	525
9.2601	516
9.26865	513
9.277183333	512
9.28575	514
9.294216667	508
9.302566667	501
9.310883333	499
9.319166667	497
9.32755	503
9.335833333	497
9.344233333	504
9.352583333	501
9.360866667	497
9.36925	503
9.3776	501
9.385833333	494
9.3942	502
9.402633333	506
9.411066667	506
9.41945	503
9.427933333	509
9.43635	505
9.444783333	506
9.453116667	500
9.461633333	511
9.470066667	506
9.47855	509
9.486933333	503
9.49535	505
9.503766667	505
9.512166667	504
9.520466667	498
9.528866667	504
9.537283333	505
9.545633333	501
9.553916667	497
9.56215	494
9.5704	495
9.57875	501
9.587016667	496
9.59525	494
9.603466667	493
9.61175	497
9.619966667	493
9.6282	494
9.6363	486
9.644566667	496
9.652716667	489
9.660866667	489
9.668933333	484
9.67705	487
9.6851	483
9.693133333	482
9.701183333	483
9.709183333	480
9.717033333	471
9.7249	472
9.732783333	473
9.740666667	473
9.748483333	469
9.756266667	467
9.764016667	465
9.771733333	463
9.779483333	465
9.78715	460
9.794833333	461
9.802483333	459
9.810166667	461
9.817833333	460
9.82545	457
9.8331	459
9.840666667	454
9.848316667	459
9.855933333	457
9.86355	457
9.871033333	449
9.878566667	452
9.886133333	454
9.8937	454
9.901233333	452
9.9087	448
9.916183333	449
9.923716667	452
9.93125	452
9.938766667	451
9.946233333	448
9.95375	451
9.961266667	451
9.968816667	453
9.976316667	450
9.983766667	447
9.991266667	450
9.998733333	448
10.00621667	449
10.0136	443
10.02095	441
10.02835	444
10.03566667	439
10.04301667	441
10.05035	440
10.05761667	436
10.06488333	436
10.07215	436
10.07941667	436
10.08668333	436
10.09391667	434
10.10111667	432
10.10826667	429
10.11546667	432
10.12268333	433
10.1299	433
10.13706667	430
10.14418333	427
10.15126667	425
10.15841667	429
10.16553333	427
10.17265	427
10.17973333	425
10.18681667	425
10.19386667	423
10.20093333	424
10.20801667	425
10.21515	428
10.2222	423
10.22928333	425
10.23631667	422
10.24338333	424
10.25043333	423
10.25748333	423
10.26448333	420
10.27148333	420
10.27848333	420
10.28553333	423
10.29246667	416
10.29948333	421
10.30651667	422
10.3136	425
10.32063333	422
10.3277	424
10.33473333	422
10.34175	421
10.34878333	422
10.35575	418
10.36271667	418
10.36965	416
10.37653333	413
10.38348333	417
10.39041667	416
10.39726667	411
10.40416667	414
10.41103333	412
10.41786667	410
10.4248	416
10.43171667	415
10.43861667	414
10.44551667	414
10.45241667	414
10.45933333	415
10.46621667	413
10.47311667	414
10.47998333	412
10.48686667	413
10.49385	419
10.50078333	416
10.50778333	420
10.51466667	413
10.52161667	417
10.52856667	417
10.53551667	417
10.54246667	417
10.5494	416
10.55636667	418
10.5633	416
10.57028333	419
10.57718333	414
10.5841	415
10.59105	417
10.59791667	412
10.60483333	415
10.61175	415
10.61863333	413
10.62558333	417
10.63255	418
10.63943333	413
10.64638333	417
10.65331667	416
10.66023333	415
10.6672	418
10.6742	420
10.6812	420
10.68811667	415
10.69503333	415
10.70203333	420
10.709	418
10.71588333	413
10.72288333	420
10.72985	418
10.7368	417
10.74381667	421
10.75075	416
10.75778333	422
10.7647	415
10.77173333	422
10.77881667	425
10.78586667	423
10.79286667	420
10.79986667	420
10.80685	419
10.81386667	421
10.82091667	423
10.8279	419
10.8349	420
10.84188333	419
10.84891667	422
10.8559	419
10.8629	420
10.86988333	419
10.87688333	420
10.88388333	420
10.8909	421
10.89795	423
10.90501667	424
10.91205	422
10.91906667	421
10.92608333	421
10.93306667	419
10.94008333	421
10.94706667	419
10.95406667	420
10.96101667	417
10.96793333	415
10.97488333	417
10.98181667	416
10.98871667	414
10.99561667	414
11.00251667	414
11.00943333	415
11.01628333	411
11.02316667	413
11.02995	407
11.03678333	410
11.04363333	411
11.05056667	416
11.05745	413
11.06435	414
11.07123333	413
11.07816667	416
11.08501667	411
11.09195	416
11.09891667	418
11.10585	416
11.11281667	418
11.1198	419
11.12675	417
11.13373333	419
11.14068333	417
11.14768333	420
11.15455	412
11.16153333	419
11.16845	415
11.17541667	418
11.18233333	415
11.1892	412
11.19601667	409
11.2029	413
11.20968333	407
11.2165	409
11.2233	408
11.23003333	404
11.23678333	405
11.24355	406
11.2503	405
11.25708333	407
11.26378333	402
11.27053333	405
11.2773	406
11.28396667	400
11.29065	401
11.2974	405
11.30408333	401
11.31075	400
11.31743333	401
11.32413333	402
11.33078333	399
11.33745	400
11.34408333	398
11.35076667	401
11.35738333	397
11.36401667	398
11.37066667	399
11.37731667	399
11.38395	398
11.39063333	401
11.39725	397
11.40393333	401
11.41055	397
11.41723333	401
11.42388333	399
11.43063333	405
11.43731667	401
11.44406667	405
11.45075	401
11.45751667	406
11.4642	401
11.47091667	403
11.4776	401
11.48431667	403
11.49101667	402
11.49771667	402
11.50438333	400
11.51111667	404
11.51785	404
11.52453333	401
11.53118333	399
11.53781667	398
11.54448333	400
11.55116667	401
11.55781667	399
11.56453333	403
11.57116667	398
11.57788333	403
11.58458333	402
11.5913	403
11.59801667	403
11.6048	407
11.61146667	400
11.61818333	403
11.6249	403
11.6316	402
11.6383	402
11.64503333	404
11.65178333	405
11.6585	403
11.66526667	406
11.672	404
11.67878333	407
11.68548333	402
11.69221667	404
11.69891667	402
11.70563333	403
11.7123	400
11.71896667	400
11.72563333	400
11.73223333	396
11.73881667	395
11.74543333	397
11.75201667	395
11.7586	395
11.7652	396
11.77178333	395
11.77835	394
11.7849	393
11.79146667	394
11.798	392
11.80455	393
11.8111	393
11.81756667	388
11.82415	395
11.83063333	389
11.83718333	393
11.8437	391
11.85025	393
11.85676667	391
11.86326667	390
11.86978333	391
11.87626667	389
11.88275	389
11.88916667	385
11.89563333	388
11.90208333	387
11.90856667	389
11.9151	392
11.9215	384
11.92795	387
11.93445	390
11.9409	387
11.94738333	389
11.95378333	384
11.96021667	386
11.96666667	387
11.9731	386
11.97951667	385
11.98593333	385
11.99245	391
11.99885	384
12.00531667	388
12.01176667	387
12.01821667	387
12.02465	386
12.03108333	386
12.03756667	389
12.04403333	388
12.05053333	390
12.0571	394
12.06361667	391
12.07013333	391
12.07665	391
12.08316667	391
12.0897	392
12.09618333	389
12.10263333	387
12.10913333	390
12.11566667	392
12.12865	0
12.13506667	385
12.14153333	388
12.148	388
12.15443333	386
12.16091667	389
12.16736667	387
12.17378333	385
12.18026667	389
12.18673333	388
12.19318333	387
12.19958333	384
12.20606667	389
12.21251667	387
12.21901667	390
12.2254	383
12.23185	387
12.23835	390
12.24476667	385
12.25126667	390
12.25775	389
12.26425	390
12.27071667	388
12.27725	392
12.28375	390
12.29026667	391
12.29681667	393
12.30333333	391
12.30991667	395
12.31648333	394
12.32308333	396
12.32965	394
12.33626667	397
12.34283333	394
12.34945	397
12.3561	399
12.36273333	398
12.36936667	398
12.37598333	397
12.38261667	398
12.38918333	394
12.39575	394
12.40231667	394
12.40891667	396
12.41545	392
12.42196667	391
12.42855	395
12.43515	396
12.44176667	397
12.44835	395
12.45493333	395
12.4615	394
12.46815	399
12.47471667	394
12.48131667	396
12.48783333	391
12.4944	394
12.50095	393
12.50741667	388
12.51395	392
12.52043333	389
12.52688333	387
12.53351667	398
12.54	389
12.54646667	388
12.55296667	390
12.55948333	391
12.56591667	386
12.57243333	391
12.5789	388
12.58538333	389
12.59188333	390
12.59836667	389
12.60485	389
12.61131667	388
12.61778333	388
12.62431667	392
12.63075	386
12.63723333	389
12.64375	391
12.65018333	386
12.6566	385
12.66308333	389
12.66955	388
12.67598333	386
12.68243333	387
12.6889	388
12.6953	384
12.70175	387
12.7081	381
12.71456667	388
12.72098333	385
12.72736667	383
12.73378333	385
12.7402	385
12.74655	381
12.75298333	386
12.75935	382
12.7657	381
12.77208333	383
12.77848333	384
12.78485	382
12.79118333	380
12.79755	382
12.80386667	379
12.81026667	384
12.81665	383
12.82305	384
12.82948333	386
12.83588333	384
12.84236667	389
12.84875	383
12.85523333	389
12.86163333	384
12.86808333	387
12.87448333	384
12.88091667	386
12.88728333	382
12.89371667	386
12.90015	386
12.90656667	385
12.91296667	384
12.91933333	382
12.92571667	383
12.93208333	382
12.93845	382
12.94485	384
12.9513	387
12.9577	384
12.9641	384
12.9706	390
12.97701667	385
12.98348333	388
12.98995	388
12.99643333	389
13.00288333	387
13.00936667	389
13.01585	389
13.02235	390
13.02883333	389
13.03533333	390
13.0418	388
13.0483	390
13.05486667	394
13.06138333	391
13.06795	394
13.07451667	394
13.08105	392
13.08761667	394
13.09416667	393
13.10068333	391
13.10725	394
13.11378333	392
13.12026667	389
13.1268	392
13.13321667	385
13.1397	389
13.1462	390
13.15263333	386
13.15908333	387
13.16556667	389
13.172	386
13.17846667	388
13.18491667	387
13.19136667	387
13.19778333	385
13.20425	388
13.21065	384
13.21711667	388
13.2235	383
13.22991667	385
13.23636667	387
13.2428	386
13.24918333	383
13.25566667	389
13.26206667	384
13.26858333	391
13.27501667	386
13.28155	392
13.28801667	388
13.29451667	390
13.30108333	394
13.30758333	390
13.31403333	387
13.32051667	389
13.327	389
13.33351667	391
13.33995	386
13.34646667	391
13.35296667	390
13.35948333	391
13.366	391
13.3725	390
13.37901667	391
13.38556667	393
13.39205	389
13.39861667	394
13.40518333	394
13.41173333	393
13.42468333	0
13.43126667	395
13.43786667	396
13.44441667	393
13.45105	398
13.45768333	398
13.4643	397
13.47093333	398
13.47755	397
13.48416667	397
13.49076667	396
13.4974	398
13.50401667	397
13.51061667	396
13.51718333	394
13.52376667	395
13.5304	398
13.53696667	394
13.5436	398
13.55023333	398
13.55683333	396
13.56345	397
13.57005	396
13.57663333	395
13.5832	394
13.58976667	394
13.59636667	396
13.60298333	397
13.60958333	396
13.61615	394
13.62275	396
13.62935	396
13.63598333	398
13.6426	397
13.6492	396
13.65583333	398
13.66241667	395
13.66903333	397
13.67566667	398
13.6823	398
13.68885	393
13.69541667	394
13.70203333	397
13.70866667	398
13.71523333	394
13.72193333	402
13.72856667	398
13.7352	398
13.74186667	400
13.74856667	402
13.75521667	399
13.76186667	399
13.7685	398
13.78183333	0
13.78851667	401
13.79513333	397
13.80176667	398
13.80843333	400
13.81505	397
13.82166667	397
13.82836667	402
13.83498333	397
13.84161667	398
13.84826667	399
13.85485	395
13.86145	396
13.8681	399
13.8747	396
13.88131667	397
13.88786667	393
13.89445	395
13.90101667	394
13.90758333	394
13.91413333	393
13.92071667	395
13.92733333	397
13.9339	394
13.94046667	394
13.94701667	393
13.95355	392
13.9601	393
13.96663333	392
13.97316667	392
13.97965	389
13.98613333	389
13.99265	391
13.99916667	391
14.0057	392
14.01218333	389
14.01866667	389
14.0252	392
14.03175	393
14.03828333	392
14.04481667	392
14.05131667	390
14.05786667	393
14.0644	392
14.071	396
14.07756667	394
14.08413333	394
14.0907	394
14.09728333	395
14.10386667	395
14.11045	395
14.11703333	395
14.1236	394
14.1302	396
14.13676667	394
14.14333333	394
14.14988333	393
14.15643333	393
14.16296667	392
14.16955	395
14.17608333	392
14.18265	394
14.18918333	392
14.19571667	392
14.20231667	396
14.20886667	393
14.21546667	396
14.22205	395
14.22861667	394
14.2352	395
14.24178333	395
14.24836667	395
14.2549	392
14.2615	396
14.26801667	391
14.2745	389
14.2811	396
14.28766667	394
14.2942	392
14.30073333	392
14.30731667	395
14.3139	395
14.3205	396
14.32708333	395
14.33376667	401
14.34036667	396
14.34706667	402
14.35375	401
14.36045	402
14.3672	405
14.3739	402
14.38056667	400
14.38726667	402
14.39383333	394
14.40055	403
14.4072	399
14.41385	399
14.42043333	395
14.427	394
14.43361667	397
14.4402	395
14.4468	396
14.45333333	392
14.45988333	393
14.46645	394
14.47305	396
14.4796	393
14.48615	393
14.49275	396
14.4993	393
14.50586667	394
14.51246667	396
14.5191	398
14.52573333	398
14.53235	397
14.53893333	395
14.54553333	396
14.55215	397
14.55878333	398
14.56535	394
14.57195	396
14.57855	396
14.58511667	394
14.59165	392
14.5982	393
14.60468333	389
14.61121667	392
14.61771667	390
14.62423333	391
14.63071667	389
14.63723333	391
14.64371667	389
14.6502	389
14.65668333	389
14.6632	391
14.66965	387
14.67613333	389
14.68258333	387
14.68905	388
14.69551667	388
14.70196667	387
14.70845	389
14.71498333	392
14.72148333	390
14.72798333	390
14.73446667	389
14.74106667	396
14.7476	392
14.75416667	394
14.76068333	391
14.76728333	396
14.77385	394
14.78043333	395
14.78701667	395
14.79356667	393
14.80008333	391
14.80661667	392
14.8132	395
14.8198	396
14.82628333	389
14.83288333	396
14.83936667	389
14.84591667	393
14.8524	389
14.85888333	389
14.86538333	390
14.87185	388
14.87833333	389
14.88481667	389
14.89126667	387
14.89773333	388
14.9041	382
14.91053333	386
14.91696667	386
14.9234	386
14.92978333	383
14.93626667	389
14.9427	386
14.94915	387
14.95561667	388
14.96205	386
14.96851667	388
14.97498333	388
14.98141667	386
14.98788333	388
14.9943	385
15.00078333	389
15.00723333	387
15.0137	388
15.02016667	388
15.02663333	388
15.03308333	387
15.0396	391
15.04598333	383
15.05246667	389
15.05895	389
15.06538333	386
15.0718	385
15.07828333	389
15.08471667	386
15.0912	389
15.09765	387
15.10411667	388
15.11053333	385
15.117	388
15.12341667	385
15.12985	386
15.13625	384
15.14265	384
15.14898333	380
15.15538333	384
15.16176667	383
15.16815	383
15.17455	384
15.18096667	385
15.1873	380
15.19375	387
15.20015	384
15.20651667	382
15.21295	386
15.21931667	382
15.22568333	382
15.23215	388
15.23848333	380
15.2449	385
15.25125	381
15.25765	384
15.26406667	385
15.27041667	381
15.27673333	379
15.28316667	386
15.28948333	379
15.29585	382
15.30216667	379
15.30851667	381
15.31483333	379
15.32115	379
15.32745	378
15.33375	378
15.34005	378
15.34638333	380
15.35266667	377
15.35896667	378
15.36525	377
15.37155	378
15.37785	378
15.38423333	383
15.39053333	378
15.39695	385
15.40326667	379
15.40968333	385
15.41603333	381
15.42246667	386
15.42888333	385
15.43523333	381
15.44166667	386
15.44806667	384
15.45445	383
15.46081667	382
15.4672	383
15.4736	384
15.48001667	385
15.48643333	385
15.49288333	387
15.49933333	387
15.50578333	387
15.51225	388
15.51878333	392
15.5253	391
15.5318	390
15.53836667	394
15.54485	389
15.55138333	392
15.55791667	392
15.56445	392
15.57096667	391
15.5775	392
15.58403333	392
15.5906	394
15.59715	393
15.60368333	392
15.61021667	392
15.61678333	394
15.6233	391
15.62988333	395
15.63645	394
15.64301667	394
15.6496	395
15.6562	396
15.66278333	395
15.6694	397
15.67598333	395
15.6826	397
15.6892	396
15.69583333	398
15.70241667	395
15.70903333	397
15.71558333	393
15.72215	394
15.7287	393
15.7353	396
15.74185	393
15.74848333	398
15.75508333	396
15.76171667	398
15.76833333	397
15.775	400
15.78158333	395
15.78825	400
15.79488333	398
15.80151667	398
15.80815	398
15.81478333	398
15.8214	397
15.828	396
15.83455	393
15.84113333	395
15.84771667	395
15.85426667	393
15.86083333	394
15.86741667	395
15.87398333	394
15.8806	397
15.8872	396
15.89378333	395
15.90035	394
15.90691667	394
15.91343333	391
15.91995	391
15.92643333	389
15.93298333	393
15.93953333	393
15.94603333	390
15.95255	391
15.9591	393
15.96561667	391
15.97226667	399
15.97878333	391
15.98535	394
15.99195	396
15.99858333	398
16.00521667	398
16.01178333	394
16.0184	397
16.02501667	397
16.03166667	399
16.03831667	399
16.04495	398
16.05156667	397
16.05818333	397
16.06481667	398
16.07141667	396
16.07805	398
16.08463333	395
16.0912	394
16.09783333	398
16.10445	397
16.11105	396
16.11766667	397
16.12428333	397
16.13086667	395
16.13743333	394
16.1441	400
16.15068333	395
16.15733333	399
16.1639	394
16.17051667	397
16.17715	398
16.18376667	397
16.19038333	397
16.19695	394
16.20353333	395
16.21015	397
16.21675	396
16.22331667	394
16.22996667	399
16.23653333	394
16.2432	400
16.24981667	397
16.25643333	397
16.26303333	396
16.26965	397
16.2763	399
16.28291667	397
16.28955	398
16.2962	399
16.3028	396
16.30938333	395
16.31601667	398
16.32263333	397
16.32923333	396
16.33581667	395
16.34245	398
16.3491	399
16.3557	396
16.3623	396
16.3689	396
16.37548333	395
16.38208333	396
16.38866667	395
16.39528333	397
16.40181667	392
16.40838333	394
16.41491667	392
16.42145	392
16.428	393
16.43456667	394
16.44113333	394
16.44763333	390
16.45416667	392
16.4607	392
16.46721667	391
16.47378333	394
16.48035	394
16.48693333	395
16.4935	394
16.50008333	395
16.50663333	393
16.51325	397
16.51985	396
16.52646667	397
16.53303333	394
16.53961667	395
16.54616667	393
16.55276667	396
16.55928333	391
16.56585	394
16.57238333	392
16.57893333	393
16.58546667	392
16.5921	398
16.5986	390
16.60515	393
16.61166667	391
16.6182	392
16.62476667	394
16.63131667	393
16.63785	392
16.65088333	0
16.65743333	393
16.66395	391
16.67051667	394
16.67705	392
16.6836	393
16.6901	390
16.69671667	397
16.70325	392
16.70983333	395
16.7164	394
16.72298333	395
16.72958333	396
16.73618333	396
16.74276667	395
16.74931667	393
16.75591667	396
16.76251667	396
16.76913333	397
16.77573333	396
16.78228333	393
16.78883333	393
16.79538333	393
16.8019	391
16.80841667	391
16.81493333	391
16.82141667	389
16.82793333	391
16.83438333	387
16.84081667	386
16.84728333	388
16.85373333	387
16.86015	385
16.8666	387
16.87296667	382
16.8794	386
16.88586667	388
16.89233333	388
16.89875	385
16.90528333	392
16.9118	391
16.91836667	394
16.92493333	394
16.93151667	395
16.93813333	397
16.94476667	398
16.95136667	396
16.95798333	397
16.9646	397
16.97123333	398
16.97778333	393
16.98438333	396
16.99088333	390
16.9974	391
17.00391667	391
17.0105	395
17.01703333	392
17.02353333	390
17.03001667	389
17.0365	389
17.04303333	392
17.0495	388
17.05596667	388
17.06246667	390
17.0689	386
17.07536667	388
17.08181667	387
17.08831667	390
17.09476667	387
17.10128333	391
17.1078	391
17.11433333	392
17.12081667	389
17.1273	389
17.13383333	392
17.14033333	390
17.14686667	392
17.15338333	391
17.15986667	389
17.16635	389
17.17285	390
17.17933333	389
17.18585	391
17.1923	387
17.19873333	386
17.20521667	389
17.2117	389
17.2182	390
17.22465	387
17.23111667	388
17.23753333	385
17.24401667	389
17.25048333	388
17.25698333	390
17.26348333	390
17.26991667	386
17.27638333	388
17.28283333	387
17.28926667	386
17.29575	389
17.30213333	383
17.30856667	386
17.31503333	388
17.32151667	389
17.3279	383
17.33441667	391
17.3409	389
17.3474	390
17.35388333	389
17.36035	388
17.36676667	385
17.3732	386
17.37968333	389
17.38616667	389
17.3926	386
17.3991	390
17.40553333	386
17.41195	385
17.41843333	389
17.42491667	389
17.43135	386
17.43783333	389
17.4443	388
17.45073333	386
17.45718333	387
17.46366667	389
17.47011667	387
17.47663333	391
17.48316667	392
17.48961667	387
17.49615	392
17.50268333	392
17.50923333	393
17.51575	391
17.52228333	392
17.52881667	392
17.53536667	393
17.54185	389
17.54835	390
17.55481667	388
17.56125	386
17.56776667	391
17.57421667	387
17.58068333	388
17.5871	385
17.59353333	386
17.59995	385
17.6064	387
17.61283333	386
17.61925	385
17.6257	387
17.63213333	386
17.63855	385
17.64501667	388
17.65151667	390
17.65795	386
17.66441667	388
17.6709	389
17.67738333	389
17.68385	388
17.69035	390
17.69676667	385
17.70318333	385
17.70963333	387
17.71608333	387
17.72251667	386
17.72893333	385
17.73531667	383
17.74171667	384
17.74818333	388
17.75455	382
17.76098333	386
17.76736667	383
17.77375	383
17.78016667	385
17.78658333	385
17.79298333	384
17.79943333	387
17.80585	385
17.81236667	391
17.81881667	387
17.82531667	390
17.83181667	390
17.83835	392
17.84486667	391
17.85138333	391
17.8579	391
17.86438333	389
17.87085	388
17.87736667	391
17.88388333	391
17.89035	388
17.89683333	389
17.90325	385
17.90973333	389
17.91623333	390
17.92271667	389
17.92911667	384
17.93556667	387
17.9421	392
17.94858333	389
17.95508333	390
17.96155	388
17.96806667	391
17.97451667	387
17.98103333	391
17.9875	388
17.99405	393
18.00055	390
18.00705	390
18.01355	390
18.0201	393
18.02663333	392
18.03316667	392
18.03976667	396
18.04635	395
18.05293333	395
18.05956667	398
18.06623333	400
18.07286667	398
18.07946667	396
18.08611667	399
18.09276667	399
18.0994	398
18.10601667	397
18.11265	398
18.11928333	398
18.12595	400
18.13261667	400
18.13925	398
18.14588333	398
18.15261667	404
18.1593	401
18.16605	405
18.17278333	404
18.17955	406
18.18633333	407
18.19311667	407
18.19985	404
18.20661667	406
18.21338333	406
18.22015	406
18.22691667	406
18.2337	407
18.24045	405
18.24718333	404
18.25395	406
18.26075	408
18.26751667	406
18.2743	407
18.28105	405
18.28783333	407
18.29461667	407
18.30133333	403
18.3081	406
18.31486667	406
18.32168333	409
18.32846667	407
18.33521667	405
18.34198333	406
18.34876667	407
18.35553333	406
18.36226667	404
18.36896667	402
18.37566667	402
18.38236667	402
18.38906667	402
18.39576667	402
18.40248333	403
18.40915	400
18.41576667	397
18.42243333	400
18.42908333	399
18.43578333	402
18.44245	400
18.44911667	400
18.4558	401
18.46251667	403
18.46923333	403
18.47603333	408
18.48271667	401
18.48946667	405
18.49623333	406
18.50298333	405
18.50975	406
18.51646667	403
18.52311667	399
18.52985	404
18.53655	402
18.54321667	400
18.54983333	397
18.55648333	399
18.5631	397
18.56975	399
18.57636667	397
18.58296667	396
18.5896	398
18.5962	396
18.60278333	395
18.60938333	396
18.61591667	392
18.62248333	394
18.62903333	393
18.63563333	396
18.64213333	390
18.64865	391
18.65523333	395
18.6618	394
18.66836667	394
18.67491667	393
18.68145	392
18.68791667	388
18.69445	392
18.70098333	392
18.7075	391
18.71403333	392
18.7205	388
18.727	390
18.73346667	388
18.73995	389
18.7465	393
18.75305	393
18.75953333	389
18.76605	391
18.7726	393
18.77915	393
18.7857	393
18.79225	393
18.79881667	394
18.80538333	394
18.81195	394
18.81855	396
18.82515	396
18.83176667	397
18.83836667	396
18.84495	395
18.8515	393
18.85808333	395
18.86461667	392
18.8712	395
18.87768333	389
18.88426667	395
18.89075	389
18.89721667	388
18.90375	392
18.91023333	389
18.91675	391
18.92318333	386
18.92966667	389
18.93616667	390
18.94266667	390
18.94913333	388
18.95555	385
18.96203333	389
18.96848333	387
18.97498333	390
18.98141667	386
18.98786667	387
18.99426667	384
19.0007	386
19.00716667	388
19.01358333	385
19.02001667	386
19.02638333	382
19.03278333	384
19.03916667	383
19.04558333	385
19.05195	382
19.05838333	386
19.06475	382
19.0711	381
19.07753333	386
19.08393333	384
19.09036667	386
19.09678333	385
19.10318333	384
19.10958333	384
19.116	385
19.12245	387
19.12891667	388
19.1417	0
19.14816667	388
19.1546	386
19.16101667	385
19.16748333	388
19.17383333	381
19.18026667	386
19.1867	386
19.19311667	385
19.19956667	387
19.20593333	382
19.21236667	386
19.21876667	384
19.22518333	385
19.2316	385
19.23796667	382
19.24431667	381
19.25061667	378
19.257	383
19.26333333	380
19.26968333	381
19.27595	376
19.28221667	376
19.28851667	378
19.29485	380
19.30111667	376
19.30741667	378
19.31368333	376
19.31996667	377
19.32628333	379
19.33251667	374
19.33885	380
19.34513333	377
19.35143333	378
19.35776667	380
19.364	374
19.37033333	380
19.37661667	377
19.38298333	382
19.38931667	380
19.39568333	382
19.40196667	377
19.40835	383
19.41458333	374
19.42091667	380
19.42723333	379
19.43356667	380
19.4399	380
19.44628333	383
19.4526	379
19.45893333	380
19.46528333	381
19.47168333	384
19.47803333	381
19.48435	379
19.49068333	380
19.49703333	381
19.50338333	381
19.5097	379
19.51601667	379
19.52235	380
19.5287	381
19.53505	381
19.54141667	382
19.54773333	379
19.55405	379
19.56038333	380
19.56673333	381
19.57306667	380
19.57935	377
19.5857	381
19.59208333	383
19.59841667	380
19.60478333	382
19.61116667	383
19.6175	380
19.6239	384
19.63023333	380
19.6366	382
19.64295	381
19.64928333	380
19.65566667	383
19.66201667	381
19.66835	380
19.67465	378
19.681	381
19.68733333	380
19.69366667	380
19.69998333	379
19.70628333	378
19.71256667	377
19.71886667	378
19.72516667	378
19.73146667	378
19.73776667	378
19.74403333	376
19.75033333	378
19.75666667	380
19.76298333	379
19.76936667	383
19.7757	380
19.782	378
19.78838333	383
19.79478333	384
19.80111667	380
19.80748333	382
19.8138	379
19.8202	384
19.8266	384
19.83298333	383
19.83935	382
19.8457	381
19.85208333	383
19.85845	382
19.86478333	380
19.87113333	381
19.87745	379
19.8838	381
19.89015	381
19.89651667	382
19.90286667	381
19.90923333	382
19.9156	382
19.922	384
19.9284	384
19.9348	384
19.94113333	380
19.94753333	384
19.95395	385
19.96035	384
19.96675	384
19.9731	381
19.9795	384
19.98586667	382
19.99228333	385
19.99868333	384
20.0051	385
20.0115	384
20.01791667	385
20.02438333	388
20.03085	388
20.0373	387
20.0438	390
20.05031667	391
20.05683333	391
20.06338333	393
20.06993333	393
20.07658333	399
20.08326667	401
20.08993333	400
20.1032	0
20.1099	402
20.11655	399
20.12325	402
20.12998333	404
20.13671667	404
20.1435	407
20.1503	408
20.15703333	404
20.16373333	402
20.17048333	405
20.17723333	405
20.18391667	401
20.1907	407
20.19743333	404
20.20428333	411
20.21113333	411
20.21798333	411
20.2248	409
20.23161667	409
20.23846667	411
20.24526667	408
20.25215	413
20.26598333	0
20.27296667	419
20.27985	413
20.2868	417
20.29376667	418
20.30076667	420
20.3078	422
20.31486667	424
20.3219	422
20.32895	423
20.33606667	427
20.34323333	430
20.35041667	431
20.35768333	436
20.36493333	435
20.37216667	434
20.37936667	432
20.38655	431
20.39375	432
20.40096667	433
20.40821667	435
20.4156	443
20.42296667	442
20.43036667	444
20.43773333	442
20.44511667	443
20.45245	440
20.45973333	437
20.46703333	438
20.47433333	438
20.4817	442
20.48913333	446
20.49668333	453
20.50428333	456
20.51198333	462
20.51965	460
20.52728333	458
20.53486667	455
20.5424	452
20.5499	450
20.55746667	454
20.56508333	457
20.57275	460
20.5805	465
20.58835	471
20.5962	471
20.60398333	467
20.61171667	464
20.61943333	463
20.62711667	461
20.63483333	463
20.64261667	467
20.65043333	469
20.6582	466
20.66595	465
20.67375	468
20.68146667	463
20.68926667	468
20.69703333	466
20.70495	475
20.71286667	475
20.72081667	477
20.7287	473
20.7366	474
20.74445	471
20.75225	468
20.76011667	472
20.76805	476
20.77598333	476
20.78403333	483
20.7921	484
20.80026667	490
20.80841667	489
20.81656667	489
20.82471667	489
20.83285	488
20.84096667	487
20.84903333	484
20.85705	481
20.86498333	476
20.87293333	477
20.88098333	483
20.8892	493
20.89755	501
20.9059	501
20.91426667	502
20.92255	497
20.93075	492
20.93895	492
20.94716667	493
20.95538333	493
20.96368333	498
20.97201667	500
20.98035	500
20.9886	495
20.99683333	494
21.00503333	492
21.01318333	489
21.02135	490
21.0295	489
21.03763333	488
21.04571667	485
21.05385	488
21.06208333	494
21.07033333	495
21.07853333	492
21.08671667	491
21.09498333	496
21.10321667	494
21.1114	491
21.1196	492
21.12775	489
21.13586667	487
21.1441	494
21.15238333	497
21.16071667	500
21.16905	500
21.17735	498
21.18566667	499
21.19391667	495
21.20218333	496
21.21063333	507
21.21905	505
21.22758333	512
21.23623333	519
21.24501667	527
21.25385	530
21.2627	531
21.27156667	532
21.28048333	535
21.28933333	531
21.2981	526
21.30675	519
21.31531667	514
21.32383333	511
21.33246667	518
21.34125	527
21.3501	531
21.35886667	526
21.3677	530
21.37663333	536
21.3857	544
21.39488333	551
21.40411667	554
21.41316667	543
21.42215	539
21.43111667	538
21.44005	536
21.44896667	535
21.45783333	532
21.46656667	524
21.4753	524
21.484	522
21.49276667	526
21.50155	527
21.51028333	524
21.51903333	525
21.52775	523
21.53641667	520
21.54516667	525
21.55386667	522
21.56246667	516
21.57106667	516
21.57965	515
21.58816667	511
21.59661667	507
21.60515	512
21.61363333	509
21.62215	511
21.63083333	521
21.63955	523
21.64848333	536
21.65746667	539
21.66648333	541
21.67543333	537
21.68438333	537
21.69328333	534
21.70215	532
21.71105	534
21.7199	531
21.72878333	533
21.73765	532
21.74651667	532
21.75531667	528
21.76413333	529
21.77306667	536
21.78226667	552
21.7916	560
21.80115	573
21.81081667	580
21.82021667	564
21.82953333	559
21.83875	553
21.8479	549
21.85715	555
21.86641667	556
21.87573333	559
21.88491667	551
21.89403333	547
21.90298333	537
21.91183333	531
21.92066667	530
21.92955	533
21.93845	534
21.94736667	535
21.9563	536
21.96538333	545
21.9746	553
21.98391667	559
21.99318333	556
22.0025	559
22.01191667	565
22.02135	566
22.03085	570
22.04041667	574
22.04991667	570
22.05931667	564
22.06866667	561
22.07786667	552
22.0871	554
22.09645	561
22.10595	570
22.11575	588
22.1257	597
22.13585	609
22.14583333	599
22.15565	589
22.1653	579
22.17481667	571
22.18426667	567
22.20275	0
22.2119	549
22.221	546
22.23001667	541
22.23903333	541
22.24793333	534
22.25688333	537
22.26586667	539
22.27498333	547
22.28405	544
22.29318333	548
22.3023	547
22.3115	552
22.32081667	559
22.33011667	558
22.33943333	559
22.34871667	557
22.35801667	558
22.36735	560
22.37668333	560
22.38605	562
22.3953	555
22.40463333	560
22.41401667	563
22.4234	563
22.4328	564
22.44215	561
22.45151667	562
22.46088333	562
22.47021667	560
22.47966667	567
22.48905	563
22.49856667	571
22.5081	572
22.51756667	568
22.52696667	564
22.53623333	556
22.54533333	546
22.5543	538
22.56323333	536
22.57203333	528
22.58076667	524
22.5897	536
22.59893333	554
22.60821667	557
22.61755	560
22.62701667	568
22.63656667	573
22.64615	575
22.65563333	569
22.66498333	561
22.67431667	560
22.68346667	549
22.69255	545
22.70156667	541
22.7105	536
22.71941667	535
22.72835	536
22.73735	540
22.74648333	548
22.75566667	551
22.76486667	552
22.7741	554
22.78343333	560
22.79283333	564
22.80218333	561
22.81148333	558
22.8208	559
22.83011667	559
22.83946667	561
22.84886667	564
22.85826667	564
22.8676	560
22.87696667	562
22.88625	557
22.89546667	553
22.90468333	553
22.91381667	548
22.92298333	550
22.93203333	543
22.94111667	545
22.95026667	549
22.95941667	549
22.96856667	549
22.9778	554
22.98703333	554
22.9964	562
23.00563333	554
23.01488333	555
23.02431667	566
23.03381667	570
23.04336667	573
23.05293333	574
23.06253333	576
23.0721	574
23.08156667	568
23.09086667	558
23.10003333	550
23.10916667	548
23.11826667	546
23.12733333	544
23.13641667	545
23.14575	560
23.15518333	566
23.16458333	564
23.17405	568
23.18358333	572
23.19313333	573
23.20266667	572
23.21215	569
23.22156667	565
23.23103333	568
23.2404	562
23.2497	558
23.25901667	559
23.26821667	552
23.27738333	550
23.28646667	545
23.29548333	541
23.30443333	537
23.31333333	534
23.32215	529
23.33091667	526
23.33955	518
23.34811667	514
23.35668333	514
23.36531667	518
23.37401667	522
23.38281667	528
23.39165	530
23.4005	531
23.40933333	530
23.41806667	524
23.42683333	526
23.43556667	524
23.44433333	526
23.4531	526
23.46196667	532
23.47096667	540
23.48013333	550
23.48956667	566
23.49906667	570
23.50856667	570
23.518	566
23.5273	558
23.53648333	551
23.54558333	546
23.5545	535
23.56343333	536
23.57225	529
23.58113333	533
23.59011667	539
23.59911667	540
23.608	533
23.61706667	544
23.62605	539
23.63501667	538
23.64405	542
23.65311667	544
23.66218333	544
23.6712	541
23.68036667	550
23.68945	545
23.69855	546
23.7076	543
23.71656667	538
23.72548333	535
23.73431667	530
23.74316667	531
23.75205	533
23.76091667	532
23.76975	530
23.77858333	530
23.78738333	528
23.7962	529
23.80505	531
23.81391667	532
23.82281667	534
23.83181667	540
23.84071667	534
23.8496	533
23.85841667	529
23.86716667	525
23.87578333	517
23.8844	517
23.8929	510
23.90138333	509
23.90988333	510
23.9184	511
23.92693333	512
23.93545	511
23.94398333	512
23.95273333	525
23.9616	532
23.97061667	541
23.97976667	549
23.98903333	556
23.9984	562
24.00781667	565
24.01716667	561
24.0264	554
24.03561667	553
24.04471667	546
24.05371667	540
24.06263333	535
24.07155	535
24.0804	531
24.08921667	529
24.09793333	523
24.1065	514
24.11505	513
24.12346667	505
24.13175	497
24.14003333	497
24.14828333	495
24.15656667	497
24.16495	503
24.17368333	524
24.18341667	584
24.19866667	915
24.2116	776
24.2237	726
24.23526667	694
24.24648333	673
24.25763333	669
24.2681	628
24.27856667	628
24.28896667	624
24.29933333	622
24.3098	628
24.32025	627
24.3305	615
24.34045	597
24.3503	591
24.36011667	589
24.36983333	583
24.3794	574
24.38898333	575
24.3985	571
24.40825	585
24.41808333	590
24.42786667	587
24.43748333	577
24.44723333	585
24.45693333	582
24.46675	589
24.47661667	592
24.48655	596
24.49626667	583
24.50606667	588
24.51586667	588
24.52563333	586
24.53546667	590
24.54526667	588
24.55495	581
24.5647	585
24.57443333	584
24.58416667	584
24.594	590
24.60385	591
24.61363333	587
24.62326667	578
24.6329	578
24.6425	576
24.65206667	574
24.66166667	576
24.67131667	579
24.68096667	579
24.69061667	579
24.70023333	577
24.70983333	576
24.71955	583
24.72935	588
24.73913333	587
24.74898333	591
24.75888333	594
24.7688	595
24.7787	594
24.78855	591
24.79828333	584
24.808	583
24.81761667	577
24.8272	575
24.83685	579
24.84646667	577
24.85611667	579
24.86566667	573
24.87518333	571
24.88476667	575
24.8942	566
24.9038	576
24.91338333	575
24.92293333	573
24.93243333	570
24.94201667	575
24.95168333	580
24.96123333	573
24.97085	577
24.98038333	572
24.98983333	567
24.99935	571
25.00896667	577
25.0186	578
25.0282	576
25.03775	573
25.04726667	571
25.05671667	567
25.06621667	570
25.07578333	574
25.08525	568
25.09488333	578
25.1044	571
25.1139	570
25.12351667	577
25.1332	581
25.14291667	583
25.15268333	586
25.16245	586
25.17223333	587
25.18193333	582
25.19151667	575
25.2011	575
25.2104	558
25.21993333	572
25.22946667	572
25.23915	581
25.24871667	574
25.25828333	574
25.26776667	569
25.27718333	565
25.28665	568
25.2961	567
25.30563333	572
25.31528333	579
25.32501667	584
25.33483333	589
25.3448	598
25.35458333	587
25.3644	589
25.37405	579
25.38358333	572
25.39298333	564
25.40233333	561
25.41153333	552
25.4207	550
25.42981667	547
25.43886667	543
25.4479	542
25.45698333	545
25.46601667	542
25.47515	548
25.48428333	548
25.4935	553
25.50293333	566
25.51251667	575
25.5223	587
25.53191667	577
25.54151667	576
25.55101667	570
25.56038333	562
25.56973333	561
25.57893333	552
25.58811667	551
25.59726667	549
25.60618333	535
25.61503333	531
25.62368333	519
25.6323	517
25.64091667	517
25.64971667	528
25.65848333	526
25.66725	526
25.67605	528
25.68491667	532
25.69375	530
25.70285	546
25.71206667	553
25.72136667	558
25.73076667	564
25.74025	569
25.74981667	574
25.75938333	574
25.76896667	575
25.77856667	576
25.7881	572
25.7976	570
25.80711667	571
25.81663333	571
25.82608333	567
25.83561667	572
25.8451	569
25.85463333	572
25.86406667	566
25.87338333	559
25.88273333	561
25.89211667	563
25.9015	563
25.91093333	566
25.92055	577
25.93026667	583
25.94011667	591
25.94996667	591
25.9598	590
25.96953333	584
25.97921667	581
25.98886667	579
25.9985	578
26.00816667	580
26.01776667	576
26.02731667	573
26.03681667	570
26.0462	563
26.05555	561
26.0648	555
26.07393333	548
26.08325	559
26.09265	564
26.10213333	569
26.11168333	573
26.12131667	578
26.13108333	586
26.14098333	594
26.15083333	591
26.16051667	581
26.17025	584
26.17988333	578
26.1896	583
26.1993	582
26.209	582
26.21865	579
26.22833333	581
26.23795	577
26.24758333	578
26.2572	577
26.26661667	565
26.27601667	564
26.28535	560
26.29468333	560
26.30395	556
26.31323333	557
26.3224	550
26.33148333	545
26.3405	541
26.34938333	533
26.3583	535
26.36705	525
26.37581667	526
26.38465	530
26.3936	537
26.4027	546
26.41188333	551
26.42103333	549
26.4302	550
26.4393	546
26.44845	549
26.45765	552
26.46681667	550
26.47608333	556
26.48531667	554
26.49458333	556
26.5039	559
26.51311667	553
26.52226667	549
26.53133333	544
26.54026667	536
26.5493	542
26.55816667	532
26.56706667	534
26.576	536
26.58503333	542
26.59415	547
26.60336667	553
26.61271667	561
26.6226	593
26.63335	645
26.6444	663
26.65446667	604
26.6642	584
26.67403333	590
26.68386667	590
26.69358333	583
26.7032	577
26.71273333	572
26.72208333	561
26.73143333	561
26.74063333	552
26.74981667	551
26.7589	545
26.76805	549
26.7773	555
26.78653333	554
26.7957	550
26.80491667	553
26.8142	557
26.8234	552
26.83266667	556
26.84198333	559
26.8513	559
26.86066667	562
26.87001667	561
26.8793	557
26.8885	552
26.8976	546
26.90665	543
26.91566667	541
26.92463333	538
26.93346667	530
26.94206667	516
26.95086667	528
26.95955	521
26.96818333	518
26.97706667	533
26.98618333	547
26.99561667	566
27.00535	584
27.01523333	593
27.02511667	593
27.0349	587
27.04453333	578
27.05405	571
27.06341667	562
27.07251667	546
27.08171667	552
27.09076667	543
27.09971667	537
27.1087	539
27.11788333	551
27.12711667	554
27.13666667	573
27.14636667	582
27.15641667	603
27.16658333	610
27.17656667	599
27.18646667	594
27.19636667	594
27.20621667	591
27.21616667	597
27.22623333	604
27.23633333	606
27.2464	604
27.25655	609
27.26671667	610
27.27685	608
27.28695	606
27.2969	597
27.3068	594
27.3166	588
27.32633333	584
27.33615	589
27.34603333	593
27.356	598
27.3662	612
27.37643333	614
27.38668333	615
27.39673333	603
27.4068	604
27.41688333	605
27.42693333	603
27.43695	601
27.44686667	595
27.45676667	594
27.4666	590
27.47645	591
27.48623333	587
27.49598333	585
27.50588333	594
27.51585	598
27.52586667	601
27.53595	605
27.54596667	601
27.55601667	603
27.56606667	603
27.57601667	597
27.58596667	597
27.59588333	595
27.6058	595
27.61566667	592
27.62553333	592
27.63556667	602
27.64568333	607
27.65583333	609
27.66588333	603
27.67578333	594
27.68568333	594
27.69548333	588
27.70525	586
27.71501667	586
27.72498333	598
27.7351	607
27.7454	618
27.75578333	623
27.76623333	627
27.77673333	630
27.78723333	630
27.79768333	627
27.80801667	620
27.8182	611
27.82816667	598
27.83813333	598
27.84798333	591
27.85781667	590
27.8678	599
27.87808333	617
27.8884	619
27.89876667	622
27.90903333	616
27.9192	610
27.9295	618
27.93953333	602
27.94956667	602
27.95955	599
27.96961667	604
27.9796	599
27.98961667	601
27.99968333	604
28.00985	610
28.01995	606
28.03015	612
28.03995	588
28.04996667	601
28.06005	605
28.06998333	596
28.07988333	594
28.08963333	585
28.0992	574
28.10886667	580
28.11836667	570
28.12775	563
28.13716667	565
28.14658333	565
28.15598333	564
28.1654	565
28.17473333	560
28.18411667	563
28.19355	566
28.20286667	559
28.21208333	553
28.22128333	552
28.23051667	554
28.23971667	552
28.24896667	555
28.25813333	550
28.26713333	540
28.27605	535
28.28515	546
28.29481667	580
28.30531667	630
28.31625	656
28.32771667	688
28.33883333	667
28.34981667	659
28.36065	650
28.37146667	649
28.38201667	633
28.39236667	621
28.40261667	615
28.41268333	604
28.42258333	594
28.43235	586
28.44211667	586
28.45175	578
28.46135	576
28.4708	567
28.48018333	563
28.48968333	570
28.49936667	581
28.5093	596
28.51928333	599
28.52943333	609
28.53968333	615
28.54993333	615
28.5602	616
28.5703	606
28.58043333	608
28.59053333	606
28.60068333	609
28.61068333	600
28.62078333	606
28.6308	601
28.64091667	607
28.65116667	615
28.66158333	625
28.67206667	629
28.68248333	625
28.69283333	621
28.70328333	627
28.71371667	626
28.72413333	625
28.73443333	618
28.74456667	608
28.75466667	606
28.76473333	604
28.77458333	591
28.78448333	594
28.7943	589
28.80426667	598
28.81431667	603
28.82451667	612
28.83496667	627
28.84571667	645
28.85626667	633
28.86716667	654
28.87785	641
28.88841667	634
28.8988	623
28.90891667	607
28.91895	602
28.92871667	586
28.93836667	579
28.94805	581
28.95756667	571
28.9671	572
28.97665	573
28.98616667	571
28.99566667	570
29.00508333	565
29.01448333	564
29.02393333	567
29.03335	565
29.04286667	571
29.05243333	574
29.06211667	581
29.07183333	583
29.08165	589
29.09155	594
29.10155	600
29.11166667	607
29.12178333	607
29.13201667	614
29.14223333	613
29.15243333	612
29.16248333	603
29.1725	601
29.18251667	601
29.1925	599
29.20256667	604
29.21256667	600
29.22261667	603
29.2326	599
29.24253333	596
29.25241667	593
29.26211667	582
29.27183333	583
29.28135	571
29.29105	582
29.30071667	580
29.31021667	570
29.31995	584
29.3298	591
29.33978333	599
29.34975	598
29.35968333	596
29.36966667	599
29.37956667	594
29.38938333	589
29.39935	598
29.40948333	608
29.41975	616
29.43005	618
29.44056667	631
29.45106667	630
29.46166667	636
29.47231667	639
29.48313333	649
29.4938	640
29.50433333	632
29.51473333	624
29.52486667	608
29.53481667	597
29.54461667	588
29.55436667	585
29.56395	575
29.57353333	575
29.58326667	584
29.5931	590
29.60325	609
29.61375	630
29.6243	633
29.63473333	626
29.64506667	620
29.65541667	621
29.66576667	621
29.67655	647
29.68756667	661
29.69853333	658
29.70938333	651
29.72001667	638
29.73066667	639
29.74115	629
29.7516	627
29.7618	612
29.77201667	613
29.78208333	604
29.79206667	599
29.80203333	598
29.81185	589
29.8217	591
29.83135	579
29.8411	585
29.851	594
29.86096667	598
29.87105	605
29.88111667	604
29.89118333	604
29.90141667	614
29.9118	623
29.9222	624
29.93256667	622
29.94313333	634
29.95365	631
29.96415	630
29.97453333	623
29.98495	625
29.99531667	622
30.00596667	639
30.01656667	636
30.02701667	627
30.03716667	609
30.04726667	606
30.0572	596
30.06698333	587
30.07686667	593
30.0867	590
30.0966	594
30.10675	609
30.11698333	614
30.1274	625
30.13795	633
30.14838333	626
30.15873333	621
30.16903333	618
30.17918333	609
30.18925	604
30.19921667	598
30.20915	596
30.21911667	598
30.2291	599
30.23905	597
30.24898333	596
30.25891667	596
30.26873333	589
30.2786	592
30.28846667	592
30.29848333	601
30.30851667	602
30.31881667	618
30.32918333	622
30.33966667	629
30.35011667	627
30.36055	626
30.37101667	628
30.38151667	630
30.39176667	615
30.40205	617
30.41216667	607
30.42195	587
30.43173333	587
30.44145	583
30.4511	579
30.46076667	580
30.47066667	594
30.4808	608
30.49116667	622
30.50151667	621
30.51185	620
30.52221667	622
30.5327	629
30.54325	633
30.55361667	622
30.56383333	613
30.57388333	603
30.5838	595
30.59376667	598
30.60356667	588
30.61326667	582
30.62316667	594
30.63298333	589
30.64306667	605
30.65323333	610
30.66351667	617
30.67383333	619
30.68415	619
30.69436667	613
30.7046	614
30.71498333	623
30.72546667	629
30.73588333	625
30.7463	625
30.7567	624
30.76708333	623
30.7774	619
30.78765	615
30.79763333	599
30.8076	598
30.81728333	581
30.82693333	579
30.83658333	579
30.84628333	582
30.85601667	584
30.86601667	600
30.87641667	624
30.8868	623
30.89693333	608
30.90696667	602
30.91696667	600
30.92686667	594
30.93671667	591
30.94658333	592
30.95651667	596
30.96643333	595
30.97621667	587
30.98605	590
30.99591667	592
31.00586667	597
31.01586667	600
31.0259	602
31.03611667	613
31.0465	623
31.05693333	626
31.0672	616
31.07738333	611
31.08761667	614
31.09785	614
31.10835	630
31.11885	630
31.12933333	629
31.13978333	627
31.15018333	624
31.1604	613
31.17048333	605
31.1804	595
31.19021667	589
31.19991667	582
31.20963333	583
31.21933333	582
31.22913333	588
31.23915	601
31.2495	621
31.26036667	652
31.27163333	676
31.28315	691
31.29443333	677
31.30545	661
31.31631667	652
31.32698333	640
31.33743333	627
31.34771667	617
31.35776667	603
31.36768333	595
31.37733333	579
31.38695	577
31.39636667	565
31.40576667	564
31.41536667	576
31.4256	614
31.43633333	644
31.44741667	665
31.45868333	676
31.47008333	684
31.48141667	680
31.49281667	684
31.504	671
31.51516667	670
31.526	650
31.5369	654
31.54765	645
31.55831667	640
31.56863333	619
31.57893333	618
31.58893333	600
31.59895	601
31.60893333	599
31.6189	598
31.62871667	589
31.63841667	582
31.64803333	577
31.6576	574
31.6672	576
31.67711667	595
31.68723333	607
31.6974	610
31.70751667	607
31.71758333	604
31.7275	595
31.73721667	583
31.7469	581
31.75625	561
31.76546667	553
31.7748	560
31.7847	594
31.79496667	616
31.80531667	621
31.81556667	615
31.82568333	607
31.83561667	596
31.8454	587
31.85511667	583
31.8648	581
31.87455	585
31.88438333	590
31.8942	589
31.90406667	592
31.91401667	597
31.92386667	591
31.93366667	588
31.94351667	591
31.95363333	607
31.96355	595
31.97351667	598
31.98371667	612
31.99408333	622
