0.012966667	734
0.026316667	778
0.03865	801
0.05105	740
0.06435	744
0.0778	798
0.090733333	807
0.102833333	776
0.1161	726
0.129833333	796
0.1424	824
0.155	754
0.168283333	756
0.180916667	797
0.193466667	758
0.206683333	753
0.2198	793
0.233666667	787
0.247716667	832
0.261666667	843
0.274383333	837
0.286116667	763
0.298883333	704
0.312466667	766
0.325366667	815
0.3377	774
0.3511	740
0.364766667	804
0.377216667	820
0.391383333	747
0.406066667	850
0.418966667	881
0.432066667	774
0.445533333	786
0.459366667	808
0.47355	830
0.486283333	851
0.499066667	764
0.511733333	767
0.5245	760
0.5364	766
0.548216667	714
0.561	709
0.574633333	767
0.58745	818
0.600366667	769
0.613916667	775
0.626983333	813
0.63945	784
0.65245	748
0.665883333	780
0.678283333	806
0.691266667	744
0.704766667	779
0.71775	810
0.73085	779
0.744416667	786
0.75755	814
0.769683333	788
0.7825	728
0.795416667	769
0.807533333	775
0.820683333	727
0.833983333	789
0.847483333	798
0.860866667	810
0.874083333	803
0.887533333	793
0.900133333	807
0.913466667	756
0.926566667	800
0.939616667	786
0.953416667	783
0.966666667	828
0.979816667	795
0.99395	789
1.008	848
1.0217	843
1.035916667	822
1.0492	853
1.062883333	797
1.075966667	821
1.088316667	785
1.099766667	741
1.111833333	687
1.12345	724
1.135016667	697
1.146383333	694
1.159	682
1.17205	757
1.18475	783
1.19685	762
1.209166667	726
1.221633333	739
1.2339	748
1.245033333	736
1.256516667	668
1.268266667	689
1.28065	705
1.2933	743
1.305483333	759
1.31765	731
1.330183333	730
1.34245	752
1.35395	736
1.365933333	690
1.377883333	719
1.39015	717
1.403016667	736
1.4148	772
1.427366667	707
1.440483333	754
1.45315	787
1.466233333	760
1.47955	785
1.49195	799
1.504383333	744
1.517066667	746
1.528866667	761
1.541216667	708
1.554133333	741
1.566316667	775
1.579266667	731
1.592733333	777
1.606066667	808
1.619233333	800
1.632833333	790
1.646433333	816
1.6588	816
1.671266667	742
1.6838	748
1.695616667	752
1.707166667	709
1.7188	693
1.730416667	698
1.741833333	697
1.753283333	685
1.765066667	687
1.777683333	707
1.790316667	757
1.803633333	758
1.816716667	799
1.8299	785
1.8424	791
1.854783333	750
1.866683333	743
1.879933333	714
1.893566667	795
1.9063	818
1.920016667	764
1.934333333	823
1.948066667	859
1.960866667	824
1.974633333	768
1.986566667	826
1.99925	716
2.0128	761
2.025833333	813
2.03945	782
2.05315	817
2.0665	822
2.0789	801
2.091816667	744
2.10505	775
2.117533333	794
2.131216667	749
2.144883333	821
2.157933333	820
2.171333333	783
2.1837	804
2.196533333	742
2.2101	770
2.22405	814
2.23755	837
2.250866667	810
2.26375	799
2.277466667	773
2.29135	823
2.305633333	833
2.319783333	857
2.3336	849
2.345366667	829
2.357633333	706
2.370383333	736
2.382433333	765
2.394616667	723
2.40725	731
2.420833333	758
2.434133333	815
2.4467	798
2.460133333	754
2.47375	806
2.486266667	817
2.499633333	751
2.512483333	802
2.525483333	771
2.538933333	780
2.552316667	807
2.565516667	803
2.578333333	792
2.592166667	769
2.606133333	830
2.619516667	838
2.633933333	803
2.648066667	865
2.66195	848
2.676516667	833
2.690566667	874
2.704183333	843
2.718	817
2.73175	829
2.744933333	825
2.758816667	791
2.77195	833
2.785183333	788
2.798733333	794
2.811783333	813
2.8255	783
2.839333333	823
2.853	830
2.86685	820
2.880933333	831
2.894716667	845
2.908766667	827
2.923216667	843
2.937283333	867
2.951066667	844
2.965133333	827
2.979316667	844
2.9934	851
3.008133333	845
3.022533333	884
3.036516667	864
3.0505	839
3.064233333	839
3.07735	824
3.09105	787
3.104066667	822
3.11685	781
3.130033333	767
3.143283333	791
3.15635	795
3.1706	784
3.18465	855
3.1987	843
3.212983333	843
3.226366667	857
3.240366667	803
3.25475	840
3.268433333	863
3.282583333	821
3.29675	849
3.310633333	850
3.324866667	833
3.339233333	854
3.352983333	862
3.367416667	825
3.381366667	866
3.39555	837
3.409483333	851
3.4231	836
3.436716667	817
3.449516667	817
3.462433333	768
3.4753	775
3.488133333	772
3.500766667	770
3.5143	758
3.527083333	812
3.539633333	767
3.553266667	753
3.5665	818
3.579466667	794
3.591633333	778
3.603566667	730
3.61595	716
3.628766667	743
3.641883333	769
3.654616667	787
3.666266667	764
3.678333333	699
3.690516667	724
3.702233333	731
3.71405	703
3.7257	709
3.736816667	699
3.748316667	667
3.760633333	690
3.7728	739
3.78475	730
3.798116667	717
3.811883333	802
3.825016667	826
3.83785	788
3.851033333	770
3.86365	791
3.87505	757
3.88675	684
3.898566667	702
3.910766667	709
3.923133333	732
3.935033333	742
3.94685	714
3.958583333	709
3.969733333	704
3.980733333	669
3.9919	660
4.003	670
4.014166667	666
4.02495	670
4.036066667	647
4.047266667	667
4.058816667	672
4.070933333	693
4.083483333	727
4.096283333	753
4.109183333	768
4.12235	774
4.134866667	790
4.14735	751
4.159	749
4.17045	699
4.18135	687
4.1923	654
4.203583333	657
4.214583333	677
4.2265	660
4.239116667	715
4.251616667	757
4.2646	750
4.277816667	779
4.290416667	793
4.302733333	756
4.314583333	739
4.326666667	711
4.338416667	725
4.35	705
4.3618	695
4.3738	708
4.386133333	720
4.398233333	740
4.41075	726
4.4233	751
4.435316667	753
4.447366667	721
4.459816667	723
4.4718	747
4.48405	719
4.49665	735
4.5093	756
4.521166667	759
4.5329	712
4.545033333	704
4.557383333	728
4.569533333	741
4.581933333	729
4.594933333	744
4.608	780
4.620516667	784
4.633533333	751
4.646033333	781
4.658383333	750
4.671416667	741
4.684283333	782
4.696783333	772
4.709416667	750
4.72235	758
4.735533333	776
4.74825	791
4.76065	763
4.7721	744
4.7829	687
4.793866667	648
4.80535	658
4.817666667	689
4.831016667	739
4.844433333	801
4.857683333	805
4.8707	795
4.883383333	781
4.895716667	761
4.907433333	740
4.918866667	703
4.92955	686
4.940733333	641
4.952566667	671
4.964716667	710
4.977866667	729
4.992116667	789
5.0059	855
5.020216667	827
5.034566667	859
5.0483	861
5.061833333	824
5.074283333	812
5.086	747
5.09845	703
5.110716667	747
5.123316667	736
5.136616667	756
5.148883333	798
5.161666667	736
5.173683333	767
5.186283333	721
5.19945	756
5.211383333	790
5.224133333	716
5.237116667	765
5.250616667	779
5.263033333	810
5.276	745
5.289083333	778
5.3012	785
5.31375	727
5.326166667	753
5.337933333	745
5.349733333	706
5.360883333	708
5.372766667	669
5.385433333	713
5.3979	760
5.411366667	748
5.425066667	808
5.438566667	822
5.452366667	810
5.464983333	828
5.4785	757
5.4922	811
5.504783333	822
5.518283333	755
5.531733333	810
5.544833333	807
5.558516667	786
5.570966667	821
5.584266667	747
5.59705	798
5.61065	767
5.623916667	816
5.6374	796
5.6499	809
5.663183333	750
5.676233333	797
5.689183333	783
5.700666667	777
5.712566667	689
5.724433333	714
5.736516667	712
5.74835	725
5.7606	710
5.772966667	735
5.785516667	742
5.796616667	753
5.808233333	666
5.81995	697
5.832	703
5.84455	723
5.8568	753
5.86965	735
5.882216667	771
5.8942	754
5.906033333	719
5.918516667	710
5.931466667	749
5.9437	777
5.9556	734
5.96785	714
5.980383333	735
5.99325	752
6.006916667	772
6.020733333	820
6.033116667	829
6.046	743
6.05935	773
6.071933333	801
6.083966667	755
6.096216667	722
6.108233333	735
6.119433333	721
6.130883333	672
6.142466667	687
6.153716667	695
6.165666667	675
6.178116667	717
6.18995	747
6.202333333	710
6.2146	743
6.226416667	736
6.2382	709
6.249416667	707
6.260466667	673
6.272683333	663
6.284766667	733
6.296466667	725
6.307433333	702
6.31845	658
6.329683333	661
6.340716667	674
6.3524	662
6.364483333	701
6.377533333	725
6.391133333	783
6.4047	816
6.418083333	814
6.430816667	803
6.442866667	764
6.455	723
6.46695	728
6.479233333	717
6.491	737
6.502883333	706
6.515016667	713
6.526816667	728
6.538633333	708
6.5508	709
6.562383333	730
6.5744	695
6.586483333	721
6.598616667	725
6.6108	728
6.622783333	731
6.6344	719
6.645283333	697
6.656266667	653
6.66675	659
6.67765	629
6.6888	654
6.70015	669
6.711066667	681
6.722216667	655
6.733366667	669
6.754933333	669
6.765133333	0
6.775583333	612
6.7863	627
6.797383333	643
6.808716667	665
6.81985	680
6.830933333	668
6.842133333	665
6.853216667	672
6.864116667	665
6.8745	654
6.884983333	623
6.895133333	629
6.90555	609
6.9159	625
6.92645	621
6.937166667	633
6.947533333	643
6.9586	622
6.969983333	664
6.980866667	683
6.991983333	653
7.002783333	667
7.013316667	648
7.0238	632
7.034366667	629
7.044733333	634
7.055233333	622
7.065666667	630
7.076316667	626
7.086866667	639
7.097016667	633
7.108	609
7.118966667	659
7.1298	658
7.140566667	650
7.151316667	646
7.16215	645
7.173116667	650
7.183933333	658
7.194583333	649
7.205116667	639
7.215883333	632
7.226633333	646
7.237283333	645
7.247733333	639
7.257566667	627
7.267316667	590
7.277233333	585
7.287266667	595
7.297316667	602
7.308033333	603
7.31875	643
7.328983333	643
7.33925	614
7.3499	616
7.361033333	639
7.371666667	668
7.382016667	638
7.392783333	621
7.4037	646
7.414733333	655
7.425633333	662
7.4361	654
7.446083333	628
7.456633333	599
7.467883333	633
7.479366667	675
7.490483333	689
7.501883333	667
7.51305	684
7.52385	670
7.53475	648
7.54545	654
7.556333333	642
7.567216667	653
7.578283333	653
7.589016667	664
7.599516667	644
7.610266667	630
7.620866667	645
7.632516667	636
7.6437	699
7.655583333	671
7.666333333	713
7.676983333	645
7.688433333	639
7.700166667	687
7.711016667	704
7.721733333	651
7.733083333	643
7.743833333	681
7.754366667	645
7.765466667	632
7.776233333	666
7.786783333	646
7.797883333	633
7.808833333	666
7.819166667	657
7.829716667	620
7.84055	633
7.850816667	650
7.8609	616
7.870633333	605
7.881466667	584
7.892283333	650
7.903316667	649
7.915116667	662
7.9265	708
7.937183333	683
7.9489	641
7.959766667	703
7.97015	652
7.980816667	623
7.9913	640
8.001716667	629
8.0117	625
8.022	599
8.033116667	618
8.04345	667
8.0533	620
8.063266667	591
8.073516667	598
8.084433333	615
8.09545	655
8.1056	661
8.11595	609
8.126383333	621
8.136533333	626
8.146383333	609
8.156516667	591
8.1667	608
8.177133333	611
8.1875	626
8.197766667	622
8.208233333	616
8.218333333	628
8.228716667	606
8.239233333	623
8.249833333	631
8.260283333	636
8.270766667	627
8.280983333	629
8.291933333	613
8.302633333	657
8.31285	642
8.323066667	613
8.333716667	613
8.3441	639
8.354233333	623
8.364083333	608
8.374033333	591
8.384633333	597
8.394916667	636
8.40505	617
8.415566667	608
8.426416667	631
8.43725	651
8.447316667	650
8.457	604
8.466683333	581
8.476633333	581
8.486416667	597
8.496383333	587
8.506483333	598
8.51655	606
8.52665	604
8.536466667	606
8.546083333	589
8.556116667	577
8.566683333	602
8.576866667	634
8.586766667	611
8.59675	594
8.6064	599
8.616183333	579
8.6259	587
8.6356	583
8.64585	582
8.656366667	615
8.6665	631
8.677	608
8.68745	630
8.697266667	627
8.70715	589
8.717683333	593
8.728	632
8.737933333	619
8.747366667	596
8.757	566
8.766883333	578
8.7768	593
8.786683333	595
8.79665	593
8.806766667	598
8.817483333	607
8.827833333	643
8.838466667	621
8.8492	638
8.859633333	644
8.869283333	626
8.878716667	579
8.8882	566
8.897616667	569
8.907433333	565
8.917083333	589
8.926333333	579
8.9358	555
8.945483333	568
8.954716667	581
8.963633333	554
8.972716667	535
8.982166667	545
8.9923	567
9.002266667	608
9.012033333	598
9.022016667	586
9.03205	599
9.042166667	602
9.052016667	607
9.061633333	591
9.071416667	577
9.081066667	587
9.09085	579
9.100416667	587
9.1097	574
9.118466667	557
9.12735	526
9.13645	533
9.145566667	546
9.15455	547
9.16365	539
9.172766667	546
9.1817	547
9.190516667	536
9.199183333	529
9.2079	520
9.216766667	523
9.225916667	532
9.235133333	549
9.24415	553
9.253183333	541
9.26235	542
9.27175	550
9.28125	564
9.290366667	570
9.299383333	547
9.308366667	541
9.3174	539
9.3265	542
9.335433333	546
9.344233333	536
9.3532	528
9.362433333	538
9.3718	554
9.3809	562
9.38985	546
9.398866667	537
9.40815	541
9.417166667	557
9.425983333	541
9.434716667	529
9.443683333	524
9.452816667	538
9.461983333	548
9.470983333	550
9.47975	540
9.4887	526
9.497983333	537
9.5074	557
9.5167	565
9.5259	558
9.534766667	552
9.5437	532
9.5527	536
9.5617	540
9.57085	540
9.579883333	549
9.589	542
9.5981	547
9.60715	546
9.616133333	543
9.625166667	539
9.634433333	542
9.643816667	556
9.652866667	563
9.66185	543
9.670566667	539
9.679416667	523
9.688216667	531
9.696916667	528
9.705583333	522
9.714166667	520
9.723016667	515
9.731966667	531
9.74075	537
9.749533333	527
9.7585	527
9.767733333	538
9.776983333	554
9.785933333	555
9.794766667	537
9.80365	530
9.81255	533
9.82145	534
9.830133333	534
9.838766667	521
9.8475	518
9.856266667	524
9.8653	526
9.874233333	542
9.883033333	536
9.89175	528
9.900583333	523
9.909666667	530
9.918966667	545
9.928083333	558
9.937066667	547
9.946083333	539
9.95515	541
9.9642	544
9.9731	543
9.981733333	534
9.990316667	518
9.9989	515
10.00751667	515
10.01625	517
10.025	524
10.03355	525
10.04196667	513
10.05035	505
10.05871667	503
10.06725	502
10.07591667	512
10.08453333	520
10.09328333	517
10.10195	525
10.11071667	520
10.11991667	526
10.12911667	552
10.13821667	552
10.14696667	546
10.15568333	525
10.16463333	523
10.17363333	537
10.18235	540
10.19088333	523
10.19941667	512
10.20801667	512
10.21656667	516
10.22503333	513
10.23348333	508
10.24191667	507
10.2503	506
10.25881667	503
10.26765	511
10.27686667	530
10.28588333	553
10.29476667	541
10.30355	533
10.31215	527
10.32066667	516
10.3292	511
10.33783333	512
10.34678333	518
10.3556	537
10.36416667	529
10.37258333	514
10.38091667	505
10.38913333	500
10.3973	493
10.40551667	490
10.41391667	493
10.42258333	504
10.43148333	520
10.44006667	534
10.44848333	515
10.45685	505
10.46511667	502
10.47336667	496
10.48171667	495
10.49026667	501
10.49896667	513
10.50766667	522
10.51615	522
10.52448333	509
10.53271667	500
10.54091667	494
10.54906667	492
10.5573	489
10.56571667	494
10.57436667	505
10.58316667	519
10.59188333	528
10.60045	523
10.60893333	514
10.61738333	509
10.62588333	507
10.63453333	510
10.64338333	519
10.65253333	531
10.66141667	549
10.67006667	533
10.67853333	519
10.68693333	508
10.69528333	504
10.70365	501
10.7122	502
10.72081667	513
10.72941667	517
10.73781667	516
10.7462	504
10.75458333	503
10.76301667	503
10.77155	506
10.78031667	512
10.78928333	526
10.79828333	538
10.8071	540
10.81571667	529
10.82435	517
10.83298333	518
10.84155	518
10.85003333	514
10.85836667	509
10.86663333	500
10.87491667	496
10.88338333	497
10.89205	508
10.90081667	520
10.90948333	526
10.91806667	520
10.92653333	515
10.93495	508
10.94353333	505
10.95236667	515
10.96113333	530
10.96971667	526
10.97811667	515
10.98643333	504
10.99466667	499
11.00293333	494
11.0112	496
11.01941667	496
11.02755	493
11.0356	488
11.0436	483
11.05168333	480
11.05983333	485
11.06808333	489
11.07638333	495
11.08445	498
11.09241667	484
11.10043333	478
11.10848333	481
11.11665	483
11.1247	490
11.13283333	483
11.14106667	488
11.14918333	494
11.15725	487
11.16521667	484
11.17311667	478
11.18101667	474
11.18896667	474
11.19701667	477
11.20501667	483
11.21291667	480
11.2208	474
11.22881667	473
11.23688333	481
11.24498333	484
11.25301667	486
11.26098333	482
11.26893333	478
11.27693333	477
11.28495	480
11.293	481
11.30105	483
11.30911667	483
11.31715	484
11.32533333	482
11.33365	491
11.34195	499
11.35013333	498
11.35823333	491
11.3662	486
11.37415	478
11.38211667	477
11.39013333	478
11.39818333	481
11.40615	483
11.41396667	478
11.4217	469
11.42945	464
11.4372	465
11.44506667	465
11.45313333	472
11.46133333	484
11.46965	492
11.47775	499
11.48575	486
11.49366667	480
11.5016	475
11.5096	476
11.51758333	480
11.52543333	479
11.53323333	471
11.541	468
11.54878333	466
11.5566	467
11.56448333	469
11.57238333	473
11.58028333	474
11.5882	474
11.59623333	475
11.60451667	482
11.61306667	497
11.62168333	513
11.63008333	517
11.63836667	504
11.64655	497
11.65476667	491
11.66315	493
11.67171667	503
11.68031667	514
11.68863333	516
11.6968	499
11.70485	490
11.7128	483
11.72066667	477
11.72858333	472
11.73641667	475
11.74421667	470
11.752	468
11.75981667	467
11.76773333	469
11.77586667	475
11.78416667	488
11.79251667	498
11.80075	501
11.80881667	494
11.81688333	484
11.82495	484
11.8331	484
11.84135	489
11.84978333	495
11.85846667	506
11.86715	521
11.87566667	521
11.88393333	511
11.89206667	496
11.90008333	488
11.90803333	481
11.91598333	477
11.92403333	477
11.93226667	483
11.94065	494
11.94888333	503
11.95696667	494
11.96495	485
11.97293333	479
11.98086667	479
11.98883333	476
11.9968	478
12.00471667	478
12.01263333	475
12.02051667	475
12.02831667	473
12.03605	468
12.04381667	464
12.0516	466
12.05941667	467
12.06731667	469
12.07531667	474
12.08316667	480
12.09101667	471
12.09883333	471
12.10665	469
12.11456667	469
12.1226	475
12.13088333	482
12.13918333	497
12.14748333	498
12.15553333	498
12.16356667	483
12.17143333	482
12.17928333	472
12.18716667	471
12.19511667	473
12.20315	477
12.21116667	482
12.21906667	481
12.22696667	474
12.2348	474
12.24265	470
12.25055	471
12.25843333	474
12.26628333	473
12.27423333	471
12.2823	477
12.29043333	484
12.29845	488
12.30635	481
12.31418333	474
12.32196667	470
12.32973333	467
12.33746667	466
12.34523333	464
12.35308333	466
12.36085	471
12.36858333	466
12.37633333	464
12.38418333	465
12.39208333	471
12.40016667	474
12.40808333	485
12.41595	475
12.42383333	472
12.4319	473
12.44011667	484
12.44848333	493
12.45675	502
12.46483333	496
12.47278333	485
12.4807	477
12.48865	475
12.49665	477
12.50476667	480
12.51281667	487
12.52076667	483
12.52866667	477
12.53653333	474
12.54446667	472
12.55245	476
12.5606	479
12.56876667	489
12.57685	490
12.58476667	485
12.59268333	475
12.6006	475
12.60868333	475
12.61703333	485
12.6256	501
12.634	514
12.64218333	504
12.65031667	491
12.65855	488
12.66696667	494
12.67563333	505
12.68421667	520
12.69263333	515
12.70093333	505
12.70928333	498
12.71778333	501
12.72641667	510
12.7349	518
12.74323333	509
12.75146667	500
12.75981667	494
12.7682	501
12.77675	503
12.78511667	513
12.79341667	502
12.80155	498
12.8097	488
12.81796667	489
12.82635	496
12.8349	503
12.84336667	513
12.85166667	508
12.85988333	498
12.86811667	493
12.8764	494
12.88478333	497
12.89318333	503
12.90141667	504
12.90953333	494
12.91768333	487
12.92588333	489
12.9342	492
12.94265	499
12.95096667	507
12.95926667	499
12.96748333	498
12.97585	493
12.98423333	502
12.9927	503
13.00098333	508
13.00918333	497
13.0173	492
13.0254	487
13.03353333	486
13.04181667	488
13.05011667	497
13.05826667	498
13.06643333	489
13.07446667	490
13.08253333	482
13.09066667	484
13.0989	488
13.10733333	494
13.11586667	506
13.12415	512
13.13228333	497
13.14033333	488
13.14838333	483
13.15641667	483
13.1645	482
13.17276667	485
13.18091667	496
13.189	489
13.19698333	485
13.20496667	479
13.21295	479
13.22106667	479
13.22936667	487
13.23763333	498
13.24568333	496
13.25373333	483
13.2617	483
13.26966667	478
13.27785	478
13.28621667	491
13.2946	502
13.3027	503
13.3108	486
13.31881667	486
13.32688333	481
13.33498333	484
13.34316667	486
13.35118333	491
13.35913333	481
13.36703333	477
13.37488333	474
13.38265	471
13.3904	466
13.39826667	465
13.40631667	472
13.4144	483
13.42238333	485
13.43028333	479
13.4382	474
13.44623333	475
13.45435	482
13.46236667	487
13.47025	481
13.4781	473
13.48596667	471
13.49393333	472
13.50206667	478
13.51003333	488
13.51791667	478
13.52568333	473
13.53341667	466
13.54123333	464
13.54911667	469
13.55706667	473
13.5649	477
13.57263333	470
13.58038333	464
13.5882	465
13.59616667	469
13.6041	478
13.6119	476
13.61976667	468
13.62771667	472
13.6359	477
13.64413333	491
13.65223333	494
13.66021667	486
13.66816667	479
13.67613333	477
13.68425	478
13.69241667	487
13.70043333	490
13.70835	481
13.71621667	475
13.72403333	472
13.73195	469
13.73976667	475
13.7475	469
13.75525	464
13.76303333	465
13.77098333	467
13.77895	477
13.78681667	478
13.79463333	472
13.80251667	469
13.81041667	473
13.81835	474
13.8262	476
13.83408333	471
13.84205	473
13.85015	478
13.85831667	486
13.86641667	490
13.87448333	486
13.88266667	484
13.89096667	491
13.89933333	498
13.9077	502
13.91601667	502
13.92423333	499
13.93258333	493
13.94103333	501
13.94946667	507
13.95765	506
13.96578333	491
13.9739	488
13.9821	487
13.99871667	492
14.00685	0
14.01495	488
14.02305	486
14.03123333	486
14.0394	491
14.04761667	490
14.05578333	493
14.06381667	490
14.07186667	482
14.07993333	483
14.08806667	484
14.0962	488
14.10425	488
14.11226667	483
14.12041667	481
14.12865	489
14.13695	494
14.14513333	498
14.15331667	491
14.16145	491
14.1697	488
14.17801667	495
14.18616667	499
14.19428333	489
14.2024	487
14.21068333	487
14.21906667	497
14.22755	503
14.23583333	509
14.24406667	497
14.25223333	494
14.2605	490
14.26885	496
14.27728333	501
14.28561667	506
14.29385	500
14.30198333	494
14.31005	488
14.31821667	484
14.32655	490
14.33478333	500
14.34293333	494
14.35103333	489
14.359	486
14.36693333	478
14.37491667	476
14.383	479
14.39118333	485
14.39935	491
14.40745	490
14.4156	486
14.42373333	489
14.4318	488
14.43988333	484
14.4481	485
14.45628333	493
14.46418333	491
14.47216667	474
14.48003333	479
14.48795	472
14.4959	475
14.50366667	477
14.5115	466
14.51923333	470
14.52696667	464
14.5347	464
14.54251667	464
14.55045	469
14.5583	476
14.5661	471
14.57386667	468
14.5817	466
14.58956667	470
14.59758333	472
14.60555	481
14.61341667	478
14.62135	472
14.62931667	476
14.63736667	478
14.64555	483
14.6536	491
14.66155	483
14.66946667	477
14.67741667	475
14.68543333	477
14.6935	481
14.70156667	484
14.70951667	484
14.71746667	477
14.7255	477
14.73366667	482
14.7419	490
14.75021667	494
14.75835	499
14.76643333	488
14.77463333	485
14.78295	492
14.79131667	499
14.79963333	502
14.80786667	499
14.81598333	494
14.82413333	487
14.83226667	489
14.8405	488
14.84866667	494
14.8567	490
14.86471667	482
14.8727	481
14.88083333	479
14.88908333	488
14.89725	495
14.90536667	490
14.91336667	487
14.92136667	480
14.9294	480
14.9376	482
14.94585	492
14.9539	495
14.96188333	483
14.9698	479
14.97776667	475
14.98585	478
14.9941	485
15.00228333	495
15.01033333	491
15.0183	483
15.02621667	478
15.03413333	475
15.04213333	475
15.05025	480
15.05833333	487
15.06628333	485
15.07418333	477
15.08211667	474
15.09011667	476
15.09825	480
15.10636667	488
15.11438333	487
15.12236667	481
15.13033333	479
15.13833333	478
15.14635	480
15.1544	481
15.16233333	483
15.17018333	476
15.17796667	471
15.18566667	467
15.19343333	462
15.20123333	466
15.20893333	468
15.21663333	462
15.22431667	462
15.23215	461
15.24011667	470
15.24811667	478
15.25601667	480
15.26385	474
15.2718	470
15.2799	477
15.2882	486
15.29631667	498
15.30436667	487
15.31236667	483
15.32036667	480
15.32845	480
15.33651667	485
15.34435	484
15.35225	470
15.36	474
15.3677	465
15.37541667	462
15.38323333	463
15.39106667	469
15.3988	470
15.40646667	464
15.41415	460
15.42186667	461
15.42965	463
15.43755	467
15.44561667	474
15.45361667	484
15.46148333	480
15.4694	472
15.47741667	475
15.48568333	481
15.49425	496
15.50273333	514
15.51111667	509
15.51948333	503
15.528	502
15.53666667	511
15.54523333	520
15.55361667	514
15.56191667	503
15.57023333	498
15.57865	499
15.58721667	505
15.5956	514
15.60385	503
15.61215	495
15.62041667	498
15.62883333	496
15.6372	505
15.64536667	502
15.65361667	490
15.6618	495
15.6701	491
15.67853333	498
15.68691667	506
15.69508333	503
15.70335	490
15.71158333	496
15.71983333	494
15.72805	495
15.73613333	493
15.7442	485
15.75233333	484
15.76053333	488
15.76846667	492
15.77648333	476
15.7845	481
15.79271667	481
15.80095	493
15.80905	494
15.8171	486
15.82511667	483
15.83315	481
15.84111667	482
15.84898333	478
15.85676667	472
15.86446667	467
15.87213333	462
15.87986667	460
15.8877	464
15.8958	470
15.904	486
15.9123	492
15.92048333	498
15.92853333	491
15.93653333	483
15.94448333	480
15.95253333	477
15.96086667	483
15.96923333	500
15.9774	502
15.98545	490
15.99335	483
16.0012	474
16.009	471
16.01678333	468
16.02463333	467
16.0326	471
16.0405	478
16.04826667	474
16.05598333	466
16.06366667	463
16.07148333	461
16.07925	469
16.08695	466
16.09465	462
16.10241667	462
16.11023333	466
16.11808333	469
16.12593333	471
16.13368333	471
16.14145	465
16.14925	466
16.15718333	468
16.16513333	476
16.17301667	477
16.18083333	473
16.18861667	469
16.19643333	467
16.2043	469
16.21228333	472
16.22018333	479
16.228	474
16.23576667	469
16.24353333	466
16.25133333	466
16.25918333	468
16.267	471
16.27471667	469
16.28243333	463
16.29021667	463
16.29801667	467
16.30585	468
16.31356667	470
16.32126667	463
16.32898333	462
16.33681667	463
16.34473333	470
16.35253333	475
16.36031667	468
16.36808333	467
16.37583333	466
16.38358333	465
16.39136667	465
16.39921667	467
16.40713333	471
16.41495	475
16.4228	469
16.43061667	471
16.43853333	469
16.44645	475
16.45426667	475
16.46201667	469
16.46973333	465
16.47745	463
16.48518333	463
16.49303333	464
16.50078333	471
16.50845	465
16.51608333	460
16.52373333	458
16.53158333	459
16.53941667	471
16.54718333	470
16.55503333	466
16.56301667	471
16.5712	479
16.5792	491
16.58716667	480
16.59515	478
16.60325	479
16.6114	486
16.61943333	489
16.62738333	482
16.63536667	477
16.64353333	479
16.65173333	490
16.65983333	492
16.66786667	486
16.67598333	482
16.68408333	487
16.69216667	486
16.70021667	485
16.70823333	483
16.71633333	481
16.72446667	486
16.73246667	488
16.74035	480
16.74818333	473
16.75601667	470
16.76388333	470
16.77173333	472
16.77953333	471
16.78725	468
16.79505	463
16.80288333	468
16.81081667	470
16.81875	476
16.8266	476
16.83436667	471
16.84215	466
16.85003333	467
16.85803333	473
16.86595	480
16.8738	475
16.88156667	471
16.88926667	466
16.89698333	462
16.90481667	463
16.9127	470
16.92051667	473
16.92826667	469
16.93601667	465
16.94383333	465
16.95168333	469
16.95955	471
16.96743333	472
16.97538333	473
16.98351667	477
16.9917	488
16.99975	491
17.00771667	483
17.01571667	478
17.02376667	480
17.03188333	483
17.03991667	487
17.04783333	482
17.05561667	475
17.06331667	467
17.07096667	462
17.07863333	459
17.08638333	460
17.09411667	465
17.10178333	464
17.10931667	460
17.11678333	452
17.12423333	448
17.13165	447
17.1391	445
17.14665	447
17.15438333	453
17.1623	464
17.17015	475
17.17791667	471
17.18553333	466
17.19315	457
17.20078333	457
17.20845	458
17.21618333	460
17.22405	464
17.23198333	472
17.2399	476
17.24771667	475
17.25553333	469
17.2634	469
17.27131667	472
17.27928333	475
17.28733333	478
17.29526667	483
17.30313333	476
17.31095	472
17.31873333	469
17.32653333	467
17.3344	468
17.34238333	472
17.35031667	479
17.35816667	476
17.36593333	471
17.37368333	466
17.38146667	465
17.38925	467
17.39725	467
17.40533333	480
17.41348333	485
17.42176667	489
17.42993333	497
17.43796667	490
17.44586667	482
17.4537	474
17.4615	470
17.4693	468
17.4772	468
17.4929	474
17.50073333	0
17.5085	470
17.51626667	466
17.52401667	466
17.53178333	465
17.53978333	466
17.5478	480
17.55576667	481
17.5637	478
17.5716	476
17.5795	474
17.58741667	474
17.59556667	475
17.60385	489
17.61201667	497
17.61993333	490
17.62798333	475
17.63591667	483
17.64385	476
17.65176667	476
17.65973333	475
17.66785	478
17.67606667	487
17.68418333	493
17.69221667	487
17.70025	482
17.70825	482
17.71626667	480
17.72433333	481
17.73235	484
17.74031667	481
17.74821667	478
17.75608333	474
17.76398333	472
17.772	474
17.77998333	481
17.78791667	479
17.79575	476
17.80358333	470
17.81146667	470
17.81943333	473
17.82753333	478
17.83563333	486
17.8436	486
17.85153333	478
17.85945	476
17.86748333	475
17.87545	482
17.88335	478
17.89116667	474
17.89893333	469
17.90673333	466
17.91455	468
17.92241667	469
17.93021667	472
17.93798333	468
17.9458	466
17.95376667	469
17.9618	478
17.96976667	482
17.97765	478
17.98563333	473
17.99378333	479
18.00191667	489
18.00998333	488
18.01796667	484
18.02593333	479
18.03388333	478
18.04191667	477
18.0501	482
18.05825	491
18.06613333	489
18.0741	473
18.08198333	478
18.0899	473
18.09786667	475
18.10586667	478
18.1138	480
18.12166667	476
18.12951667	472
18.13745	471
18.14543333	476
18.15345	479
18.16133333	481
18.16915	473
18.17693333	469
18.1847	467
18.1926	466
18.2005	474
18.20835	474
18.21616667	471
18.22391667	469
18.23166667	465
18.23948333	465
18.2474	469
18.25535	475
18.26318333	477
18.27091667	470
18.27856667	464
18.28615	459
18.29368333	455
18.30123333	452
18.30886667	453
18.31648333	458
18.32405	457
18.3316	454
18.33915	453
18.34668333	453
18.35428333	452
18.36196667	456
18.3695	461
18.37706667	452
18.38463333	454
18.39218333	454
18.3999	453
18.40758333	463
18.41523333	461
18.42286667	459
18.43048333	458
18.4381	457
18.44576667	457
18.4535	460
18.46123333	464
18.46893333	464
18.47661667	462
18.48433333	461
18.49216667	463
18.50001667	470
18.50783333	471
18.51561667	469
18.52351667	467
18.5314	474
18.5392	473
18.54698333	468
18.55485	467
18.56281667	472
18.57091667	478
18.57891667	486
18.58686667	480
18.59476667	477
18.60273333	474
18.61075	478
18.6188	481
18.62676667	483
18.63465	478
18.64246667	473
18.65028333	469
18.65821667	469
18.66625	476
18.67423333	482
18.68211667	479
18.69005	473
18.69801667	476
18.70605	478
18.71411667	482
18.72213333	484
18.7301	481
18.73805	478
18.74606667	477
18.75423333	481
18.76248333	490
18.77063333	495
18.7787	489
18.78665	484
18.79458333	477
18.8025	476
18.81046667	475
18.81841667	478
18.82631667	477
18.83415	474
18.84196667	470
18.84978333	469
18.85768333	469
18.86565	474
18.87355	478
18.88138333	474
18.88921667	470
18.89705	470
18.90498333	470
18.9129	476
18.9207	475
18.92848333	468
18.93625	467
18.94405	466
18.9519	468
18.95968333	471
18.96745	467
18.97516667	466
18.9829	463
18.99066667	464
18.99851667	466
19.0063	471
19.01401667	467
19.02181667	463
19.02966667	468
19.03771667	471
19.04578333	483
19.05373333	484
19.06163333	477
19.0695	474
19.07738333	472
19.08531667	473
19.09328333	476
19.10116667	478
19.10893333	473
19.1167	466
19.12445	466
19.13218333	465
19.14001667	464
19.14785	470
19.15558333	470
19.1633	464
19.17103333	463
19.17873333	464
19.18656667	462
19.19445	470
19.20221667	473
19.21	466
19.21785	467
19.22581667	471
19.23386667	478
19.24186667	483
19.24978333	480
19.25766667	475
19.2656	473
19.27363333	476
19.28163333	482
19.28958333	480
19.29746667	477
19.3054	473
19.31341667	476
19.32141667	481
19.32933333	480
19.33723333	475
19.3452	474
19.35323333	478
19.3614	482
19.36945	490
19.37741667	483
19.38543333	478
19.39351667	481
19.40163333	485
19.40975	487
19.41776667	487
19.42573333	481
19.43371667	478
19.44176667	479
19.44971667	483
19.45761667	477
19.46551667	474
19.47346667	474
19.4815	477
19.48951667	482
19.4975	481
19.50545	479
19.51346667	477
19.52158333	481
19.52973333	487
19.53775	489
19.54573333	481
19.55371667	479
19.56175	479
19.56986667	482
19.57778333	487
19.58575	475
19.59368333	478
19.60166667	476
19.60958333	479
19.61746667	475
19.62535	473
19.63333333	473
19.64148333	479
19.64953333	489
19.65753333	483
19.66546667	480
19.67333333	476
19.68126667	472
19.68916667	476
19.69701667	474
19.70478333	471
19.71253333	466
19.72033333	465
19.72821667	468
19.73606667	473
19.74391667	471
19.75175	471
19.7596	470
19.76746667	471
19.77541667	472
19.78335	477
19.79123333	476
19.7992	473
19.80725	478
19.81526667	483
19.82318333	481
19.83111667	475
19.83915	476
19.8472	482
19.85518333	483
19.86306667	479
19.87091667	473
19.87876667	471
19.88658333	471
19.89451667	469
19.90238333	476
19.91018333	472
19.91793333	468
19.92566667	465
19.93341667	464
19.94126667	465
19.94908333	471
19.9568	469
19.9645	463
19.9722	462
19.97996667	462
19.98785	466
19.9956	473
20.00335	465
20.01105	465
20.01878333	462
20.02655	464
20.03438333	466
20.04216667	470
20.04988333	467
20.05758333	463
20.06535	462
20.07318333	466
20.08106667	470
20.08883333	473
20.09653333	466
20.10436667	462
20.11215	470
20.11983333	467
20.1277	461
20.13573333	472
20.14371667	482
20.15166667	479
20.1596	477
20.16768333	476
20.17591667	485
20.18418333	494
20.19228333	496
20.2004	486
20.20863333	487
20.21706667	494
20.22556667	506
20.23395	510
20.24225	503
20.25078333	498
20.25958333	512
20.2683	528
20.27681667	523
20.2854	511
20.2942	515
20.30303333	528
20.31165	530
20.32021667	517
20.32901667	514
20.33811667	528
20.34741667	546
20.35628333	558
20.36491667	532
20.37355	518
20.3823	518
20.39115	525
20.39963333	531
20.40803333	509
20.41653333	504
20.42518333	510
20.43405	519
20.44295	532
20.45206667	534
20.4612	547
20.47028333	548
20.47891667	545
20.48753333	518
20.49633333	517
20.50495	528
20.51345	517
20.52193333	510
20.5306	509
20.53936667	520
20.54783333	526
20.55635	508
20.56496667	511
20.57393333	517
20.58308333	538
20.59236667	549
20.60145	557
20.61021667	545
20.61896667	526
20.62795	525
20.6366	539
20.64521667	519
20.65396667	517
20.66293333	525
20.67166667	538
20.68031667	524
20.68923333	519
20.69821667	535
20.707	539
20.71578333	527
20.72451667	527
20.73356667	524
20.74278333	543
20.75188333	553
20.76066667	546
20.76955	527
20.77855	533
20.78766667	540
20.79673333	547
20.80545	544
20.81423333	523
20.82321667	527
20.83246667	539
20.8413	555
20.85003333	530
20.8591	524
20.86848333	544
20.87835	563
20.8878	592
20.89711667	567
20.90635	559
20.91596667	554
20.92518333	577
20.93425	553
20.94333333	544
20.95266667	545
20.96211667	560
20.97123333	567
20.9802	547
20.9893	538
20.99863333	546
21.00811667	560
21.01738333	569
21.02646667	556
21.03561667	545
21.0451	549
21.05445	569
21.06351667	561
21.07265	544
21.08196667	548
21.0911	559
21.10003333	548
21.10881667	536
21.11768333	527
21.1267	532
21.13578333	541
21.14498333	545
21.15391667	552
21.16285	536
21.1719	536
21.1812	543
21.19076667	558
21.20038333	574
21.20998333	577
21.21946667	576
21.22871667	569
21.23773333	555
21.24668333	541
21.25566667	537
21.26488333	539
21.27443333	553
21.28408333	573
21.29336667	579
21.30241667	557
21.31165	543
21.32103333	554
21.33051667	563
21.33976667	569
21.34873333	555
21.3576	538
21.3667	532
21.37608333	546
21.38526667	563
21.3943	551
21.4034	542
21.4128	546
21.42215	564
21.43113333	561
21.4401	539
21.4491	538
21.45831667	540
21.46721667	553
21.47615	534
21.48535	536
21.49455	552
21.50348333	552
21.51243333	536
21.52153333	537
21.53088333	546
21.54003333	561
21.54903333	549
21.55825	540
21.56766667	553
21.57698333	565
21.58615	559
21.59548333	550
21.60523333	560
21.61498333	585
21.62461667	585
21.63448333	578
21.64473333	592
21.65461667	615
21.66456667	593
21.67466667	597
21.6849	606
21.69456667	614
21.70426667	580
21.71418333	582
21.7241	595
21.73378333	595
21.74361667	581
21.75375	590
21.76366667	608
21.77345	595
21.7834	587
21.79348333	597
21.80311667	605
21.81281667	578
21.82268333	582
21.83205	592
21.84116667	562
21.85041667	547
21.85996667	555
21.86981667	573
21.8797	591
21.88923333	593
21.89878333	572
21.90836667	573
21.9176	575
21.92668333	554
21.93591667	545
21.94521667	554
21.95423333	558
21.96348333	541
21.97256667	555
21.98148333	545
21.99046667	535
21.99961667	539
22.00858333	549
22.01748333	538
22.02645	534
22.03541667	538
22.04441667	538
22.05331667	540
22.06213333	534
22.07105	529
22.08005	535
22.08885	540
22.09775	528
22.10691667	534
22.11608333	550
22.12523333	550
22.13478333	549
22.14431667	573
22.15383333	572
22.16363333	571
22.1733	588
22.18268333	580
22.19211667	563
22.20153333	566
22.2107	565
22.21983333	550
22.22903333	548
22.23805	552
22.24711667	541
22.25638333	544
22.26583333	556
22.2753	567
22.2845	568
22.29351667	552
22.30261667	541
22.3118	546
22.32101667	551
22.32998333	553
22.33895	538
22.34798333	538
22.3571	542
22.36636667	547
22.37566667	556
22.38486667	558
22.39426667	552
22.40386667	564
22.41325	576
22.42263333	563
22.43201667	563
22.44118333	563
22.4504	550
22.45961667	553
22.46875	553
22.47795	548
22.48715	552
22.49628333	552
22.50525	548
22.5142	538
22.52315	537
22.5321	537
22.5412	537
22.5502	546
22.55918333	540
22.56828333	539
22.57751667	546
22.587	554
22.5964	569
22.6054	564
22.6144	540
22.62321667	540
22.63196667	529
22.64063333	525
22.6495	520
22.65825	532
22.66695	525
22.67573333	522
22.68455	527
22.69346667	529
22.70253333	535
22.7114	544
22.72026667	532
22.72928333	532
22.73835	541
22.74731667	544
22.75645	538
22.76581667	548
22.77531667	562
22.78458333	570
22.79391667	556
22.80336667	560
22.81266667	567
22.82185	558
22.8312	551
22.84075	561
22.85006667	573
22.85928333	559
22.86871667	553
22.87823333	566
22.88776667	571
22.89701667	572
22.9061	555
22.91536667	545
22.9247	556
22.9339	560
22.94323333	552
22.95293333	560
22.96291667	582
22.97298333	599
22.98263333	604
22.992	579
23.00145	562
23.01108333	567
23.02053333	578
23.0298	567
23.03925	556
23.04868333	567
23.0579	566
23.06706667	553
23.07643333	550
23.0859	562
23.09525	568
23.10478333	561
23.11445	572
23.12416667	580
23.1342	583
23.14425	602
23.15398333	603
23.16358333	584
23.1734	576
23.18303333	589
23.1926	578
23.20225	574
23.21165	579
23.22086667	564
23.23016667	553
23.23943333	558
23.24855	556
23.25786667	547
23.26741667	559
23.2771	573
23.28696667	581
23.29653333	592
23.30588333	574
23.31535	561
23.32491667	568
23.3344	574
23.34398333	569
23.3539	575
23.36406667	595
23.37411667	610
23.38438333	603
23.39501667	616
23.40528333	638
23.41536667	616
23.42546667	605
23.43561667	606
23.44576667	609
23.4557	609
23.46545	596
23.47506667	585
23.4844	577
23.49355	560
23.50281667	549
23.51206667	556
23.52135	555
23.53095	557
23.541	576
23.55123333	603
23.5614	614
23.57176667	610
23.5823	622
23.5925	632
23.60268333	612
23.61275	611
23.62253333	604
23.63233333	587
23.64213333	588
23.65181667	588
23.66143333	581
23.67111667	577
23.68076667	581
23.69021667	579
23.69958333	567
23.709	562
23.7185	565
23.72813333	570
23.7376	578
23.74705	568
23.7568	567
23.7665	585
23.77618333	582
23.78593333	581
23.79571667	585
23.8056	587
23.8153	593
23.82491667	582
23.83466667	577
23.84435	585
23.85431667	581
23.86446667	598
23.87448333	609
23.88455	601
23.89483333	604
23.90488333	617
23.91495	603
23.92508333	604
23.93515	608
23.94503333	604
23.95498333	593
23.96501667	597
23.97518333	602
23.98523333	610
23.99505	603
24.00476667	589
24.0145	583
24.02411667	584
24.03363333	577
24.04313333	571
24.05288333	570
24.0625	585
24.07186667	577
24.08116667	562
24.09063333	558
24.10018333	568
24.10971667	573
24.1196	572
24.12946667	593
24.13933333	592
24.14958333	592
24.16026667	615
24.17088333	641
24.18101667	637
24.1911	608
24.2011	605
24.2108	600
24.22048333	582
24.22996667	581
24.2393	569
24.24863333	560
24.25815	560
24.26778333	571
24.27723333	578
24.28656667	567
24.29593333	560
24.30543333	562
24.31506667	570
24.32475	578
24.33445	581
24.34405	582
24.35338333	576
24.3626	560
24.3719	553
24.38118333	558
24.39066667	557
24.4003	569
24.4097	578
24.41911667	564
24.4287	565
24.43828333	575
24.44791667	575
24.45731667	578
24.46656667	564
24.47576667	555
24.48508333	552
24.49443333	559
24.5037	561
24.51301667	556
24.52241667	559
24.53203333	564
24.54173333	577
24.5514	582
24.56105	580
24.5707	579
24.58033333	579
24.59001667	578
24.59961667	581
24.60918333	576
24.61861667	574
24.62778333	566
24.63678333	550
24.64571667	540
24.65475	536
24.66391667	542
24.6731	550
24.68251667	551
24.69273333	565
24.70341667	613
24.71366667	641
24.7238	615
24.73431667	608
24.7448	631
24.75481667	629
24.76458333	601
24.7743	586
24.78378333	583
24.79323333	569
24.80246667	567
24.81161667	554
24.82066667	549
24.8296	543
24.83841667	536
24.8474	529
24.85633333	539
24.8653	536
24.87423333	538
24.88315	536
24.89218333	535
24.90143333	542
24.91058333	555
24.91956667	549
24.92851667	539
24.93745	537
24.9465	536
24.9556	543
24.96478333	546
24.97391667	551
24.98286667	548
24.99176667	537
25.00068333	534
25.00986667	535
25.019	551
25.02831667	548
25.03806667	559
25.04818333	585
25.05826667	607
25.06828333	605
25.07793333	601
25.08763333	579
25.0976	582
25.1072	598
25.11655	576
25.12571667	561
25.13485	550
25.14446667	548
25.15406667	577
25.16361667	576
25.17316667	573
25.18253333	573
25.19185	562
25.20126667	559
25.21055	565
25.2199	557
25.22931667	561
25.2386	565
25.24776667	557
25.25691667	550
25.26601667	549
25.27511667	546
25.2845	546
25.29386667	563
25.30336667	562
25.31301667	570
25.32261667	579
25.33223333	576
25.34205	577
25.3517	589
25.3612	579
25.37066667	570
25.38006667	568
25.38923333	564
25.39836667	550
25.40748333	548
25.41646667	547
25.4253	539
25.43398333	530
25.44265	521
25.45133333	520
25.45995	521
25.46861667	517
25.47745	520
25.4865	530
25.49576667	543
25.5052	556
25.51475	566
25.52455	573
25.53413333	588
25.54346667	575
25.55245	560
25.56125	539
25.57001667	528
25.57863333	526
25.58721667	517
25.59575	515
25.60425	512
25.61266667	510
25.62103333	505
25.6293	502
25.63748333	496
25.64568333	491
25.65383333	492
25.66193333	489
25.67008333	486
25.67855	489
25.6874	508
25.69696667	531
25.70715	574
25.7174	611
25.72783333	615
25.73918333	626
25.75151667	681
25.76335	740
25.77395	710
25.78438333	636
25.79476667	626
25.80476667	623
25.81435	600
25.82371667	575
25.83321667	562
25.84273333	570
25.85208333	571
25.86133333	561
25.8708	555
25.88083333	568
25.8913	602
25.9019	628
25.91196667	636
25.92193333	604
25.93175	598
25.94113333	589
25.95036667	563
25.95965	554
25.96878333	557
25.97781667	548
25.98686667	542
25.99603333	543
26.0054	550
26.01475	562
26.0241	561
26.03385	561
26.04406667	585
26.0543	613
26.06456667	614
26.07483333	616
26.08505	616
26.095	613
26.10511667	597
26.11558333	607
26.12611667	628
26.13645	632
26.14676667	620
26.15713333	619
26.16736667	622
26.17755	614
26.18791667	611
26.1983	622
26.2086	623
26.21911667	618
26.22961667	631
26.23991667	630
26.2499	618
26.2595	599
26.26915	576
26.27868333	579
26.28833333	572
26.29768333	579
26.307	561
26.31655	559
26.3267	573
26.33675	609
26.34668333	603
26.3568	596
26.36721667	607
26.37745	625
26.38758333	614
26.39768333	608
26.40745	606
26.41718333	586
26.42666667	584
26.43616667	569
26.44568333	570
26.45501667	571
26.46443333	560
26.47405	565
26.48406667	577
26.49405	601
26.5044	599
26.51531667	621
26.5263	655
26.53705	659
26.54815	645
26.55948333	666
26.57048333	680
26.58096667	660
26.59123333	629
26.6015	616
26.6117	616
26.62188333	612
26.6319	611
26.64163333	601
26.65128333	584
26.66135	579
26.67175	604
26.68293333	624
26.69473333	671
26.70693333	708
26.71835	732
26.73018333	685
26.7429	710
26.75476667	763
26.76693333	712
26.77896667	730
26.79025	722
26.80156667	677
26.81293333	679
26.82381667	682
26.8349	653
26.84591667	665
26.85706667	661
26.86853333	669
26.87968333	688
26.89061667	669
26.90215	656
26.9129	692
26.92351667	645
26.9342	637
26.9454	641
26.95636667	672
26.96731667	658
26.97861667	657
26.98965	678
27.00086667	662
27.01243333	673
27.02336667	694
27.03441667	656
27.0453	663
27.05623333	653
27.06671667	656
27.077	629
27.08733333	617
27.09736667	620
27.10708333	602
27.1169	583
27.12678333	589
27.13665	593
27.14665	592
27.15696667	600
27.16743333	619
27.17775	628
27.18803333	619
27.19881667	617
27.2093	647
27.21966667	629
27.23026667	622
27.2403	636
27.25016667	602
27.25996667	592
27.26966667	588
27.27955	582
27.2898	593
27.30003333	615
27.3103	614
27.32041667	616
27.33036667	607
27.34046667	597
27.3508	606
27.36113333	620
27.371	620
27.38088333	592
27.39113333	593
27.4014	615
27.41146667	616
27.42175	604
27.43243333	617
27.4427	641
27.45296667	616
27.46348333	616
27.47448333	631
27.48518333	660
27.49595	642
27.50715	646
27.51861667	672
27.52958333	688
27.54073333	658
27.55233333	669
27.5637	696
27.57446667	682
27.58543333	646
27.5968	658
27.60825	682
27.61915	687
27.63013333	654
27.64133333	659
27.65288333	672
27.66433333	693
27.67525	687
27.68625	655
27.69748333	660
27.70833333	674
27.71933333	651
27.73046667	660
27.74118333	668
27.75181667	643
27.7627	638
27.77496667	653
27.78645	736
27.79811667	689
27.81055	700
27.82298333	746
27.83465	746
27.84545	700
27.85646667	648
27.86781667	661
27.87905	681
27.88983333	674
27.9007	647
27.91118333	652
27.92163333	629
27.93188333	627
27.94175	615
27.95155	592
27.96198333	588
27.97303333	626
27.98383333	663
27.99546667	648
28.00841667	698
28.02095	777
28.0328	752
28.04455	711
28.05651667	705
28.06815	718
28.07936667	698
28.09048333	673
28.10176667	667
28.1129	677
28.12376667	668
28.13455	652
28.14556667	647
28.1568	661
28.16805	674
28.17946667	675
28.19148333	685
28.2033	721
28.21523333	709
28.22751667	716
28.23996667	737
28.25181667	747
28.26353333	711
28.27533333	703
28.28716667	708
28.2989	710
28.31078333	704
28.32245	713
28.3343	700
28.34638333	711
28.35881667	725
28.37105	746
28.38315	734
28.39543333	726
28.40756667	737
28.41901667	728
28.43063333	687
28.44238333	697
28.45396667	705
28.46595	695
28.47845	719
28.49016667	750
28.50271667	703
28.51516667	753
28.52698333	747
28.5386	709
28.55021667	697
28.56145	697
28.57318333	674
28.58495	704
28.5961	706
28.6073	669
28.61906667	672
28.63041667	706
28.64246667	681
28.65511667	723
28.66681667	759
28.67828333	702
28.68976667	688
28.70035	689
28.71085	635
28.7213	630
28.73156667	627
28.7417	616
28.7519	608
28.76225	612
28.7729	621
28.7836	639
28.79433333	642
28.80518333	644
28.81601667	651
28.82665	650
28.8371	638
28.84775	627
28.85838333	639
28.86918333	638
28.88031667	648
28.892	668
28.90345	701
28.91535	687
28.9275	714
28.93945	729
28.95103333	717
28.9627	695
28.974	700
28.98511667	678
28.9963	667
29.00706667	671
29.01768333	646
29.02828333	637
29.03923333	636
29.0498	657
29.06018333	634
29.0707	623
29.08156667	631
29.09278333	652
29.10438333	673
29.11601667	696
29.12673333	698
29.13721667	643
29.14745	629
29.15758333	614
29.16763333	608
29.17746667	603
29.18721667	590
29.19715	585
29.20708333	596
29.2169	596
29.22666667	589
29.23641667	586
29.24598333	585
29.2556	574
29.26538333	577
29.2754	587
29.28548333	601
29.2955	605
29.30536667	601
29.31525	592
29.32516667	593
29.33496667	595
29.34495	588
29.35515	599
29.36643333	612
29.37795	677
29.39055	691
29.40406667	756
29.4173	811
29.42953333	794
29.44171667	734
29.45398333	731
29.46585	736
29.47765	712
29.48928333	708
29.5007	698
29.5117	685
29.5226	660
29.53348333	654
29.54411667	653
29.5544	638
29.56495	617
29.57623333	633
29.58796667	677
29.59993333	704
29.61133333	718
29.62268333	684
29.63418333	681
29.64523333	690
29.65631667	663
29.6672	665
29.67788333	653
29.68818333	641
29.69808333	618
29.70786667	594
29.71795	587
29.72853333	605
29.74006667	635
29.7519	692
29.76368333	710
29.77506667	707
29.78673333	683
29.79861667	700
29.81048333	713
29.82216667	712
29.83391667	701
29.84566667	705
29.85721667	705
29.86836667	693
29.87921667	669
29.88946667	651
29.90001667	615
29.91128333	633
29.92233333	676
29.93365	663
29.94616667	679
29.9588	751
29.97103333	758
29.98338333	734
29.9954	741
30.00665	721
30.01791667	675
30.0293	676
30.04055	683
30.05156667	675
30.06266667	661
30.07425	666
30.08623333	695
30.0983	719
30.11006667	724
30.12175	706
30.1331	701
30.1445	681
30.15575	684
30.16693333	675
30.17805	671
30.1887	667
30.19903333	639
30.20921667	620
30.21926667	611
30.22925	603
30.23948333	599
30.2513	614
30.26425	709
30.27733333	777
30.29055	785
30.30261667	793
30.31465	724
30.32655	722
30.33825	714
30.34918333	702
30.36006667	656
30.37081667	653
30.38145	645
30.39205	638
30.40263333	636
30.41305	635
30.4234	625
30.43336667	621
30.44338333	598
30.45338333	601
30.46336667	600
30.47358333	599
30.48398333	613
30.49445	624
30.50558333	628
30.51618333	668
30.5277	636
30.53966667	691
30.55121667	718
30.56241667	693
30.57365	672
30.58496667	674
30.59625	679
30.60693333	677
30.61763333	641
30.62845	642
30.63918333	649
30.64983333	644
30.66013333	639
30.67065	618
30.68141667	631
30.69235	646
30.70313333	656
30.7139	647
30.72471667	646
30.73598333	649
30.74761667	676
30.75876667	698
30.77018333	669
30.78173333	685
30.79326667	693
30.8042	692
30.81513333	656
30.82601667	656
30.83633333	653
30.8467	619
30.85701667	622
30.86731667	619
30.87735	618
30.88733333	602
30.89706667	599
30.9067	584
30.91631667	578
30.92623333	577
30.93623333	595
30.94651667	600
30.95638333	617
30.96603333	592
30.97595	579
30.98716667	595
30.99838333	673
31.00935	673
31.02056667	658
31.03186667	673
31.0431	678
31.05381667	674
31.06443333	643
31.07491667	637
31.08503333	629
31.09511667	607
31.10528333	605
31.11568333	610
31.12615	624
31.13666667	628
31.14791667	631
31.15963333	675
31.17111667	703
31.18328333	689
31.19546667	730
31.20728333	731
31.21915	709
31.2309	712
31.24216667	705
31.2531	676
31.26381667	656
31.27453333	643
31.28496667	643
31.2955	626
31.30631667	632
31.31728333	649
31.32833333	658
31.33968333	663
31.35168333	681
31.36365	720
31.3757	718
31.38756667	723
31.39908333	712
31.40995	691
31.42088333	652
31.43196667	656
31.44236667	665
31.45306667	624
31.46406667	642
31.47483333	660
31.48545	646
31.4959	637
31.5063	627
31.51648333	624
31.52661667	611
31.53655	608
31.54618333	596
31.55585	578
31.56568333	580
31.57583333	590
31.58633333	609
31.5972	630
31.6084	652
31.61933333	672
31.63001667	656
31.64071667	641
31.65088333	642
31.66085	610
31.67073333	598
31.68055	593
31.6902	589
31.69958333	579
31.70881667	563
31.71798333	554
31.72741667	550
31.74055	566
31.75235	788
31.76386667	708
31.77478333	691
31.78506667	655
31.79561667	617
31.80601667	633
31.81635	624
31.82631667	620
31.83608333	598
31.84591667	586
31.8559	590
31.86563333	599
31.87515	584
31.88461667	571
31.8942	568
31.90398333	575
31.91368333	587
31.92385	582
31.93455	610
31.94531667	642
31.95591667	646
31.96718333	636
31.97883333	676
31.99	699
