0.01315	808
0.025983333	789
0.039066667	770
0.05235	785
0.0654	797
0.07835	783
0.091083333	777
0.103766667	764
0.1164	761
0.128733333	758
0.141233333	740
0.154233333	750
0.167516667	780
0.18055	797
0.193633333	782
0.207183333	785
0.2209	813
0.233733333	823
0.246166667	770
0.258866667	746
0.2721	762
0.285133333	794
0.298033333	782
0.3112	774
0.324616667	790
0.3377	805
0.350816667	785
0.36375	787
0.376633333	776
0.389083333	773
0.40165	747
0.4144	754
0.427333333	765
0.440016667	776
0.452833333	761
0.465833333	769
0.478483333	780
0.490533333	759
0.503033333	723
0.515566667	750
0.5276	752
0.5402	722
0.552966667	756
0.56555	766
0.57745	755
0.589416667	714
0.6013	718
0.6131	713
0.62425	708
0.6352	669
0.646583333	657
0.658516667	683
0.670183333	716
0.682316667	700
0.694683333	728
0.707116667	742
0.718716667	746
0.7297	696
0.740383333	659
0.751133333	641
0.7619	645
0.772616667	646
0.783383333	643
0.794016667	646
0.804816667	638
0.81555	648
0.826316667	644
0.836983333	646
0.84765	640
0.858	640
0.868383333	621
0.878816667	623
0.8894	626
0.900133333	635
0.910933333	644
0.9219	648
0.933033333	658
0.943916667	668
0.9546	653
0.965316667	641
0.976166667	643
0.987133333	651
0.998383333	658
1.009916667	675
1.021366667	692
1.032383333	687
1.043016667	661
1.053316667	638
1.063233333	618
1.072883333	595
1.082383333	579
1.09175	570
1.101133333	562
1.110533333	563
1.120033333	564
1.1295	570
1.139116667	568
1.148783333	577
1.158416667	580
1.168433333	578
1.17865	601
1.189133333	613
1.199583333	629
1.210183333	627
1.221	636
1.232166667	649
1.243266667	670
1.253916667	666
1.264533333	639
1.2748	637
1.28505	616
1.295883333	615
1.307283333	650
1.318733333	684
1.3302	687
1.341466667	688
1.352283333	676
1.36265	649
1.372566667	622
1.38215	595
1.391866667	575
1.401283333	583
1.410516667	565
1.41965	554
1.428633333	548
1.437866667	539
1.448083333	554
1.458183333	613
1.469116667	606
1.480833333	656
1.493166667	703
1.506283333	740
1.519583333	787
1.532483333	798
1.5454	774
1.558866667	775
1.573133333	808
1.586633333	856
1.59835	810
1.60955	703
1.621833333	672
1.634666667	737
1.64855	770
1.66265	833
1.676233333	846
1.689483333	815
1.70245	795
1.714766667	778
1.726366667	739
1.73735	696
1.748766667	659
1.760583333	685
1.77295	709
1.7859	742
1.798083333	777
1.810666667	731
1.823616667	755
1.836566667	777
1.848933333	777
1.860783333	742
1.8729	711
1.884933333	727
1.896883333	722
1.9079	717
1.919066667	661
1.930133333	670
1.941766667	664
1.9524	698
1.9635	638
1.974983333	666
1.986666667	689
1.997783333	701
2.009283333	667
2.0205	690
2.031066667	673
2.041666667	634
2.052616667	636
2.0632	657
2.073883333	635
2.084766667	641
2.096016667	653
2.107533333	675
2.118716667	691
2.130383333	671
2.14245	700
2.15495	724
2.167516667	750
2.1802	754
2.19305	761
2.205666667	771
2.217383333	757
2.227933333	703
2.238883333	633
2.250733333	657
2.263366667	711
2.2767	758
2.2895	800
2.301566667	768
2.313516667	724
2.32535	717
2.337116667	710
2.34885	706
2.360433333	704
2.372083333	695
2.383583333	699
2.39495	690
2.405366667	682
2.415783333	625
2.426066667	625
2.436483333	617
2.44695	625
2.457316667	628
2.4676	622
2.477633333	617
2.4874	602
2.497066667	586
2.50665	580
2.51635	575
2.52665	582
2.538266667	618
2.550416667	697
2.562633333	729
2.575	733
2.587366667	742
2.599683333	742
2.612	739
2.623716667	739
2.635116667	703
2.64575	684
2.65625	638
2.6666	630
2.676983333	621
2.687516667	623
2.698166667	632
2.709083333	639
2.719766667	655
2.729866667	641
2.739933333	606
2.750233333	604
2.760583333	618
2.77055	621
2.780666667	598
2.7916	607
2.8024	656
2.81455	648
2.825883333	729
2.83625	680
2.846583333	622
2.856683333	620
2.86655	606
2.876033333	592
2.885383333	569
2.8947	561
2.903966667	559
2.913966667	556
2.925183333	600
2.93645	673
2.947316667	676
2.9578	652
2.968116667	629
2.97835	619
2.988116667	614
2.99785	586
3.00765	584
3.017533333	588
3.02745	593
3.037216667	595
3.047166667	586
3.056883333	597
3.066916667	583
3.077666667	602
3.088866667	645
3.099166667	672
3.109566667	618
3.120433333	624
3.131716667	652
3.143383333	677
3.1555	700
3.166316667	727
3.177083333	649
3.188616667	646
3.2006	692
3.212666667	719
3.22455	724
3.236083333	713
3.247733333	692
3.258783333	699
3.269433333	663
3.279816667	639
3.290016667	623
3.3	612
3.309916667	599
3.319933333	595
3.329983333	601
3.340133333	603
3.350433333	609
3.360783333	618
3.371266667	621
3.381716667	629
3.392083333	627
3.402416667	622
3.4128	620
3.4232	623
3.433366667	624
3.443283333	610
3.4533	595
3.463933333	601
3.474766667	638
3.486283333	650
3.497616667	691
3.508966667	680
3.520166667	681
3.5311	672
3.541866667	656
3.552383333	646
3.562816667	631
3.57325	626
3.58375	626
3.593916667	630
3.603666667	610
3.613366667	585
3.62325	582
3.633283333	593
3.643583333	602
3.654066667	618
3.6645	629
3.675383333	626
3.6866	653
3.697683333	673
3.708816667	665
3.719766667	668
3.730783333	657
3.741566667	661
3.752083333	647
3.762633333	631
3.773066667	633
3.78345	626
3.793666667	623
3.8037	613
3.813616667	602
3.8237	595
3.833983333	605
3.844383333	617
3.855033333	624
3.865916667	639
3.876483333	653
3.886483333	634
3.896166667	600
3.905516667	581
3.914683333	561
3.923766667	550
3.932683333	545
3.941516667	535
3.951283333	530
3.963883333	586
3.9758	756
3.988083333	715
4.000716667	737
4.013583333	758
4.0268	772
4.040083333	793
4.0533	797
4.0664	793
4.079466667	786
4.09215	784
4.104783333	761
4.116666667	758
4.127633333	713
4.138083333	658
4.149033333	627
4.161066667	657
4.173616667	722
4.18515	753
4.196233333	692
4.208133333	665
4.220066667	714
4.2322	716
4.243916667	728
4.254783333	703
4.265616667	652
4.276483333	650
4.2875	652
4.298716667	661
4.309816667	673
4.321	666
4.332366667	671
4.3436	682
4.354383333	674
4.364933333	647
4.3755	633
4.386283333	634
4.397133333	647
4.407983333	651
4.4183	651
4.428466667	619
4.4386	610
4.449266667	608
4.460333333	640
4.471516667	664
4.482183333	671
4.493466667	640
4.505016667	677
4.516383333	693
4.527516667	682
4.539283333	668
4.550683333	706
4.561816667	684
4.572183333	668
4.582883333	622
4.593766667	642
4.605166667	653
4.616816667	684
4.62825	699
4.639983333	686
4.65165	704
4.6633	700
4.674383333	699
4.68565	665
4.6968	676
4.708083333	669
4.7188	677
4.729416667	643
4.739916667	637
4.750666667	630
4.761483333	645
4.77185	649
4.782233333	622
4.792366667	623
4.802333333	608
4.812183333	598
4.822216667	591
4.832633333	602
4.84315	625
4.85385	631
4.865333333	642
4.877033333	689
4.8884	702
4.89975	682
4.91115	681
4.92245	684
4.932866667	678
4.943116667	625
4.953133333	615
4.962883333	601
4.972516667	585
4.982183333	578
4.992083333	580
5.002266667	594
5.012233333	611
5.022283333	598
5.03235	603
5.042516667	604
5.053683333	610
5.065366667	670
5.077133333	701
5.089066667	706
5.100566667	716
5.111616667	690
5.122666667	663
5.133416667	663
5.143766667	645
5.153883333	621
5.1637	607
5.173266667	589
5.182666667	574
5.191966667	564
5.201	558
5.21	542
5.218883333	540
5.227733333	533
5.2365	531
5.245983333	526
5.256133333	569
5.26675	609
5.277416667	637
5.288433333	640
5.29975	661
5.311116667	679
5.322666667	682
5.3333	693
5.343533333	638
5.353483333	614
5.363433333	597
5.373383333	597
5.383233333	597
5.393166667	591
5.40325	596
5.413733333	605
5.42415	629
5.434533333	625
5.44465	623
5.455133333	607
5.465733333	629
5.476816667	636
5.488333333	665
5.499916667	691
5.511016667	695
5.52215	666
5.5331	668
5.54385	657
5.5542	645
5.564666667	621
5.5753	628
5.586233333	638
5.5977	656
5.60845	688
5.6188	645
5.629416667	621
5.640016667	637
5.650316667	636
5.66035	618
5.67	602
5.67945	579
5.6887	567
5.697833333	555
5.707166667	548
5.7176	560
5.72875	626
5.74055	669
5.752633333	708
5.764883333	725
5.776766667	735
5.787916667	713
5.798633333	669
5.809016667	643
5.819216667	623
5.8292	612
5.839266667	599
5.849716667	604
5.860566667	627
5.870933333	651
5.881116667	622
5.891366667	611
5.902016667	615
5.912783333	639
5.924416667	646
5.93555	698
5.946133333	668
5.956633333	635
5.96695	630
5.977066667	619
5.986983333	607
5.996766667	595
6.0064	587
6.015966667	578
6.02565	574
6.035383333	581
6.045183333	584
6.055066667	588
6.064716667	593
6.074083333	579
6.083416667	562
6.092866667	560
6.103133333	567
6.114216667	616
6.124733333	665
6.135866667	631
6.1477	668
6.160233333	710
6.172633333	752
6.18485	744
6.197566667	733
6.2105	763
6.223566667	776
6.23605	784
6.2487	749
6.261033333	759
6.273216667	740
6.284466667	731
6.296483333	675
6.308566667	721
6.320216667	725
6.331116667	699
6.343	654
6.355683333	713
6.368683333	761
6.381733333	780
6.39315	783
6.40445	685
6.41575	678
6.42695	678
6.438233333	672
6.449433333	677
6.460416667	672
6.47125	659
6.481933333	650
6.492166667	641
6.502516667	614
6.5125	621
6.522283333	599
6.531866667	587
6.541516667	575
6.551616667	579
6.56225	606
6.573266667	638
6.584316667	661
6.595666667	663
6.607116667	681
6.618683333	687
6.630366667	694
6.642033333	701
6.653833333	700
6.665633333	708
6.677383333	708
6.68915	705
6.7007	706
6.711866667	693
6.722566667	670
6.73365	642
6.745816667	665
6.758633333	730
6.7713	769
6.783116667	760
6.795383333	709
6.8078	736
6.8203	745
6.832683333	750
6.844616667	743
6.856066667	716
6.86745	687
6.87935	683
6.891233333	714
6.902883333	713
6.91415	699
6.924983333	676
6.936066667	650
6.946716667	665
6.957433333	639
6.968583333	643
6.9801	669
6.991966667	691
7.00425	712
7.015616667	737
7.026983333	682
7.038583333	682
7.05015	696
7.061416667	694
7.07295	676
7.084666667	692
7.09605	703
7.106766667	683
7.117633333	643
7.128416667	652
7.139166667	647
7.149866667	645
7.1606	642
7.170916667	644
7.1814	619
7.191883333	629
7.20225	629
7.212483333	622
7.223216667	614
7.233766667	644
7.244283333	633
7.254666667	631
7.265233333	623
7.27575	634
7.285983333	631
7.296183333	614
7.306616667	612
7.316766667	626
7.326983333	609
7.337316667	613
7.347883333	620
7.3586	634
7.36895	643
7.37925	621
7.3898	618
7.4003	633
7.410483333	630
7.420616667	611
7.43075	608
7.44095	608
7.45095	612
7.4607	600
7.4706	585
7.480766667	594
7.4909	610
7.500783333	608
7.511	593
7.521016667	613
7.53095	601
7.540833333	596
7.550633333	593
7.560733333	588
7.571	606
7.580966667	616
7.590833333	598
7.601116667	592
7.611533333	617
7.621766667	625
7.631883333	614
7.642033333	607
7.652516667	609
7.662733333	629
7.6726	613
7.682616667	592
7.692633333	601
7.702583333	601
7.712416667	597
7.722516667	590
7.732783333	606
7.743383333	616
7.753333333	636
7.76355	597
7.774	613
7.784316667	627
7.794316667	619
7.804583333	600
7.81475	616
7.82445	610
7.834	582
7.84345	573
7.853216667	567
7.863216667	586
7.87275	600
7.88255	572
7.89295	588
7.90335	624
7.913433333	624
7.923616667	605
7.93385	611
7.944416667	614
7.9549	634
7.965066667	629
7.9757	610
7.986483333	638
7.996933333	647
8.007516667	627
8.01835	635
8.028766667	650
8.038783333	625
8.04915	601
8.059716667	622
8.069883333	634
8.080033333	610
8.09035	609
8.100833333	619
8.111116667	629
8.120916667	617
8.130866667	588
8.1409	597
8.1508	602
8.160683333	594
8.17055	593
8.180783333	592
8.191133333	614
8.201	621
8.210766667	592
8.22035	586
8.230283333	575
8.2405	596
8.251016667	613
8.261266667	631
8.27205	615
8.28285	647
8.2936	648
8.30375	645
8.314133333	609
8.324866667	623
8.335733333	644
8.346133333	652
8.3571	624
8.368233333	658
8.37925	668
8.3897	661
8.399983333	627
8.410733333	617
8.42165	645
8.432266667	655
8.442816667	637
8.45365	633
8.464566667	650
8.475316667	655
8.486216667	645
8.497433333	654
8.508833333	673
8.51945	684
8.530133333	637
8.5412	641
8.5522	664
8.562883333	660
8.573766667	641
8.585133333	653
8.59605	682
8.6066	655
8.6179	633
8.629066667	678
8.639566667	670
8.650033333	630
8.66045	628
8.6711	625
8.681633333	639
8.692533333	632
8.70295	654
8.713333333	625
8.723266667	623
8.73305	596
8.742866667	587
8.752683333	589
8.762933333	589
8.77345	615
8.783583333	631
8.793616667	608
8.803833333	602
8.814066667	613
8.824383333	614
8.834333333	619
8.844583333	597
8.855183333	615
8.865566667	636
8.875716667	623
8.886366667	609
8.897166667	639
8.9076	648
8.917766667	626
8.928183333	610
8.9393	625
8.950416667	667
8.9608	667
8.971616667	623
8.982633333	649
8.993816667	661
9.004616667	671
9.015583333	648
9.0271	658
9.038166667	691
9.0487	664
9.059716667	632
9.070783333	661
9.082216667	664
9.093283333	686
9.104083333	664
9.115366667	648
9.126616667	677
9.1372	675
9.148416667	635
9.159433333	673
9.1705	661
9.181016667	664
9.192433333	631
9.20415	685
9.215016667	703
9.226783333	652
9.238683333	706
9.250266667	714
9.261483333	695
9.2734	673
9.285066667	715
9.2958	700
9.307033333	644
9.318266667	674
9.3292	674
9.339933333	656
9.3509	644
9.36205	658
9.372616667	669
9.384316667	634
9.396416667	702
9.40845	726
9.419833333	722
9.43075	683
9.441566667	655
9.452733333	649
9.4642	670
9.475233333	688
9.486466667	662
9.497716667	674
9.508816667	675
9.519666667	666
9.530716667	651
9.542066667	663
9.553616667	681
9.5648	693
9.576166667	671
9.5877	682
9.5993	692
9.610133333	696
9.621016667	650
9.63215	653
9.642966667	668
9.653183333	649
9.663116667	613
9.672966667	596
9.683066667	591
9.693833333	606
9.704733333	646
9.7153	654
9.726083333	634
9.73705	647
9.748216667	658
9.758666667	670
9.769433333	627
9.780483333	646
9.791133333	663
9.8017	639
9.812633333	634
9.823666667	656
9.834	662
9.84505	620
9.8564	663
9.867216667	681
9.877966667	649
9.889433333	645
9.900966667	688
9.911783333	692
9.9227	649
9.933883333	655
9.945233333	671
9.956033333	681
9.966783333	648
9.977516667	645
9.98855	644
9.99885	662
10.00943333	618
10.0203	635
10.03136667	652
10.0419	664
10.05286667	632
10.064	658
10.07478333	668
10.08545	647
10.09656667	640
10.10771667	667
10.11848333	669
10.12955	646
10.14061667	664
10.15173333	664
10.16238333	667
10.17331667	639
10.18426667	656
10.19493333	657
10.2051	640
10.21576667	610
10.2266	640
10.2369	650
10.24735	618
10.258	627
10.26835	639
10.27875	621
10.28903333	624
10.29936667	617
10.30948333	620
10.3197	607
10.3299	613
10.34038333	612
10.35033333	629
10.36061667	597
10.37126667	617
10.3821	639
10.3925	650
10.40346667	624
10.41496667	658
10.42598333	690
10.43626667	661
10.44708333	617
10.45793333	649
10.46826667	651
10.4786	620
10.48921667	620
10.49991667	637
10.51026667	642
10.52075	621
10.53146667	629
10.54246667	643
10.55346667	660
10.56385	660
10.57451667	623
10.5853	640
10.5961	647
10.6064	648
10.61675	618
10.62748333	621
10.63855	644
10.64901667	664
10.65943333	628
10.67023333	625
10.68116667	648
10.69185	656
10.7022	641
10.71241667	621
10.72268333	613
10.73315	616
10.74313333	628
10.75328333	599
10.76388333	609
10.7747	636
10.7852	649
10.7964	630
10.80763333	672
10.81855	674
10.8291	655
10.84	633
10.85096667	654
10.8618	658
10.87208333	650
10.88263333	617
10.89353333	633
10.90403333	654
10.91426667	630
10.92476667	614
10.93575	630
10.94671667	659
10.95711667	658
10.96771667	624
10.97838333	636
10.98883333	640
10.9989	627
11.00913333	604
11.0196	614
11.02973333	628
11.03973333	608
11.05005	600
11.06038333	619
11.07073333	620
11.08081667	621
11.0913	605
11.10205	629
11.11238333	645
11.1226	620
11.13315	613
11.14393333	633
11.15438333	647
11.16461667	627
11.17503333	614
11.18575	625
11.19673333	643
11.20708333	659
11.21763333	621
11.22831667	633
11.2389	641
11.24885	635
11.25895	597
11.26898333	606
11.27913333	602
11.28916667	609
11.29895	602
11.30911667	587
11.3198	610
11.33005	641
11.3402	615
11.35093333	609
11.36203333	644
11.37248333	666
11.38285	627
11.39376667	622
11.40491667	655
11.41591667	669
11.42671667	660
11.4375	648
11.44863333	647
11.45985	668
11.47033333	673
11.48076667	629
11.49131667	626
11.50225	633
11.51298333	656
11.52335	644
11.53416667	622
11.545	649
11.5561	650
11.56646667	666
11.57706667	622
11.58778333	636
11.59886667	643
11.6092	665
11.61956667	620
11.63028333	622
11.64135	643
11.65228333	664
11.66271667	656
11.67343333	626
11.68448333	643
11.69551667	663
11.7058	662
11.71601667	617
11.72651667	613
11.73738333	630
11.74781667	652
11.75883333	626
11.77035	661
11.78233333	691
11.79416667	719
11.80575	710
11.81773333	695
11.82986667	719
11.84126667	728
11.8529	684
11.86493333	698
11.8762	722
11.88716667	676
11.89913333	658
11.91098333	718
11.92218333	711
11.93316667	672
11.9445	659
11.9561	680
11.96773333	696
11.97846667	698
11.98965	644
12.00111667	671
12.01256667	688
12.02331667	687
12.03476667	645
12.046	687
12.05765	674
12.06875	699
12.07961667	666
12.09093333	652
12.10223333	679
12.11286667	678
12.12328333	638
12.1346	625
12.14605	679
12.15745	687
12.16875	684
12.18096667	678
12.19331667	733
12.20501667	741
12.21666667	702
12.22863333	699
12.24055	718
12.25188333	715
12.2634	680
12.27498333	691
12.28633333	695
12.29721667	681
12.30808333	653
12.31918333	652
12.33068333	666
12.34156667	690
12.35256667	653
12.36411667	660
12.37555	693
12.38625	686
12.39703333	642
12.408	647
12.41885	658
12.42968333	651
12.44005	650
12.45083333	622
12.4625	647
12.47378333	700
12.4847	677
12.49705	655
12.5095	741
12.52145	747
12.53266667	717
12.54505	673
12.55725	743
12.56846667	732
12.58008333	673
12.59178333	697
12.60353333	702
12.61453333	705
12.6253	660
12.63646667	646
12.64793333	670
12.6587	688
12.66945	646
12.6807	645
12.69178333	675
12.70246667	665
12.71298333	641
12.724	631
12.73525	661
12.74615	675
12.75661667	654
12.76773333	628
12.7792	667
12.79003333	688
12.80105	650
12.81285	661
12.82426667	708
12.8352	685
12.84623333	656
12.85726667	662
12.86816667	662
12.87876667	654
12.89006667	636
12.90155	678
12.91263333	689
12.92341667	665
12.93483333	647
12.94626667	685
12.95701667	686
12.96761667	645
12.97861667	636
12.98973333	660
13.0006	667
13.01125	652
13.02225	639
13.03331667	660
13.04416667	664
13.05466667	651
13.06555	630
13.07661667	653
13.0873	664
13.09811667	641
13.10925	649
13.12021667	668
13.13078333	658
13.14178333	634
13.15308333	660
13.1638	678
13.1741	643
13.18466667	618
13.19546667	634
13.20651667	648
13.21701667	663
13.2277	630
13.23915	641
13.25075	687
13.26186667	696
13.2728	667
13.2841	656
13.2956	678
13.30665	690
13.31798333	663
13.32925	680
13.34026667	676
13.35095	661
13.36196667	641
13.37323333	661
13.3845	676
13.39541667	676
13.40651667	655
13.41766667	666
13.42888333	669
13.43978333	673
13.45085	654
13.46198333	664
13.47311667	668
13.48386667	668
13.4951	645
13.50638333	674
13.51766667	677
13.52851667	677
13.53921667	651
13.55015	642
13.561	656
13.5715	651
13.58201667	630
13.59258333	631
13.60298333	634
13.6132	624
13.62313333	613
13.6331	596
13.6428	598
13.65255	582
13.66265	585
13.6732	606
13.6836	633
13.69371667	624
13.70388333	607
13.71425	610
13.72475	622
13.73481667	630
13.74488333	604
13.75508333	604
13.76526667	612
13.77505	611
13.78476667	587
13.7948	583
13.8052	602
13.81546667	624
13.82555	616
13.83598333	605
13.84683333	626
13.85743333	651
13.8677	636
13.87851667	616
13.88976667	649
13.90065	675
13.9112	653
13.92191667	633
13.93273333	643
13.94335	649
13.95353333	637
13.964	611
13.97448333	628
13.98518333	629
13.99538333	642
14.00576667	612
14.01648333	623
14.02703333	643
14.03723333	633
14.04753333	612
14.05796667	618
14.0685	626
14.07871667	632
14.08908333	613
14.09943333	622
14.10966667	621
14.11951667	614
14.12956667	591
14.13973333	603
14.14981667	610
14.15948333	605
14.16931667	580
14.1797	590
14.19021667	623
14.20023333	631
14.21038333	601
14.22105	609
14.23181667	640
14.24205	646
14.25246667	614
14.26293333	625
14.27351667	628
14.28375	635
14.29366667	614
14.30388333	595
14.31423333	613
14.32436667	621
14.33426667	608
14.34468333	594
14.35536667	625
14.36586667	641
14.37615	630
14.38661667	617
14.39753333	628
14.4084	655
14.41871667	652
14.42938333	619
14.44026667	640
14.45098333	653
14.4613	643
14.47181667	619
14.4824	631
14.49301667	635
14.50331667	637
14.51368333	618
14.52433333	622
14.53526667	639
14.54581667	656
14.55661667	633
14.5681	648
14.57945	689
14.59033333	681
14.60153333	653
14.61261667	672
14.62333333	665
14.63365	643
14.6439	619
14.65435	615
14.66481667	627
14.67515	628
14.68536667	620
14.69635	613
14.7081	659
14.71983333	705
14.73105	704
14.74258333	673
14.75438333	692
14.7662	708
14.77735	709
14.78823333	669
14.79971667	653
14.81093333	689
14.82188333	673
14.83236667	657
14.84336667	629
14.85453333	660
14.86556667	670
14.87601667	662
14.88675	627
14.89758333	644
14.90861667	650
14.91908333	662
14.92965	628
14.94035	634
14.9513	642
14.96195	657
14.97266667	639
14.98391667	643
14.99515	675
15.00585	674
15.01663333	642
15.02751667	647
15.03866667	653
15.04918333	669
15.05953333	631
15.06986667	621
15.08023333	620
15.09066667	622
15.10058333	626
15.11095	595
15.12168333	622
15.13211667	644
15.14248333	626
15.15378333	622
15.16521667	678
15.17613333	686
15.1867	655
15.19788333	634
15.20921667	671
15.22003333	680
15.23045	649
15.24123333	625
15.25206667	647
15.26251667	650
15.27286667	627
15.28353333	621
15.29461667	640
15.3054	665
15.31583333	647
15.32675	626
15.33765	655
15.34855	654
15.3593	654
15.37041667	645
15.38153333	667
15.3927	667
15.40315	670
15.4135	627
15.42406667	621
15.43496667	634
15.44538333	654
15.45555	625
15.46608333	610
15.47701667	632
15.48845	656
15.49966667	686
15.51031667	673
15.521	639
15.53181667	641
15.543	649
15.55405	671
15.56448333	663
15.57476667	626
15.5851	617
15.59558333	620
15.6062	629
15.61661667	637
15.62663333	625
15.63681667	601
15.6472	611
15.6579	623
15.66863333	642
15.6788	644
15.68938333	610
15.70013333	635
15.71085	645
15.72106667	643
15.73073333	613
15.74015	580
15.7497	565
15.75941667	573
15.76996667	583
15.78131667	633
15.79335	681
15.80558333	722
15.81756667	734
15.82888333	719
15.84088333	679
15.85258333	720
15.86406667	702
15.87508333	689
15.88628333	661
15.89731667	672
15.90841667	662
15.91888333	666
15.92888333	628
15.93888333	600
15.9489	600
15.95923333	601
15.96905	620
15.97898333	589
15.98956667	596
16.00026667	635
16.0104	642
16.0213	608
16.03266667	654
16.04376667	682
16.05428333	666
16.0659	631
16.07763333	697
16.0886	704
16.09926667	658
16.11036667	640
16.12171667	666
16.13248333	681
16.1433	646
16.15438333	649
16.16558333	665
16.17678333	672
16.18745	672
16.19846667	640
16.20978333	661
16.22075	679
16.23133333	658
16.24245	635
16.25381667	667
16.26488333	682
16.27535	664
16.28635	628
16.29751667	660
16.30868333	670
16.31935	670
16.33026667	640
16.34148333	655
16.35286667	673
16.36403333	683
16.37463333	670
16.3854	636
16.39643333	646
16.40741667	662
16.41791667	659
16.42836667	630
16.4389	627
16.4496	632
16.46011667	642
16.47003333	631
16.47976667	595
16.4897	584
16.50045	596
16.51148333	645
16.52213333	662
16.53321667	639
16.54533333	665
16.5576	727
16.56901667	736
16.58055	685
16.5926	692
16.60433333	723
16.61535	704
16.62651667	661
16.6381	670
16.64936667	695
16.65986667	676
16.6703	630
16.68095	626
16.69221667	639
16.70345	676
16.71486667	674
16.72661667	685
16.73865	705
16.75008333	722
16.76215	686
16.77441667	724
16.78635	736
16.7975	716
16.80886667	669
16.82055	682
16.83181667	701
16.84251667	676
16.85331667	642
16.86435	648
16.87535	662
16.8857	660
16.89615	621
16.90696667	627
16.91813333	649
16.92883333	670
16.93935	642
16.95035	631
16.96173333	660
16.97331667	683
16.98411667	695
16.99565	648
17.00718333	692
17.01818333	692
17.02901667	660
17.03978333	650
17.05066667	646
17.06163333	653
17.07201667	658
17.08273333	623
17.09355	643
17.1047	649
17.11491667	669
17.1251	613
17.13573333	611
17.14616667	638
17.15603333	626
17.16573333	592
17.17548333	582
17.18585	585
17.19675	622
17.20743333	654
17.21803333	641
17.2291	636
17.2404	664
17.25133333	678
17.2619	656
17.27285	634
17.28401667	657
17.29501667	670
17.30538333	660
17.31606667	622
17.32706667	641
17.33831667	660
17.34888333	675
17.35946667	634
17.37041667	635
17.38146667	657
17.39198333	663
17.40255	631
17.41326667	634
17.42411667	643
17.43465	651
17.44501667	632
17.45571667	622
17.46675	642
17.4773	662
17.48763333	633
17.49858333	620
17.50945	657
17.51988333	652
17.53005	626
17.54031667	610
17.55095	616
17.56245	638
17.57291667	690
17.58341667	628
17.5951	630
17.60658333	701
17.6179	689
17.62913333	679
17.64093333	674
17.65273333	708
17.6642	708
17.67526667	688
17.68701667	664
17.69871667	705
17.70976667	702
17.72068333	663
17.73206667	655
17.74336667	683
17.75418333	678
17.76475	649
17.77545	634
17.78645	642
17.79736667	660
17.80766667	655
17.81863333	618
17.82968333	658
17.84051667	663
17.8507	650
17.86123333	611
17.87248333	632
17.8833	675
17.8936	649
17.90445	618
17.91531667	651
17.92643333	652
17.93725	667
17.94821667	649
17.95946667	658
17.97125	675
17.9818	707
17.99265	633
18.004	651
18.01495	681
18.02558333	657
18.03615	638
18.04703333	634
18.05828333	653
18.06906667	675
18.07941667	647
18.09023333	621
18.10128333	649
18.1123	663
18.12281667	661
18.13408333	631
18.1457	676
18.15705	697
18.16776667	681
18.17891667	643
18.1906	669
18.2022	701
18.21295	696
18.22426667	645
18.23546667	679
18.24653333	672
18.25705	664
18.268	631
18.27891667	657
18.29011667	655
18.3007	672
18.31171667	635
18.32283333	661
18.33428333	667
18.34508333	687
18.35573333	648
18.36643333	639
18.37726667	642
18.3876	650
18.39803333	620
18.4087	626
18.41955	640
18.43036667	651
18.44078333	649
18.45155	625
18.46253333	646
18.47376667	659
18.48423333	674
18.49503333	628
18.50606667	648
18.5173	662
18.52778333	674
18.5388	629
18.55046667	661
18.56166667	700
18.57221667	672
18.58265	633
18.59296667	626
18.60358333	619
18.61438333	637
18.62446667	648
18.63478333	605
18.64505	619
18.65561667	616
18.66613333	634
18.67651667	631
18.68751667	623
18.69886667	660
18.70936667	681
18.7201	630
18.7313	644
18.74256667	672
18.75326667	676
18.76423333	642
18.77523333	658
18.78651667	660
18.79731667	677
18.80748333	648
18.81815	610
18.82893333	640
18.83956667	647
18.84986667	638
18.861	618
18.87243333	668
18.88356667	686
18.89428333	668
18.9059	643
18.91736667	697
18.9284	688
18.9392	662
18.95073333	648
18.96225	692
18.9733	691
18.98451667	663
18.99623333	673
19.00806667	703
19.01966667	710
19.03046667	696
19.04153333	648
19.05265	664
19.06353333	667
19.07381667	653
19.0844	617
19.095	635
19.10561667	636
19.11575	637
19.12588333	608
19.13643333	608
19.14675	633
19.15661667	619
19.16645	592
19.17615	590
19.1857	582
19.19543333	573
19.20543333	584
19.21618333	600
19.22678333	645
19.23688333	636
19.24703333	606
19.25743333	609
19.26818333	624
19.2788	645
19.28878333	637
19.299	599
19.30961667	613
19.32078333	637
19.3315	670
19.34223333	643
19.35346667	644
19.36505	674
19.37555	695
19.38651667	630
19.39806667	658
19.40948333	693
19.42006667	685
19.43121667	635
19.44235	669
19.45396667	668
19.46493333	697
19.47548333	658
19.4863	633
19.4973	649
19.50785	660
19.51815	633
19.5287	618
19.53943333	633
19.55016667	644
19.56035	644
19.57023333	611
19.58061667	593
19.59145	623
19.60273333	650
19.61315	677
19.62343333	625
19.63448333	617
19.64578333	663
19.65733333	678
19.66843333	693
19.67905	666
19.69038333	637
19.70155	680
19.71283333	670
19.72353333	677
19.7341	642
19.74483333	634
19.75551667	644
19.7661	641
19.77641667	635
19.78768333	619
19.79906667	676
19.81028333	683
19.82176667	673
19.83363333	689
19.84533333	712
19.85666667	702
19.86855	680
19.88038333	713
19.89205	710
19.90296667	700
19.91458333	655
19.92593333	697
19.93721667	681
19.94788333	677
19.95948333	640
19.9709	696
19.98206667	685
19.99325	670
20.0049	671
20.01636667	699
20.02703333	688
20.03883333	640
20.0502	708
20.06176667	682
20.07261667	694
20.0844	651
20.0962	707
20.10768333	708
20.11841667	689
20.12923333	644
20.14038333	649
20.15115	669
20.16163333	646
20.18203333	629
20.19221667	0
20.20245	611
20.2127	614
20.22285	615
20.23296667	609
20.24293333	607
20.25283333	598
20.26255	594
20.27205	583
20.29121667	570
20.30073333	0
20.31018333	571
20.31955	567
20.32915	562
20.33921667	576
20.34926667	604
20.35936667	603
20.36953333	606
20.37971667	610
20.38985	611
20.39995	608
20.40985	606
20.41971667	594
20.42945	592
20.43903333	584
20.4485	575
20.45796667	568
20.4675	568
20.47713333	572
20.48696667	578
20.49686667	590
20.50698333	594
20.51716667	607
20.52751667	611
20.53821667	621
20.54871667	642
20.55916667	630
20.56961667	627
20.5794	627
20.58898333	587
20.59838333	575
20.60765	564
20.61681667	556
20.626	550
20.63518333	551
20.64461667	551
20.65398333	566
20.6632	562
20.67226667	553
20.68133333	544
20.6905	544
20.6999	550
20.71001667	564
20.72075	607
20.73115	644
20.74206667	624
20.75305	655
20.76415	659
20.77523333	666
20.78626667	665
20.79731667	662
20.80853333	663
20.81955	673
20.83021667	661
20.84121667	640
20.85216667	660
20.86341667	657
20.87438333	675
20.88555	658
20.89685	670
20.90828333	678
20.91946667	686
20.93043333	671
20.94085	658
20.95105	625
20.96153333	612
20.9723	629
20.98286667	646
20.99348333	634
21.00413333	637
21.01528333	639
21.02673333	669
21.03793333	687
21.04916667	672
21.06045	674
21.07165	677
21.08301667	672
21.09425	682
21.1053	674
21.11615	663
21.12643333	651
21.13665	617
21.14723333	613
21.1579	635
21.16843333	640
21.17911667	632
21.1903	641
21.20133333	671
21.21193333	662
21.22223333	636
21.2329	618
21.24408333	640
21.25551667	671
21.26633333	686
21.27671667	649
21.28695	623
21.29716667	614
21.30713333	613
21.31703333	598
21.32666667	594
21.33623333	578
21.3457	574
21.3551	568
21.36515	564
21.37706667	603
21.38911667	715
21.40111667	723
21.41318333	720
21.42511667	724
21.43695	716
21.44871667	710
21.46055	706
21.47171667	710
21.4822	670
21.49268333	629
21.50385	629
21.51575	670
21.52795	714
21.53953333	732
21.55128333	695
21.56351667	705
21.57555	734
21.58703333	722
21.59911667	689
21.61156667	725
21.62391667	747
21.63643333	741
21.64913333	751
21.66205	762
21.67426667	775
21.68646667	733
21.6985	732
21.70968333	722
21.72136667	671
21.73275	701
21.74465	683
21.75596667	714
21.76706667	679
21.77835	666
21.78976667	677
21.80178333	685
21.81386667	721
21.82603333	725
21.83813333	730
21.84951667	726
21.86075	683
21.87163333	674
21.88273333	653
21.89393333	666
21.90456667	672
21.9157	638
21.9272	668
21.9389	690
21.95113333	702
21.96271667	734
21.97395	695
21.98526667	674
21.99663333	679
22.00815	682
22.01968333	691
22.03115	692
22.04228333	688
22.05333333	668
22.0638	663
22.0745	628
22.08548333	642
22.0968	659
22.10818333	679
22.11951667	683
22.13093333	680
22.14241667	685
22.15406667	689
22.16566667	699
22.17746667	696
22.1887	708
22.1998	674
22.21081667	666
22.2218	661
22.23261667	659
22.24298333	649
22.25295	622
22.26295	598
22.27331667	600
22.28413333	622
22.29488333	649
22.30568333	645
22.31628333	648
22.3268	636
22.33751667	631
22.3485	643
22.35963333	659
22.37061667	668
22.38188333	659
22.39313333	676
22.40458333	675
22.41551667	687
22.42658333	656
22.43753333	664
22.44855	657
22.45896667	661
22.46876667	625
22.47848333	588
22.48856667	583
22.5004	605
22.51313333	710
22.52646667	764
22.53948333	800
22.55293333	781
22.56653333	807
22.5804	816
22.59398333	832
22.60786667	815
22.62143333	833
22.63446667	814
22.64671667	782
22.65805	735
22.66876667	680
22.67918333	643
22.68995	625
22.70018333	646
22.71025	614
22.72013333	604
22.72983333	593
22.7394	582
22.74911667	574
22.75938333	583
22.77071667	616
22.78206667	680
22.79331667	681
22.80456667	675
22.81576667	675
22.827	672
22.83838333	674
22.85	683
22.8618	697
22.87361667	708
22.88551667	709
22.89693333	714
22.90745	685
22.91795	631
22.9289	630
22.94043333	657
22.95196667	692
22.96285	692
22.97363333	653
22.98451667	647
22.9955	653
23.00648333	659
23.01736667	659
23.0283	653
23.03923333	656
23.04996667	656
23.06063333	644
23.07128333	640
23.0818	639
23.09241667	631
23.10291667	637
23.11351667	630
23.12435	636
23.13538333	650
23.14608333	662
23.15661667	642
23.16731667	632
23.17795	642
23.18831667	638
23.19881667	622
23.20913333	630
23.21938333	619
23.22945	615
23.23971667	604
23.25006667	616
23.26046667	621
23.27075	624
23.28135	617
23.29188333	636
23.30251667	632
23.31276667	638
23.323	615
23.33306667	614
23.34286667	604
23.35278333	588
23.36263333	595
23.37246667	591
23.38221667	590
23.39195	585
23.40151667	584
23.41123333	574
23.4208	583
23.43036667	574
23.43986667	574
23.44925	570
23.4588	563
23.46848333	573
23.47803333	581
23.4874	573
23.49665	562
23.50581667	555
23.51488333	550
23.5239	544
23.53278333	541
23.54175	533
23.55071667	538
23.55976667	538
23.56905	543
23.5784	557
23.58788333	561
23.5972	569
23.60635	559
23.61543333	549
23.62461667	545
23.6337	551
23.64296667	545
23.65243333	556
23.66188333	568
23.67128333	567
23.68063333	564
23.69005	561
23.69986667	565
23.71033333	589
23.72001667	628
23.72975	581
23.73936667	584
23.74936667	577
23.7592	600
23.76978333	590
23.78055	635
23.79181667	646
23.80296667	676
23.8142	669
23.82491667	674
23.83535	643
23.8455	626
23.85533333	609
23.86498333	590
23.87451667	579
23.88381667	572
23.89288333	558
23.90188333	544
23.91083333	540
23.91981667	537
23.92981667	539
23.94066667	600
23.9518	651
23.96341667	668
23.97525	697
23.9872	710
23.99931667	717
24.01031667	727
24.0206	660
24.03081667	617
24.04131667	613
24.05368333	630
24.06611667	742
24.0782	746
24.08951667	725
24.101	679
24.11258333	689
24.12431667	695
24.13586667	704
24.14793333	693
24.15925	724
24.1711	679
24.18281667	711
24.19475	703
24.20636667	716
24.21793333	697
24.22935	694
24.24025	685
24.25141667	654
24.26303333	670
24.27536667	697
24.28795	740
24.3004	755
24.31193333	747
24.3244	692
24.33708333	748
24.34983333	761
24.3622	765
24.37346667	742
24.38496667	676
24.39668333	690
24.4088	703
24.4215	727
24.43408333	762
24.44681667	755
24.45956667	764
24.47233333	765
24.48411667	766
24.49596667	707
24.50755	711
24.51905	695
24.52975	690
24.54021667	642
24.55055	628
24.56061667	620
24.5705	604
24.58083333	593
24.5917	620
24.60305	652
24.61476667	681
24.62655	703
24.6386	707
24.65053333	723
24.6623	716
24.67401667	706
24.68501667	703
24.696	660
24.70708333	659
24.71835	665
24.7301	676
24.74163333	705
24.75295	692
24.76448333	679
24.77626667	692
24.78805	707
24.79978333	707
24.81135	704
24.82341667	694
24.83556667	724
24.84743333	729
24.85881667	712
24.87055	683
24.88235	704
24.89391667	708
24.90533333	694
24.91715	685
24.92908333	709
24.94071667	716
24.95176667	698
24.96316667	663
24.97456667	684
24.98608333	684
24.99745	691
25.00908333	682
25.02083333	698
25.03266667	705
25.0435	710
25.05421667	650
25.06478333	643
25.07521667	634
25.08535	626
25.09526667	608
25.10476667	595
25.114	570
25.12313333	554
25.13298333	548
25.14388333	591
25.15565	654
25.16781667	706
25.18041667	730
25.19273333	756
25.20608333	739
25.2202	801
25.23501667	847
25.24985	889
25.2648	890
25.27956667	897
25.29415	886
25.30856667	875
25.3234	865
25.33796667	890
25.35165	874
25.36543333	821
25.37883333	827
25.39123333	804
25.40293333	744
25.41463333	702
25.42665	702
25.4377	721
25.44896667	663
25.46056667	676
25.47275	696
25.48476667	731
25.49661667	721
25.50931667	711
25.52228333	762
25.535	778
25.54751667	763
25.56031667	751
25.57295	768
25.58496667	758
25.59706667	721
25.60931667	726
25.62183333	735
25.6336	751
25.6452	706
25.65686667	696
25.66858333	700
25.68021667	703
25.69131667	698
25.70285	666
25.71433333	692
25.7262	689
25.73811667	712
25.75048333	715
25.76308333	742
25.77596667	756
25.78848333	773
25.80103333	751
25.81375	753
25.82651667	763
25.83913333	766
25.85161667	757
25.86433333	749
25.87721667	763
25.88966667	773
25.9015	747
25.91343333	710
25.92565	716
25.93746667	733
25.9493	709
25.9614	710
25.97363333	726
25.98611667	734
25.99796667	749
26.00996667	711
26.02211667	720
26.03411667	729
26.0456	720
26.05733333	689
26.06903333	704
26.08051667	702
26.09165	689
26.10263333	668
26.11376667	659
26.12476667	668
26.13506667	660
26.14531667	618
26.15528333	615
26.16525	598
26.17593333	598
26.18748333	641
26.19933333	693
26.21085	711
26.22286667	691
26.2351	721
26.24693333	734
26.25905	710
26.2712	727
26.28321667	729
26.29543333	721
26.30773333	733
26.31965	738
26.33123333	715
26.34223333	695
26.35366667	660
26.3646	686
26.37485	656
26.38561667	615
26.39633333	646
26.40791667	643
26.42005	695
26.43218333	728
26.4445	728
26.45671667	739
26.46865	733
26.4804	716
26.49195	705
26.51371667	693
26.52436667	0
26.53501667	639
26.54556667	639
26.55595	633
26.56631667	623
26.57665	622
26.587	620
26.5972	621
26.6074	612
26.6175	612
26.62748333	606
26.63728333	599
26.6468	588
26.65621667	571
26.66558333	565
26.67473333	562
26.68375	549
26.69261667	541
26.70138333	532
26.71018333	526
26.71933333	528
26.72896667	549
26.73878333	578
26.74848333	589
26.75796667	582
26.76745	569
26.77688333	569
26.78626667	566
26.79566667	563
26.80518333	564
26.8152	571
26.82546667	601
26.83578333	616
26.84616667	619
26.85666667	623
26.8674	630
26.8779	644
26.88795	630
26.89863333	603
26.91045	641
26.92278333	709
26.93503333	740
26.9465	735
26.95863333	688
26.97175	728
26.98545	787
26.99928333	822
27.01231667	830
27.0257	782
27.03908333	803
27.05231667	803
27.06456667	794
27.07608333	735
27.0879	691
27.1001	709
27.11216667	732
27.12443333	724
27.13598333	736
27.14716667	693
27.15851667	671
27.16968333	681
27.18026667	670
27.19055	635
27.20088333	617
27.21156667	620
27.22286667	641
27.23396667	678
27.24525	666
27.25696667	677
27.26896667	703
27.28096667	720
27.2924	720
27.30413333	686
27.3158	704
27.32716667	700
27.33788333	682
27.34915	643
27.36106667	676
27.37323333	715
27.38545	730
27.39776667	733
27.41046667	739
27.42338333	762
27.43618333	775
27.44866667	768
27.46136667	749
27.4741	762
27.48691667	764
27.4991	769
27.5113	731
27.5235	732
27.53613333	732
27.54931667	758
27.56236667	791
27.57605	783
27.58985	821
27.60378333	828
27.6176	836
27.63115	829
27.64378333	813
27.65575	758
27.6679	718
27.68023333	729
27.69216667	740
27.70383333	716
27.7152	700
27.72693333	682
27.73833333	704
27.7496	684
27.761	676
27.77263333	684
27.78455	698
27.79595	715
27.80743333	684
27.81898333	689
27.83076667	693
27.84251667	707
27.85463333	705
27.8664	727
27.87788333	706
27.88951667	689
27.90135	698
27.9133	710
27.92436667	717
27.93538333	664
27.9464	661
27.95731667	661
27.96853333	655
27.97955	673
27.9902	661
28.00058333	639
28.01101667	623
28.02156667	626
28.0318	633
28.0421	614
28.05278333	618
28.0637	641
28.07553333	655
28.08728333	710
28.09843333	705
28.1089	669
28.11941667	628
28.1298	631
28.14021667	623
28.1506	625
28.16073333	623
28.1707	608
28.18083333	598
28.19116667	608
28.20216667	620
28.2133	660
28.22531667	668
28.23726667	721
28.24906667	717
28.26046667	708
28.27195	684
28.28323333	689
28.2943	677
28.30486667	664
28.31508333	634
28.3253	613
28.33548333	613
28.34546667	611
28.3554	599
28.36531667	596
28.37515	595
28.38506667	590
28.39515	595
28.4054	605
28.4155	615
28.42551667	606
28.43556667	601
28.4458	603
28.45685	614
28.46826667	663
28.47991667	685
28.49183333	699
28.50395	715
28.51596667	727
28.52788333	721
28.53985	715
28.55163333	718
28.56318333	707
28.57453333	693
28.5852	681
28.59561667	640
28.60666667	625
28.6189	663
28.63143333	734
28.64391667	752
28.65603333	749
28.66856667	727
28.68095	752
28.6932	743
28.70491667	735
28.71591667	703
28.72693333	660
28.7381	661
28.74928333	670
28.76011667	671
28.77148333	650
28.78266667	682
28.79423333	671
28.80548333	694
28.81638333	675
28.82745	654
28.83885	664
28.85018333	684
28.86165	680
28.87383333	688
28.88591667	731
28.89766667	725
28.90911667	705
28.91976667	687
28.93026667	639
28.94086667	630
28.95173333	636
28.96293333	652
28.97415	672
28.98608333	673
28.99778333	716
29.00961667	702
29.02046667	710
29.03121667	651
29.04231667	645
29.05415	666
29.0662	710
29.078	723
29.0894	708
29.10051667	684
29.11103333	667
29.12173333	631
29.1324	642
29.14348333	640
29.15438333	665
29.16538333	654
29.17606667	660
29.18695	641
29.19795	653
29.20905	660
29.22028333	666
29.23098333	674
29.24156667	642
29.25236667	635
29.26358333	648
29.27496667	673
29.28616667	683
29.29711667	672
29.30776667	657
29.3181	639
29.32828333	620
29.33838333	611
29.34826667	606
29.35811667	593
29.36811667	591
29.37815	600
29.38785	602
29.39761667	582
29.40745	586
29.41745	590
29.42786667	600
29.43843333	625
29.44948333	634
29.4607	663
29.47206667	673
29.4832	682
29.49368333	668
29.5043	629
29.51486667	637
29.5257	634
29.53626667	650
29.54641667	634
29.55626667	609
29.56595	591
29.57563333	581
29.58546667	581
29.59683333	590
29.60816667	682
29.6192	680
29.62975	662
29.64001667	633
29.65036667	616
29.66225	621
29.67415	713
29.68498333	714
29.69645	650
29.70826667	688
29.72003333	709
29.73173333	706
29.74338333	702
29.75478333	699
29.76586667	684
29.77685	665
29.78768333	659
29.79813333	650
29.80805	627
29.81768333	595
29.82723333	578
29.83693333	573
29.84743333	582
29.85895	630
29.87043333	691
29.88235	689
29.8942	715
29.90603333	711
29.91775	710
29.9293	703
29.94066667	693
29.952	682
29.9635	680
29.97485	690
29.98611667	681
29.99761667	676
30.00948333	690
30.02173333	712
30.03385	735
30.04535	727
30.05728333	690
30.06938333	716
30.08146667	726
30.09353333	725
30.10495	724
30.11623333	685
30.12753333	677
30.1393	678
30.15123333	706
30.16288333	716
30.17456667	699
30.18623333	701
30.1972	700
30.2078	658
30.21835	636
30.22936667	633
30.24055	661
30.25123333	671
30.2622	641
30.27348333	658
30.2852	677
30.29693333	703
30.30921667	704
30.32198333	737
30.33526667	766
30.34836667	797
30.36161667	786
30.37448333	795
30.38658333	772
30.3986	726
30.41033333	721
30.4221	704
30.43395	706
30.44556667	711
30.45711667	697
30.46868333	693
30.48046667	694
30.49253333	707
30.50463333	724
30.51716667	726
30.52976667	752
30.54236667	756
30.55431667	756
30.56631667	717
30.57823333	720
30.59006667	715
30.6018	710
30.61353333	704
30.62461667	704
30.63555	665
30.64623333	656
30.65688333	641
30.6677	639
30.6787	649
30.68998333	660
30.70115	677
30.71243333	670
30.72393333	677
30.73535	690
30.74696667	685
30.75865	697
30.77055	701
30.78263333	714
30.79465	725
30.8065	721
30.81845	711
30.8306	717
30.84266667	729
30.85376667	724
30.86468333	666
30.8753	655
30.88596667	637
30.89666667	640
30.90733333	642
30.91768333	640
30.92795	621
30.9382	616
30.9486	615
30.95891667	624
30.9693	619
30.97978333	623
30.99003333	629
31.0001	615
31.01005	604
31.02013333	597
31.0303	605
31.04035	610
31.05006667	603
31.05983333	583
31.06951667	586
31.07905	581
31.08871667	572
31.0991	580
31.11063333	623
31.12225	692
31.13406667	697
31.14576667	709
31.15711667	702
31.16756667	681
31.17806667	627
31.18846667	630
31.19868333	624
31.20891667	613
31.21941667	614
31.23	630
31.2399	635
31.24953333	594
31.25913333	578
31.26911667	576
31.27915	599
31.28975	602
31.30045	636
31.31101667	642
31.32156667	634
31.3321	633
31.34223333	632
31.35241667	608
31.36243333	611
31.37271667	601
31.38275	617
31.39268333	602
31.40285	596
31.41375	610
31.42551667	654
31.43743333	706
31.44906667	715
31.46123333	698
31.47375	730
31.48596667	751
31.49701667	733
31.5089	663
31.52088333	713
31.53325	719
31.54506667	742
31.55746667	709
31.56953333	744
31.58166667	724
31.59355	728
31.6055	713
31.61713333	717
31.62881667	698
31.64081667	701
31.65263333	720
31.66483333	709
31.67731667	732
31.68946667	749
31.70061667	729
31.71191667	669
31.7231	678
31.73478333	671
31.74598333	701
31.757	672
31.76828333	661
31.77998333	677
31.79236667	702
31.80445	743
31.81578333	725
31.82698333	680
31.83838333	672
31.8499	684
31.8616	691
31.87328333	702
31.88518333	701
31.89711667	714
31.90891667	716
31.92071667	708
31.93263333	708
31.94446667	715
31.95653333	710
31.96826667	724
31.98001667	704
31.9919	705
