0.01225	726
0.02465	735
0.0367	744
0.048516667	723
0.0604	709
0.072433333	713
0.084283333	722
0.096533333	711
0.109133333	735
0.121916667	756
0.134116667	767
0.146766667	732
0.159433333	759
0.17215	760
0.18455	763
0.196516667	744
0.20895	718
0.221483333	746
0.233633333	752
0.2454	729
0.257083333	706
0.26905	701
0.28115	718
0.2931	726
0.305366667	717
0.3179	736
0.330216667	752
0.3422	739
0.354383333	719
0.366816667	731
0.378916667	746
0.390866667	726
0.4032	717
0.415916667	740
0.42845	763
0.440566667	752
0.453133333	727
0.465883333	754
0.478616667	765
0.49085	764
0.502983333	734
0.515016667	728
0.527316667	722
0.539433333	738
0.551316667	727
0.56345	713
0.575716667	728
0.5881	736
0.600216667	743
0.61255	727
0.624883333	740
0.6372	740
0.649233333	739
0.661333333	722
0.673433333	726
0.684766667	726
0.696466667	680
0.70845	702
0.7205	719
0.732516667	723
0.744516667	721
0.7565	720
0.768633333	719
0.78015	728
0.79175	691
0.8036	696
0.815666667	711
0.827583333	724
0.83915	715
0.850766667	694
0.8626	697
0.874183333	710
0.88605	695
0.89795	712
0.91	714
0.921833333	723
0.933483333	710
0.945266667	699
0.9572	707
0.968766667	716
0.9806	694
0.99265	710
1.004666667	723
1.016333333	721
1.028566667	700
1.040866667	734
1.0532	738
1.0651	740
1.077366667	714
1.089716667	736
1.101833333	741
1.113866667	727
1.126183333	722
1.13835	739
1.150266667	730
1.1618	715
1.173766667	692
1.18555	718
1.196866667	707
1.208283333	679
1.2202	685
1.232433333	715
1.244683333	734
1.2567	735
1.269016667	721
1.281333333	739
1.293433333	739
1.305083333	726
1.3171	699
1.329283333	721
1.3412	731
1.3528	715
1.364866667	696
1.376966667	724
1.388416667	726
1.399716667	687
1.464233333	678
1.474633333	0
1.489916667	624
1.492633333	0
1.548716667	0
1.559466667	0
1.5701	645
1.580433333	638
1.590483333	620
1.6004	603
1.610383333	595
1.620466667	599
1.630666667	605
1.641216667	612
1.651616667	633
1.66215	624
1.672583333	632
1.683016667	626
1.6935	626
1.703816667	629
1.714133333	619
1.72445	619
1.735016667	619
1.746083333	634
1.75725	664
1.768183333	670
1.778983333	656
1.789516667	648
1.80005	632
1.810533333	632
1.821116667	629
1.8318	635
1.8425	641
1.853033333	642
1.863433333	632
1.873666667	624
1.88365	614
1.893666667	599
1.90345	601
1.9133	587
1.923266667	591
1.933416667	598
1.943733333	609
1.954166667	619
1.964616667	626
1.9753	627
1.986033333	641
1.9967	644
2.007483333	640
2.018266667	647
2.02905	647
2.039783333	647
2.0503	644
2.064916667	631
2.081133333	0
2.130333333	0
2.139666667	0
2.1488	560
2.157783333	548
2.16665	539
2.17555	532
2.184783333	534
2.1945	554
2.204466667	583
2.214583333	598
2.22505	607
2.23565	628
2.24645	636
2.2574	648
2.268516667	657
2.279783333	667
2.2909	676
2.302466667	667
2.314116667	694
2.326083333	699
2.3382	718
2.350183333	727
2.361883333	719
2.373416667	702
2.384666667	692
2.395883333	675
2.406883333	673
2.41775	660
2.428483333	652
2.439133333	644
2.44995	639
2.460766667	649
2.471366667	649
2.482366667	636
2.493183333	660
2.504616667	649
2.5171	686
2.5288	749
2.539983333	702
2.551233333	671
2.562483333	675
2.573633333	675
2.584783333	669
2.595916667	669
2.607016667	668
2.618233333	666
2.629316667	673
2.639866667	665
2.650416667	633
2.661066667	633
2.671816667	639
2.682766667	645
2.693633333	657
2.704116667	652
2.71455	629
2.725066667	626
2.7355	631
2.745666667	626
2.755983333	610
2.76645	619
2.77675	628
2.7871	618
2.797766667	621
2.808983333	640
2.820266667	673
2.83145	677
2.842433333	671
2.85315	659
2.863733333	643
2.874266667	635
2.884783333	632
2.895266667	631
2.905783333	629
2.916483333	631
2.9274	642
2.938216667	655
2.949333333	649
2.960883333	667
2.97225	693
2.983516667	682
2.994716667	676
3.005266667	672
3.015833333	633
3.0263	634
3.03725	628
3.048816667	657
3.060716667	694
3.072566667	714
3.084133333	711
3.095666667	694
3.107266667	692
3.118983333	696
3.130416667	703
3.141833333	686
3.153616667	685
3.165416667	707
3.177183333	708
3.188766667	706
3.2005	695
3.2122	704
3.22365	702
3.234783333	687
3.24595	668
3.2572	670
3.268466667	675
3.280216667	676
3.2923	705
3.304466667	725
3.3162	730
3.3282	704
3.3408	720
3.353383333	756
3.365716667	755
3.377966667	740
3.390066667	735
3.401933333	726
3.4133	712
3.424866667	682
3.436383333	694
3.44785	691
3.4588	688
3.470016667	657
3.481583333	673
3.49305	694
3.504066667	688
3.5154	661
3.526533333	680
3.53755	668
3.548833333	661
3.559933333	677
3.571033333	666
3.581766667	666
3.59315	644
3.605516667	683
3.61855	742
3.631933333	782
3.64545	803
3.65875	811
3.672116667	798
3.685233333	802
3.6984	787
3.711066667	790
3.723816667	760
3.73645	765
3.749083333	758
3.760866667	758
3.7728	707
3.78465	716
3.7973	711
3.809333333	759
3.821716667	722
3.834183333	743
3.84635	748
3.857983333	730
3.870066667	698
3.881933333	725
3.893366667	712
3.904966667	686
3.916816667	696
3.929	711
3.94095	731
3.9534	717
3.966233333	747
3.978966667	770
3.9914	764
4.004016667	746
4.016383333	757
4.02815	742
4.040066667	706
4.051866667	715
4.063833333	708
4.07535	718
4.087233333	691
4.099633333	713
4.112266667	744
4.1242	758
4.1361	716
4.147966667	714
4.159216667	712
4.170433333	675
4.1817	673
4.19325	676
4.204783333	693
4.216466667	692
4.228216667	701
4.239916667	705
4.251233333	702
4.2624	679
4.273716667	670
4.285516667	679
4.2975	708
4.308783333	719
4.320383333	677
4.331983333	696
4.3436	696
4.354983333	697
4.366783333	683
4.378616667	708
4.390366667	710
4.401916667	705
4.413666667	693
4.425116667	705
4.436516667	687
4.447583333	684
4.45825	664
4.468833333	640
4.479633333	635
4.490933333	648
4.5028	678
4.514833333	712
4.526966667	722
4.5386	728
4.550233333	698
4.562066667	698
4.574133333	710
4.585933333	724
4.5981	708
4.61015	730
4.622016667	723
4.6333	712
4.644483333	677
4.655866667	671
4.667816667	683
4.680133333	717
4.692683333	739
4.7045	753
4.716333333	709
4.72795	710
4.739733333	697
4.75165	707
4.7631	715
4.774566667	687
4.786	688
4.797533333	686
4.808433333	692
4.819733333	654
4.830983333	678
4.84235	675
4.853933333	682
4.86515	695
4.876233333	673
4.88705	665
4.89765	649
4.908183333	636
4.918666667	632
4.9292	629
4.939966667	632
4.95035	646
4.96075	623
4.971133333	624
4.9813	623
4.991583333	610
5.0017	617
5.012016667	607
5.022416667	619
5.03295	624
5.044116667	632
5.0552	670
5.066533333	665
5.07795	680
5.08975	685
5.101366667	708
5.112466667	697
5.1237	666
5.134916667	674
5.1464	673
5.15785	689
5.1694	687
5.1814	693
5.194216667	720
5.207283333	769
5.220183333	784
5.233266667	774
5.246066667	785
5.258533333	768
5.27085	748
5.283183333	739
5.2955	740
5.3072	739
5.3184	702
5.32985	672
5.3418	687
5.3549	717
5.3677	786
5.380183333	768
5.392966667	749
5.406	767
5.419483333	782
5.432133333	809
5.4439	759
5.456016667	706
5.468783333	727
5.48205	766
5.49535	796
5.508233333	798
5.521433333	773
5.534783333	792
5.547483333	801
5.56005	762
5.57285	754
5.585716667	768
5.59795	772
5.609766667	734
5.62205	709
5.634816667	737
5.6472	766
5.658983333	743
5.671033333	707
5.683416667	723
5.695733333	743
5.707616667	739
5.71955	713
5.731233333	716
5.742433333	701
5.75365	672
5.764366667	673
5.775083333	643
5.786133333	643
5.797933333	663
5.8094	708
5.821283333	688
5.833133333	713
5.84505	711
5.856666667	715
5.8675	697
5.878116667	650
5.888616667	637
5.898966667	630
5.909233333	621
5.919733333	616
5.930616667	630
5.9416	653
5.952666667	659
5.964166667	664
5.975766667	690
5.987533333	696
5.999416667	706
6.011316667	713
6.0233	714
6.03465	719
6.046183333	681
6.05815	692
6.070533333	718
6.082966667	743
6.095033333	746
6.107	724
6.119333333	718
6.131783333	740
6.143816667	747
6.155266667	722
6.16705	687
6.178716667	707
6.190483333	700
6.202316667	706
6.214416667	710
6.2267	726
6.238166667	737
6.2493	688
6.260566667	668
6.27225	676
6.284233333	701
6.296483333	719
6.3083	735
6.320366667	709
6.33265	724
6.345033333	737
6.357233333	743
6.369466667	732
6.38195	734
6.394316667	749
6.406133333	742
6.418066667	709
6.429983333	716
6.442083333	715
6.4535	726
6.464233333	685
6.474933333	644
6.48585	642
6.497333333	655
6.509733333	689
6.522566667	744
6.534866667	770
6.547316667	738
6.559766667	747
6.571883333	747
6.584033333	727
6.596333333	729
6.608366667	738
6.620533333	722
6.632883333	730
6.645133333	741
6.657083333	735
6.66895	717
6.680716667	712
6.6926	706
6.704466667	713
6.716	712
6.728083333	692
6.740683333	725
6.753283333	756
6.765716667	756
6.77865	746
6.7911	776
6.802883333	747
6.815066667	707
6.826383333	731
6.837916667	679
6.84945	692
6.860516667	692
6.871916667	664
6.883466667	684
6.89505	693
6.906666667	695
6.91855	697
6.93065	713
6.94215	726
6.9535	690
6.965316667	681
6.977266667	709
6.989066667	717
7.00095	708
7.0132	713
7.024633333	735
7.0359	686
7.047416667	676
7.059116667	691
7.07065	702
7.08225	692
7.09375	696
7.105116667	690
7.11675	682
7.128216667	698
7.1399	688
7.150833333	701
7.161766667	656
7.172983333	656
7.184566667	673
7.1955	695
7.206516667	656
7.21785	661
7.229333333	680
7.240283333	689
7.251	657
7.2619	643
7.273166667	654
7.2845	676
7.296316667	680
7.308216667	709
7.319683333	714
7.3312	688
7.343033333	691
7.3545	710
7.366033333	688
7.377966667	692
7.3894	716
7.400816667	686
7.412516667	685
7.424166667	702
7.4356	699
7.446716667	686
7.4577	667
7.468916667	659
7.479933333	673
7.4906	661
7.50145	640
7.51285	651
7.523516667	684
7.5343	640
7.545266667	647
7.555866667	658
7.566466667	636
7.577266667	636
7.588033333	648
7.5992	646
7.609933333	670
7.620733333	644
7.632133333	648
7.643483333	684
7.6547	681
7.665483333	673
7.6763	647
7.687566667	649
7.699116667	676
7.710516667	693
7.722133333	684
7.7339	697
7.745016667	706
7.75605	667
7.7675	662
7.778666667	687
7.789816667	670
7.801466667	669
7.8129	699
7.824716667	686
7.836316667	709
7.847466667	696
7.85915	669
7.871	701
7.882516667	711
7.8937	691
7.905066667	671
7.916366667	682
7.927466667	678
7.93815	666
7.949166667	641
7.960266667	661
7.971366667	666
7.982016667	666
7.99275	639
8.00375	644
8.0143	660
8.024766667	633
8.03535	628
8.046316667	635
8.05735	658
8.068483333	662
8.07995	668
8.090966667	688
8.1022	661
8.113966667	674
8.125633333	706
8.137033333	700
8.14835	684
8.159833333	679
8.1712	689
8.181933333	682
8.193066667	644
8.20405	668
8.214566667	659
8.22545	631
8.236383333	653
8.247183333	656
8.257783333	648
8.26905	636
8.280266667	676
8.291116667	673
8.301733333	651
8.313283333	637
8.3246	693
8.335816667	679
8.3469	673
8.35875	665
8.370133333	711
8.38115	683
8.39285	661
8.40395	702
8.41505	666
8.425916667	666
8.437233333	652
8.448583333	679
8.459616667	681
8.471683333	662
8.483583333	724
8.494966667	714
8.506366667	683
8.517983333	684
8.529716667	697
8.541016667	704
8.5527	678
8.564716667	701
8.5766	721
8.5876	713
8.59845	660
8.610033333	651
8.6213	695
8.6324	676
8.64435	666
8.656016667	717
8.666966667	700
8.678266667	657
8.689816667	678
8.7013	693
8.712416667	689
8.723983333	667
8.735633333	694
8.746833333	699
8.757766667	672
8.769333333	656
8.780516667	694
8.79115	671
8.802383333	638
8.813883333	674
8.82475	690
8.836016667	652
8.847716667	676
8.859066667	702
8.870066667	681
8.881833333	660
8.8935	706
8.904533333	700
8.9158	662
8.927333333	676
8.9387	692
8.949683333	682
8.961083333	659
8.972633333	684
8.983833333	693
8.99505	672
9.006533333	673
9.01795	689
9.02905	685
9.0395	666
9.049866667	627
9.0602	622
9.070233333	620
9.08035	602
9.090533333	607
9.100716667	611
9.111066667	611
9.121516667	621
9.131833333	627
9.1422	619
9.152616667	622
9.163166667	625
9.173616667	633
9.184266667	627
9.194933333	639
9.2054	640
9.215716667	628
9.22595	619
9.2363	614
9.246533333	621
9.256516667	614
9.266166667	599
9.2758	579
9.285566667	578
9.29535	586
9.304916667	587
9.314433333	574
9.323883333	571
9.33335	567
9.342966667	568
9.352516667	577
9.361916667	573
9.371383333	564
9.380933333	568
9.390483333	573
9.399916667	573
9.409266667	566
9.418616667	561
9.42785	561
9.437266667	554
9.447066667	565
9.45675	588
9.466383333	581
9.476083333	578
9.485566667	582
9.4951	569
9.504616667	572
9.514	571
9.523283333	563
9.532466667	557
9.541683333	551
9.550916667	553
9.5604	554
9.569733333	569
9.578883333	560
9.587883333	549
9.596766667	540
9.605766667	533
9.614783333	540
9.6239	541
9.633083333	547
9.642133333	551
9.650983333	543
9.659883333	531
9.668633333	534
9.677383333	525
9.6861	525
9.694916667	523
9.7037	529
9.712466667	527
9.721116667	526
9.729683333	519
9.738116667	514
9.746583333	506
9.754983333	508
9.7635	504
9.77195	511
9.780333333	507
9.788633333	503
9.79695	498
9.805333333	499
9.81375	503
9.8221	505
9.830266667	501
9.8385	490
9.846683333	494
9.8549	491
9.863266667	493
9.871583333	502
9.879766667	499
9.887933333	491
9.8961	490
9.9044	490
9.912683333	498
9.921	497
9.929283333	499
9.937533333	497
9.945783333	495
9.954083333	495
9.962466667	498
9.970683333	503
9.979	493
9.9873	499
9.9957	498
10.00415	504
10.01243333	507
10.02071667	497
10.0289	497
10.0371	491
10.04541667	492
10.05368333	499
10.06198333	496
10.07016667	498
10.07831667	491
10.08648333	489
10.09465	490
10.1028	490
10.11103333	489
10.11925	494
10.12738333	493
10.13545	488
10.14358333	484
10.15176667	488
10.16011667	491
10.1684	501
10.1766	497
10.18475	492
10.19288333	489
10.20103333	488
10.20918333	489
10.2174	489
10.22586667	493
10.23441667	508
10.24288333	513
10.25128333	508
10.25963333	504
10.26785	501
10.27606667	493
10.28418333	493
10.2924	487
10.30071667	493
10.30911667	499
10.31735	504
10.3255	494
10.33361667	489
10.34171667	487
10.34981667	486
10.35793333	486
10.36605	487
10.3743	487
10.38238333	495
10.39041667	485
10.39841667	482
10.40631667	480
10.41431667	474
10.42235	480
10.43046667	482
10.43871667	487
10.44683333	495
10.45485	487
10.4629	481
10.471	483
10.47908333	486
10.4954	485
10.50355	0
10.51165	489
10.5197	486
10.52783333	483
10.53598333	488
10.54425	489
10.55258333	496
10.561	500
10.5692	505
10.57755	492
10.58573333	501
10.59396667	491
10.60211667	494
10.61035	489
10.6186	494
10.62696667	495
10.6351	502
10.64313333	488
10.65108333	482
10.659	477
10.66693333	475
10.67493333	476
10.68306667	480
10.6913	488
10.69931667	494
10.70731667	481
10.71526667	480
10.72313333	477
10.73106667	472
10.73908333	476
10.74711667	481
10.75523333	482
10.7632	487
10.77115	478
10.77906667	477
10.78701667	475
10.79496667	477
10.80295	477
10.811	479
10.81901667	483
10.82696667	481
10.8349	477
10.84278333	476
10.85076667	473
10.85876667	479
10.86683333	480
10.87483333	484
10.88278333	480
10.89068333	477
10.89858333	474
10.90653333	474
10.91448333	477
10.92261667	477
10.93086667	488
10.93898333	495
10.94705	487
10.95508333	484
10.96305	482
10.97103333	478
10.97903333	479
10.98703333	480
10.99505	480
11.00305	481
11.01105	480
11.01903333	480
11.02716667	479
11.0353	488
11.04345	488
11.05151667	489
11.05961667	484
11.06785	486
11.07611667	494
11.0844	496
11.09261667	497
11.10086667	493
11.10901667	495
11.11706667	489
11.12505	483
11.13301667	479
11.141	478
11.14901667	479
11.15701667	481
11.16485	480
11.17261667	470
11.18031667	466
11.18795	462
11.19565	458
11.20341667	462
11.21118333	466
11.21913333	466
11.22695	477
11.2347	469
11.24248333	465
11.25031667	467
11.25816667	470
11.26606667	471
11.27393333	474
11.2818	472
11.28966667	472
11.2976	472
11.3055	476
11.31338333	474
11.32136667	473
11.32921667	479
11.33703333	471
11.34491667	469
11.35275	473
11.36066667	470
11.36866667	475
11.37663333	480
11.38455	478
11.39241667	475
11.40033333	472
11.40836667	475
11.41628333	482
11.42421667	475
11.43203333	476
11.43991667	469
11.4478	473
11.45573333	473
11.46368333	476
11.47156667	477
11.47948333	473
11.48738333	475
11.49535	474
11.50323333	478
11.5111	473
11.51893333	472
11.52668333	470
11.53446667	465
11.54226667	467
11.55011667	468
11.558	471
11.56586667	473
11.57385	472
11.58181667	479
11.5898	478
11.59785	479
11.60581667	483
11.61375	478
11.62168333	476
11.6296	476
11.63755	475
11.64546667	477
11.65331667	475
11.66106667	471
11.66875	465
11.6764	461
11.68406667	459
11.69171667	460
11.69945	459
11.70721667	464
11.715	466
11.7227	467
11.73035	462
11.738	459
11.74571667	459
11.75331667	463
11.76113333	456
11.76893333	469
11.77665	468
11.78431667	463
11.79191667	460
11.7996	456
11.8073	461
11.81503333	462
11.82286667	464
11.83056667	470
11.83825	462
11.84585	461
11.85345	456
11.86106667	456
11.86876667	457
11.87641667	462
11.88421667	459
11.8919	468
11.8995	461
11.90708333	456
11.91466667	455
11.92223333	455
11.9299	454
11.93753333	460
11.94526667	458
11.95293333	464
11.96055	460
11.96813333	457
11.9757	455
11.9833	454
11.99095	456
11.99866667	459
12.00636667	463
12.01413333	462
12.0218	466
12.02935	460
12.03693333	453
12.04461667	455
12.05221667	461
12.05998333	456
12.06773333	466
12.07555	465
12.0832	469
12.09076667	459
12.09828333	454
12.10568333	451
12.11311667	444
12.12051667	446
12.128	444
12.13553333	449
12.14296667	452
12.1504	446
12.15783333	446
12.16523333	446
12.1727	444
12.18013333	448
12.18773333	446
12.19525	456
12.2028	451
12.21026667	453
12.21778333	448
12.22535	451
12.23295	454
12.24056667	456
12.24826667	457
12.2559	462
12.26345	458
12.27095	453
12.27843333	450
12.28591667	449
12.29348333	449
12.30103333	454
12.30858333	453
12.31611667	453
12.32365	452
12.33116667	452
12.33861667	451
12.3461	447
12.35355	449
12.3611	447
12.3687	453
12.37625	456
12.38385	453
12.39141667	456
12.39893333	454
12.40653333	451
12.4141	456
12.42176667	454
12.42933333	460
12.43676667	454
12.44425	446
12.45165	449
12.45903333	444
12.46651667	443
12.47396667	449
12.48156667	447
12.48906667	456
12.49651667	450
12.504	447
12.5116	449
12.51925	456
12.52685	459
12.5345	456
12.54208333	459
12.54976667	455
12.55748333	461
12.5652	463
12.57288333	463
12.58055	461
12.58818333	460
12.59583333	458
12.60356667	459
12.61135	464
12.61923333	467
12.62701667	473
12.63481667	467
12.64241667	468
12.65005	456
12.65765	458
12.66515	456
12.6728	450
12.68035	459
12.6879	453
12.69543333	453
12.70291667	452
12.71048333	449
12.718	454
12.72553333	451
12.73306667	452
12.74051667	452
12.74793333	447
12.75528333	445
12.76253333	441
12.76985	435
12.7772	439
12.78465	441
12.79211667	447
12.79966667	448
12.80725	453
12.81473333	455
12.82221667	449
12.82983333	449
12.83746667	457
12.84521667	458
12.85293333	465
12.86055	463
12.86816667	457
12.8758	457
12.88343333	458
12.89113333	458
12.89885	462
12.90646667	463
12.91405	457
12.92171667	455
12.92938333	460
12.93703333	460
12.94468333	459
12.95228333	459
12.95981667	456
12.96736667	452
12.9749	453
12.98243333	452
12.9899	452
12.99733333	448
13.0048	446
13.01231667	448
13.01978333	451
13.02735	448
13.03486667	454
13.04231667	451
13.04976667	447
13.05725	447
13.06475	449
13.07221667	450
13.07965	448
13.0871	446
13.09455	447
13.10196667	447
13.10945	445
13.11688333	449
13.12433333	446
13.13176667	447
13.13916667	446
13.14656667	444
13.15396667	444
13.16131667	444
13.16861667	441
13.1759	438
13.18313333	437
13.19046667	434
13.19776667	440
13.20505	438
13.21233333	437
13.21958333	437
13.22678333	435
13.23396667	432
13.2412	431
13.2484	434
13.25561667	432
13.26281667	433
13.26993333	432
13.27703333	427
13.28416667	426
13.29131667	428
13.29855	429
13.30576667	434
13.31315	433
13.32053333	443
13.32808333	443
13.33556667	453
13.34296667	449
13.35035	444
13.35771667	443
13.36505	442
13.37241667	440
13.37976667	442
13.38718333	441
13.39456667	445
13.40183333	443
13.40911667	436
13.41631667	437
13.42348333	432
13.43065	430
13.4378	430
13.44498333	429
13.45216667	431
13.45928333	431
13.46643333	427
13.47355	429
13.4807	427
13.48785	429
13.49503333	429
13.50223333	431
13.50931667	432
13.5164	425
13.52351667	425
13.53056667	427
13.53771667	423
13.54486667	429
13.55203333	429
13.55911667	430
13.56626667	425
13.57343333	429
13.58056667	430
13.58771667	428
13.5948	429
13.60195	425
13.60906667	429
13.61618333	427
13.62333333	427
13.6305	429
13.63766667	430
13.64481667	430
13.65195	429
13.65916667	428
13.66635	433
13.67351667	431
13.6807	430
13.68798333	431
13.69528333	437
13.70258333	438
13.70986667	438
13.71713333	437
13.72441667	436
13.73165	437
13.73896667	434
13.74626667	439
13.75345	438
13.76063333	431
13.76788333	431
13.77506667	435
13.78228333	431
13.78956667	433
13.79681667	437
13.80401667	435
13.81118333	432
13.81831667	430
13.8255	428
13.8327	431
13.84003333	432
13.84726667	440
13.85451667	434
13.86175	435
13.869	434
13.87628333	435
13.88363333	437
13.89095	441
13.89823333	439
13.90548333	437
13.9128	435
13.92011667	439
13.92741667	439
13.93471667	438
13.94196667	438
13.94923333	435
13.95656667	436
13.96391667	440
13.97126667	441
13.97861667	441
13.98596667	441
13.99321667	441
14.00041667	435
14.00758333	432
14.01473333	430
14.02186667	429
14.02901667	428
14.03618333	429
14.04355	430
14.05081667	442
14.05811667	436
14.0654	438
14.07265	437
14.07988333	435
14.08713333	434
14.0943	435
14.10146667	430
14.10856667	430
14.11571667	426
14.12286667	429
14.13	429
14.13713333	428
14.14423333	428
14.15131667	426
14.15843333	425
14.16555	427
14.17266667	427
14.17975	427
14.18675	425
14.19373333	420
14.2007	419
14.2077	418
14.21461667	420
14.22155	415
14.22848333	416
14.23541667	416
14.24233333	416
14.24925	415
14.25618333	415
14.2631	416
14.27006667	415
14.27703333	418
14.28398333	418
14.29096667	417
14.29788333	419
14.30478333	415
14.31168333	414
14.31856667	414
14.32545	413
14.33236667	413
14.3393	415
14.34618333	416
14.3531	413
14.36	415
14.36696667	414
14.37393333	418
14.38095	418
14.38785	421
14.3948	414
14.4017	417
14.40865	414
14.41565	417
14.42263333	420
14.42966667	419
14.43675	422
14.44373333	425
14.45073333	419
14.45771667	420
14.46471667	419
14.4718	420
14.4789	425
14.48593333	426
14.493	422
14.50006667	424
14.50715	424
14.51423333	425
14.5213	425
14.52841667	424
14.5355	427
14.54261667	425
14.5497	427
14.5568	425
14.56388333	426
14.57091667	425
14.57791667	422
14.58498333	420
14.59196667	424
14.59896667	419
14.60593333	420
14.61285	418
14.61978333	415
14.62668333	416
14.63361667	414
14.64048333	416
14.64741667	412
14.65431667	416
14.66116667	414
14.668	411
14.67491667	410
14.68181667	415
14.68871667	414
14.69565	414
14.70253333	416
14.70946667	413
14.71641667	416
14.72333333	417
14.7303	415
14.73725	418
14.7442	417
14.75116667	417
14.75818333	418
14.76513333	421
14.7721	417
14.77903333	418
14.78596667	416
14.7998	416
14.80668333	0
14.81358333	413
14.82743333	414
14.8343	0
14.84126667	412
14.8481	418
14.85493333	410
14.86181667	410
14.86873333	413
14.87561667	415
14.88246667	413
14.8893	411
14.89613333	410
14.90976667	410
14.91663333	0
14.92358333	412
14.93056667	417
14.93763333	419
14.9519	424
14.95903333	0
14.96608333	428
14.97313333	423
14.98021667	423
14.98731667	425
15.00163333	426
15.00881667	0
15.01596667	431
15.02305	429
15.03006667	425
15.0371	421
15.04406667	422
15.05111667	418
15.05811667	423
15.06521667	420
15.0724	426
15.0795	431
15.0866	426
15.09366667	426
15.10075	424
15.10776667	425
15.1148	421
15.12178333	422
15.12873333	419
15.13563333	417
15.14261667	414
15.14961667	419
15.15665	420
15.16376667	422
15.17088333	427
15.17791667	427
15.18493333	422
15.19193333	421
15.19893333	420
15.20588333	420
15.2128	417
15.21971667	415
15.22668333	415
15.23366667	418
15.2406	419
15.24756667	416
15.25451667	418
15.26141667	417
15.26833333	414
15.27525	415
15.28213333	415
15.28906667	413
15.29598333	416
15.30293333	415
15.30981667	417
15.31668333	413
15.32361667	412
15.3373	416
15.34416667	0
15.35108333	412
15.35796667	415
15.36488333	413
15.37185	415
15.37876667	418
15.38573333	415
15.39273333	418
15.39965	420
15.40663333	415
15.41356667	419
15.42058333	416
15.42761667	421
15.43466667	422
15.44166667	423
15.4486	420
15.45553333	416
15.46251667	416
15.46946667	419
15.47646667	417
15.48341667	420
15.49038333	417
15.49731667	418
15.5043	416
15.51125	419
15.51825	417
15.52521667	420
15.53223333	418
15.5392	421
15.54618333	418
15.5532	419
15.56745	421
15.57458333	0
15.58168333	428
15.58881667	426
15.59596667	428
15.60311667	429
15.61026667	429
15.61741667	429
15.6246	429
15.63181667	431
15.63905	433
15.64626667	434
15.65348333	433
15.66065	433
15.66785	430
15.67505	432
15.68233333	432
15.68955	437
15.69675	433
15.7039	432
15.71103333	429
15.7182	428
15.7253	430
15.73245	426
15.73963333	429
15.74685	431
15.75396667	433
15.76106667	427
15.76811667	426
15.77516667	423
15.78223333	423
15.78931667	424
15.79651667	425
15.80366667	432
15.8108	429
15.81788333	428
15.82496667	425
15.83203333	425
15.83915	424
15.84626667	427
15.85338333	427
15.8605	427
15.86758333	427
15.87466667	425
15.88175	425
15.88881667	425
15.89596667	424
15.90311667	429
15.91026667	429
15.91741667	429
15.92455	429
15.93165	428
15.93886667	426
15.9461	433
15.95336667	434
15.96063333	436
15.96791667	436
15.97515	437
15.9824	434
15.99683333	435
16.00401667	0
16.01111667	431
16.01821667	426
16.02528333	426
16.03226667	424
16.0393	419
16.04628333	422
16.0533	419
16.06035	421
16.0673	423
16.07423333	417
16.08116667	416
16.08806667	416
16.09488333	414
16.10178333	409
16.10866667	414
16.11565	413
16.12261667	419
16.12961667	418
16.13651667	420
16.14343333	414
16.15033333	415
16.15721667	414
16.17105	413
16.178	0
16.185	417
16.1919	420
16.19881667	414
16.20578333	415
16.21271667	418
16.21975	416
16.22675	422
16.23376667	420
16.24088333	421
16.24796667	427
16.25501667	425
16.2621	423
16.26918333	425
16.27621667	425
16.28318333	422
16.29011667	418
16.2971	416
16.30405	419
16.31103333	417
16.31803333	419
16.33195	420
16.33886667	0
16.35263333	415
16.3595	0
16.36633333	412
16.37315	410
16.38	409
16.3869	411
16.39376667	414
16.40063333	412
16.4075	412
16.41435	412
16.42118333	411
16.42798333	410
16.43476667	408
16.44158333	407
16.4484	409
16.45516667	409
16.47553333	406
16.4823	0
16.48908333	406
16.49581667	407
16.50258333	404
16.50925	406
16.51595	400
16.52938333	402
16.53611667	0
16.54295	404
16.54973333	410
16.55651667	407
16.56338333	407
16.57025	412
16.5771	412
16.58395	411
16.59085	411
16.5977	414
16.6045	411
16.6113	408
16.6181	408
16.62488333	408
16.63845	407
16.64526667	0
16.65206667	409
16.65885	408
16.66558333	407
16.6723	404
16.67898333	403
16.68571667	401
16.69245	404
16.69918333	404
16.70593333	404
16.71266667	405
16.7194	404
16.72618333	404
16.73296667	407
16.73975	407
16.74653333	407
16.7533	407
16.76011667	406
16.76695	409
16.77383333	410
16.78076667	413
16.78768333	416
16.80836667	415
16.8152	0
16.82208333	410
16.82888333	413
16.83565	408
16.8424	406
16.84916667	405
16.85586667	406
16.86261667	402
16.86935	405
16.87621667	404
16.88301667	412
16.88993333	408
16.89678333	415
16.9036	411
16.91053333	409
16.91743333	416
16.92438333	414
16.93128333	417
16.93818333	414
16.94513333	414
16.95208333	417
16.95908333	417
16.966	420
16.97296667	415
16.97988333	418
16.98691667	415
16.99395	422
17.00101667	422
17.00796667	424
17.01493333	417
17.02188333	418
17.0289	417
17.0358	421
17.04275	414
17.04963333	417
17.05655	413
17.06351667	415
17.07045	418
17.0775	416
17.08453333	423
17.09155	422
17.09856667	421
17.10563333	421
17.11278333	424
17.11991667	429
17.1271	428
17.1342	431
17.14133333	426
17.14841667	428
17.15555	425
17.16978333	428
17.17688333	0
17.18385	426
17.19078333	418
17.19766667	416
17.20453333	413
17.2114	412
17.21828333	412
17.2252	413
17.2321	415
17.239	414
17.24585	414
17.2527	411
17.25951667	411
17.26638333	409
17.2732	412
17.27998333	409
17.28681667	407
17.29361667	410
17.30048333	408
17.30731667	412
17.31416667	410
17.32101667	411
17.32786667	411
17.33481667	411
17.34178333	417
17.34871667	418
17.35568333	416
17.36266667	418
17.36965	419
17.37668333	419
17.38365	422
17.39065	418
17.39765	420
17.40466667	420
17.41165	421
17.4186	419
17.42551667	417
17.43245	415
17.44625	416
17.45311667	0
17.46	412
17.46685	413
17.4737	411
17.48056667	411
17.48748333	412
17.49431667	415
17.50111667	410
17.50796667	408
17.5148	411
17.5285	410
17.53531667	0
17.54216667	409
17.5558	411
17.5626	0
17.56943333	408
17.57625	410
17.58313333	409
17.59008333	413
17.597	417
17.60395	415
17.61093333	417
17.61783333	419
17.6248	414
17.63171667	418
17.63866667	415
17.6456	417
17.65255	416
17.65951667	417
17.66645	418
17.67343333	416
17.68043333	419
17.68746667	420
17.69443333	422
17.70141667	418
17.70838333	419
17.71533333	418
17.72231667	417
17.72923333	419
17.73615	415
17.743	415
17.74986667	411
17.7567	412
17.76353333	410
17.77045	410
17.77733333	415
17.78426667	413
17.79115	416
17.7981	413
17.80501667	417
17.81196667	415
17.81888333	417
17.8258	415
17.8328	415
17.83976667	420
17.8468	418
17.8538	422
17.86085	420
17.86788333	423
17.875	422
17.88203333	427
17.88905	422
17.89608333	421
17.90308333	422
17.9101	420
17.91713333	421
17.92415	422
17.93115	421
17.93813333	420
17.94515	419
17.95213333	421
17.9591	419
17.96606667	418
17.97301667	418
17.97991667	417
17.98686667	414
17.99375	417
18.00061667	413
18.00745	412
18.01431667	410
18.0212	412
18.02815	413
18.03513333	417
18.04215	419
18.04915	421
18.05613333	420
18.06311667	419
18.07006667	419
18.07703333	417
18.08401667	418
18.09103333	419
18.09803333	421
18.10501667	420
18.11198333	419
18.11896667	418
18.1259	419
18.13286667	416
18.13976667	418
18.14663333	414
18.15356667	412
18.16038333	416
18.16725	409
18.17411667	412
18.18096667	412
18.18781667	411
18.19468333	411
18.20158333	412
18.20843333	414
18.21526667	411
18.22205	410
18.22883333	407
18.23561667	407
18.2424	407
18.24916667	407
18.25591667	406
18.26268333	405
18.26943333	406
18.27616667	405
18.28293333	404
18.28966667	406
18.29641667	404
18.30318333	405
18.30988333	406
18.31663333	402
18.32336667	405
18.33008333	404
18.3368	403
18.34353333	403
18.35021667	404
18.35693333	401
18.36366667	403
18.37041667	404
18.3771	405
18.38383333	401
18.39053333	404
18.39728333	402
18.40398333	405
18.41071667	402
18.41746667	404
18.4242	405
18.43095	404
18.43766667	405
18.44438333	403
18.45113333	403
18.4579	405
18.46463333	406
18.47135	404
18.47808333	403
18.48478333	404
18.4915	402
18.49821667	403
18.50496667	403
18.51168333	405
18.51841667	403
18.52518333	404
18.53188333	406
18.53863333	402
18.54538333	405
18.55895	405
18.56575	0
18.57256667	408
18.57936667	409
18.58618333	408
18.59296667	409
18.59975	407
18.6066	407
18.61343333	411
18.62025	410
18.62706667	409
18.63391667	409
18.64086667	411
18.64773333	417
18.65465	412
18.66151667	415
18.6684	412
18.67523333	413
18.6821	410
18.68896667	412
18.6958	412
18.70268333	410
18.70953333	413
18.71636667	411
18.72321667	410
18.73003333	411
18.73688333	409
18.74371667	411
18.75056667	410
18.75741667	411
18.76425	411
18.7711	410
18.77796667	411
18.78486667	412
18.79173333	414
18.79861667	412
18.80551667	413
18.81233333	414
18.81925	409
18.82618333	415
18.83306667	416
18.83998333	413
18.84688333	415
18.85376667	414
18.86063333	413
18.86746667	412
18.87431667	410
18.88113333	411
18.88798333	409
18.89481667	411
18.90161667	410
18.90845	408
18.91521667	410
18.922	406
18.92876667	407
18.93548333	406
18.94223333	403
18.94896667	405
18.95565	404
18.96233333	401
18.96891667	401
18.97551667	395
18.98216667	396
18.9888	399
18.99546667	398
19.00216667	400
19.00883333	402
19.01553333	400
19.02223333	402
19.02895	402
19.0357	403
19.04248333	405
19.0492	407
19.05598333	403
19.06275	407
19.06951667	406
19.07628333	406
19.08306667	406
19.08983333	407
19.09661667	406
19.10338333	407
19.1101	406
19.11686667	403
19.1236	406
19.13033333	404
19.13701667	404
19.14371667	401
19.15041667	402
19.1571	402
19.16376667	401
19.17045	400
19.17706667	401
19.18368333	397
19.19031667	397
19.19696667	398
19.20361667	399
19.21023333	399
19.21683333	397
19.22343333	396
19.23661667	396
19.24323333	0
19.24983333	397
19.25646667	396
19.26308333	398
19.26966667	397
19.2763	395
19.28291667	398
19.2895	397
19.29611667	395
19.30273333	397
19.30936667	397
19.31603333	398
19.3227	400
19.3294	400
19.3361	402
19.34288333	402
19.3496	407
19.35636667	403
19.36308333	406
19.3698	403
19.3765	403
19.38323333	402
19.38995	404
19.3967	403
19.4034	405
19.41013333	402
19.41688333	404
19.4236	405
19.4303	403
19.43701667	402
19.44371667	403
19.45041667	402
19.45706667	402
19.46378333	399
19.47045	403
19.47716667	400
19.4838	403
19.49045	398
19.49706667	399
19.50366667	397
19.5103	396
19.51686667	398
19.5235	394
19.53013333	398
19.53676667	398
19.54338333	398
19.55001667	397
19.55661667	398
19.56328333	396
19.56993333	400
19.57655	399
19.5832	397
19.58986667	399
19.59656667	400
19.60323333	402
19.60998333	400
19.61676667	405
19.62355	407
19.63031667	407
19.6371	406
19.6439	407
19.65066667	408
19.65745	406
19.66433333	407
19.67113333	413
19.67791667	408
19.68466667	407
19.69141667	405
19.69816667	405
19.70488333	405
19.71155	403
19.71825	400
19.72496667	402
19.7316	403
19.73828333	398
19.74493333	401
19.75163333	399
19.75831667	402
19.76501667	401
19.77175	402
19.7785	404
19.78523333	405
19.79198333	404
19.79875	405
19.80555	406
19.81233333	408
19.81915	407
19.82593333	409
19.83273333	407
19.83955	408
19.84636667	409
19.85323333	409
19.8601	412
19.86698333	412
19.87383333	413
19.88073333	411
19.88761667	414
19.89453333	413
19.9014	415
19.90828333	412
19.91511667	413
19.92203333	410
19.92886667	415
19.93573333	410
19.9426	412
19.94946667	412
19.95633333	412
19.96318333	412
19.97006667	411
19.97693333	413
19.98376667	412
19.99061667	410
19.99748333	411
20.00435	412
20.01125	412
20.01815	414
20.02506667	414
20.03203333	415
20.03903333	418
20.04601667	420
20.05303333	419
20.06016667	421
20.06726667	428
20.07445	426
20.08158333	431
20.08881667	428
20.09616667	434
20.10345	441
20.11065	437
20.11785	432
20.12515	432
20.13245	438
20.13978333	438
20.14713333	440
20.1545	441
20.16175	442
20.16901667	435
20.17635	436
20.18366667	440
20.19101667	439
20.19836667	441
20.20566667	441
20.21306667	438
20.22056667	444
20.22803333	450
20.23543333	448
20.24296667	444
20.25043333	452
20.25785	448
20.26533333	445
20.27283333	449
20.28033333	450
20.28778333	450
20.29533333	447
20.30293333	453
20.31046667	456
20.31793333	452
20.32548333	448
20.33305	453
20.34056667	454
20.3481	451
20.35555	452
20.36306667	447
20.3706	451
20.37815	452
20.38568333	453
20.3932	452
20.40078333	451
20.40833333	455
20.41586667	453
20.42338333	452
20.43103333	451
20.43875	459
20.44646667	463
20.4542	463
20.46211667	464
20.4701	475
20.478	479
20.486	474
20.494	480
20.50193333	480
20.50975	476
20.51768333	469
20.52561667	476
20.53353333	476
20.5414	475
20.54921667	472
20.55715	469
20.56508333	476
20.57298333	476
20.5808	474
20.58856667	469
20.59625	466
20.60393333	461
20.61176667	461
20.6197	470
20.62766667	476
20.6356	478
20.64348333	476
20.65148333	473
20.65948333	480
20.6674	480
20.67531667	475
20.68326667	475
20.6913	477
20.69925	482
20.70716667	477
20.71521667	475
20.72323333	483
20.73128333	481
20.73935	483
20.74751667	484
20.75566667	490
20.76388333	489
20.77218333	493
20.78036667	498
20.78853333	491
20.79671667	490
20.8049	491
20.81306667	491
20.8212	490
20.82926667	488
20.83741667	484
20.84556667	489
20.85371667	489
20.86186667	489
20.87013333	489
20.87831667	496
20.88651667	491
20.89471667	492
20.903	492
20.91135	497
20.9197	501
20.92791667	501
20.93611667	493
20.94431667	492
20.95258333	492
20.96093333	496
20.96928333	501
20.97756667	501
20.9857	497
20.99376667	488
21.00183333	484
21.0099	484
21.01808333	484
21.0264	491
21.03461667	499
21.04281667	493
21.05111667	492
21.05958333	498
21.06801667	508
21.0764	506
21.08478333	503
21.09323333	503
21.10171667	507
21.11023333	509
21.1187	511
21.12713333	508
21.13568333	506
21.14428333	513
21.15285	516
21.1614	514
21.16993333	513
21.17856667	512
21.18725	518
21.19588333	521
21.2045	518
21.21306667	517
21.22173333	514
21.23031667	520
21.23895	515
21.24755	518
21.25633333	516
21.26501667	527
21.27375	521
21.28255	524
21.2915	528
21.3004	537
21.30923333	534
21.31801667	530
21.3269	527
21.33571667	533
21.34443333	529
21.35301667	523
21.36153333	515
21.36998333	511
21.37838333	507
21.38691667	504
21.3956	512
21.40421667	521
21.4128	517
21.42131667	515
21.42993333	511
21.43866667	517
21.44731667	524
21.45601667	519
21.46463333	522
21.47348333	517
21.48235	531
21.49106667	532
21.49976667	523
21.5084	522
21.51703333	518
21.5257	518
21.53461667	520
21.5436	535
21.55255	539
21.5615	537
21.57043333	537
21.5795	536
21.58851667	544
21.59756667	541
21.60663333	543
21.61575	544
21.62485	547
21.63385	546
21.64271667	540
21.65148333	532
21.66028333	526
21.66903333	528
21.67773333	525
21.68636667	522
21.69493333	518
21.70348333	514
21.71203333	513
21.72076667	513
21.72948333	524
21.73816667	523
21.74681667	521
21.75565	519
21.7645	530
21.77328333	531
21.78208333	527
21.79096667	528
21.79981667	533
21.8087	531
21.81766667	533
21.82676667	538
21.8358	546
21.8449	542
21.85401667	546
21.8633	547
21.87261667	557
21.8818	559
21.89101667	551
21.90033333	553
21.90973333	559
21.91908333	564
21.92836667	561
21.93761667	557
21.9469	555
21.95621667	557
21.96535	559
21.97438333	548
21.98346667	542
21.99251667	545
22.00155	543
22.01053333	542
22.0196	539
22.02866667	544
22.03765	544
22.04655	539
22.05533333	534
22.06395	527
22.07266667	517
22.08151667	523
22.09045	531
22.0995	536
22.10848333	543
22.11755	539
22.12661667	544
22.13576667	544
22.14491667	549
22.15413333	549
22.16338333	553
22.17251667	555
22.18158333	548
22.1906	544
22.19955	541
22.20845	537
22.21733333	534
22.22615	533
22.23491667	529
22.2436	526
22.25241667	521
22.26126667	529
22.27013333	531
22.27896667	532
22.2879	530
22.29695	536
22.30593333	543
22.31498333	539
22.32411667	543
22.3333	548
22.34245	551
22.35161667	549
22.36088333	550
22.37005	556
22.37916667	550
22.38833333	547
22.39751667	550
22.40658333	551
22.41558333	544
22.4246	540
22.43363333	541
22.44255	542
22.4514	535
22.46031667	531
22.46915	535
22.47803333	530
22.48698333	533
22.49593333	537
22.50496667	537
22.51395	542
22.52291667	539
22.5319	538
22.54086667	539
22.54981667	538
22.5587	537
22.56758333	533
22.5765	533
22.58545	535
22.59455	537
22.60353333	546
22.61251667	539
22.62143333	539
22.63036667	535
22.63928333	536
22.64816667	535
22.65706667	533
22.66608333	534
22.6752	541
22.68426667	547
22.69335	544
22.70243333	545
22.71163333	545
22.72076667	552
22.72983333	548
22.73881667	544
22.74785	539
22.75693333	542
22.76596667	545
22.77491667	542
22.78383333	537
22.7927	535
22.8017	532
22.81078333	540
22.8199	545
22.82896667	547
22.838	544
22.84706667	542
22.85608333	544
22.86503333	541
22.87393333	537
22.88281667	534
22.8916	533
22.90038333	527
22.90915	527
22.9181	526
22.92733333	537
22.93668333	554
22.94585	561
22.955	550
22.96423333	549
22.97356667	554
22.98273333	560
22.99191667	550
23.00108333	551
23.01033333	550
23.01946667	555
23.02853333	548
23.03758333	544
23.04666667	543
23.05563333	545
23.06458333	538
23.0736	537
23.08265	541
23.09163333	543
23.10066667	539
23.10975	542
23.11893333	545
23.12808333	551
23.13723333	549
23.14651667	549
23.15588333	557
23.16516667	562
23.17453333	557
23.1839	562
23.19331667	562
23.2026	565
23.2119	557
23.22115	558
23.23045	555
23.23968333	558
23.24891667	554
23.2581	554
23.26736667	551
23.27665	556
23.28585	557
23.29511667	552
23.30443333	556
23.31378333	559
23.32308333	561
23.33248333	558
23.342	564
23.35163333	571
23.36111667	578
23.37071667	569
23.38031667	576
23.38998333	576
23.39946667	580
23.40896667	569
23.41848333	570
23.42798333	571
23.43736667	570
23.44671667	563
23.456	561
23.46531667	557
23.47451667	559
23.48368333	552
23.49285	550
23.50198333	550
23.51105	548
23.52013333	544
23.52926667	545
23.53848333	548
23.54761667	553
23.5568	548
23.56606667	551
23.57536667	556
23.58456667	558
23.59388333	552
23.60316667	559
23.61251667	557
23.62168333	561
23.63093333	550
23.64008333	555
23.64931667	549
23.65846667	554
23.6676	549
23.67673333	548
23.68591667	548
23.69508333	551
23.70426667	550
23.71341667	551
23.72263333	549
23.73191667	553
23.74111667	557
23.75041667	552
23.75976667	558
23.76918333	561
23.7785	565
23.78793333	559
23.79738333	566
23.80691667	567
23.81631667	572
23.82581667	564
23.83538333	570
23.84508333	574
23.85478333	582
23.8643	582
23.87381667	571
23.88333333	571
23.89286667	571
23.90228333	572
23.91166667	565
23.92098333	563
23.9303	559
23.93953333	559
23.9579	554
23.96708333	0
23.97625	551
23.98533333	550
23.99441667	545
24.00348333	545
24.01246667	544
24.02143333	539
24.03046667	538
24.03935	542
24.04811667	533
24.05696667	526
24.0657	531
24.07451667	524
24.08343333	529
24.09245	535
24.10153333	541
24.11058333	545
24.11971667	543
24.1288	548
24.13785	545
24.14698333	543
24.15606667	548
24.16521667	545
24.17428333	549
24.18336667	544
24.1925	545
24.20165	548
24.2108	549
24.21993333	549
24.22903333	548
24.23796667	546
24.2468	536
24.25558333	530
24.26436667	527
24.27318333	527
24.28198333	529
24.2908	528
24.29963333	529
24.30838333	530
24.31705	525
24.32563333	520
24.33415	515
24.34268333	511
24.35138333	512
24.3601	522
24.36886667	523
24.37775	526
24.38686667	533
24.39616667	547
24.40545	558
24.41461667	557
24.42386667	550
24.43331667	555
24.44291667	567
24.4526	576
24.46213333	581
24.47156667	572
24.48091667	566
24.49021667	561
24.49953333	558
24.50878333	559
24.51805	555
24.52723333	556
24.53638333	551
24.5455	549
24.5546	547
24.56366667	546
24.57268333	544
24.58163333	541
24.59046667	537
24.59926667	530
24.60805	528
24.61695	527
24.6261	534
24.63516667	549
24.64431667	544
24.65353333	549
24.66278333	553
24.67218333	555
24.6816	564
24.6912	565
24.70091667	576
24.71061667	583
24.72031667	582
24.72988333	582
24.7392	574
24.74848333	559
24.75763333	557
24.76666667	549
24.77571667	542
24.78476667	543
24.79373333	543
24.8027	538
24.81165	538
24.82035	537
24.82905	522
24.83766667	522
24.84625	517
24.85495	515
24.86383333	522
24.8728	533
24.88181667	538
24.8908	541
24.89963333	539
24.90833333	530
24.91706667	522
24.92585	524
24.93488333	527
24.94383333	542
24.95281667	537
24.96196667	539
24.97133333	549
24.98066667	562
24.98995	560
24.99928333	557
25.0088	560
25.01831667	571
25.02801667	571
25.03768333	582
25.04723333	580
25.0569	573
25.06648333	580
25.07613333	575
25.08555	579
25.0951	565
25.10451667	573
25.11385	565
25.12303333	560
25.13228333	551
25.14138333	555
25.15053333	546
25.15973333	549
25.16906667	552
25.17848333	560
25.18781667	565
25.19716667	560
25.20656667	561
25.21596667	564
25.22535	564
25.23475	563
25.24416667	564
25.25363333	565
25.26308333	568
25.27263333	567
25.28235	573
25.32045	583
25.32988333	0
25.33935	566
25.34888333	568
25.35845	572
25.36808333	574
25.37775	578
25.38738333	580
25.39703333	578
25.40675	579
25.41651667	583
25.4262	586
25.43591667	581
25.44563333	583
25.4553	583
25.46496667	580
25.47463333	580
25.48433333	580
25.49406667	582
25.50388333	584
25.51373333	589
25.52358333	591
25.5334	591
25.54318333	589
25.55281667	587
25.5625	578
25.57228333	581
25.58211667	587
25.59181667	590
25.60161667	582
25.61143333	588
25.6213	589
25.63095	592
25.64055	579
25.65011667	576
25.6597	574
25.66925	575
25.67876667	573
25.68811667	571
25.69731667	561
25.70646667	552
25.71558333	549
25.72466667	547
25.73375	545
25.74291667	545
25.75198333	550
25.76105	544
25.77011667	544
25.77928333	544
25.78855	550
25.79786667	556
25.80713333	559
25.81641667	556
25.82578333	557
25.83513333	562
25.84453333	561
25.85395	564
25.86358333	565
25.8733	578
25.88298333	583
25.89258333	581
25.90196667	576
25.91128333	563
25.92036667	559
25.92928333	545
25.93821667	535
25.94715	536
25.95615	536
25.96501667	540
25.97383333	532
25.98265	529
25.99153333	529
26.0005	533
26.00943333	538
26.01841667	536
26.02766667	539
26.0369	555
26.0462	554
26.05566667	558
26.0655	568
26.07543333	590
26.0851	596
26.09498333	580
26.10485	593
26.11475	592
26.12461667	594
26.13436667	592
26.22836667	585
26.2381	0
26.24775	584
26.25751667	579
26.26728333	586
26.2771	586
26.28693333	589
26.29678333	590
26.30663333	591
26.31638333	591
26.32603333	585
26.33558333	579
26.34518333	573
26.3549	576
26.36483333	583
26.37493333	596
26.38496667	606
26.39511667	602
26.40533333	609
26.4154	613
26.42548333	604
26.43548333	605
26.44533333	600
26.4551	591
26.46491667	586
26.47491667	589
26.48493333	600
26.49495	601
26.50503333	601
26.5153	605
26.52546667	616
26.53571667	610
26.54573333	615
26.55558333	601
26.56543333	591
26.57533333	591
26.5852	594
26.59505	592
26.60485	591
26.6147	588
26.62448333	591
26.63428333	587
26.644	588
26.6538	583
26.66351667	588
26.67315	583
26.68278333	578
26.69248333	578
26.70226667	582
26.71191667	587
26.72165	579
26.73135	584
26.7411	582
26.75068333	585
26.76028333	575
26.7698	576
26.77936667	571
26.78881667	574
26.79808333	567
26.80733333	556
26.8167	555
26.82621667	562
26.8358	571
26.84528333	575
26.8547	569
26.8642	565
26.87383333	570
26.88348333	578
26.89311667	579
26.90291667	578
26.91281667	588
26.92286667	594
26.93263333	603
26.94245	586
26.9523	589
26.96221667	591
26.97198333	595
26.9817	586
26.99148333	583
27.00133333	587
27.01123333	591
27.0209	594
27.03073333	580
27.04061667	590
27.05043333	593
27.06033333	589
27.07041667	594
27.08051667	605
27.09038333	606
27.10038333	592
27.11046667	600
27.12056667	605
27.13046667	606
27.14036667	594
27.1503	594
27.16008333	596
27.16975	587
27.17928333	580
27.18861667	572
27.19785	560
27.20686667	554
27.21595	541
27.22501667	545
27.23423333	544
27.24356667	553
27.25313333	560
27.26278333	574
27.27241667	579
27.28213333	578
27.29186667	583
27.30173333	584
27.31165	592
27.32168333	595
27.33165	602
27.34171667	598
27.3519	604
27.36215	611
27.37221667	615
27.38233333	604
27.39231667	607
27.40215	599
27.41188333	590
27.42161667	584
27.43116667	584
27.44078333	573
27.45038333	577
27.4601	576
27.46971667	583
27.47933333	577
27.48893333	577
27.49856667	576
27.50816667	578
27.51765	576
27.52721667	569
27.53681667	574
27.54645	576
27.55623333	578
27.56596667	587
27.57568333	584
27.5855	583
27.59536667	589
27.60531667	592
27.61516667	597
27.62516667	591
27.63513333	600
27.64493333	598
27.65471667	588
27.6644	587
27.67408333	581
27.68353333	581
27.693	567
27.70251667	568
27.71208333	571
27.72161667	574
27.73113333	572
27.74071667	571
27.75028333	575
27.75976667	574
27.76926667	569
27.77876667	570
27.78816667	570
27.79773333	564
27.80745	574
27.81723333	583
27.82705	587
27.83691667	589
27.84685	592
27.85683333	596
27.86675	599
27.87671667	595
27.88678333	598
27.89695	604
27.9069	610
27.91656667	597
27.92625	580
27.93588333	581
27.94568333	578
27.9556	588
27.96546667	595
27.97526667	592
27.98496667	588
27.99451667	582
28.00385	573
28.0132	560
28.0225	561
28.03198333	558
28.04158333	569
28.0512	576
28.06063333	577
28.06998333	566
28.07946667	561
28.08886667	569
28.09841667	564
28.10821667	573
28.11815	588
28.12816667	596
28.13815	601
28.14811667	599
28.15808333	598
28.1681	598
28.17811667	601
28.18813333	601
28.198	601
28.20785	592
28.21765	591
28.22748333	588
28.23726667	590
28.2469	587
28.25673333	578
28.26663333	590
28.27671667	594
28.28665	605
28.29656667	596
28.30656667	595
28.31666667	600
28.32698333	606
28.337	619
28.3472	601
28.35743333	612
28.36771667	614
28.3779	617
28.38811667	611
28.39831667	613
28.40856667	612
28.41848333	615
28.42851667	595
28.43848333	602
28.44853333	598
28.45845	603
28.46826667	595
28.47811667	589
28.48806667	591
28.49801667	597
28.50783333	597
28.51776667	589
28.52768333	596
28.53746667	595
28.5473	587
28.55723333	590
28.56726667	596
28.5771	602
28.58705	590
28.59696667	597
28.60698333	595
28.61693333	601
28.62668333	597
28.6365	585
28.64626667	589
28.65591667	586
28.66548333	579
28.67501667	574
28.68461667	572
28.69413333	576
28.70378333	571
28.71355	579
28.72358333	586
28.73358333	602
28.74373333	600
28.75403333	609
28.76455	618
28.77495	631
28.78543333	624
28.79593333	629
28.80608333	630
28.81603333	609
28.82583333	597
28.83583333	588
28.8459	600
28.85628333	604
28.86693333	623
28.87783333	639
28.88875	654
28.89958333	655
28.91031667	650
28.92103333	644
28.93166667	643
28.94226667	638
28.95265	636
28.96286667	623
28.97285	613
28.9828	599
28.99285	597
29.00301667	603
29.013	610
29.02291667	599
29.03286667	595
29.04305	597
29.05351667	611
29.0639	628
29.07421667	623
29.08466667	619
29.09528333	627
29.10548333	637
29.1159	612
29.1263	625
29.13678333	624
29.14696667	629
29.1572	611
29.16746667	614
29.17776667	616
29.1878	618
29.19788333	602
29.2079	605
29.21796667	601
29.22806667	604
29.23795	606
29.24803333	593
29.25823333	605
29.2687	612
29.27905	628
29.28903333	621
29.29903333	599
29.309	600
29.31915	598
29.32945	609
29.33951667	618
29.34968333	604
29.35976667	610
29.36993333	605
29.38008333	610
29.39	609
29.39993333	595
29.40988333	596
29.41983333	597
29.42988333	597
29.43975	603
29.44963333	592
29.45948333	593
29.46925	591
29.47906667	586
29.48893333	589
29.49871667	592
29.5086	587
29.51856667	593
29.52845	598
29.53828333	593
29.5481	590
29.558	589
29.56791667	594
29.57783333	595
29.5877	595
29.59763333	592
29.60743333	596
29.6171	588
29.6268	580
29.63655	582
29.64661667	585
29.65695	604
29.66755	620
29.678	636
29.68843333	627
29.69888333	626
29.70926667	627
29.71945	623
29.72953333	611
29.73961667	605
29.74936667	605
29.75925	585
29.76895	593
29.77855	582
29.78803333	576
29.79743333	569
29.8068	564
29.81596667	562
29.82513333	550
29.83416667	550
29.84323333	542
29.85258333	544
29.86241667	561
29.87243333	590
29.8826	601
29.89298333	610
29.9033	623
29.91366667	619
29.92396667	622
29.93406667	618
29.94411667	606
29.95398333	603
29.96365	592
29.97316667	580
29.98253333	571
29.99183333	562
30.00108333	558
30.01035	555
30.01995	556
30.02983333	576
30.03961667	593
30.04923333	587
30.05888333	577
30.06858333	579
30.07838333	582
30.08813333	588
30.09773333	585
30.10733333	576
30.11701667	576
30.1269	581
30.13688333	593
30.14673333	599
30.15678333	591
30.16686667	603
30.17701667	605
30.18701667	609
30.19725	600
30.20736667	614
30.21753333	607
30.22763333	610
30.2377	606
30.2479	604
30.25806667	612
30.26823333	610
30.2785	610
30.28885	616
30.29898333	621
30.3089	608
30.31885	595
30.32876667	597
30.33923333	595
30.35023333	628
30.36121667	660
30.37178333	659
30.38235	634
30.39303333	634
30.40343333	641
30.4139	624
30.42441667	628
30.43506667	631
30.44571667	639
30.45598333	639
30.46633333	616
30.4766	621
30.48685	616
30.49695	615
30.50701667	606
30.51708333	604
30.52721667	604
30.53728333	608
30.54731667	604
30.55736667	602
30.56755	603
30.5778	611
30.58783333	615
30.5979	602
30.608	604
30.61823333	606
30.62875	614
30.63905	631
30.64978333	618
30.66045	644
30.67135	640
30.68186667	654
30.69258333	631
30.70325	643
30.71383333	640
30.72418333	635
30.7344	621
30.74461667	613
30.75483333	613
30.76475	613
30.77473333	595
30.78465	599
30.7946	595
30.80436667	597
30.81415	586
30.82386667	587
30.83355	583
30.8432	581
30.8528	579
30.86225	576
30.87181667	567
30.88125	574
30.89058333	566
30.8998	560
30.90895	553
30.9184	549
30.9291	567
30.94028333	642
30.95128333	671
30.96193333	660
30.9723	639
30.9826	622
30.9931	618
31.00381667	630
31.01465	643
31.02561667	650
31.0367	658
31.04758333	665
31.05788333	653
31.068	618
31.07803333	607
31.08811667	602
31.09836667	605
31.10843333	615
31.11871667	604
31.12918333	617
31.14021667	628
31.15145	662
31.16255	674
31.17386667	666
31.18513333	679
31.19625	676
31.20731667	667
31.21831667	664
31.22935	660
31.24003333	662
31.25081667	641
31.26161667	647
31.27243333	648
31.28308333	649
31.29343333	639
31.30385	621
31.3143	625
31.32476667	627
31.335	628
31.34525	614
31.3556	615
31.36606667	621
31.37638333	628
31.38675	619
31.39721667	622
31.40793333	628
31.4185	643
31.42888333	634
31.43951667	623
31.45026667	638
31.46098333	645
31.47136667	643
31.48196667	623
31.49248333	636
31.50303333	631
31.51345	633
31.52398333	625
31.5345	632
31.54503333	631
31.55526667	632
31.5656	614
31.57585	620
31.58613333	615
31.59618333	617
31.6062	603
31.6162	601
31.6263	600
31.63655	606
31.64673333	615
31.65716667	611
31.66768333	626
31.67821667	631
31.68858333	632
31.69906667	622
31.70948333	629
31.71995	625
31.73013333	628
31.74046667	611
31.75076667	620
31.761	618
31.77111667	614
31.78116667	607
31.79131667	603
31.80168333	609
31.81226667	622
31.82275	635
31.83316667	629
31.84366667	625
31.8543	630
31.86498333	638
31.87525	641
31.88556667	616
31.89565	619
31.90558333	605
31.9153	596
31.92478333	583
31.93425	569
31.94366667	568
31.95315	565
31.9627	569
31.97233333	573
31.98211667	578
31.99171667	587
