0.016583333	995
0.0324	949
0.047533333	908
0.0641	994
0.08	954
0.096233333	974
0.1114	910
0.125966667	874
0.141233333	916
0.155933333	882
0.169583333	819
0.18445	892
0.198916667	868
0.213066667	849
0.226783333	823
0.241566667	887
0.255566667	840
0.270316667	885
0.284833333	871
0.298516667	821
0.312716667	852
0.326116667	804
0.338916667	768
0.3518	773
0.364033333	734
0.376066667	722
0.388833333	766
0.402716667	833
0.417266667	873
0.432566667	918
0.447816667	915
0.4626	887
0.476066667	808
0.48995	833
0.5029	777
0.515466667	754
0.527433333	718
0.539516667	725
0.5539	863
0.567783333	833
0.5823	871
0.597983333	941
0.613366667	923
0.627516667	849
0.640216667	762
0.6532	779
0.666233333	782
0.679883333	819
0.696266667	983
0.712166667	954
0.727233333	904
0.74235	907
0.757316667	898
0.771966667	879
0.7871	908
0.8025	924
0.816833333	860
0.8321	916
0.848	954
0.862216667	853
0.87735	908
0.892433333	905
0.9061	820
0.9196	810
0.9343	882
0.95025	957
0.965383333	908
0.980216667	890
0.995866667	939
1.010666667	888
1.023583333	775
1.036383333	768
1.048433333	723
1.0605	724
1.072883333	743
1.08705	850
1.102	897
1.11675	885
1.129833333	785
1.144266667	866
1.159883333	937
1.17585	958
1.190983333	908
1.205316667	860
1.220016667	882
1.235116667	906
1.248583333	808
1.263183333	876
1.277933333	885
1.2927	886
1.306666667	838
1.3214	884
1.336083333	881
1.3499	829
1.364366667	868
1.379	878
1.392483333	809
1.407433333	897
1.423183333	945
1.438083333	894
1.453766667	941
1.469083333	919
1.484	895
1.499266667	916
1.51385	875
1.528466667	877
1.5435	902
1.557816667	859
1.572966667	909
1.588233333	916
1.602783333	873
1.618433333	939
1.634333333	954
1.648866667	872
1.664583333	943
1.680066667	929
1.6943	854
1.709866667	934
1.724266667	864
1.738633333	862
1.753666667	902
1.768116667	867
1.782233333	847
1.797166667	896
1.810816667	819
1.8245	821
1.839566667	904
1.854266667	882
1.868533333	856
1.883816667	917
1.899366667	933
1.9144	902
1.930083333	941
1.945516667	926
1.959516667	840
1.974466667	897
1.989566667	906
2.004333333	886
2.019866667	932
2.034283333	865
2.049783333	930
2.065566667	947
2.080416667	891
2.0963	953
2.111483333	911
2.127183333	942
2.1436	985
2.159366667	946
2.174983333	937
2.190633333	939
2.20595	919
2.219783333	830
2.233816667	842
2.24825	866
2.261766667	811
2.2748	782
2.2887	834
2.30245	825
2.317066667	877
2.3323	914
2.346733333	866
2.3619	910
2.377883333	959
2.393183333	918
2.408066667	893
2.423583333	931
2.43955	958
2.454866667	919
2.469416667	873
2.4847	917
2.500083333	923
2.515283333	912
2.531566667	977
2.547066667	930
2.562716667	939
2.578633333	955
2.593333333	882
2.6093	958
2.624666667	922
2.640133333	928
2.656416667	977
2.67145	902
2.687066667	937
2.703416667	981
2.718266667	891
2.733533333	916
2.74925	943
2.76505	948
2.779733333	881
2.794883333	909
2.81035	928
2.824416667	844
2.838633333	853
2.853716667	905
2.86875	902
2.883066667	859
2.897733333	880
2.913433333	942
2.92745	841
2.942033333	875
2.9564	862
2.96965	795
2.983183333	812
2.996583333	804
3.009516667	776
3.022866667	801
3.03755	881
3.051216667	820
3.0656	863
3.079916667	859
3.09345	812
3.106333333	773
3.120316667	839
3.13495	878
3.149666667	883
3.163333333	820
3.17785	871
3.192283333	866
3.20635	844
3.219883333	812
3.232783333	774
3.24545	760
3.257733333	737
3.269933333	732
3.281766667	710
3.294083333	739
3.306783333	762
3.319716667	776
3.33295	794
3.346316667	802
3.359816667	810
3.373316667	810
3.3872	833
3.402333333	908
3.41875	985
3.434983333	974
3.44985	892
3.465166667	919
3.480066667	894
3.49355	809
3.507433333	833
3.52215	883
3.536583333	866
3.551683333	906
3.567366667	941
3.582283333	895
3.597816667	932
3.613016667	912
3.627683333	880
3.642616667	896
3.656916667	858
3.6724	929
3.688116667	943
3.702233333	847
3.717466667	914
3.732316667	891
3.747183333	892
3.76215	898
3.776133333	839
3.788933333	768
3.802	784
3.8159	834
3.829566667	820
3.842183333	757
3.855683333	810
3.869833333	849
3.88295	787
3.895916667	778
3.910233333	859
3.9253	904
3.93915	831
3.954133333	899
3.9689	886
3.982633333	824
3.997083333	867
4.011083333	840
4.025183333	846
4.039966667	887
4.0539	836
4.06665	765
4.079	741
4.090616667	697
4.102	683
4.113433333	686
4.125116667	701
4.136416667	678
4.14845	722
4.162083333	818
4.17615	844
4.190383333	854
4.205033333	879
4.219383333	861
4.233933333	873
4.24775	829
4.262483333	884
4.277533333	903
4.291333333	828
4.305866667	872
4.319766667	834
4.333566667	828
4.34755	839
4.361883333	860
4.375183333	798
4.38775	754
4.40095	792
4.414916667	838
4.42875	830
4.441983333	794
4.45605	844
4.47035	858
4.4836	795
4.4978	852
4.512016667	853
4.524966667	777
4.536866667	714
4.549516667	759
4.56255	782
4.575683333	788
4.59105	922
4.6051	843
4.619816667	883
4.633483333	820
4.646016667	752
4.658283333	736
4.670033333	705
4.681166667	668
4.692516667	681
4.704166667	699
4.7163	728
4.728983333	761
4.74105	724
4.754066667	781
4.76705	779
4.779616667	754
4.79145	710
4.80315	702
4.814616667	688
4.825616667	660
4.836633333	661
4.847433333	648
4.85855	667
4.869916667	682
4.88155	698
4.892733333	671
4.90485	727
4.917866667	781
4.930716667	771
4.94445	824
4.958733333	857
4.972683333	837
4.986883333	852
5.0006	823
5.014266667	820
5.026833333	754
5.039333333	750
5.050933333	696
5.06235	685
5.074116667	706
5.086033333	715
5.098316667	737
5.109866667	693
5.122066667	732
5.135433333	802
5.148733333	798
5.161516667	767
5.175266667	825
5.188766667	810
5.201733333	778
5.215083333	801
5.2291	841
5.2431	840
5.256016667	775
5.269133333	787
5.28205	775
5.294683333	758
5.3073	757
5.32075	807
5.333883333	788
5.346766667	773
5.361016667	855
5.3758	887
5.389333333	812
5.403766667	866
5.4179	848
5.432183333	857
5.447316667	908
5.462983333	940
5.477433333	867
5.492966667	932
5.508383333	925
5.522583333	852
5.53685	856
5.550016667	790
5.562816667	768
5.575083333	736
5.586583333	690
5.598183333	696
5.610316667	728
5.622166667	711
5.6345	740
5.647833333	800
5.661	790
5.67575	885
5.69025	870
5.703233333	779
5.715733333	750
5.727816667	725
5.739966667	729
5.75155	695
5.7639	741
5.776983333	785
5.789716667	764
5.803066667	801
5.81625	791
5.829833333	815
5.843283333	807
5.85675	808
5.869666667	775
5.8827	782
5.895133333	746
5.90755	745
5.920583333	782
5.934	805
5.945883333	713
5.95845	754
5.971316667	772
5.9844	785
5.99935	897
6.013533333	851
6.027583333	843
6.042	865
6.055883333	833
6.070283333	864
6.08445	850
6.09685	744
6.10975	774
6.12215	744
6.13415	720
6.14585	702
6.1582	741
6.170833333	758
6.18365	769
6.197166667	811
6.210783333	817
6.223883333	786
6.23705	790
6.2508	825
6.265133333	860
6.27825	787
6.291	765
6.304033333	782
6.315966667	716
6.328783333	769
6.342566667	827
6.35645	833
6.369216667	766
6.38335	848
6.398533333	911
6.412716667	851
6.427083333	862
6.442116667	902
6.456266667	849
6.469816667	813
6.483916667	846
6.497166667	795
6.510216667	783
6.5223	725
6.534266667	718
6.5468	752
6.561	852
6.574833333	830
6.589583333	885
6.6044	889
6.618783333	863
6.6336	889
6.649	924
6.6641	906
6.678233333	848
6.692016667	827
6.704866667	771
6.71765	767
6.72955	714
6.741116667	694
6.752666667	693
6.7641	686
6.775933333	710
6.788066667	728
6.799566667	690
6.810883333	679
6.822416667	692
6.833466667	663
6.8443	650
6.854933333	638
6.865283333	621
6.8754	607
6.885383333	599
6.895116667	584
6.905016667	594
6.91515	608
6.92535	612
6.93595	636
6.94665	642
6.9573	639
6.96825	657
6.980266667	721
6.993533333	796
7.0064	772
7.0194	780
7.033383333	839
7.0458	745
7.059183333	803
7.07265	808
7.084583333	716
7.096866667	737
7.109066667	732
7.1204	680
7.1316	672
7.1429	678
7.153733333	650
7.165183333	687
7.177266667	725
7.188883333	697
7.200733333	711
7.212883333	729
7.2243	685
7.235616667	679
7.246833333	673
7.257683333	651
7.268616667	656
7.279966667	681
7.291133333	670
7.302116667	659
7.313066667	657
7.3238	644
7.334316667	631
7.3452	653
7.3565	678
7.368333333	710
7.379383333	663
7.3905	667
7.401433333	656
7.412116667	641
7.42265	632
7.432633333	599
7.442466667	590
7.452383333	595
7.462266667	593
7.473216667	657
7.4845	677
7.495166667	640
7.506116667	657
7.516933333	649
7.527483333	633
7.538116667	638
7.549233333	667
7.560233333	660
7.571633333	684
7.583766667	728
7.595583333	709
7.607616667	722
7.62	743
7.6319	714
7.64385	717
7.6561	735
7.66835	735
7.680383333	722
7.693	757
7.705516667	751
7.71725	704
7.729583333	740
7.7424	769
7.754666667	736
7.767266667	756
7.779866667	756
7.791883333	721
7.803966667	725
7.8159	716
7.827333333	686
7.838216667	653
7.849283333	664
7.86075	688
7.871866667	667
7.883533333	700
7.89625	763
7.908216667	718
7.920433333	733
7.93295	751
7.944516667	694
7.956283333	706
7.968733333	747
7.980716667	719
7.99235	698
8.0048	747
8.01715	741
8.02885	702
8.040833333	719
8.053933333	786
8.066533333	756
8.07905	751
8.09185	768
8.103483333	698
8.11485	682
8.1261	675
8.1368	642
8.147183333	623
8.1576	625
8.168166667	634
8.17875	635
8.189983333	674
8.202483333	750
8.21415	700
8.226233333	725
8.238783333	753
8.250733333	717
8.261883333	669
8.273383333	690
8.285433333	723
8.297433333	720
8.30915	703
8.322366667	793
8.33575	803
8.348033333	737
8.3605	748
8.372783333	737
8.3849	727
8.396283333	683
8.407483333	672
8.41875	676
8.42985	666
8.440933333	665
8.452983333	723
8.4652	733
8.4775	738
8.491533333	842
8.505066667	812
8.517033333	718
8.529366667	740
8.5422	770
8.5541	714
8.565883333	707
8.578166667	737
8.590233333	724
8.60185	697
8.614316667	748
8.6268	749
8.638583333	707
8.6515	775
8.66405	753
8.675916667	712
8.6885	755
8.702333333	830
8.715083333	765
8.727983333	774
8.74115	790
8.754283333	788
8.766516667	734
8.779066667	753
8.791166667	726
8.802666667	690
8.8145	710
8.826466667	718
8.837766667	678
8.8497	716
8.861716667	721
8.873766667	723
8.885433333	700
8.8978	742
8.911	792
8.922566667	694
8.934333333	706
8.946483333	729
8.957883333	684
8.968883333	660
8.98	667
8.991433333	686
9.002383333	657
9.013216667	650
9.024766667	693
9.03555	647
9.046183333	638
9.05715	658
9.068516667	682
9.07935	650
9.090383333	662
9.101783333	684
9.1128	661
9.1244	696
9.135733333	680
9.1469	670
9.15795	663
9.1685	633
9.179133333	638
9.189333333	612
9.1994	604
9.2095	606
9.2193	588
9.229283333	599
9.23905	586
9.248583333	572
9.2583	583
9.267816667	571
9.277233333	565
9.286616667	563
9.295983333	562
9.305383333	564
9.314883333	570
9.324266667	563
9.333666667	564
9.343083333	565
9.352316667	554
9.361566667	555
9.370683333	547
9.3797	541
9.388766667	544
9.397916667	549
9.40685	536
9.4158	537
9.424816667	541
9.43375	536
9.44265	534
9.451566667	535
9.46035	527
9.469116667	526
9.477883333	526
9.486583333	522
9.4952	517
9.50395	525
9.512933333	539
9.521866667	536
9.530866667	540
9.539966667	546
9.549216667	555
9.558733333	571
9.568	556
9.577166667	550
9.586333333	550
9.5954	544
9.604516667	547
9.613716667	552
9.622716667	540
9.631766667	543
9.640966667	552
9.650116667	549
9.659133333	541
9.668183333	543
9.677216667	542
9.686133333	535
9.695016667	533
9.7039	533
9.712633333	524
9.72135	523
9.730016667	520
9.738566667	513
9.74705	509
9.75565	516
9.76425	516
9.77275	510
9.781283333	512
9.789866667	515
9.798433333	514
9.80705	517
9.81575	522
9.8244	519
9.833	516
9.8416	516
9.8501	510
9.858533333	506
9.866983333	507
9.87545	508
9.883833333	503
9.892183333	501
9.900533333	501
9.908866667	500
9.917183333	499
9.92555	502
9.93385	498
9.9422	501
9.950416667	493
9.9586	491
9.96675	489
9.974883333	488
9.983	487
9.991166667	490
9.9993	488
10.0075	492
10.0156	486
10.02378333	491
10.03208333	498
10.04035	496
10.04858333	494
10.05688333	498
10.06521667	500
10.07358333	502
10.08186667	497
10.0902	500
10.0984	492
10.1065	486
10.1145	480
10.12248333	479
10.13041667	476
10.13835	476
10.14621667	472
10.1541	473
10.16206667	478
10.16995	473
10.1779	477
10.18583333	476
10.19375	475
10.2016	471
10.20948333	473
10.21736667	473
10.22518333	469
10.233	469
10.24085	471
10.24878333	476
10.25673333	477
10.26461667	473
10.27253333	475
10.28043333	474
10.28835	475
10.29623333	473
10.30411667	473
10.31203333	475
10.31988333	471
10.32771667	470
10.33551667	468
10.34345	476
10.35141667	478
10.35963333	493
10.36795	499
10.37638333	506
10.38451667	488
10.39263333	487
10.40081667	491
10.40905	494
10.41733333	497
10.42575	505
10.43426667	511
10.4426	500
10.45096667	502
10.4595	512
10.46783333	500
10.4762	502
10.48453333	500
10.49293333	504
10.50115	493
10.50936667	493
10.51758333	493
10.52576667	491
10.53386667	486
10.542	488
10.55015	489
10.55838333	494
10.56661667	494
10.57483333	493
10.58303333	492
10.59111667	485
10.59926667	489
10.60731667	483
10.61536667	483
10.62333333	478
10.6313	478
10.63926667	478
10.6472	476
10.65513333	476
10.66308333	477
10.67106667	479
10.67921667	489
10.68723333	481
10.6953	484
10.70336667	484
10.71146667	486
10.7195	482
10.72753333	482
10.73558333	483
10.74356667	479
10.75146667	474
10.75935	473
10.76716667	469
10.77495	467
10.78273333	467
10.7905	466
10.79823333	464
10.8059	460
10.81361667	463
10.82131667	462
10.82895	458
10.83656667	457
10.85176667	0
10.85926667	450
10.87423333	0
10.88168333	447
10.88915	448
10.89666667	451
10.90431667	459
10.9119	455
10.9195	456
10.92706667	454
10.93473333	460
10.94233333	456
10.94991667	455
10.95753333	457
10.96515	457
10.97281667	460
10.98046667	459
10.98808333	457
10.99573333	459
11.0034	460
11.0111	462
11.01878333	461
11.02648333	462
11.03421667	464
11.04205	470
11.04986667	469
11.05761667	465
11.06541667	468
11.07318333	466
11.08101667	470
11.08881667	468
11.09661667	468
11.10443333	469
11.11233333	474
11.1203	478
11.12833333	482
11.13643333	486
11.14441667	479
11.15245	482
11.16046667	481
11.16845	479
11.17636667	475
11.1842	470
11.1921	474
11.19991667	469
11.20778333	472
11.21551667	464
11.22326667	465
11.231	464
11.23863333	458
11.24626667	458
11.25385	455
11.26145	456
11.26893333	449
11.27643333	450
11.2839	448
11.29148333	455
11.29898333	450
11.30646667	449
11.31401667	453
11.32156667	453
11.32908333	451
11.33673333	459
11.34446667	464
11.35226667	468
11.35996667	462
11.36768333	463
11.37545	466
11.38321667	466
11.39098333	466
11.39875	466
11.40645	462
11.41421667	466
11.42188333	460
11.42965	466
11.4373	459
11.4449	456
11.4526	462
11.46033333	464
11.46806667	464
11.47585	467
11.48355	462
11.49116667	457
11.4989	464
11.50658333	461
11.51421667	458
11.52183333	457
11.5294	454
11.53698333	455
11.54456667	455
11.55205	449
11.55958333	452
11.56711667	452
11.57475	458
11.58251667	466
11.59026667	465
11.59801667	465
11.60575	464
11.6134	459
11.62116667	466
11.63685	0
11.64468333	470
11.65238333	462
11.6601	463
11.66785	465
11.67555	462
11.6833	465
11.691	462
11.6986	456
11.70625	459
11.71393333	461
11.72918333	0
11.73668333	450
11.74425	454
11.75176667	451
11.7593	452
11.76668333	443
11.77403333	441
11.7814	442
11.78873333	440
11.79606667	440
11.80341667	441
11.81073333	439
11.8181	442
11.82546667	442
11.8328	440
11.84025	447
11.84768333	446
11.86275	0
11.87025	450
11.87786667	457
11.88551667	459
11.89325	464
11.90098333	464
11.9087	463
11.9164	462
11.92408333	461
11.93173333	459
11.93933333	456
11.94696667	458
11.95451667	453
11.96201667	450
11.96958333	454
11.97713333	453
11.98465	451
11.99215	450
11.99963333	449
12.00715	451
12.0147	453
12.02236667	460
12.02993333	454
12.03751667	455
12.0451	455
12.05276667	460
12.06046667	462
12.06815	461
12.07586667	463
12.08363333	466
12.09145	469
12.09921667	466
12.10695	464
12.11475	468
12.12261667	472
12.13041667	468
12.13813333	463
12.14586667	464
12.15351667	459
12.16878333	0
12.17635	454
12.18395	456
12.19163333	461
12.19925	457
12.20686667	457
12.21448333	457
12.22218333	462
12.22995	466
12.23763333	461
12.24531667	461
12.25303333	463
12.26078333	465
12.26848333	462
12.27618333	462
12.28388333	462
12.29163333	465
12.2993	460
12.307	462
12.31465	459
12.32233333	461
12.32991667	455
12.33756667	459
12.35271667	0
12.36026667	453
12.36786667	456
12.37546667	456
12.38301667	453
12.39043333	445
12.39788333	447
12.4053	445
12.41283333	452
12.42036667	452
12.42793333	454
12.4355	454
12.44298333	449
12.45058333	456
12.45805	448
12.46555	450
12.4731	453
12.48061667	451
12.48806667	447
12.49555	449
12.50313333	455
12.51076667	458
12.51848333	463
12.52633333	471
12.53421667	473
12.54185	458
12.54948333	458
12.5572	463
12.56483333	458
12.57243333	456
12.58003333	456
12.58758333	453
12.59518333	456
12.60286667	461
12.6104	452
12.61786667	448
12.62536667	450
12.63281667	447
12.6403	449
12.6478	450
12.65531667	451
12.66278333	448
12.67036667	455
12.6779	452
12.6855	456
12.69316667	460
12.70093333	466
12.70866667	464
12.71641667	465
12.72418333	466
12.73201667	470
12.73975	464
12.74751667	466
12.7552	461
12.76275	453
12.77025	450
12.77773333	449
12.78515	445
12.7925	441
12.79986667	442
12.80718333	439
12.81453333	441
12.82186667	440
12.82916667	438
12.83653333	442
12.84393333	444
12.8513	442
12.85885	453
12.8666	465
12.87445	471
12.8822	465
12.88985	459
12.8976	465
12.90541667	469
12.91341667	480
12.92138333	478
12.92936667	479
12.93733333	478
12.94545	487
12.95351667	484
12.96143333	475
12.9693	472
12.97733333	482
12.98538333	483
12.99343333	483
13.0015	484
13.00945	477
13.01736667	475
13.02531667	477
13.03325	476
13.04123333	479
13.04918333	477
13.0571	475
13.06501667	475
13.07293333	475
13.08075	469
13.08858333	470
13.09648333	474
13.10428333	468
13.11221667	476
13.12011667	474
13.128	473
13.13591667	475
13.14371667	468
13.15163333	475
13.15953333	474
13.16748333	477
13.17536667	473
13.18321667	471
13.19106667	471
13.19886667	468
13.2065	458
13.21408333	455
13.22163333	453
13.22913333	450
13.23663333	450
13.24415	451
13.25163333	449
13.25903333	444
13.26655	451
13.2742	459
13.28188333	461
13.28948333	456
13.29708333	456
13.30478333	462
13.31248333	462
13.32025	466
13.32801667	466
13.33581667	468
13.3436	467
13.35138333	467
13.35915	466
13.36688333	464
13.37463333	465
13.38238333	465
13.39008333	462
13.39783333	465
13.4056	466
13.41328333	461
13.42093333	459
13.42866667	464
13.4364	464
13.44411667	463
13.45175	458
13.45945	462
13.46721667	466
13.4749	461
13.48265	465
13.49041667	466
13.49823333	469
13.50601667	467
13.51386667	471
13.52176667	474
13.52958333	469
13.53741667	470
13.5452	467
13.55308333	473
13.56093333	471
13.56876667	470
13.5766	470
13.58441667	469
13.59226667	471
13.6	464
13.6077	462
13.61543333	464
13.6232	466
13.6309	462
13.63853333	458
13.6462	460
13.65391667	463
13.66163333	463
13.66926667	458
13.67698333	463
13.68466667	461
13.69235	461
13.69995	456
13.7075	453
13.71506667	454
13.72266667	456
13.73013333	448
13.73763333	450
13.7451	448
13.75255	447
13.75996667	445
13.76741667	447
13.77491667	450
13.78238333	448
13.78986667	449
13.7974	452
13.80503333	458
13.81268333	459
13.82025	454
13.82786667	457
13.83551667	459
13.84316667	459
13.85073333	454
13.85826667	452
13.86576667	450
13.87326667	450
13.8808	452
13.88836667	454
13.8959	452
13.90338333	449
13.91093333	453
13.91851667	455
13.92623333	463
13.93386667	458
13.94146667	456
13.94921667	465
13.957	467
13.96486667	472
13.97275	473
13.98056667	469
13.98838333	469
13.99628333	474
14.00423333	477
14.01208333	471
14.01993333	471
14.02781667	473
14.03571667	474
14.0435	467
14.05131667	469
14.05908333	466
14.06686667	467
14.07446667	456
14.08198333	451
14.08951667	452
14.09696667	447
14.10441667	447
14.11183333	445
14.11936667	452
14.12698333	457
14.13471667	464
14.14241667	462
14.15	455
14.15763333	458
14.16525	457
14.17283333	455
14.18038333	453
14.1878	445
14.1952	444
14.20265	447
14.22466667	0
14.23188333	433
14.23911667	434
14.24643333	439
14.25386667	446
14.26141667	453
14.26893333	451
14.2764	448
14.28381667	445
14.29138333	454
14.29898333	456
14.30665	460
14.3143	459
14.322	462
14.32976667	466
14.3375	464
14.3452	462
14.35298333	467
14.3609	475
14.36871667	469
14.37646667	465
14.38428333	469
14.39215	472
14.39985	462
14.40755	462
14.4153	465
14.42298333	461
14.43085	472
14.4386	465
14.44638333	467
14.45428333	474
14.46208333	468
14.46981667	464
14.47765	470
14.48535	462
14.49295	456
14.50053333	455
14.50811667	455
14.51563333	451
14.52318333	453
14.53075	454
14.53825	450
14.5457	447
14.55306667	442
14.56051667	447
14.56783333	439
14.57513333	438
14.58238333	435
14.58968333	438
14.597	439
14.60428333	437
14.61155	436
14.61883333	437
14.62608333	435
14.63328333	432
14.64055	436
14.64776667	433
14.65493333	430
14.6621	430
14.66926667	430
14.67643333	430
14.68358333	429
14.69073333	429
14.6979	430
14.70511667	433
14.71238333	436
14.7196	433
14.72688333	437
14.73416667	437
14.74148333	439
14.74873333	435
14.75605	439
14.76336667	439
14.77066667	438
14.77796667	438
14.78535	443
14.79268333	440
14.8001	445
14.80745	441
14.8149	447
14.82231667	445
14.8297	443
14.83703333	440
14.84436667	440
14.85166667	438
14.85898333	439
14.86618333	432
14.87336667	431
14.88053333	430
14.8877	430
14.8948	426
14.90188333	425
14.90903333	429
14.91616667	428
14.92331667	429
14.93046667	429
14.93758333	427
14.94476667	431
14.95198333	433
14.95923333	435
14.9665	436
14.97375	435
14.98096667	433
14.9882	434
14.9955	438
15.0028	438
15.01005	435
15.0173	435
15.02458333	437
15.03193333	441
15.03928333	441
15.04668333	444
15.05406667	443
15.06151667	447
15.06903333	451
15.07656667	452
15.08406667	450
15.0916	452
15.09921667	457
15.10686667	459
15.11448333	457
15.12213333	459
15.12986667	464
15.13761667	465
15.14536667	465
15.15303333	460
15.16076667	464
15.1684	458
15.17598333	455
15.18335	442
15.19075	444
15.19811667	442
15.2055	443
15.21286667	442
15.2202	440
15.22753333	440
15.23485	439
15.24216667	439
15.24965	449
15.25715	450
15.26466667	451
15.27206667	444
15.27945	443
15.28681667	442
15.29418333	442
15.30153333	441
15.30883333	438
15.31615	439
15.32345	438
15.3308	441
15.33828333	449
15.34591667	458
15.35358333	460
15.36113333	453
15.3687	454
15.37633333	458
15.3841	466
15.3919	468
15.39966667	466
15.40735	461
15.41513333	467
15.423	472
15.43081667	469
15.4385	461
15.44615	459
15.45385	462
15.46171667	472
15.46943333	463
15.47711667	461
15.48486667	465
15.49263333	466
15.5004	466
15.50813333	464
15.51593333	468
15.5237	466
15.53151667	469
15.53926667	465
15.5471	470
15.55505	477
15.56295	474
15.57076667	469
15.57861667	471
15.58648333	472
15.59436667	473
15.60215	467
15.60995	468
15.61763333	461
15.62535	463
15.63296667	457
15.64046667	450
15.64793333	448
15.65541667	449
15.66288333	448
15.67035	448
15.67776667	445
15.68518333	445
15.69268333	450
15.70023333	453
15.70781667	455
15.71533333	451
15.72291667	455
15.73055	458
15.73825	462
15.74593333	461
15.75361667	461
15.7613	461
15.76896667	460
15.77663333	460
15.78431667	461
15.79206667	465
15.79968333	457
15.80738333	462
15.81508333	462
15.82271667	458
15.83028333	454
15.83788333	456
15.8455	457
15.853	450
15.8605	450
15.86803333	452
15.87556667	452
15.8831	452
15.89056667	448
15.89806667	450
15.9056	452
15.9132	456
15.9207	450
15.9283	456
15.93591667	457
15.94355	458
15.95115	456
15.95875	456
15.96635	456
15.97398333	458
15.98153333	453
15.98905	451
15.99666667	457
16.0042	452
16.01178333	455
16.0192	445
16.02658333	443
16.04136667	0
16.04856667	432
16.05573333	430
16.06296667	434
16.07023333	436
16.07748333	435
16.08475	436
16.09205	438
16.0993	435
16.10655	435
16.11375	432
16.12101667	436
16.13541667	0
16.14261667	432
16.14985	434
16.15708333	434
16.16433333	435
16.17153333	432
16.17875	433
16.18601667	436
16.1932	431
16.20036667	430
16.2075	428
16.21465	429
16.22183333	431
16.229	430
16.23611667	427
16.24323333	427
16.25033333	426
16.25743333	426
16.2645	424
16.2716	426
16.27871667	427
16.28575	422
16.29268333	416
16.29961667	416
16.30655	416
16.31345	414
16.32031667	412
16.32711667	408
16.33393333	409
16.34075	409
16.34768333	416
16.35465	418
16.36161667	418
16.36856667	417
16.37548333	415
16.38245	418
16.38943333	419
16.39653333	426
16.4037	430
16.41078333	425
16.41786667	425
16.425	428
16.4321	426
16.43921667	427
16.44626667	423
16.4533	422
16.46045	429
16.46755	426
16.47466667	427
16.48175	425
16.4888	423
16.49583333	422
16.50295	427
16.51003333	425
16.5171	424
16.52416667	424
16.5312	422
16.53825	423
16.54535	426
16.55241667	424
16.55943333	421
16.56653333	426
16.57365	427
16.58076667	427
16.58781667	423
16.59486667	423
16.6019	422
16.60893333	422
16.61618333	435
16.62361667	446
16.63116667	453
16.63876667	456
16.6463	452
16.65371667	445
16.66115	446
16.66851667	442
16.67576667	435
16.68296667	432
16.69013333	430
16.69726667	428
16.70445	431
16.71153333	425
16.7186	424
16.72575	429
16.73296667	433
16.74018333	433
16.74735	430
16.75451667	430
16.76173333	433
16.76896667	434
16.77615	431
16.7833	429
16.79055	435
16.79783333	437
16.80516667	440
16.8125	440
16.81991667	445
16.82735	446
16.83475	444
16.8421	441
16.84961667	451
16.85711667	450
16.86456667	447
16.87198333	445
16.87946667	449
16.88693333	448
16.89431667	443
16.90181667	450
16.90923333	445
16.91665	445
16.92395	438
16.93131667	442
16.93868333	442
16.94601667	440
16.95325	434
16.96053333	437
16.96776667	434
16.97498333	433
16.98213333	429
16.98935	433
16.99651667	430
17.00363333	427
17.01071667	425
17.01785	428
17.02493333	425
17.03203333	426
17.03913333	426
17.0463	430
17.05351667	433
17.0607	431
17.06793333	434
17.07516667	434
17.08243333	436
17.08973333	438
17.09706667	440
17.10433333	436
17.11156667	434
17.11881667	435
17.12603333	433
17.13321667	431
17.14036667	429
17.1475	428
17.15466667	430
17.16181667	429
17.16903333	433
17.1762	430
17.18331667	427
17.1905	431
17.19771667	433
17.20485	428
17.21201667	430
17.21918333	430
17.22635	430
17.23346667	427
17.24068333	433
17.24786667	431
17.25501667	429
17.26213333	427
17.26928333	429
17.2764	427
17.2837	438
17.29118333	449
17.29881667	458
17.3064	455
17.31393333	452
17.32136667	446
17.32888333	451
17.33643333	453
17.34393333	450
17.35135	445
17.35883333	449
17.36635	451
17.37383333	449
17.38126667	446
17.38875	449
17.39618333	446
17.40353333	441
17.4108	436
17.41803333	434
17.42528333	435
17.43255	436
17.43976667	433
17.4469	428
17.45406667	430
17.46123333	430
17.46836667	428
17.4755	428
17.48256667	424
17.48971667	429
17.4969	431
17.50403333	428
17.51116667	428
17.51836667	432
17.52555	431
17.53273333	431
17.53988333	429
17.54708333	432
17.5543	433
17.56148333	431
17.56865	430
17.57585	432
17.58305	432
17.59015	426
17.5973	429
17.60441667	427
17.61153333	427
17.61861667	425
17.62568333	424
17.63278333	426
17.63986667	425
17.64691667	423
17.65398333	424
17.66105	424
17.6681	423
17.67513333	422
17.68206667	416
17.689	416
17.69595	417
17.70288333	416
17.70988333	420
17.71686667	419
17.72385	419
17.73081667	418
17.73785	422
17.74498333	428
17.75218333	432
17.75941667	434
17.76665	434
17.77388333	434
17.78125	442
17.78876667	451
17.79625	449
17.80375	450
17.81128333	452
17.81886667	455
17.8265	458
17.834	450
17.84156667	454
17.84908333	451
17.85655	448
17.86396667	445
17.87141667	447
17.8788	443
17.8861	438
17.89335	435
17.90066667	439
17.90795	437
17.91523333	437
17.92248333	435
17.92978333	438
17.93708333	438
17.94443333	441
17.95173333	438
17.95898333	435
17.9663	439
17.97363333	440
17.98098333	441
17.98828333	438
17.99563333	441
18.00303333	444
18.01045	445
18.01783333	443
18.02525	445
18.03266667	445
18.04013333	448
18.04745	439
18.05478333	440
18.06213333	441
18.06945	439
18.07665	432
18.0838	429
18.091	432
18.09818333	431
18.10531667	428
18.11235	422
18.11935	420
18.12636667	421
18.13343333	424
18.14045	421
18.14748333	422
18.1545	421
18.1615	420
18.16851667	421
18.17558333	424
18.18268333	426
18.18986667	431
18.19713333	436
18.20433333	432
18.21153333	432
18.21875	433
18.22606667	439
18.2334	440
18.24078333	443
18.2481	439
18.2554	438
18.26283333	446
18.27033333	450
18.27788333	453
18.2855	457
18.29316667	460
18.30083333	460
18.30858333	465
18.3163	463
18.32396667	460
18.33161667	459
18.33935	464
18.34701667	460
18.35465	458
18.36223333	455
18.36985	457
18.37748333	458
18.38515	460
18.39273333	455
18.40025	451
18.4078	453
18.41533333	452
18.42286667	452
18.43033333	448
18.43773333	444
18.44518333	447
18.4526	445
18.45998333	443
18.4673	439
18.47465	441
18.48201667	442
18.48931667	438
18.49665	440
18.50396667	439
18.51133333	442
18.51865	439
18.52593333	437
18.5332	436
18.54068333	449
18.54826667	455
18.55591667	459
18.5635	455
18.57106667	454
18.5787	458
18.58633333	458
18.59393333	456
18.60141667	449
18.60896667	453
18.61645	449
18.62391667	448
18.6313	443
18.63865	441
18.64605	444
18.6534	441
18.66086667	448
18.66821667	441
18.67556667	441
18.68298333	445
18.69041667	446
18.69773333	439
18.70498333	435
18.71233333	441
18.71961667	437
18.7269	437
18.73413333	434
18.74146667	440
18.74876667	438
18.756	434
18.7632	432
18.77043333	434
18.77765	433
18.78483333	431
18.79196667	428
18.79911667	429
18.80626667	429
18.81338333	427
18.82046667	425
18.82756667	426
18.83465	425
18.84176667	427
18.84886667	426
18.85595	425
18.86315	432
18.87038333	434
18.87765	436
18.88493333	437
18.8922	436
18.89955	441
18.90691667	442
18.91431667	444
18.92161667	438
18.92891667	438
18.93626667	441
18.94356667	438
18.95078333	433
18.95805	436
18.96526667	433
18.97258333	439
18.97985	436
18.9871	435
18.99438333	437
19.00163333	435
19.00885	433
19.0161	435
19.02336667	436
19.03068333	439
19.03796667	437
19.04526667	438
19.05261667	441
19.06001667	444
19.06741667	444
19.07481667	444
19.08221667	444
19.08965	446
19.09701667	442
19.10445	446
19.11186667	445
19.1193	446
19.12675	447
19.13413333	443
19.14158333	447
19.14896667	443
19.15621667	435
19.16346667	435
19.17068333	433
19.17786667	431
19.18503333	430
19.19221667	431
19.19943333	433
19.2066	430
19.21378333	431
19.22098333	432
19.22825	436
19.23543333	431
19.24261667	431
19.24986667	435
19.25711667	435
19.26438333	436
19.27161667	434
19.2789	437
19.2862	438
19.29343333	434
19.30066667	434
19.30796667	438
19.31526667	438
19.3226	440
19.32991667	439
19.33731667	444
19.34476667	447
19.3522	446
19.35966667	448
19.36706667	444
19.37453333	448
19.38198333	447
19.38936667	443
19.39668333	439
19.40396667	437
19.41128333	439
19.41861667	440
19.42601667	444
19.43331667	438
19.44058333	436
19.44798333	444
19.45538333	444
19.46276667	443
19.47003333	436
19.47731667	437
19.48456667	435
19.49181667	435
19.499	431
19.50616667	430
19.51333333	430
19.52046667	428
19.5275	422
19.53453333	422
19.54153333	420
19.54851667	419
19.5556	425
19.56288333	437
19.57025	442
19.57765	444
19.58495	438
19.59218333	434
19.59955	442
19.60693333	443
19.61428333	441
19.62163333	441
19.62893333	438
19.63623333	438
19.64343333	432
19.65068333	435
19.65788333	432
19.66498333	426
19.67205	424
19.67911667	424
19.68623333	427
19.69335	427
19.70046667	427
19.70755	425
19.71461667	424
19.72178333	430
19.72893333	429
19.73608333	429
19.74318333	426
19.75038333	432
19.75758333	432
19.76481667	434
19.77196667	429
19.77916667	432
19.7864	434
19.79361667	433
19.80081667	432
19.80806667	435
19.81528333	433
19.82246667	431
19.82961667	429
19.83671667	426
19.84385	428
19.85098333	428
19.85813333	429
19.86526667	428
19.8724	428
19.8796	432
19.8868	432
19.89396667	430
19.90118333	433
19.90846667	437
19.91578333	439
19.9231	439
19.93045	441
19.93776667	439
19.9452	446
19.95265	447
19.95998333	440
19.96723333	435
19.97455	439
19.9818	435
19.98896667	430
19.99611667	429
20.00326667	429
20.01041667	429
20.01755	428
20.02468333	428
20.03188333	432
20.03905	430
20.04611667	424
20.0531	419
20.06015	423
20.06725	426
20.07445	432
20.0817	435
20.08891667	433
20.09618333	436
20.10348333	438
20.11078333	438
20.11815	442
20.12566667	451
20.13326667	456
20.1409	458
20.1487	468
20.15623333	452
20.16366667	446
20.17105	443
20.1785	447
20.18588333	443
20.19331667	446
20.20068333	442
20.20811667	446
20.21555	446
20.22306667	451
20.23063333	454
20.23821667	455
20.2458	455
20.25341667	457
20.26091667	450
20.26843333	451
20.27595	451
20.28353333	455
20.2911	454
20.29868333	455
20.30628333	456
20.3139	457
20.3216	462
20.32948333	473
20.33741667	476
20.34536667	477
20.35331667	477
20.36123333	475
20.36928333	483
20.37721667	476
20.38526667	483
20.39351667	495
20.4017	491
20.40981667	487
20.41801667	492
20.42626667	495
20.43433333	484
20.44248333	489
20.45068333	492
20.45885	490
20.46708333	494
20.47535	496
20.48371667	502
20.49195	494
20.5001	489
20.50828333	491
20.51661667	500
20.5251	509
20.53355	507
20.54201667	508
20.55051667	510
20.55913333	517
20.56778333	519
20.57658333	528
20.58553333	537
20.59438333	531
20.6032	529
20.61218333	539
20.6215	559
20.63068333	551
20.63978333	546
20.64898333	552
20.65826667	557
20.66733333	544
20.67635	541
20.6854	543
20.6946	552
20.70366667	544
20.71271667	543
20.72171667	540
20.7306	533
20.73928333	521
20.74801667	524
20.7573	557
20.76753333	614
20.77833333	648
20.78946667	668
20.80108333	697
20.81258333	690
20.82305	628
20.83315	606
20.84333333	611
20.85371667	623
20.8641	623
20.87388333	587
20.88348333	576
20.8934	595
20.90395	633
20.91508333	668
20.92691667	710
20.9382	677
20.94868333	629
20.95926667	635
20.97013333	652
20.98083333	642
20.99088333	603
21.00075	592
21.01075	600
21.02118333	626
21.03151667	620
21.04151667	600
21.05175	614
21.06248333	644
21.0736	667
21.08416667	634
21.09483333	640
21.10598333	669
21.11655	634
21.12673333	611
21.13685	607
21.14696667	607
21.1572	614
21.16733333	608
21.17725	595
21.1874	609
21.19795	633
21.20883333	653
21.21968333	651
21.23001667	620
21.24026667	615
21.2507	626
21.26143333	644
21.2722	646
21.28263333	626
21.29371667	665
21.30536667	699
21.31678333	685
21.3289	727
21.34123333	740
21.35245	673
21.3633	651
21.3741	648
21.38445	621
21.3946	609
21.405	624
21.41631667	679
21.42781667	690
21.43855	644
21.44958333	662
21.46108333	690
21.47245	682
21.48378333	680
21.49551667	704
21.5071	695
21.51895	711
21.53173333	767
21.54508333	801
21.55771667	758
21.57088333	790
21.58371667	770
21.59603333	739
21.60831667	737
21.62065	740
21.63318333	752
21.6448	697
21.65658333	707
21.66905	748
21.68105	720
21.6931	723
21.70553333	746
21.71698333	687
21.72826667	677
21.73996667	702
21.75223333	736
21.76425	721
21.7766	741
21.78916667	754
21.80066667	690
21.812	680
21.8238	708
21.83588333	725
21.84696667	665
21.85821667	675
21.8697	689
21.88093333	674
21.89195	661
21.90295	660
21.91371667	646
21.92481667	666
21.9361	677
21.9469	648
21.95793333	662
21.969	664
21.97981667	649
21.9906	647
22.00148333	653
22.0122	643
22.02308333	653
22.03416667	665
22.04506667	654
22.05601667	657
22.06725	674
22.0784	669
22.08908333	641
22.09995	652
22.1109	657
22.1217	648
22.13206667	622
22.1423	614
22.15245	609
22.16271667	616
22.1734	641
22.18421667	649
22.1948	635
22.20556667	646
22.21653333	658
22.22733333	648
22.23801667	641
22.24885	650
22.25963333	647
22.26998333	621
22.2801	607
22.28998333	593
22.29958333	576
22.30918333	576
22.31858333	564
22.32785	556
22.3371	555
22.34631667	553
22.35555	554
22.36476667	553
22.37398333	553
22.38316667	551
22.39246667	558
22.402	572
22.41181667	589
22.42193333	607
22.43191667	599
22.4421	611
22.45253333	626
22.46318333	639
22.47365	628
22.48381667	610
22.49408333	616
22.5045	625
22.51508333	635
22.52565	634
22.53571667	604
22.54553333	589
22.5553	586
22.56486667	574
22.57425	563
22.5836	561
22.59303333	566
22.60255	571
22.61226667	583
22.62215	593
22.63231667	610
22.64246667	609
22.65225	587
22.66185	576
22.67133333	569
22.68066667	560
22.68996667	558
22.69931667	561
22.7087	563
22.71838333	581
22.72873333	621
22.73926667	632
22.74961667	621
22.7602	635
22.77093333	644
22.78158333	639
22.79278333	672
22.80446667	701
22.816	692
22.82713333	668
22.83816667	662
22.84915	659
22.85996667	649
22.87075	647
22.8818	663
22.8933	690
22.9048	690
22.91626667	688
22.92788333	697
22.93888333	660
22.94948333	636
22.95986667	623
22.97006667	612
22.97996667	594
22.98988333	595
22.99988333	600
23.01015	616
23.0204	615
23.0308	624
23.04161667	649
23.05265	662
23.06318333	632
23.0738	637
23.08451667	643
23.09533333	649
23.10596667	638
23.11655	635
23.12683333	617
23.13683333	600
23.1468	598
23.15693333	608
23.16708333	609
23.1775	625
23.18833333	650
23.19943333	666
23.21015	643
23.22088333	644
23.23166667	647
23.24225	635
23.253	645
23.26356667	634
23.27446667	654
23.28518333	643
23.29566667	629
23.30626667	636
23.31708333	649
23.32778333	642
23.33858333	648
23.34958333	660
23.36035	646
23.37121667	652
23.38226667	663
23.39298333	643
23.40373333	645
23.4147	658
23.4259	672
23.43691667	661
23.44838333	688
23.45986667	689
23.47093333	664
23.4822	676
23.49316667	658
23.50376667	636
23.5143	632
23.52485	633
23.53545	636
23.54625	648
23.55743333	671
23.56926667	710
23.5812	716
23.59248333	677
23.60401667	692
23.6157	701
23.62703333	680
23.63821667	671
23.64931667	666
23.66031667	660
23.67131667	660
23.68201667	642
23.69305	662
23.70453333	689
23.71628333	705
23.72766667	683
23.73928333	697
23.75111667	710
23.76286667	705
23.77425	683
23.78573333	689
23.79671667	659
23.8076	653
23.81811667	631
23.82885	644
23.83998333	668
23.85145	688
23.86251667	664
23.87386667	681
23.88548333	697
23.8967	673
23.90761667	655
23.9181	629
23.92823333	608
23.93835	607
23.9481	585
23.9576	570
23.9671	570
23.97713333	602
23.98776667	638
23.99923333	688
24.01103333	708
24.02228333	675
24.03361667	680
24.04485	674
24.05595	666
24.06688333	656
24.078	667
24.0893	678
24.10043333	668
24.11115	643
24.1219	645
24.13253333	638
24.14333333	648
24.15405	643
24.16433333	617
24.17485	631
24.18566667	649
24.19698333	679
24.20788333	654
24.21901667	668
24.2304	683
24.24198333	695
24.25328333	678
24.26418333	654
24.27511667	656
24.28588333	646
24.29605	610
24.30623333	611
24.31626667	602
24.326	584
24.33595	597
24.34643333	629
24.3582	706
24.37055	741
24.38233333	707
24.39386667	692
24.40553333	700
24.41745	715
24.42881667	682
24.44026667	687
24.45191667	699
24.46383333	715
24.47496667	668
24.48581667	651
24.49668333	652
24.5075	649
24.51813333	638
24.52893333	648
24.54041667	689
24.55255	728
24.56423333	701
24.57556667	680
24.58721667	699
24.59913333	715
24.61103333	714
24.6224	682
24.63346667	664
24.6444	656
24.65531667	655
24.66598333	640
24.67631667	620
24.68666667	621
24.69698333	619
24.70768333	642
24.71856667	653
24.72966667	666
24.7414	704
24.75356667	730
24.7655	716
24.77685	681
24.78795	666
24.79898333	662
24.80968333	642
24.82033333	639
24.83098333	639
24.8416	637
24.8519	618
24.86223333	620
24.87285	637
24.88386667	661
24.89475	653
24.90598333	674
24.91778333	708
24.92985	724
24.94155	702
24.95316667	697
24.96475	695
24.97621667	688
24.98706667	651
24.99781667	645
25.00845	638
25.01886667	625
25.0294	632
25.03996667	634
25.05023333	616
25.06051667	617
25.07138333	652
25.08291667	692
25.09448333	694
25.10633333	711
25.11763333	678
25.12915	691
25.14031667	670
25.1512	653
25.16196667	646
25.17225	617
25.18231667	604
25.1922	593
25.20188333	581
25.21176667	593
25.2218	602
25.23203333	614
25.2422	610
25.25228333	605
25.26255	616
25.27298333	626
25.28341667	626
25.29385	626
25.30376667	595
25.31366667	594
25.32353333	592
25.33346667	596
25.34348333	601
25.35343333	597
25.36348333	603
25.37366667	611
25.38403333	622
25.39431667	617
25.40443333	607
25.41441667	599
25.42431667	594
25.43426667	597
25.44413333	592
25.45425	607
25.46458333	620
25.47518333	636
25.48573333	633
25.4965	646
25.50758333	665
25.51916667	695
25.53136667	732
25.54356667	732
25.55606667	750
25.56883333	766
25.5808	718
25.59283333	722
25.60513333	738
25.61718333	723
25.62966667	749
25.64215	749
25.6538	699
25.66538333	695
25.67701667	698
25.68801667	660
25.69896667	657
25.71033333	682
25.72198333	699
25.7338	709
25.74541667	697
25.75698333	694
25.76833333	681
25.77943333	666
25.79043333	660
25.8012	646
25.81188333	641
25.82223333	621
25.83245	613
25.84266667	613
25.85296667	618
25.86333333	622
25.8743	658
25.88585	693
25.8976	705
25.9101	750
25.92205	717
25.93396667	715
25.94591667	717
25.95756667	699
25.96896667	684
25.98021667	675
25.99135	668
26.00216667	649
26.01278333	637
26.02335	634
26.03368333	620
26.044	619
26.05448333	629
26.06506667	635
26.07595	653
26.08701667	664
26.09843333	685
26.10988333	687
26.12141667	692
26.13313333	703
26.14445	679
26.15521667	646
26.16598333	646
26.17641667	626
26.1864	599
26.19641667	601
26.20645	602
26.21673333	617
26.227	616
26.23715	609
26.24758333	626
26.25815	634
26.26875	636
26.27965	654
26.29086667	673
26.30208333	673
26.31303333	657
26.3239	652
26.3345	636
26.34496667	628
26.3553	620
26.36538333	605
26.37553333	609
26.3859	622
26.39675	651
26.40805	678
26.4193	675
26.43101667	703
26.44298333	718
26.45541667	746
26.46743333	721
26.47916667	704
26.49068333	691
26.50195	676
26.51275	648
26.52351667	646
26.53408333	634
26.54501667	656
26.55665	698
26.56865	720
26.58051667	712
26.59325	764
26.60566667	745
26.61796667	738
26.63006667	726
26.64165	695
26.65328333	698
26.66486667	695
26.67621667	681
26.68733333	667
26.69838333	663
26.70933333	657
26.7204	664
26.7317	678
26.74338333	701
26.75571667	740
26.7684	761
26.78058333	731
26.79286667	737
26.80523333	742
26.8175	736
26.8292	702
26.841	708
26.8521	666
26.86296667	652
26.87375	647
26.88443333	641
26.89506667	638
26.90593333	652
26.91641667	629
26.92686667	627
26.93743333	634
26.94806667	638
26.95881667	645
26.96963333	649
26.98035	643
26.99135	660
27.00221667	652
27.01335	668
27.02466667	679
27.03605	683
27.04765	696
27.05906667	685
27.07123333	730
27.08326667	722
27.0951	710
27.10721667	727
27.11915	716
27.1312	723
27.14325	723
27.15506667	709
27.16625	671
27.17721667	658
27.18803333	649
27.19866667	638
27.20961667	657
27.22106667	687
27.2333	734
27.24555	735
27.25728333	704
27.26863333	681
27.27961667	659
27.29016667	633
27.30038333	613
27.31025	592
27.31976667	571
27.32923333	568
27.33851667	557
27.34761667	546
27.35686667	555
27.36663333	586
27.37718333	633
27.38796667	647
27.39895	659
27.41046667	691
27.42208333	697
27.43341667	680
27.4443	653
27.45553333	674
27.4673	706
27.47891667	697
27.49046667	693
27.50245	719
27.51401667	694
27.52523333	673
27.53586667	638
27.5463	626
27.55646667	610
27.5664	596
27.57615	585
27.58613333	599
27.5965	622
27.60726667	646
27.61835	665
27.6299	693
27.64156667	700
27.65286667	678
27.66453333	700
27.67643333	714
27.68795	691
27.69965	702
27.71113333	689
27.7224	676
27.73363333	674
27.74455	655
27.75526667	643
27.76591667	639
27.7764	629
27.78676667	622
27.7978	662
27.80901667	673
27.82048333	688
27.8324	715
27.8444	720
27.85611667	703
27.86743333	679
27.87863333	672
27.88965	661
27.90081667	670
27.91203333	673
27.92303333	660
27.93461667	695
27.9464	707
27.9582	708
27.96945	675
27.98061667	670
27.99145	650
28.0021	639
28.01243333	620
28.02263333	612
28.03265	601
28.0426	597
28.05238333	587
28.06208333	582
28.07168333	576
28.08125	574
28.09078333	572
28.1002	565
28.10943333	554
28.11848333	543
28.12765	550
28.13678333	548
28.14595	550
28.15543333	569
28.16545	601
28.17595	630
28.18678333	650
28.19778333	660
28.20865	652
28.21911667	628
28.22901667	594
28.23855	572
28.24793333	563
28.25703333	546
28.26605	541
28.27501667	538
28.28385	530
28.29296667	547
28.30256667	576
28.31336667	648
28.32503333	700
28.3368	706
28.34901667	733
28.3615	749
28.37351667	721
28.3854	713
28.39758333	731
28.40903333	687
28.42018333	669
28.43125	664
28.44185	636
28.45235	630
28.46323333	653
28.47451667	677
28.48616667	699
28.49785	701
28.5096	705
28.52146667	712
28.53335	713
28.54475	684
28.55631667	694
28.56776667	687
28.57873333	658
28.58956667	650
28.60096667	684
28.61308333	727
28.62553333	747
28.63713333	696
28.64921667	725
28.66103333	709
28.6728	706
28.68495	729
28.69716667	733
28.70876667	696
28.72068333	715
28.73275	724
28.745	735
28.7568	708
28.76901667	733
28.78135	740
28.79305	702
28.80396667	655
28.81466667	642
28.82518333	631
28.83591667	644
28.84706667	669
28.85781667	645
28.86931667	690
28.88171667	744
28.89501667	798
28.90766667	759
28.9209	794
28.9337	768
28.94576667	724
28.95685	665
28.96791667	664
28.97873333	649
28.98925	631
28.99961667	622
29.01031667	642
29.02156667	675
29.03318333	697
29.04538333	732
29.05806667	761
29.0703	734
29.0828	750
29.09565	771
29.10755	714
29.1188	675
29.12988333	665
29.14065	646
29.15143333	647
29.16181667	623
29.17235	632
29.18315	648
29.19438333	674
29.20553333	669
29.21685	679
29.2282	681
29.23936667	670
29.25046667	666
29.26166667	672
29.27261667	657
29.2838	671
29.29493333	668
29.30615	673
29.31758333	686
29.32875	670
29.3399	669
29.35075	651
29.36118333	626
29.37125	604
29.38118333	596
29.39131667	608
29.40218333	652
29.41351667	680
29.42458333	664
29.436	685
29.44795	717
29.45985	714
29.47125	684
29.48216667	655
29.49291667	645
29.50365	644
29.51386667	613
29.5242	620
29.53458333	623
29.54511667	632
29.55573333	637
29.56681667	665
29.57801667	672
29.589	659
29.6002	672
29.61136667	670
29.62208333	643
29.63273333	639
29.6432	628
29.6535	618
29.66363333	608
29.67408333	627
29.6847	637
29.69525	633
29.70645	672
29.71798333	692
29.72935	682
29.74113333	707
29.75316667	722
29.7645	680
29.77558333	665
29.78645	652
29.79705	636
29.80763333	635
29.81851667	653
29.83015	698
29.8418	699
29.8546	768
29.86723333	758
29.88021667	779
29.89248333	736
29.90466667	731
29.91695	737
29.92905	726
29.94051667	688
29.9521	695
29.9637	696
29.97455	651
29.98553333	659
29.99691667	683
30.0088	713
30.02153333	764
30.03381667	737
30.04591667	726
30.0578	713
30.06935	693
30.08026667	655
30.09073333	628
30.10111667	623
30.1112	605
30.12106667	592
30.13101667	597
30.1414	623
30.15238333	659
30.16426667	713
30.17578333	691
30.18793333	729
30.20073333	768
30.21391667	791
30.22665	764
30.23905	744
30.25188333	770
30.26496667	785
30.27731667	741
30.28876667	687
30.3001	680
30.31118333	665
30.32221667	662
30.33315	656
30.3443	669
30.35558333	677
30.36728333	702
30.37851667	674
30.39003333	691
30.40161667	695
30.41303333	685
30.42411667	665
30.43543333	679
30.44678333	681
30.45833333	693
30.46946667	668
30.48071667	675
30.49165	656
30.50241667	646
30.51335	656
30.52473333	683
30.53648333	705
30.54785	682
30.55953333	701
30.57108333	693
30.58241667	680
30.59333333	655
30.6042	652
30.61468333	629
30.62483333	609
30.63483333	600
30.64491667	605
30.65501667	606
30.66483333	589
30.67456667	584
30.68433333	586
30.69401667	581
30.70363333	577
30.7131	568
30.72251667	565
30.73171667	552
30.74091667	552
30.7502	557
30.75951667	559
30.76883333	559
30.77806667	554
30.78736667	558
30.79666667	558
30.80608333	565
30.8161	601
30.82668333	635
30.8376	655
30.84916667	694
30.8609	704
30.87353333	758
30.88591667	743
30.89745	692
30.9094	717
30.9214	720
30.93321667	709
30.9452	719
30.95715	717
30.96856667	685
30.97993333	682
30.99133333	684
31.00235	661
31.01383333	689
31.02548333	699
31.03646667	659
31.04761667	669
31.05873333	667
31.06943333	642
31.0802	646
31.09095	645
31.10181667	652
31.11285	662
31.12405	672
31.13541667	682
31.14665	674
31.15745	648
31.1682	645
31.17878333	635
31.18946667	641
31.19996667	630
31.21065	641
31.22161667	658
31.23266667	663
31.24436667	702
31.25648333	727
31.26813333	699
31.28021667	725
31.29223333	721
31.30371667	689
31.31455	650
31.3248	615
31.33486667	604
31.34441667	573
31.35373333	559
31.36293333	552
31.37215	553
31.38186667	583
31.39275	653
31.40463333	713
31.41701667	743
31.42965	758
31.4425	771
31.45543333	776
31.46835	775
31.48116667	769
31.49401667	771
31.50668333	760
31.51893333	735
31.53063333	702
31.54163333	660
31.55248333	651
31.56381667	680
31.5756	707
31.58681667	673
31.59836667	693
31.61065	737
31.62346667	769
31.63658333	787
31.64898333	744
31.66063333	699
31.6725	712
31.68395	687
31.69561667	700
31.70763333	721
31.72013333	750
31.73198333	711
31.74418333	732
31.7562	721
31.7686	744
31.78021667	697
31.79156667	681
31.80301667	687
31.81421667	672
31.8252	659
31.83631667	667
31.84748333	670
31.85816667	641
31.86888333	643
31.87941667	632
31.89005	638
31.90055	630
31.91105	630
31.92156667	631
31.93231667	645
31.9428	629
31.95361667	649
31.96451667	654
31.9755	659
31.98651667	661
31.9978	677
