0.017833333	1070
0.035366667	1052
0.05025	893
0.067533333	1037
0.085166667	1058
0.102066667	1014
0.115316667	795
0.1311	947
0.14935	1095
0.166433333	1025
0.18025	829
0.196983333	1004
0.214733333	1065
0.232283333	1053
0.2478	931
0.260816667	781
0.275766667	897
0.293183333	1045
0.3104	1033
0.325866667	928
0.338483333	757
0.350133333	699
0.36115	661
0.372833333	701
0.390233333	1044
0.408383333	1089
0.426016667	1058
0.442983333	1018
0.459983333	1020
0.476766667	1007
0.49325	989
0.509583333	980
0.526066667	989
0.542266667	972
0.558616667	981
0.574883333	976
0.589183333	858
0.604783333	936
0.621816667	1022
0.635183333	802
0.651866667	1001
0.668	968
0.6848	1008
0.70205	1035
0.727666667	0
0.740466667	768
0.758016667	1053
0.776366667	1101
0.793683333	1039
0.8086	895
0.8229	858
0.839533333	998
0.85645	1015
0.869733333	797
0.88115	685
0.892266667	667
0.90395	701
0.922233333	1097
0.940933333	1122
0.959216667	1097
0.976733333	1051
0.991183333	867
1.0045	799
1.0185	840
1.032833333	860
1.046316667	809
1.060533333	853
1.077566667	1022
1.095333333	1066
1.112583333	1035
1.127383333	888
1.140966667	815
1.15595	899
1.173216667	1036
1.1904	1031
1.207483333	1025
1.224566667	1025
1.239416667	891
1.251616667	732
1.264666667	783
1.281683333	1021
1.29945	1066
1.316716667	1036
1.333216667	990
1.35015	1016
1.365116667	898
1.38155	986
1.3984	1011
1.41535	1017
1.428916667	814
1.442566667	819
1.4593	1004
1.4755	972
1.4885	780
1.504766667	976
1.521933333	1030
1.5361	850
1.5506	870
1.56785	1035
1.583316667	928
1.596533333	793
1.613766667	1034
1.631966667	1092
1.647233333	916
1.660616667	803
1.674683333	844
1.6922	1051
1.710566667	1102
1.728466667	1074
1.744166667	942
1.758333333	850
1.7749	994
1.792133333	1034
1.8088	1000
1.821566667	766
1.833016667	687
1.844283333	676
1.854916667	638
1.86535	626
1.88065	918
1.893933333	797
1.906516667	755
1.918966667	747
1.931183333	733
1.943	709
1.95495	717
1.966616667	700
1.977716667	666
1.989033333	679
2.00025	673
2.01145	672
2.022783333	680
2.0336	649
2.044416667	649
2.055066667	639
2.06565	635
2.0773	699
2.099666667	0
2.110566667	654
2.120966667	624
2.131333333	622
2.141933333	636
2.15365	703
2.166733333	785
2.18	796
2.1934	804
2.20675	801
2.219683333	776
2.231783333	726
2.24345	700
2.255383333	716
2.272916667	1052
2.291716667	1128
2.309466667	1065
2.323133333	820
2.335166667	722
2.353	1070
2.37075	1065
2.388033333	1037
2.4023	856
2.416083333	827
2.429483333	804
2.442983333	810
2.456583333	816
2.470566667	839
2.4873	1004
2.501066667	826
2.51435	797
2.52755	792
2.543666667	967
2.560666667	1020
2.575466667	888
2.5887	794
2.605366667	1000
2.6224	1022
2.638583333	971
2.652783333	852
2.668183333	924
2.683566667	923
2.699583333	961
2.713366667	827
2.729666667	978
2.7469	1034
2.762283333	923
2.77575	808
2.792766667	1021
2.809933333	1030
2.827266667	1040
2.842816667	933
2.858516667	942
2.874583333	964
2.889733333	909
2.902333333	756
2.9145	730
2.927683333	791
2.94335	940
2.95855	912
2.97285	858
2.98975	1014
3.006433333	1001
3.020233333	828
3.044333333	0
3.056066667	704
3.0679	710
3.091816667	0
3.103583333	706
3.120833333	1035
3.1382	1042
3.155116667	1015
3.169416667	858
3.184216667	888
3.20025	962
3.216166667	955
3.2296	806
3.244766667	910
3.2614	998
3.276633333	914
3.29315	991
3.310583333	1046
3.340266667	0
3.3551	890
3.37195	1011
3.387683333	944
3.400366667	761
3.4123	716
3.424866667	754
3.44115	977
3.4575	981
3.470383333	773
3.4838	805
3.500233333	986
3.5152	898
3.528783333	815
3.545183333	984
3.562833333	1059
3.57715	859
3.590016667	772
3.6059	953
3.62285	1017
3.637466667	877
3.649883333	745
3.66235	748
3.679633333	1037
3.696033333	984
3.712966667	1016
3.72755	875
3.74015	756
3.75375	816
3.769966667	973
3.785366667	924
3.799316667	837
3.813	821
3.82825	915
3.843333333	905
3.869	0
3.881716667	763
3.8975	947
3.910733333	794
3.9274	1000
3.9453	1074
3.960433333	908
3.974466667	842
3.990333333	952
4.006	940
4.019533333	812
4.0343	886
4.04755	795
4.062616667	904
4.079483333	1012
4.094316667	890
4.108883333	874
4.12555	1000
4.140483333	896
4.153216667	764
4.166333333	787
4.180716667	863
4.1954	881
4.220583333	0
4.23285	736
4.247483333	878
4.261966667	869
4.2748	770
4.289383333	875
4.30645	1024
4.321716667	916
4.337066667	921
4.35315	965
4.3694	975
4.383316667	835
4.397366667	843
4.409683333	739
4.422	739
4.437316667	919
4.45095	818
4.46345	750
4.477066667	817
4.4925	926
4.505383333	773
4.5185	787
4.5323	828
4.548016667	943
4.561883333	832
4.577033333	909
4.5906	814
4.603283333	761
4.615666667	743
4.6275	710
4.639216667	703
4.651183333	718
4.66335	730
4.67755	852
4.692683333	908
4.708316667	938
4.721616667	798
4.735033333	805
4.749383333	861
4.7629	811
4.777816667	895
4.794466667	999
4.8086	848
4.822283333	821
4.837283333	900
4.850216667	776
4.86385	818
4.879766667	955
4.893833333	844
4.908033333	852
4.9247	1000
4.940183333	929
4.955616667	926
4.97205	986
4.9891	1023
5.0054	978
5.019016667	817
5.034283333	916
5.050716667	986
5.0642	809
5.079583333	923
5.096166667	995
5.109633333	808
5.12315	811
5.1381	897
5.153916667	949
5.167016667	786
5.183333333	979
5.199566667	974
5.213133333	814
5.229416667	977
5.243916667	870
5.260383333	988
5.2755	907
5.2894	834
5.30585	987
5.320133333	857
5.333666667	812
5.34905	923
5.377683333	0
5.390483333	768
5.4033	769
5.4164	786
5.44185	0
5.454833333	779
5.480316667	0
5.492333333	721
5.504033333	702
5.51575	703
5.528233333	749
5.5405	736
5.552166667	700
5.5641	716
5.575466667	682
5.58875	797
5.605166667	985
5.621216667	963
5.636033333	889
5.684416667	0
5.696333333	715
5.709516667	791
5.722966667	807
5.735816667	771
5.748666667	771
5.761416667	765
5.772483333	664
5.783733333	675
5.794766667	662
5.806366667	696
5.818316667	717
5.841766667	0
5.853133333	682
5.86565	751
5.877816667	730
5.889416667	696
5.901933333	751
5.916216667	857
5.932283333	964
5.94605	826
5.960816667	886
5.9774	995
5.991633333	854
6.005083333	807
6.019766667	881
6.036	974
6.052033333	962
6.079216667	0
6.0932	839
6.109916667	1003
6.1267	1007
6.142066667	922
6.156033333	838
6.171866667	950
6.18815	977
6.20155	804
6.215116667	814
6.232533333	1045
6.248033333	930
6.260683333	759
6.2739	793
6.290833333	1016
6.3076	1006
6.320716667	787
6.332733333	721
6.350483333	1065
6.367983333	1050
6.381233333	795
6.3942	778
6.409516667	919
6.427016667	1050
6.441016667	840
6.454483333	808
6.471533333	1023
6.4875	958
6.5003	768
6.5139	816
6.528433333	872
6.54125	769
6.554666667	805
6.57065	959
6.583866667	793
6.59765	827
6.610716667	784
6.626166667	927
6.642683333	991
6.656516667	830
6.670616667	846
6.684466667	831
6.69915	881
6.71495	948
6.729183333	854
6.74335	850
6.755483333	728
6.767416667	716
6.779733333	739
6.79385	847
6.80945	936
6.822516667	784
6.83455	722
6.84635	708
6.858766667	745
6.873033333	856
6.887933333	894
6.902783333	891
6.9167	835
6.9286	714
6.9409	738
6.95325	741
6.964816667	694
6.975783333	658
6.9868	661
6.9981	678
7.009283333	671
7.021033333	705
7.0348	826
7.047466667	760
7.059983333	751
7.072733333	765
7.084883333	729
7.096016667	668
7.107116667	666
7.117666667	633
7.12805	623
7.148566667	0
7.169433333	0
7.18085	685
7.193016667	730
7.2038	647
7.214883333	665
7.225383333	630
7.23615	646
7.24665	630
7.256883333	614
7.26715	616
7.277216667	604
7.289433333	733
7.301916667	749
7.314216667	738
7.32625	722
7.337366667	667
7.348483333	667
7.359383333	654
7.36995	634
7.380066667	607
7.39035	617
7.400516667	610
7.410516667	600
7.4203	587
7.43025	597
7.44005	588
7.450066667	601
7.460033333	598
7.479833333	0
7.489966667	608
7.5002	614
7.520183333	0
7.530416667	614
7.550533333	0
7.560533333	600
7.570483333	597
7.580466667	599
7.5906	608
7.600433333	590
7.610283333	591
7.620133333	591
7.630816667	641
7.642766667	717
7.65415	683
7.67555	0
7.68645	654
7.698	693
7.719416667	0
7.729716667	618
7.7396	593
7.749516667	595
7.759416667	594
7.769016667	576
7.778766667	585
7.788566667	588
7.798783333	613
7.80955	646
7.821066667	691
7.842116667	0
7.853233333	667
7.8671	832
7.88015	783
7.891383333	674
7.90245	664
7.913683333	674
7.92485	670
7.9354	633
7.945916667	631
7.956583333	640
7.96825	700
7.979516667	676
7.990033333	631
8.000633333	636
8.011466667	650
8.022216667	645
8.032733333	631
8.04305	619
8.053483333	626
8.06465	670
8.07535	642
8.085616667	616
8.096133333	631
8.106966667	650
8.118933333	718
8.1314	748
8.15345	0
8.165083333	698
8.186966667	0
8.198	662
8.209466667	688
8.220383333	655
8.230866667	629
8.241416667	633
8.25215	644
8.262916667	646
8.283283333	0
8.29345	610
8.304516667	664
8.316016667	690
8.32665	638
8.3373	639
8.3482	654
8.359633333	686
8.370816667	671
8.381383333	634
8.392166667	647
8.4037	692
8.4154	702
8.42625	651
8.436933333	641
8.4474	628
8.457866667	628
8.468066667	612
8.47815	605
8.488133333	599
8.49805	595
8.50865	636
8.521683333	782
8.535483333	828
8.548733333	795
8.560166667	686
8.571333333	670
8.5818	628
8.592383333	635
8.603033333	639
8.613916667	653
8.625783333	712
8.6385	763
8.650866667	742
8.662733333	712
8.6735	646
8.684	630
8.694266667	616
8.704866667	636
8.715633333	646
8.726383333	645
8.736733333	621
8.747116667	623
8.7579	647
8.77005	729
8.781066667	661
8.791766667	642
8.803283333	691
8.816666667	803
8.828733333	724
8.8513	0
8.862916667	697
8.873683333	646
8.884383333	642
8.8954	661
8.906833333	686
8.91715	619
8.927566667	625
8.937833333	616
8.948133333	618
8.957966667	590
8.9679	596
8.97765	585
8.98745	588
8.997066667	577
9.0066	572
9.016166667	574
9.025783333	577
9.0353	571
9.063283333	0
9.072533333	555
9.081783333	555
9.1	0
9.1091	546
9.11825	549
9.127333333	545
9.136183333	531
9.145166667	539
9.154033333	532
9.162883333	531
9.1804	0
9.18915	525
9.1978	519
9.206333333	512
9.223133333	0
9.240183333	0
9.248633333	507
9.25715	511
9.265566667	505
9.27405	509
9.282583333	512
9.291166667	515
9.299733333	514
9.308416667	521
9.317116667	522
9.334616667	0
9.343316667	522
9.3521	527
9.360933333	530
9.369816667	533
9.378933333	547
9.388033333	546
9.397033333	540
9.406083333	543
9.415166667	545
9.424133333	538
9.4329	526
9.441683333	527
9.450433333	525
9.45915	523
9.467783333	518
9.4763	511
9.484866667	514
9.493433333	514
9.502016667	515
9.5107	521
9.519433333	524
9.536666667	0
9.545383333	523
9.554016667	518
9.56255	512
9.571066667	511
9.579516667	507
9.588033333	511
9.59655	511
9.605083333	512
9.6136	511
9.630783333	0
9.639433333	519
9.648066667	518
9.656583333	511
9.66525	520
9.673833333	515
9.682333333	510
9.690716667	503
9.707666667	0
9.724483333	0
9.741266667	0
9.758333333	0
9.783566667	0
9.791933333	502
9.800333333	504
9.816983333	0
9.82545	508
9.833916667	508
9.84225	500
9.850366667	487
9.8586	494
9.86685	495
9.875016667	490
9.88325	494
9.891333333	485
9.899516667	491
9.9078	497
9.915983333	491
9.9242	493
9.940533333	0
9.95715	0
9.965666667	511
9.974016667	501
9.982416667	504
9.990833333	505
9.9992	502
10.01593333	0
10.0327	0
10.0411	504
10.04933333	494
10.05768333	501
10.06603333	501
10.0742	490
10.0824	492
10.09061667	493
10.10713333	0
10.11545	499
10.1237	495
10.13203333	500
10.1404	502
10.14875	501
10.15715	504
10.16546667	499
10.18216667	0
10.19045	497
10.19866667	493
10.20663333	478
10.21475	487
10.22293333	491
10.23096667	482
10.23911667	489
10.24736667	495
10.25576667	504
10.26385	485
10.27203333	491
10.28035	499
10.28856667	493
10.29678333	493
10.30505	496
10.31328333	494
10.32141667	488
10.33788333	0
10.34605	490
10.35411667	484
10.36216667	483
10.37023333	484
10.37823333	480
10.38633333	486
10.3944	484
10.41048333	0
10.41855	484
10.42663333	485
10.44285	0
10.45095	486
10.45911667	490
10.4673	491
10.47555	495
10.48386667	499
10.49203333	490
10.5003	496
10.50855	495
10.51668333	488
10.52486667	491
10.53293333	484
10.54105	487
10.54923333	491
10.55731667	485
10.56556667	495
10.5739	500
10.58221667	499
10.59868333	0
10.60691667	494
10.61506667	489
10.62318333	487
10.63116667	479
10.63925	485
10.64743333	491
10.65545	481
10.66348333	482
10.67961667	0
10.68778333	490
10.69603333	495
10.7042	490
10.71241667	493
10.7206	491
10.72876667	490
10.73686667	486
10.74498333	487
10.7532	493
10.76966667	0
10.778	500
10.78613333	488
10.80261667	0
10.81078333	490
10.81901667	494
10.82726667	495
10.84355	0
10.85168333	488
10.85975	484
10.86773333	479
10.87578333	483
10.88388333	486
10.89211667	494
10.90855	0
10.92501667	0
10.94118333	0
10.95736667	0
10.96545	485
10.97346667	481
10.98966667	0
10.99781667	489
11.00613333	499
11.0142	484
11.02238333	491
11.03053333	489
11.03865	487
11.04681667	490
11.05491667	486
11.06298333	484
11.07115	490
11.07925	486
11.09551667	0
11.1118	0
11.11993333	488
11.12805	487
11.13625	492
11.14431667	484
11.16038333	0
11.16846667	485
11.17665	491
11.18503333	503
11.1935	508
11.20183333	500
11.21035	511
11.2189	513
11.22721667	499
11.23548333	496
11.24383333	501
11.25208333	495
11.26011667	482
11.26813333	481
11.27611667	479
11.2841	479
11.29198333	473
11.29991667	476
11.30785	476
11.31593333	485
11.32398333	483
11.3322	493
11.34026667	484
11.34846667	492
11.3566	488
11.37241667	0
11.38033333	475
11.38813333	468
11.40375	0
11.41156667	469
11.4194	470
11.42715	465
11.43493333	467
11.45045	0
11.45823333	467
11.46605	469
11.47385	468
11.48173333	473
11.48976667	482
11.49773333	478
11.51353333	0
11.52146667	476
11.52935	473
11.53721667	472
11.54491667	462
11.55268333	466
11.56055	472
11.56835	468
11.57625	474
11.58408333	470
11.59191667	470
11.59978333	472
11.60775	478
11.61585	486
11.624	489
11.63193333	476
11.63986667	476
11.64788333	481
11.65578333	474
11.66373333	477
11.67953333	0
11.68738333	471
11.69531667	476
11.70313333	469
11.71101667	473
11.7189	473
11.72681667	475
11.73463333	469
11.74243333	468
11.75775	0
11.77318333	0
11.78086667	461
11.78871667	471
11.80431667	0
11.81213333	469
11.81998333	471
11.82778333	468
11.83566667	473
11.84336667	462
11.85115	467
11.8589	465
11.86668333	467
11.87443333	465
11.88231667	473
11.89028333	478
11.89823333	477
11.91416667	0
11.92215	479
11.93011667	478
11.93801667	474
11.94595	476
11.95376667	469
11.96175	479
11.96961667	472
11.97745	470
11.98521667	466
11.99303333	469
12.0008	466
12.00858333	467
12.0164	469
12.02458333	491
12.03275	490
12.04103333	497
12.04933333	498
12.05753333	492
12.0656	484
12.0736	480
12.08163333	482
12.08955	475
12.09735	468
12.10508333	464
12.1129	469
12.12066667	466
12.1285	470
12.13628333	467
12.14426667	479
12.15245	491
12.16056667	487
12.17625	0
12.18426667	481
12.19211667	471
12.19986667	465
12.20776667	474
12.2233	0
12.23103333	464
12.23885	469
12.2467	471
12.25466667	478
12.27078333	0
12.28728333	0
12.30361667	0
12.31175	488
12.31986667	487
12.32788333	481
12.33585	478
12.34378333	476
12.3518	481
12.35973333	476
12.36766667	476
12.37555	473
12.38346667	475
12.39136667	474
12.39918333	469
12.4071	475
12.41511667	481
12.4231	479
12.431	474
12.43891667	475
12.45483333	0
12.46268333	471
12.47058333	474
12.47835	466
12.48618333	470
12.49398333	468
12.50175	466
12.50945	462
12.51741667	478
12.5258	503
12.53415	501
12.54246667	499
12.55071667	495
12.55891667	492
12.56691667	480
12.57485	476
12.5829	483
12.59078333	473
12.5986	469
12.60645	471
12.6143	471
12.62211667	469
12.62993333	469
12.63778333	471
12.6456	469
12.65341667	469
12.66121667	468
12.66898333	466
12.67668333	462
12.68421667	452
12.6918	455
12.69943333	458
12.70703333	456
12.71466667	458
12.72243333	466
12.73016667	464
12.7378	458
12.74541667	457
12.75305	458
12.76073333	461
12.76858333	471
12.7765	475
12.7843	468
12.79208333	467
12.79998333	474
12.80811667	488
12.8164	497
12.82461667	493
12.83296667	501
12.84141667	507
12.84968333	496
12.858	499
12.8663	498
12.87458333	497
12.88286667	497
12.891	488
12.89913333	488
12.90726667	488
12.9153	482
12.92318333	473
12.93106667	473
12.93896667	474
12.94686667	474
12.95478333	475
12.96281667	482
12.97096667	489
12.9791	488
12.98726667	490
12.99533333	484
13.00336667	482
13.01141667	483
13.01931667	474
13.02728333	478
13.03518333	474
13.04305	472
13.05088333	470
13.05873333	471
13.06655	469
13.0746	483
13.08285	495
13.09911667	0
13.11513333	0
13.12318333	483
13.13118333	480
13.13935	490
13.1476	495
13.1558	492
13.16393333	488
13.17201667	485
13.18013333	487
13.1881	478
13.19615	483
13.20418333	482
13.21218333	480
13.22031667	488
13.22841667	486
13.2366	491
13.24481667	493
13.2531	497
13.26116667	484
13.2693	488
13.27738333	485
13.2854	481
13.29338333	479
13.30123333	471
13.31701667	0
13.33271667	0
13.34825	0
13.35603333	467
13.36391667	473
13.37165	464
13.3794	465
13.38715	465
13.39495	468
13.40273333	467
13.41031667	455
13.418	461
13.4257	462
13.43338333	461
13.441	457
13.44855	453
13.46383333	0
13.47146667	458
13.4791	458
13.48665	453
13.49431667	460
13.50193333	457
13.50958333	459
13.51725	460
13.52506667	469
13.53288333	469
13.5407	469
13.54841667	463
13.55616667	465
13.56403333	472
13.57181667	467
13.57973333	475
13.58735	457
13.59523333	473
13.60305	469
13.61076667	463
13.61838333	457
13.6261	463
13.63373333	458
13.64145	463
13.64906667	457
13.65678333	463
13.66446667	461
13.67216667	462
13.67986667	462
13.68773333	472
13.69575	481
13.71188333	0
13.72778333	0
13.73583333	483
13.74383333	480
13.7518	478
13.75998333	491
13.76788333	474
13.77586667	479
13.78386667	480
13.7917	470
13.7994	462
13.8071	462
13.81491667	469
13.82266667	465
13.83046667	468
13.84605	0
13.85391667	472
13.86173333	469
13.87725	0
13.88506667	469
13.89286667	468
13.90066667	468
13.90843333	466
13.92398333	0
13.93175	466
13.93956667	469
13.94736667	468
13.9551	464
13.96295	471
13.97076667	469
13.97848333	463
13.98611667	458
13.99381667	462
14.00146667	459
14.0091	458
14.0168	462
14.02466667	472
14.03275	485
14.04081667	484
14.04886667	483
14.05693333	484
14.06483333	474
14.07273333	474
14.08066667	476
14.08851667	471
14.09625	464
14.10395	462
14.11165	462
14.11936667	463
14.127	458
14.13468333	461
14.14221667	452
14.14993333	463
14.15756667	458
14.16518333	457
14.17275	454
14.18041667	460
14.18803333	457
14.1957	460
14.20348333	467
14.21123333	465
14.21906667	470
14.227	476
14.23505	483
14.24303333	479
14.25095	475
14.26678333	0
14.2746	469
14.28235	465
14.29006667	463
14.29788333	469
14.30576667	473
14.31366667	474
14.32166667	480
14.32975	485
14.33773333	479
14.34556667	470
14.35343333	472
14.36126667	470
14.36908333	469
14.37681667	464
14.3847	473
14.39263333	476
14.40041667	467
14.40811667	462
14.41595	470
14.42368333	464
14.43156667	473
14.43945	473
14.44745	480
14.4555	483
14.46353333	482
14.4716	484
14.47943333	470
14.48728333	471
14.4952	475
14.5029	462
14.51061667	463
14.51826667	459
14.52595	461
14.53368333	464
14.54131667	458
14.54893333	457
14.55651667	455
14.56411667	456
14.5717	455
14.5793	456
14.58688333	455
14.59453333	459
14.60223333	462
14.61006667	470
14.61786667	468
14.62565	467
14.64118333	0
14.65668333	0
14.66431667	458
14.67191667	456
14.6872	0
14.69488333	461
14.7025	457
14.7101	456
14.71776667	460
14.73296667	0
14.74056667	456
14.7481	452
14.7557	456
14.76321667	451
14.7707	449
14.7783	456
14.7858	450
14.79335	453
14.80086667	451
14.80851667	459
14.81598333	448
14.82363333	459
14.83133333	462
14.83908333	465
14.84685	466
14.86226667	0
14.87003333	466
14.87773333	462
14.88538333	459
14.89296667	455
14.90051667	453
14.90815	458
14.91566667	451
14.9232	452
14.93068333	449
14.93816667	449
14.94568333	451
14.95325	454
14.96076667	451
14.96833333	454
14.97591667	455
14.98358333	460
14.99133333	465
14.99923333	474
15.00698333	465
15.01478333	468
15.02255	466
15.03028333	464
15.038	463
15.04586667	472
15.06126667	0
15.07658333	0
15.0842	457
15.09191667	463
15.09981667	474
15.10766667	471
15.12318333	0
15.13093333	465
15.13873333	468
15.14666667	476
15.15435	461
15.16986667	0
15.17753333	460
15.18523333	462
15.19306667	470
15.2011	482
15.20901667	475
15.21685	470
15.22463333	467
15.23243333	468
15.24011667	461
15.24778333	460
15.25553333	465
15.26313333	456
15.27078333	459
15.27838333	456
15.28598333	456
15.29366667	461
15.30126667	456
15.30886667	456
15.32415	0
15.33183333	461
15.3394	454
15.34701667	457
15.35453333	451
15.3621	454
15.36971667	457
15.37728333	454
15.38483333	453
15.3925	460
15.4	450
15.40756667	454
15.41513333	454
15.42263333	450
15.43015	451
15.43768333	452
15.44515	448
15.45268333	452
15.46013333	447
15.46765	451
15.47523333	455
15.48283333	456
15.49041667	455
15.49813333	463
15.50581667	461
15.51355	464
15.52116667	457
15.5288	458
15.53623333	446
15.54383333	456
15.55133333	450
15.55878333	447
15.56618333	444
15.57361667	446
15.58105	446
15.58863333	455
15.59626667	458
15.60395	461
15.61171667	466
15.61948333	466
15.62713333	459
15.63465	451
15.64216667	451
15.64968333	451
15.6571	445
15.66445	441
15.67181667	442
15.67921667	444
15.68673333	451
15.69425	451
15.70191667	460
15.70958333	460
15.71718333	456
15.72473333	453
15.73233333	456
15.73995	457
15.74753333	455
15.75501667	449
15.76261667	456
15.77035	464
15.77806667	463
15.78565	455
15.7933	459
15.80098333	461
15.80858333	456
15.81615	454
15.82383333	461
15.8467	0
15.85428333	455
15.86181667	452
15.86928333	448
15.87675	448
15.88423333	449
15.89185	457
15.89948333	458
15.9073	469
15.91503333	464
15.93815	0
15.9458	459
15.95351667	463
15.96123333	463
15.96883333	456
15.97648333	459
15.98413333	459
15.99178333	459
15.9994	457
16.00718333	467
16.01501667	470
16.02291667	474
16.03075	470
16.03866667	475
16.04635	461
16.05408333	464
16.06186667	467
16.0695	458
16.07708333	455
16.08463333	453
16.09216667	452
16.09973333	454
16.1073	454
16.11486667	454
16.12246667	456
16.13025	467
16.13803333	467
16.1459	472
16.15378333	473
16.16153333	465
16.16931667	467
16.1772	473
16.18495	465
16.19278333	470
16.20063333	471
16.20841667	467
16.21618333	466
16.22398333	468
16.23166667	461
16.23945	467
16.24731667	472
16.25536667	483
16.2712	0
16.2791	474
16.28693333	470
16.29476667	470
16.30265	473
16.31058333	476
16.31836667	467
16.32616667	468
16.33391667	465
16.34163333	463
16.34946667	470
16.35718333	463
16.36493333	465
16.37263333	462
16.38028333	459
16.38791667	458
16.39553333	457
16.4032	460
16.41078333	455
16.41836667	455
16.42591667	453
16.43348333	454
16.44111667	458
16.44865	452
16.45616667	451
16.47116667	0
16.47865	449
16.48608333	446
16.49346667	443
16.5009	446
16.50838333	449
16.51576667	443
16.53041667	0
16.53786667	447
16.54531667	447
16.5528	449
16.56021667	445
16.57528333	0
16.59023333	0
16.59761667	443
16.60506667	447
16.61246667	444
16.61985	443
16.6273	447
16.63493333	458
16.64258333	459
16.65016667	455
16.65758333	445
16.665	445
16.67251667	451
16.67995	446
16.68745	450
16.6951	459
16.70285	465
16.71058333	464
16.72588333	0
16.7336	463
16.74136667	466
16.75668333	0
16.76443333	465
16.77211667	461
16.77983333	463
16.7874	454
16.80276667	0
16.81046667	462
16.81828333	469
16.83408333	0
16.84975	0
16.85755	468
16.8653	465
16.88083333	0
16.88855	463
16.8962	459
16.90383333	458
16.9114	454
16.92661667	0
16.93416667	453
16.9417	452
16.95683333	0
16.96451667	461
16.97226667	465
16.98753333	0
16.99523333	462
17.0029	460
17.0181	0
17.02583333	464
17.03346667	458
17.04878333	0
17.05653333	465
17.06425	463
17.0719	459
17.07958333	461
17.09491667	0
17.10253333	457
17.11006667	452
17.12495	0
17.13251667	454
17.14	449
17.14755	453
17.15533333	467
17.16291667	455
17.17055	458
17.1782	459
17.1858	456
17.19336667	454
17.201	458
17.20858333	455
17.21621667	458
17.22381667	456
17.23151667	462
17.2392	461
17.24693333	464
17.25461667	461
17.26226667	459
17.26996667	462
17.27765	461
17.28525	456
17.29283333	455
17.30038333	453
17.30783333	447
17.3154	454
17.3229	450
17.33045	453
17.33821667	466
17.34588333	460
17.35351667	458
17.3612	461
17.36903333	470
17.37683333	468
17.3847	472
17.39268333	479
17.40091667	494
17.40896667	483
17.41708333	487
17.4252	487
17.43355	501
17.44171667	490
17.44988333	490
17.45806667	491
17.46606667	480
17.474	476
17.48198333	479
17.48986667	473
17.49773333	472
17.50556667	470
17.51348333	475
17.5214	475
17.5294	480
17.53728333	473
17.54528333	480
17.55323333	477
17.5611	472
17.56883333	464
17.57653333	462
17.58443333	474
17.5924	478
17.60818333	0
17.61606667	473
17.62395	473
17.6317	465
17.63955	471
17.6474	471
17.65515	465
17.66293333	467
17.67063333	462
17.67843333	468
17.68615	463
17.69393333	467
17.70178333	471
17.70956667	467
17.71743333	472
17.72526667	470
17.74868333	0
17.7564	463
17.76413333	464
17.77193333	468
17.77968333	465
17.78746667	467
17.79526667	468
17.80303333	466
17.81086667	470
17.81868333	469
17.83431667	0
17.84208333	466
17.8499	469
17.85763333	464
17.86545	469
17.87325	468
17.88108333	470
17.89658333	0
17.90436667	467
17.91208333	463
17.91971667	458
17.9274	461
17.94275	0
17.9504	459
17.95811667	463
17.97345	0
17.98886667	0
17.99656667	462
18.00451667	477
18.01241667	474
18.02028333	472
18.0282	475
18.03621667	481
18.05198333	0
18.05991667	476
18.06766667	465
18.07525	455
18.08283333	455
18.09053333	462
18.09811667	455
18.10563333	451
18.11313333	450
18.12058333	447
18.12813333	453
18.13561667	449
18.1432	455
18.15086667	460
18.15841667	453
18.16595	452
18.17351667	454
18.18108333	454
18.18873333	459
18.19625	451
18.2038	453
18.2114	456
18.219	456
18.22666667	460
18.24191667	0
18.24951667	456
18.25715	458
18.26481667	460
18.27255	464
18.2804	471
18.2882	468
18.29613333	476
18.30406667	476
18.31966667	0
18.32745	467
18.3351	459
18.35015	0
18.36525	0
18.37271667	448
18.3802	449
18.38768333	449
18.3952	451
18.41015	0
18.4251	0
18.4326	450
18.44001667	445
18.45501667	0
18.46245	446
18.46986667	445
18.4773	446
18.4848	450
18.49226667	448
18.49973333	448
18.51463333	0
18.52208333	447
18.52951667	446
18.53696667	447
18.54435	443
18.55928333	0
18.5668	451
18.57438333	455
18.58186667	449
18.58935	449
18.59691667	454
18.60443333	451
18.61196667	452
18.61948333	451
18.63456667	0
18.64211667	453
18.6497	455
18.65726667	454
18.66486667	456
18.67251667	459
18.68011667	456
18.68776667	459
18.6953	452
18.71053333	0
18.7181	454
18.72561667	451
18.73311667	450
18.74071667	456
18.7483	455
18.756	462
18.7637	462
18.77136667	460
18.78676667	0
18.79445	461
18.80218333	464
18.8175	0
18.8329	0
18.84056667	460
18.84838333	469
18.86376667	0
18.87151667	465
18.87918333	460
18.89471667	0
18.91026667	0
18.91798333	463
18.9257	463
18.94106667	0
18.94881667	465
18.95646667	459
18.96401667	453
18.97163333	457
18.98683333	0
18.99445	457
19.00205	456
19.00961667	454
19.01713333	451
19.02475	457
19.0325	465
19.04021667	463
19.048	467
19.05573333	464
19.06343333	462
19.07121667	467
19.07888333	460
19.08655	460
19.09416667	457
19.10185	461
19.10946667	457
19.11713333	460
19.12488333	465
19.13248333	456
19.14013333	459
19.1478	460
19.15538333	455
19.163	457
19.17078333	467
19.17863333	471
19.18655	475
19.19445	474
19.20233333	473
19.21008333	465
19.21788333	468
19.22563333	465
19.23323333	456
19.24073333	450
19.24816667	446
19.25565	449
19.26311667	448
19.27055	446
19.27806667	451
19.28558333	451
19.2933	463
19.301	462
19.30863333	458
19.32388333	0
19.3315	457
19.33916667	460
19.35428333	0
19.36193333	459
19.3695	454
19.37708333	455
19.38473333	459
19.39248333	465
19.40016667	461
19.41556667	0
19.42328333	463
19.43095	460
19.4386	459
19.44628333	461
19.45391667	458
19.46156667	459
19.46926667	462
19.47701667	465
19.48473333	463
19.49246667	464
19.50015	461
19.50781667	460
19.51545	458
19.52318333	464
19.53078333	456
19.53831667	452
19.55341667	0
19.56101667	456
19.56851667	450
19.57605	452
19.59875	0
19.60631667	454
19.61391667	456
19.62148333	454
19.62913333	459
19.63683333	462
19.64466667	470
19.66016667	0
19.66801667	471
19.67576667	465
19.68345	461
19.69113333	461
19.69891667	467
19.70656667	459
19.71423333	460
19.72186667	458
19.7372	0
19.7449	462
19.75261667	463
19.76788333	0
19.77556667	461
19.78321667	459
19.79098333	466
19.79873333	465
19.80636667	458
19.81411667	465
19.8218	461
19.8295	462
19.8372	462
19.84488333	461
19.85256667	461
19.8602	458
19.86776667	454
19.87528333	451
19.88273333	447
19.89021667	449
19.89778333	454
19.9054	457
19.91311667	463
19.92083333	463
19.9286	466
19.93641667	469
19.94436667	477
19.9524	482
19.96848333	0
19.97645	478
19.98456667	487
19.99261667	483
20.00075	488
20.00881667	484
20.01675	476
20.02476667	481
20.04076667	0
20.04873333	478
20.05663333	474
20.06461667	479
20.07266667	483
20.08861667	0
20.09651667	474
20.10438333	472
20.1122	469
20.12005	471
20.12795	474
20.1512	0
20.15888333	461
20.1666	463
20.1742	456
20.18191667	463
20.18961667	462
20.1975	473
20.20546667	478
20.21345	479
20.22131667	472
20.2292	473
20.23726667	484
20.24571667	507
20.254	497
20.2623	498
20.27071667	505
20.27926667	513
20.28803333	526
20.29676667	524
20.30528333	511
20.31376667	509
20.3222	506
20.33091667	523
20.33971667	528
20.3483	515
20.35681667	511
20.36531667	510
20.37408333	526
20.38283333	525
20.39143333	516
20.39993333	510
20.40835	505
20.41665	498
20.42506667	505
20.43383333	526
20.44253333	522
20.4596	0
20.46815	513
20.47686667	523
20.49416667	0
20.5028	518
20.51161667	529
20.52121667	576
20.53136667	609
20.54188333	631
20.55195	604
20.57031667	0
20.5792	533
20.58821667	541
20.6022	839
20.61586667	820
20.6291	794
20.64128333	731
20.65245	670
20.66231667	592
20.67178333	568
20.68123333	567
20.6912	598
20.70185	639
20.71195	606
20.72155	576
20.7311	573
20.74121667	607
20.7519	641
20.76315	675
20.7836	0
20.79331667	583
20.80335	602
20.81401667	640
20.82456667	633
20.83418333	577
20.84368333	570
20.8531	565
20.86241667	559
20.87155	548
20.88068333	548
20.88976667	545
20.89871667	537
20.90798333	556
20.91793333	597
20.92761667	581
20.93711667	570
20.94648333	562
20.95585	562
20.96488333	542
20.97381667	536
20.98275	536
20.99181667	544
21.00103333	553
21.00993333	534
21.01878333	531
21.02778333	540
21.03726667	569
21.047	584
21.05606667	544
21.06531667	555
21.07505	584
21.08581667	646
21.09575	596
21.10563333	593
21.11601667	623
21.12711667	666
21.1386	689
21.14881667	613
21.159	611
21.16901667	601
21.17926667	615
21.18898333	583
21.19856667	575
21.2084	590
21.21898333	635
21.22973333	645
21.23951667	587
21.24935	590
21.25911667	586
21.26885	584
21.27816667	559
21.28741667	555
21.2972	587
21.30701667	589
21.32548333	0
21.33466667	551
21.34423333	574
21.35425	601
21.37291667	0
21.3823	563
21.39255	615
21.40381667	676
21.41535	692
21.42683333	689
21.44688333	0
21.45653333	579
21.46635	589
21.47671667	622
21.487	617
21.49663333	578
21.5062	574
21.51596667	586
21.52641667	627
21.5374	659
21.5474	600
21.55705	579
21.56673333	581
21.57681667	605
21.58661667	588
21.59608333	568
21.60561667	572
21.61565	602
21.62618333	632
21.63648333	618
21.64615	580
21.65593333	587
21.66598333	603
21.67621667	614
21.68618333	598
21.69573333	573
21.7053	574
21.71505	585
21.72541667	622
21.736	635
21.74645	627
21.7562	585
21.76575	573
21.77511667	562
21.78441667	558
21.79418333	586
21.80471667	632
21.81626667	693
21.82866667	744
21.84128333	757
21.8534	727
21.86471667	679
21.87538333	640
21.88548333	606
21.8953	589
21.9049	576
21.91436667	568
21.92378333	565
21.9332	565
21.94228333	545
21.95131667	542
21.96031667	540
21.96961667	558
21.97935	584
21.99095	696
22.00458333	818
22.019	865
22.03216667	790
22.04406667	714
22.05465	635
22.06473333	605
22.07493333	612
22.08515	613
22.09523333	605
22.105	586
22.11453333	572
22.12398333	567
22.13348333	570
22.14326667	587
22.15366667	624
22.16483333	670
22.17708333	735
22.18945	742
22.20128333	710
22.21221667	656
22.22246667	615
22.23225	587
22.24166667	565
22.25095	557
22.26005	546
22.26916667	547
22.2785	560
22.288	570
22.29796667	598
22.30816667	612
22.31865	629
22.32898333	620
22.33925	616
22.34953333	617
22.35963333	606
22.36935	583
22.37888333	572
22.38838333	570
22.39801667	578
22.40793333	595
22.41828333	621
22.42843333	609
22.4385	604
22.44915	639
22.46026667	667
22.47158333	679
22.48305	688
22.49436667	679
22.50513333	646
22.51515	601
22.52533333	611
22.53623333	654
22.54741667	671
22.55831667	654
22.56856667	615
22.57905	629
22.58998333	656
22.60076667	647
22.61183333	664
22.62191667	605
22.63195	602
22.64195	600
22.65226667	619
22.67186667	0
22.68141667	573
22.69098333	574
22.7012	613
22.71133333	608
22.7212	592
22.73095	585
22.74098333	602
22.75168333	642
22.76251667	650
22.7825	0
22.79265	609
22.80288333	614
22.81303333	609
22.82271667	581
22.83236667	579
22.84215	587
22.85181667	580
22.86125	566
22.87058333	560
22.87991667	560
22.88903333	547
22.89796667	536
22.9068	530
22.91606667	556
22.92533333	556
22.93448333	549
22.9435	541
22.95243333	536
22.96126667	530
22.96998333	523
22.97861667	518
22.98715	512
23.01238333	0
23.02055	490
23.03673333	0
23.04476667	482
23.05305	497
23.06126667	493
23.06943333	490
23.07771667	497
23.08611667	504
23.09455	506
23.10341667	532
23.11273333	559
23.12215	565
23.13145	558
23.14951667	0
23.15841667	534
23.16726667	531
23.17658333	559
23.18575	550
23.19468333	536
23.20351667	530
23.21241667	534
23.22136667	537
23.23048333	547
23.2398	559
23.24905	555
23.25826667	553
23.26741667	549
23.27643333	541
23.28531667	533
23.29406667	525
23.30285	527
23.31226667	565
23.3219	578
23.33173333	590
23.34123333	570
23.351	586
23.36165	639
23.37403333	743
23.38848333	867
23.40081667	740
23.4123	689
23.42466667	742
23.43883333	850
23.45281667	839
23.46498333	730
23.4758	649
23.48593333	608
23.49576667	590
23.50621667	627
23.51716667	657
23.52858333	685
23.54048333	714
23.55225	706
23.56345	672
23.57421667	646
23.58466667	627
23.59456667	594
23.60421667	579
23.61376667	573
23.62325	569
23.63278333	572
23.64263333	591
23.6529	616
23.66366667	646
23.67498333	679
23.68631667	680
23.69743333	667
23.7081	640
23.71813333	602
23.72786667	584
23.73748333	577
23.74698333	570
23.7565	571
23.76615	579
23.77608333	596
23.78701667	656
23.79851667	690
23.81208333	814
23.82621667	848
23.83946667	795
23.85166667	732
23.86338333	703
23.87456667	671
23.88543333	652
23.89581667	623
23.906	611
23.91575	585
23.92531667	574
23.9347	563
23.9441	564
23.95378333	581
23.96448333	642
23.97601667	692
23.98953333	811
24.00413333	876
24.0183	850
24.03125	777
24.04301667	706
24.05361667	636
24.06371667	606
24.07345	584
24.08306667	577
24.09276667	582
24.10305	617
24.11375	642
24.12493333	671
24.13623333	678
24.1476	682
24.15873333	668
24.16936667	638
24.17991667	633
24.19033333	625
24.20041667	605
24.21031667	594
24.21995	578
24.22956667	577
24.2391	572
24.2487	576
24.25853333	590
24.26891667	623
24.27948333	634
24.29048333	660
24.3015	661
24.31243333	656
24.32316667	644
24.33378333	637
24.34406667	617
24.3541	602
24.36385	585
24.37328333	566
24.38253333	555
24.39156667	542
24.40048333	535
24.40963333	549
24.41893333	558
24.42833333	564
24.43821667	593
24.44816667	597
24.45766667	570
24.46728333	577
24.47735	604
24.4883	657
24.5001	708
24.51383333	824
24.52813333	858
24.54266667	872
24.55651667	831
24.56966667	789
24.58128333	697
24.59201667	644
24.60198333	598
24.61176667	587
24.62186667	606
24.63301667	669
24.64363333	637
24.65745	829
24.67308333	938
24.68575	760
24.698	735
24.71091667	775
24.72545	872
24.73773333	737
24.75013333	744
24.76263333	750
24.77453333	714
24.78525	643
24.79598333	644
24.80691667	656
24.81756667	639
24.82765	605
24.8379	615
24.84851667	637
24.85925	644
24.86938333	608
24.87978333	624
24.89056667	647
24.90125	641
24.912	645
24.9231	666
24.93465	693
24.9464	705
24.95788333	689
24.96868333	648
24.97891667	614
24.98918333	616
24.99943333	615
25.00948333	603
25.01966667	611
25.0295	590
25.03918333	581
25.04886667	581
25.05875	593
25.06903333	617
25.0794	622
25.0893	594
25.09971667	625
25.11056667	651
25.12225	701
25.13288333	638
25.14373333	651
25.15491667	671
25.16613333	673
25.17686667	644
25.1871	614
25.19763333	632
25.20843333	648
25.21908333	639
25.22953333	627
25.2396	604
25.24993333	620
25.26011667	611
25.27041667	618
25.28026667	591
25.29033333	604
25.3007	622
25.31168333	659
25.32248333	648
25.33288333	624
25.34408333	672
25.35565	694
25.36666667	661
25.377	620
25.38748333	629
25.3981	637
25.40881667	643
25.419	611
25.42926667	616
25.44021667	657
25.4523	725
25.46501667	763
25.47716667	729
25.48795	647
25.49838333	626
25.50875	622
25.5195	645
25.53015	639
25.5404	615
25.55103333	638
25.5619	652
25.57253333	638
25.58263333	606
25.59318333	633
25.60391667	644
25.61511667	672
25.62601667	654
25.63616667	609
25.64621667	603
25.65635	608
25.66703333	641
25.67873333	702
25.69071667	719
25.70245	704
25.71313333	641
25.72385	643
25.73461667	646
25.74571667	666
25.75633333	637
25.76648333	609
25.77693333	627
25.78821667	677
25.80091667	762
25.81233333	685
25.82358333	675
25.83408333	630
25.84451667	626
25.85446667	597
25.8643	590
25.87436667	604
25.88493333	634
25.89536667	626
25.90551667	609
25.91633333	649
25.92708333	645
25.93808333	660
25.94871667	638
25.9588	605
25.96898333	611
25.97926667	617
25.98978333	631
25.99981667	602
26.00973333	595
26.0199	610
26.03055	639
26.04171667	670
26.05331667	696
26.06408333	646
26.0749	649
26.08601667	667
26.09733333	679
26.10825	655
26.1186	621
26.12925	639
26.1407	687
26.1526	714
26.1648	732
26.17601667	673
26.18723333	673
26.1986	682
26.21006667	688
26.22156667	690
26.2321	632
26.24256667	628
26.25325	641
26.26473333	689
26.27645	703
26.2874	657
26.29806667	640
26.30926667	672
26.32096667	702
26.3328	710
26.34358333	647
26.3543	643
26.36521667	655
26.3762	659
26.38715	657
26.39798333	650
26.40816667	611
26.41836667	612
26.42888333	631
26.44036667	689
26.4522	710
26.46456667	742
26.47675	731
26.48775	660
26.49803333	617
26.50808333	603
26.51796667	593
26.52826667	618
26.53901667	645
26.55101667	720
26.56403333	781
26.5776	814
26.59108333	809
26.60376667	761
26.61525	689
26.62605	648
26.63626667	613
26.6461	590
26.65571667	577
26.66531667	576
26.67563333	619
26.68725	697
26.70038333	788
26.72508333	0
26.7375	745
26.75011667	757
26.76221667	726
26.77363333	685
26.7843	640
26.79436667	604
26.80428333	595
26.81415	592
26.82415	600
26.83443333	617
26.84418333	585
26.85418333	600
26.8643	607
26.87493333	638
26.88541667	629
26.89531667	594
26.90516667	591
26.91486667	582
26.92475	593
26.93455	588
26.94836667	829
26.96101667	759
26.97338333	742
26.98513333	705
26.99601667	653
27.00665	638
27.01746667	649
27.02886667	684
27.04065	707
27.05278333	728
27.06465	712
27.07628333	698
27.08755	676
27.09871667	670
27.10965	656
27.12055	654
27.13065	606
27.14053333	593
27.1503	586
27.16011667	589
27.17018333	604
27.18056667	623
27.19163333	664
27.20363333	720
27.21621667	755
27.22936667	789
27.24293333	814
27.25678333	831
27.27005	796
27.28355	810
27.29708333	812
27.3108	823
27.32405	795
27.33723333	791
27.35026667	782
27.36386667	816
27.37685	779
27.39015	798
27.40346667	799
27.41676667	798
27.43055	827
27.44498333	866
27.46005	904
27.47453333	869
27.48888333	861
27.50336667	869
27.51806667	882
27.53326667	912
27.54815	893
27.56336667	913
27.5789	932
27.59511667	973
27.60743333	739
27.61853333	666
27.62951667	659
27.64166667	729
27.65241667	645
27.66281667	624
27.67295	608
27.68323333	617
27.69668333	807
27.70938333	762
27.7202	649
27.73048333	617
27.74063333	609
27.75101667	623
27.7619	653
27.773	666
27.78433333	680
27.79573333	684
27.8076	712
27.8202	756
27.83303333	770
27.84626667	794
27.85983333	814
27.87358333	825
27.88651667	776
27.8996	785
27.91265	783
27.96776667	0
27.97761667	591
27.9871	569
27.99663333	572
28.00611667	569
28.0165	623
28.02808333	695
28.04096667	773
28.05561667	879
28.07151667	954
28.08696667	927
28.11515	0
28.12838333	794
28.14073333	741
28.15246667	704
28.16385	683
28.1754	693
28.18736667	718
28.19906667	702
28.2111	722
28.22293333	710
28.23525	739
28.24748333	734
28.26006667	755
28.27365	815
28.28513333	689
28.29556667	626
28.30585	617
28.31713333	677
28.33381667	1001
28.3506	1007
28.36425	819
28.37581667	694
28.3876	707
28.40068333	785
28.41448333	828
28.42643333	717
28.43728333	651
28.44796667	641
28.45935	683
28.47071667	682
28.4812	629
28.4923	666
28.5036	678
28.51498333	683
28.52561667	638
28.53621667	636
28.54723333	661
28.55885	697
28.57075	714
28.59253333	0
28.60386667	680
28.61538333	691
28.62685	688
28.63745	636
28.648	633
28.65876667	646
28.67001667	675
28.68141667	684
28.69193333	631
28.70256667	638
28.71363333	664
28.72481667	671
28.736	671
28.74648333	629
28.75708333	636
28.76796667	653
28.77921667	675
28.79045	674
28.8008	621
28.81135	633
28.82215	648
28.83316667	661
28.8444	674
28.85468333	617
28.8649	613
28.87545	633
28.88638333	656
28.89751667	668
28.90913333	697
28.91993333	648
28.93028333	621
28.94071667	626
28.95153333	649
28.96238333	651
28.97341667	662
28.98395	632
28.99425	618
29.00445	612
29.01466667	613
29.03488333	0
29.04481667	596
29.05486667	603
29.07428333	0
29.08403333	585
29.09388333	591
29.10368333	588
29.11336667	581
29.12305	581
29.13273333	581
29.14231667	575
29.16111667	0
29.1704	557
29.17948333	545
29.18873333	555
29.19793333	552
29.20723333	558
29.21663333	564
29.22641667	587
29.23656667	609
29.24655	599
29.2566	603
29.26678333	611
29.27703333	615
29.2871	604
29.30663333	0
29.31638333	585
29.32608333	582
29.33588333	588
29.34603333	609
29.35703333	660
29.36923333	732
29.38175	751
29.39291667	670
29.40356667	639
29.414	626
29.42506667	664
29.43673333	700
29.44926667	752
29.46235	785
29.47505	762
29.48716667	727
29.49813333	658
29.50878333	639
29.51911667	620
29.5292	605
29.539	588
29.54878333	587
29.55891667	608
29.56923333	619
29.57933333	606
29.58975	625
29.60046667	643
29.61148333	661
29.62236667	653
29.63338333	661
29.64435	658
29.6549	633
29.665	606
29.67503333	602
29.68476667	584
29.69436667	576
29.70423333	592
29.71416667	596
29.72391667	585
29.7338	593
29.74535	693
29.75628333	656
29.76726667	659
29.77805	647
29.78846667	625
29.79855	605
29.80848333	596
29.81823333	585
29.82785	577
29.83738333	572
29.8469	571
29.85663333	584
29.86673333	606
29.87716667	626
29.88775	635
29.89846667	643
29.90888333	625
29.91893333	603
29.9289	598
29.93903333	608
29.94973333	642
29.96146667	704
29.97348333	721
29.98611667	758
30.0008	881
30.01666667	952
30.03166667	900
30.04455	773
30.05663333	725
30.06911667	749
30.08081667	702
30.0915	641
30.10205	633
30.1127	639
30.12391667	673
30.13593333	721
30.14823333	738
30.16068333	747
30.17253333	711
30.18468333	729
30.1977	781
30.21141667	823
30.22448333	784
30.23663333	729
30.24815	691
30.25945	678
30.27063333	671
30.28123333	636
30.29168333	627
30.30186667	611
30.31188333	601
30.3218	595
30.3321	618
30.34295	651
30.3531	609
30.36343333	620
30.37446667	662
30.38585	683
30.39785	720
30.41046667	757
30.42221667	705
30.43365	686
30.44461667	658
30.45516667	633
30.46521667	603
30.47503333	589
30.4845	568
30.49373333	554
30.50286667	548
30.51203333	550
30.52118333	549
30.53046667	557
30.53998333	571
30.5509	655
30.5635	756
30.57703333	812
30.59116667	848
30.6056	866
30.62205	987
30.63906667	1021
30.65561667	993
30.6714	947
30.6866	912
30.70156667	898
30.7151	812
30.72761667	751
30.74003333	745
30.7548	886
30.76968333	893
30.78241667	764
30.79368333	676
30.80428333	636
30.8149	637
30.82725	741
30.84018333	776
30.85336667	791
30.87555	0
30.8857	609
30.89581667	607
30.90568333	592
30.91593333	615
30.92663333	642
30.93731667	641
30.94833333	661
30.96275	865
30.98	1035
30.99673333	1004
31.0117	898
31.0256	834
31.03868333	785
31.0503	697
31.06155	675
31.07241667	652
31.08325	650
31.0943	663
31.10553333	674
31.1165	658
31.12683333	620
31.13723333	624
31.14751667	617
31.15816667	639
31.16946667	678
31.19133333	0
31.20215	649
31.23253333	0
31.24238333	591
31.25225	592
31.26235	606
31.27301667	640
31.28471667	702
31.29556667	651
31.3061	632
31.32658333	0
31.3365	595
31.34621667	583
31.35568333	568
31.36518333	570
31.3754	613
31.38563333	614
31.39603333	624
31.40651667	629
31.41701667	630
31.42775	644
31.43886667	667
31.44965	647
31.4606	657
31.47176667	670
31.48256667	648
31.49398333	685
31.50478333	648
31.51541667	638
31.52586667	627
31.5366	644
31.54866667	724
31.56455	953
31.58031667	946
31.59475	866
31.6078	783
31.61983333	722
31.63083333	660
31.64165	649
31.65213333	629
31.66265	631
31.67323333	635
31.68355	619
31.69398333	626
31.70481667	650
31.71591667	666
31.7279	719
31.75066667	0
31.76186667	672
31.77258333	643
31.78306667	629
31.7937	638
31.80438333	641
31.81445	604
31.82456667	607
31.8354	650
31.84608333	641
31.87623333	0
31.88606667	590
31.8958	584
31.90578333	599
31.91681667	662
31.92986667	783
31.9438	836
31.95866667	892
31.97325	875
31.98533333	725
