0.010866667	729
0.022016667	652
0.03355	669
0.045633333	692
0.057983333	725
0.069566667	741
0.08025	695
0.091416667	641
0.10285	670
0.11385	686
0.12495	660
0.136683333	666
0.148983333	704
0.1615	738
0.173283333	751
0.1851	707
0.197416667	709
0.20965	739
0.221966667	734
0.23355	739
0.24415	695
0.255433333	636
0.266966667	677
0.278183333	692
0.289266667	673
0.3007	665
0.31205	686
0.3227	681
0.334066667	639
0.3456	682
0.356816667	692
0.368033333	673
0.379933333	673
0.391583333	714
0.403	699
0.414766667	685
0.42685	706
0.438733333	725
0.451	713
0.4629	736
0.474	714
0.485416667	666
0.497266667	685
0.508583333	711
0.519566667	679
0.5315	659
0.544033333	716
0.556016667	752
0.567416667	719
0.579716667	684
0.592016667	738
0.60345	738
0.615333333	686
0.627533333	713
0.639833333	732
0.6513	738
0.662916667	688
0.674666667	697
0.685483333	705
0.696516667	649
0.7082	662
0.719883333	701
0.731183333	701
0.743016667	678
0.7553	710
0.767416667	737
0.7789	727
0.79085	689
0.803366667	717
0.81565	751
0.827666667	737
0.8394	721
0.851183333	704
0.861783333	707
0.871933333	636
0.882283333	609
0.892416667	621
0.90225	608
0.912616667	590
0.92405	622
0.93475	686
0.94555	642
0.957016667	648
0.96905	688
0.981333333	722
0.993133333	737
1.004483333	708
1.016	681
1.027666667	691
1.03915	700
1.050583333	689
1.061833333	686
1.072	675
1.081966667	610
1.0923	598
1.1028	620
1.114183333	630
1.126366667	683
1.138033333	731
1.1494	700
1.1619	682
1.174766667	750
1.18755	772
1.199566667	767
1.211833333	721
1.22455	736
1.237	763
1.248866667	747
1.260016667	712
1.270583333	669
1.2808	634
1.290833333	613
1.301216667	602
1.311633333	623
1.3218	625
1.33155	610
1.341216667	585
1.35145	580
1.363	614
1.37405	693
1.3844	663
1.396683333	621
1.4098	737
1.42325	787
1.436816667	807
1.4511	814
1.465766667	857
1.480483333	880
1.495433333	883
1.510416667	897
1.524883333	899
1.538666667	868
1.552766667	827
1.566666667	846
1.579416667	834
1.592533333	765
1.606066667	787
1.618966667	812
1.6316	774
1.644783333	758
1.657883333	791
1.670033333	786
1.682716667	729
1.695966667	761
1.708766667	795
1.720583333	768
1.733083333	709
1.745833333	750
1.7579	765
1.7687	724
1.779633333	648
1.791366667	656
1.802433333	704
1.81465	664
1.82765	733
1.841	780
1.8536	801
1.866666667	756
1.879816667	784
1.89215	789
1.90385	740
1.916166667	702
1.928783333	739
1.940933333	757
1.95305	729
1.965833333	727
1.97905	767
1.991733333	793
2.004416667	761
2.017583333	761
2.03125	790
2.044683333	820
2.0576	806
2.070666667	775
2.083616667	784
2.097133333	777
2.110283333	811
2.122283333	789
2.1343	720
2.146516667	721
2.1583	733
2.169433333	707
2.181316667	668
2.193066667	713
2.204333333	705
2.216366667	676
2.228	722
2.23885	698
2.250583333	651
2.26275	704
2.27485	730
2.286133333	726
2.298	677
2.31005	712
2.3221	723
2.333383333	723
2.344366667	677
2.355716667	659
2.36755	681
2.378933333	710
2.390483333	683
2.402516667	693
2.414716667	722
2.42685	732
2.4385	728
2.449	699
2.4596	630
2.470666667	636
2.481533333	664
2.4922	652
2.5037	640
2.516333333	690
2.5297	758
2.5433	802
2.556866667	816
2.569866667	814
2.58275	780
2.596	773
2.609283333	795
2.622033333	797
2.632966667	765
2.6436	656
2.65475	638
2.666816667	669
2.679583333	724
2.690683333	766
2.701966667	666
2.71415	677
2.72695	731
2.739183333	768
2.752216667	734
2.7654	782
2.7779	791
2.789183333	750
2.800616667	677
2.812216667	686
2.823516667	696
2.83445	678
2.845866667	656
2.857683333	685
2.868816667	709
2.8799	668
2.891416667	665
2.90305	691
2.914283333	698
2.925816667	674
2.9381	692
2.950616667	737
2.96265	751
2.974416667	722
2.98625	706
2.99825	710
3.009933333	720
3.02205	701
3.03495	727
3.0464	774
3.057966667	687
3.069966667	694
3.080716667	720
3.0916	645
3.10295	653
3.1146	681
3.12615	699
3.1368	693
3.146966667	639
3.157516667	610
3.1686	633
3.180183333	665
3.192133333	695
3.20405	717
3.2159	715
3.227433333	711
3.23775	692
3.24815	619
3.2587	624
3.269266667	633
3.2794	634
3.289116667	608
3.2989	583
3.3092	587
3.319483333	618
3.329983333	617
3.340966667	630
3.351466667	659
3.36245	630
3.372816667	659
3.383083333	622
3.393766667	616
3.40445	641
3.415183333	641
3.426	644
3.437433333	649
3.44945	686
3.46215	721
3.47455	762
3.485116667	744
3.4955	634
3.50675	623
3.5192	675
3.530533333	747
3.541083333	680
3.55185	633
3.5625	646
3.5732	639
3.584566667	642
3.596083333	682
3.606816667	691
3.618266667	644
3.630533333	687
3.642583333	736
3.6537	723
3.665333333	667
3.677583333	698
3.68985	735
3.7023	736
3.71565	747
3.728766667	801
3.740966667	787
3.754533333	732
3.76825	814
3.78055	823
3.793083333	738
3.806566667	752
3.8203	809
3.833716667	824
3.845083333	805
3.856416667	682
3.86855	680
3.881516667	728
3.893866667	778
3.904916667	741
3.916616667	663
3.92935	702
3.94225	764
3.9543	774
3.967316667	723
3.979633333	781
3.9927	739
4.005783333	784
4.017466667	785
4.028566667	701
4.040483333	666
4.0532	715
4.066216667	763
4.079066667	781
4.092683333	771
4.106333333	817
4.1192	819
4.131266667	772
4.143716667	724
4.156366667	747
4.168066667	759
4.179116667	702
4.190683333	663
4.202216667	694
4.213366667	692
4.224266667	669
4.235983333	654
4.24795	703
4.2591	718
4.27035	669
4.281933333	675
4.292833333	695
4.3042	654
4.316266667	682
4.32845	724
4.34065	731
4.3524	732
4.364016667	705
4.375233333	697
4.385866667	673
4.396233333	638
4.407033333	622
4.418683333	648
4.429233333	699
4.4402	633
4.4518	658
4.463566667	696
4.47525	706
4.486783333	701
4.497483333	692
4.508166667	642
4.5196	641
4.532116667	686
4.544716667	751
4.557183333	756
4.569633333	748
4.581683333	747
4.592866667	723
4.6035	671
4.61455	638
4.626166667	663
4.637983333	697
4.64895	709
4.660266667	658
4.6717	679
4.682483333	686
4.69335	647
4.703966667	652
4.714416667	637
4.7256	627
4.736466667	671
4.746716667	652
4.757	615
4.767533333	617
4.778466667	632
4.789166667	656
4.79935	642
4.809816667	611
4.820783333	628
4.831716667	658
4.84275	656
4.854783333	662
4.867466667	722
4.879883333	761
4.891183333	745
4.902916667	678
4.91465	704
4.92635	704
4.938	702
4.948416667	699
4.9586	625
4.969433333	611
4.97995	650
4.990666667	631
5.002583333	643
5.015133333	715
5.026866667	753
5.038633333	704
5.050566667	706
5.063016667	716
5.07575	747
5.087633333	764
5.09925	713
5.1108	697
5.121583333	693
5.132933333	647
5.144266667	681
5.15485	680
5.165633333	635
5.176266667	647
5.187333333	638
5.1997	664
5.212566667	742
5.22585	772
5.23935	797
5.253233333	810
5.265733333	833
5.277233333	750
5.289416667	690
5.30235	731
5.315733333	776
5.328966667	803
5.341483333	794
5.3539	751
5.366666667	745
5.37955	766
5.392116667	773
5.404433333	754
5.417516667	739
5.430516667	785
5.442733333	780
5.455633333	733
5.469083333	774
5.48265	807
5.495616667	814
5.508266667	778
5.519983333	759
5.530933333	703
5.542516667	657
5.554233333	695
5.565766667	703
5.576883333	692
5.5887	667
5.600733333	709
5.612716667	722
5.623933333	719
5.6358	673
5.648133333	712
5.660383333	740
5.671633333	735
5.683083333	675
5.694716667	687
5.7063	698
5.717016667	695
5.727816667	643
5.738933333	648
5.750033333	667
5.76075	666
5.771633333	643
5.78315	653
5.795383333	691
5.807133333	734
5.818316667	705
5.830066667	671
5.842233333	705
5.854366667	730
5.866516667	728
5.8774	729
5.88755	653
5.8976	609
5.9082	603
5.919016667	636
5.929766667	649
5.939833333	645
5.9503	604
5.961833333	628
5.974266667	692
5.9867	746
5.998466667	746
6.011283333	706
6.02475	769
6.038566667	808
6.051883333	829
6.06545	799
6.079233333	814
6.0928	827
6.105366667	814
6.1169	754
6.128583333	692
6.1401	701
6.150916667	691
6.161516667	649
6.172983333	636
6.184666667	688
6.195683333	701
6.206783333	661
6.218916667	666
6.23115	728
6.243233333	734
6.254266667	725
6.265783333	662
6.277733333	691
6.289166667	717
6.299866667	686
6.310866667	642
6.322316667	660
6.334333333	687
6.34595	721
6.357716667	697
6.3708	706
6.38395	785
6.396583333	789
6.409716667	758
6.42345	788
6.436333333	824
6.448483333	773
6.460683333	729
6.472533333	732
6.483833333	711
6.49445	678
6.505466667	637
6.517316667	661
6.529383333	711
6.539933333	724
6.550283333	633
6.560483333	621
6.5712	612
6.583	643
6.595333333	708
6.608416667	740
6.6208	785
6.6345	743
6.646716667	822
6.658733333	733
6.67215	721
6.685733333	805
6.6969	815
6.708133333	670
6.718866667	674
6.72965	644
6.740966667	647
6.7529	679
6.76565	716
6.779	765
6.79255	801
6.806216667	813
6.819633333	820
6.8307	805
6.842116667	664
6.854233333	685
6.866916667	727
6.8797	761
6.892333333	767
6.904816667	758
6.9169	749
6.9291	725
6.9399	732
6.950183333	648
6.960133333	617
6.9703	597
6.980516667	610
6.992083333	613
7.004933333	694
7.01805	771
7.030916667	787
7.041816667	772
7.0526	654
7.064466667	647
7.078033333	712
7.09215	814
7.106383333	847
7.118366667	854
7.131316667	719
7.144833333	777
7.158383333	811
7.170766667	813
7.182333333	743
7.193266667	694
7.204983333	656
7.21695	703
7.2287	718
7.24095	705
7.2523	735
7.263633333	681
7.275	680
7.285883333	682
7.296966667	653
7.30825	665
7.318783333	677
7.329016667	632
7.339633333	614
7.350416667	637
7.360616667	647
7.371133333	612
7.381816667	631
7.392883333	641
7.403333333	664
7.413566667	627
7.42435	614
7.4352	647
7.4456	651
7.456583333	624
7.468066667	659
7.47965	689
7.490983333	695
7.50135	680
7.511483333	622
7.521633333	608
7.531633333	609
7.541566667	600
7.551283333	596
7.561116667	583
7.571366667	590
7.581766667	615
7.591833333	624
7.601833333	604
7.612433333	600
7.622816667	636
7.63285	623
7.642916667	602
7.6531	604
7.663133333	611
7.67335	602
7.684633333	613
7.696233333	677
7.70675	696
7.71715	631
7.727833333	624
7.73855	641
7.748883333	643
7.759	620
7.769516667	607
7.780116667	631
7.790633333	636
7.80065	631
7.810483333	601
7.820633333	590
7.8309	609
7.84095	616
7.8507	603
7.86065	585
7.870933333	597
7.88105	617
7.89115	607
7.902033333	606
7.913833333	653
7.924616667	708
7.935783333	647
7.947533333	670
7.95925	705
7.97035	703
7.98175	666
7.993633333	684
8.00505	713
8.01655	685
8.028833333	690
8.04095	737
8.052083333	727
8.063883333	668
8.07595	708
8.087083333	724
8.09865	668
8.109816667	694
8.12025	670
8.131166667	626
8.142133333	655
8.152783333	658
8.162983333	639
8.173216667	612
8.1836	614
8.19385	623
8.204083333	615
8.214183333	614
8.224016667	606
8.234066667	590
8.244483333	603
8.254633333	625
8.264666667	609
8.274666667	602
8.285083333	600
8.295233333	625
8.305366667	609
8.316116667	608
8.326433333	645
8.336583333	619
8.34695	609
8.357216667	622
8.367166667	616
8.376966667	597
8.38685	588
8.39715	593
8.407783333	618
8.418216667	638
8.428316667	626
8.438716667	606
8.449433333	624
8.4596	643
8.4696	610
8.479833333	600
8.490016667	614
8.500016667	611
8.509883333	600
8.5198	592
8.52985	595
8.54015	603
8.550216667	618
8.560033333	604
8.570316667	589
8.5808	617
8.5908	629
8.60055	600
8.610533333	585
8.620666667	599
8.630616667	608
8.640416667	597
8.650333333	588
8.660466667	595
8.6707	608
8.680633333	614
8.690383333	596
8.700116667	585
8.709983333	584
8.719583333	592
8.729016667	576
8.73875	566
8.7488	584
8.75875	603
8.768433333	597
8.778033333	581
8.78795	576
8.798283333	595
8.808483333	620
8.818316667	612
8.828083333	590
8.838266667	586
8.848766667	611
8.858883333	630
8.868833333	607
8.878933333	597
8.889333333	606
8.899916667	624
8.909966667	635
8.919966667	603
8.930483333	600
8.940966667	631
8.950883333	629
8.960733333	595
8.97085	591
8.9812	607
8.991516667	621
9.001533333	619
9.011416667	601
9.02165	593
9.032383333	614
9.042633333	644
9.05255	615
9.062716667	595
9.073366667	610
9.083666667	639
9.09355	618
9.103433333	593
9.113983333	593
9.12495	633
9.135616667	658
9.145866667	640
9.156333333	615
9.167416667	628
9.178116667	665
9.188366667	642
9.19925	615
9.2105	653
9.2212	675
9.231416667	642
9.241783333	613
9.252533333	622
9.263016667	645
9.273316667	629
9.283633333	618
9.2945	619
9.30545	652
9.315916667	657
9.326366667	628
9.337133333	627
9.348183333	646
9.3585	663
9.36865	619
9.379283333	609
9.389866667	638
9.399866667	635
9.4098	600
9.420033333	596
9.430216667	614
9.44	611
9.44995	587
9.460333333	597
9.470766667	623
9.480766667	626
9.490666667	600
9.501183333	594
9.511866667	631
9.521983333	641
9.5319	607
9.54205	595
9.552583333	609
9.562816667	632
9.572733333	614
9.583266667	595
9.594566667	632
9.6052	678
9.615483333	638
9.6263	617
9.637633333	649
9.64825	680
9.6585	637
9.669016667	615
9.679616667	631
9.6901	636
9.70015	629
9.710216667	603
9.720783333	604
9.731433333	634
9.74165	639
9.75165	613
9.762233333	600
9.772816667	635
9.782966667	635
9.793266667	609
9.804166667	618
9.815033333	654
9.82525	652
9.835533333	613
9.84615	617
9.857533333	637
9.86805	683
9.878416667	631
9.889833333	622
9.90155	685
9.912133333	703
9.9227	635
9.934	634
9.9454	678
9.956266667	684
9.966666667	652
9.977183333	624
9.988633333	631
10.00036667	687
10.01111667	704
10.0221	645
10.03381667	659
10.04558333	703
10.0568	706
10.06786667	673
10.07933333	664
10.09096667	688
10.10165	698
10.1123	641
10.12373333	639
10.1348	686
10.14515	664
10.15536667	621
10.16598333	613
10.17661667	637
10.18691667	638
10.19695	618
10.20716667	602
10.21818333	613
10.22935	661
10.2398	670
10.25036667	627
10.26166667	634
10.27326667	678
10.28438333	696
10.2951	667
10.30636667	643
10.31808333	676
10.3292	703
10.33956667	667
10.35011667	622
10.36118333	633
10.3723	664
10.383	667
10.3934	642
10.40428333	624
10.4155	653
10.42643333	673
10.43688333	656
10.44766667	627
10.45903333	647
10.46973333	682
10.47995	642
10.49035	613
10.5012	624
10.51181667	651
10.52198333	637
10.53223333	610
10.5429	615
10.5542	640
10.56481667	678
10.57553333	637
10.58721667	643
10.59908333	701
10.60978333	712
10.6204	642
10.63131667	637
10.64191667	655
10.65221667	636
10.66213333	618
10.67213333	595
10.68293333	600
10.69415	648
10.70476667	673
10.71493333	637
10.72553333	610
10.73663333	636
10.74726667	666
10.75745	638
10.7676	611
10.77805	609
10.78918333	627
10.79946667	668
10.80958333	617
10.82076667	607
10.83206667	671
10.84245	678
10.8527	623
10.86363333	615
10.8746	656
10.88501667	658
10.89513333	625
10.90545	607
10.91673333	619
10.92946667	677
10.94188333	764
10.95333333	745
10.96535	687
10.97623333	721
10.98746667	653
10.99895	674
11.01016667	689
11.0207	673
11.03146667	632
11.0427	646
11.0545	674
11.06615	708
11.07828333	699
11.09058333	728
11.10231667	738
11.11295	704
11.12385	638
11.13506667	654
11.14603333	673
11.15613333	658
11.16606667	606
11.17603333	596
11.18618333	598
11.19601667	609
11.2064	590
11.21731667	623
11.22851667	655
11.23961667	672
11.25005	666
11.26048333	626
11.27183333	626
11.2837	681
11.29476667	712
11.30481667	664
11.3146	603
11.32431667	587
11.33408333	583
11.34433333	586
11.35446667	615
11.36435	608
11.37403333	593
11.38413333	581
11.39463333	606
11.40486667	630
11.41623333	614
11.42748333	682
11.43993333	675
11.45303333	747
11.4659	786
11.47665	772
11.48736667	645
11.49858333	643
11.51	673
11.52056667	685
11.53133333	634
11.54248333	646
11.5544	669
11.56638333	715
11.57706667	719
11.58861667	641
11.59993333	693
11.61055	679
11.62071667	637
11.63108333	610
11.64185	622
11.65316667	646
11.66376667	679
11.67393333	636
11.68443333	610
11.69546667	630
11.70633333	662
11.7166	652
11.7265	616
11.7362	594
11.74638333	582
11.75668333	611
11.76645	618
11.77625	586
11.78641667	588
11.7967	610
11.80661667	617
11.81626667	595
11.82608333	579
11.83633333	589
11.8463	615
11.85608333	598
11.86598333	587
11.87635	594
11.88665	622
11.89651667	618
11.9064	592
11.91666667	593
11.92721667	616
11.93735	633
11.94718333	608
11.95715	590
11.96756667	598
11.9778	625
11.98755	614
11.9972	585
12.00686667	579
12.01635	580
12.0256	569
12.03496667	555
12.04448333	562
12.05403333	571
12.06348333	573
12.07295	567
12.0828	568
12.0927	591
12.10243333	594
12.11216667	584
12.12206667	584
12.1322	594
12.14196667	608
12.15161667	586
12.16158333	579
12.17176667	598
12.1816	611
12.19123333	590
12.2011	578
12.21128333	592
12.22188333	611
12.2319	636
12.24185	601
12.25223333	597
12.26315	623
12.2735	655
12.28341667	621
12.29353333	595
12.30408333	607
12.31513333	633
12.3264	663
12.33656667	676
12.34665	610
12.35691667	605
12.36743333	616
12.37728333	631
12.38715	591
12.39706667	592
12.40708333	595
12.41771667	601
12.42805	638
12.43826667	620
12.44946667	613
12.46083333	672
12.47176667	682
12.48383333	656
12.49648333	724
12.50896667	759
12.52146667	749
12.53235	750
12.54263333	653
12.55278333	617
12.56316667	609
12.57438333	623
12.58628333	673
12.59725	714
12.60753333	658
12.618	617
12.62876667	628
12.64046667	646
12.65218333	702
12.66375	703
12.67408333	694
12.68411667	620
12.69416667	602
12.70468333	603
12.71595	631
12.72731667	676
12.73755	682
12.74776667	614
12.7584	613
12.76906667	638
12.78008333	640
12.79076667	661
12.80071667	641
12.81043333	597
12.82003333	583
12.82981667	576
12.83996667	587
12.85086667	609
12.86076667	654
12.8707	594
12.88076667	596
12.89095	604
12.90156667	611
12.91283333	637
12.92448333	676
12.93523333	699
12.94556667	645
12.95598333	620
12.96653333	625
12.97785	633
12.98951667	679
13.00105	700
13.01133333	692
13.02143333	617
13.0313	606
13.04116667	592
13.05123333	592
13.06138333	604
13.0714	609
13.08108333	601
13.09081667	581
13.1008	584
13.11118333	599
13.12225	623
13.13413333	664
13.14628333	713
13.15716667	729
13.16756667	653
13.17865	624
13.18975	665
13.19995	666
13.21055	612
13.22128333	636
13.23216667	644
13.24211667	653
13.2521	597
13.2622	599
13.27263333	606
13.28328333	626
13.2932	639
13.30298333	595
13.31291667	587
13.32266667	596
13.33223333	585
13.34206667	574
13.35206667	590
13.36175	600
13.37148333	581
13.38176667	584
13.39218333	617
13.4022	625
13.41228333	601
13.42276667	605
13.43293333	629
13.44353333	610
13.45475	636
13.46586667	673
13.47615	667
13.48703333	617
13.49836667	653
13.5089	680
13.51913333	632
13.52985	614
13.54065	643
13.55161667	648
13.56261667	658
13.57305	660
13.58291667	626
13.59256667	592
13.60221667	579
13.61228333	579
13.62205	604
13.6316	586
13.64151667	573
13.6518	595
13.66178333	617
13.67165	599
13.68176667	592
13.69243333	607
13.70293333	640
13.7131	630
13.72348333	610
13.73458333	623
13.74551667	666
13.75585	656
13.76668333	620
13.77785	650
13.78866667	670
13.79896667	649
13.80926667	618
13.81975	618
13.83046667	629
13.84063333	643
13.85083333	610
13.86171667	612
13.87286667	653
13.8833	669
13.89365	626
13.90451667	621
13.91556667	652
13.92615	663
13.93658333	635
13.94753333	626
13.95855	657
13.96885	661
13.97891667	618
13.98925	604
13.99946667	620
14.01008333	613
14.0211	637
14.03233333	661
14.04356667	674
14.05378333	674
14.06373333	613
14.07358333	597
14.08351667	591
14.09391667	596
14.10405	624
14.11398333	608
14.12458333	596
14.13573333	636
14.14683333	669
14.15851667	666
14.16906667	701
14.17908333	633
14.18906667	601
14.19935	599
14.20981667	617
14.22121667	628
14.2319	684
14.24211667	641
14.2525	613
14.26328333	623
14.274	647
14.28515	643
14.29575	669
14.30685	636
14.3181	666
14.32838333	675
14.3384	617
14.3483	601
14.3582	594
14.36855	594
14.37926667	621
14.38948333	643
14.39948333	613
14.40991667	600
14.4215	626
14.43318333	695
14.44368333	701
14.45415	630
14.46481667	628
14.47616667	640
14.4882	681
14.49985	722
14.5102	699
14.52033333	621
14.53046667	608
14.54096667	608
14.55236667	630
14.56411667	684
14.57571667	705
14.58636667	696
14.59708333	639
14.60858333	643
14.61973333	690
14.63	669
14.64046667	616
14.6515	628
14.66181667	662
14.6718	619
14.68195	599
14.69248333	609
14.70315	632
14.71325	640
14.72338333	606
14.73398333	608
14.74435	636
14.75445	622
14.76486667	606
14.7757	625
14.78611667	650
14.79631667	625
14.80716667	612
14.81831667	651
14.82855	669
14.83891667	614
14.84986667	622
14.86066667	657
14.87088333	648
14.88155	613
14.89243333	640
14.903	653
14.91325	634
14.92368333	615
14.93453333	626
14.94546667	651
14.95573333	656
14.96606667	616
14.97711667	620
14.98825	663
14.99906667	668
15.01055	649
15.02186667	689
15.03258333	679
15.04271667	643
15.05276667	608
15.06273333	603
15.07258333	598
15.08211667	591
15.09155	572
15.10135	566
15.11158333	588
15.12138333	614
15.1312	588
15.14153333	589
15.15238333	620
15.16271667	651
15.17306667	620
15.18411667	621
15.1951	663
15.20551667	659
15.21586667	625
15.22693333	621
15.23806667	664
15.24843333	668
15.25926667	622
15.2705	650
15.28106667	674
15.29133333	634
15.30186667	616
15.3128	632
15.3232	656
15.33335	624
15.3439	609
15.35495	633
15.36551667	663
15.37571667	634
15.38611667	612
15.39695	624
15.40735	650
15.41738333	624
15.42761667	602
15.4384	614
15.44915	647
15.45961667	645
15.47023333	628
15.48111667	637
15.49225	653
15.50283333	668
15.51341667	635
15.5245	635
15.53626667	665
15.54706667	706
15.55733333	648
15.56788333	616
15.57871667	633
15.58941667	650
15.59963333	642
15.60998333	613
15.62085	621
15.63131667	652
15.64175	628
15.6529	626
15.66396667	669
15.67435	664
15.68466667	623
15.69511667	619
15.70541667	627
15.71541667	618
15.72528333	600
15.73535	592
15.74558333	604
15.7556	614
15.76523333	601
15.77493333	578
15.7849	582
15.79486667	598
15.80473333	598
15.81441667	592
15.82416667	581
15.8338	585
15.84385	578
15.85431667	603
15.8643	628
15.8741	599
15.8841	588
15.89423333	600
15.90393333	608
15.91355	582
15.92378333	577
15.93396667	614
15.94376667	611
15.95401667	588
15.96431667	615
15.97426667	618
15.98406667	597
15.99416667	588
16.00411667	606
16.01388333	597
16.02396667	586
16.0342	605
16.04406667	614
16.05415	592
16.06465	605
16.07476667	630
16.08466667	607
16.09518333	594
16.10588333	631
16.11603333	642
16.12631667	609
16.13698333	617
16.1474	640
16.15771667	625
16.16868333	619
16.17918333	658
16.1893	630
16.19956667	607
16.21005	616
16.22023333	629
16.23046667	611
16.2412	614
16.25156667	644
16.26185	622
16.27255	617
16.28288333	642
16.2932	620
16.30418333	619
16.31488333	659
16.32531667	642
16.33636667	626
16.34716667	663
16.35755	648
16.36831667	623
16.37901667	646
16.38923333	642
16.39968333	613
16.41055	627
16.42081667	652
16.43113333	616
16.44196667	619
16.45231667	650
16.46245	621
16.47263333	608
16.4826	611
16.49218333	598
16.50156667	575
16.51101667	563
16.52073333	567
16.53075	583
16.54041667	601
16.55008333	580
16.56053333	580
16.57058333	627
16.58043333	603
16.59043333	591
16.60091667	600
16.61093333	629
16.62073333	601
16.631	588
16.64111667	616
16.65103333	607
16.66123333	595
16.67176667	612
16.682	632
16.6921	614
16.70266667	606
16.71343333	634
16.7239	646
16.73461667	628
16.74581667	643
16.75638333	672
16.76711667	634
16.77808333	644
16.78851667	658
16.7997	626
16.8116	671
16.82275	714
16.83413333	669
16.84618333	683
16.8571	723
16.86796667	655
16.87913333	652
16.88965	670
16.9005	631
16.91126667	651
16.92156667	646
16.93231667	618
16.94451667	645
16.95666667	732
16.96786667	729
16.97915	672
16.99118333	677
17.0025	722
17.01331667	679
17.0247	649
17.03646667	683
17.0473	706
17.0592	650
17.07181667	714
17.08361667	757
17.09506667	708
17.10711667	687
17.11878333	723
17.12958333	700
17.14046667	648
17.15191667	653
17.16303333	687
17.1735	667
17.18475	628
17.19665	675
17.20768333	714
17.21826667	662
17.22895	635
17.23928333	641
17.24935	620
17.25923333	604
17.26923333	593
17.28033333	600
17.29135	666
17.3018	661
17.31333333	627
17.32523333	692
17.33596667	714
17.34746667	644
17.3598	690
17.371	740
17.38246667	672
17.39491667	688
17.40621667	747
17.41728333	678
17.42931667	664
17.44081667	722
17.45153333	690
17.46253333	643
17.47365	660
17.4843	667
17.49463333	639
17.5051	620
17.51615	628
17.52663333	663
17.5368	629
17.54766667	610
17.55971667	652
17.57115	723
17.5819	686
17.59286667	645
17.60481667	658
17.61693333	717
17.62811667	727
17.63931667	671
17.65086667	672
17.66143333	693
17.672	634
17.68331667	634
17.6944	679
17.7054	665
17.71698333	660
17.72855	695
17.73945	694
17.7505	654
17.76196667	663
17.77296667	688
17.78425	660
17.79533333	677
17.80588333	665
17.81618333	633
17.82671667	618
17.83745	632
17.8478	644
17.8579	621
17.86846667	606
17.87913333	634
17.88935	640
17.89945	613
17.91	606
17.92058333	633
17.93085	635
17.94083333	616
17.95098333	599
17.9615	609
17.9718	631
17.98178333	618
17.99218333	599
18.00263333	624
18.01268333	627
18.02268333	603
18.03323333	600
18.04385	633
18.05405	637
18.06393333	612
18.0739	593
18.08408333	598
18.09398333	611
18.10361667	594
18.11333333	578
18.12348333	583
18.13441667	609
18.14475	656
18.15491667	620
18.16605	610
18.17771667	668
18.18863333	700
18.19998333	655
18.21113333	681
18.22201667	669
18.23378333	653
18.24526667	706
18.2562	689
18.26735	656
18.27856667	669
18.2894	673
18.30013333	650
18.3115	644
18.32295	682
18.3336	687
18.34461667	639
18.35605	661
18.36686667	686
18.37778333	649
18.38908333	655
18.4007	678
18.41191667	697
18.42231667	673
18.433	624
18.44371667	641
18.45391667	643
18.46423333	612
18.4745	619
18.48441667	616
18.49428333	595
18.50418333	592
18.51385	594
18.52346667	580
18.53325	577
18.54386667	587
18.55435	637
18.56458333	629
18.57541667	614
18.58656667	650
18.5973	669
18.60821667	644
18.61978333	655
18.63096667	694
18.64166667	671
18.65321667	642
18.66473333	693
18.67528333	691
18.68621667	633
18.69723333	656
18.70768333	661
18.71831667	627
18.72923333	638
18.74023333	655
18.75086667	660
18.76095	638
18.77103333	605
18.78148333	605
18.79153333	627
18.80126667	603
18.81115	584
18.82135	593
18.83125	612
18.84116667	594
18.85171667	595
18.86193333	633
18.87193333	613
18.88211667	600
18.89225	611
18.90293333	608
18.9134	641
18.9232	628
18.93293333	588
18.94291667	584
18.95295	599
18.96261667	602
18.97226667	580
18.98216667	579
18.99261667	594
19.00261667	627
19.0127	600
19.02343333	605
19.03396667	644
19.0441	632
19.05441667	608
19.06541667	619
19.07596667	660
19.08623333	633
19.09683333	616
19.10723333	636
19.11716667	624
19.127	596
19.13703333	590
19.14685	602
19.15643333	589
19.16643333	575
19.17645	600
19.18633333	601
19.19621667	593
19.20675	593
19.21763333	632
19.2288	653
19.24006667	670
19.25036667	676
19.26075	618
19.27138333	623
19.28176667	638
19.29178333	623
19.30178333	601
19.31201667	600
19.32235	614
19.33303333	620
19.34311667	641
19.35355	605
19.36473333	626
19.37603333	671
19.38745	678
19.39865	685
19.40903333	672
19.41908333	623
19.42885	603
19.43856667	586
19.4488	583
19.45908333	614
19.46898333	617
19.47845	594
19.48793333	568
19.49768333	569
19.50833333	585
19.51923333	639
19.53025	654
19.54153333	661
19.55351667	677
19.56473333	719
19.5752	673
19.58596667	628
19.59713333	646
19.60831667	670
19.61911667	671
19.62943333	648
19.63976667	619
19.65056667	620
19.66223333	648
19.67335	700
19.68356667	667
19.69378333	613
19.70455	613
19.71553333	646
19.7261	659
19.7362	634
19.74621667	606
19.75655	601
19.76668333	620
19.77651667	608
19.78641667	590
19.79673333	594
19.80695	619
19.8169	613
19.82681667	597
19.83695	595
19.8471	608
19.857	609
19.86685	594
19.87703333	591
19.88713333	611
19.89673333	606
19.90618333	576
19.91576667	567
19.92526667	575
19.93455	570
19.9437	557
19.95298333	549
19.96218333	557
19.97125	552
19.98046667	544
19.98966667	553
19.9988	552
20.00831667	548
20.01845	571
20.02863333	608
20.03831667	611
20.04816667	581
20.05873333	591
20.06898333	634
20.0788	615
20.08878333	589
20.09915	599
20.10916667	622
20.11901667	601
20.12946667	591
20.1409	627
20.15236667	686
20.16286667	688
20.1735	630
20.18463333	638
20.1963	668
20.20686667	700
20.21693333	634
20.22698333	604
20.23738333	603
20.24911667	624
20.26176667	704
20.27365	759
20.2843	713
20.29528333	639
20.30675	659
20.31843333	688
20.32915	701
20.33965	643
20.35063333	630
20.36233333	659
20.37365	702
20.38403333	679
20.3946	623
20.40545	634
20.41638333	651
20.42673333	656
20.4369	621
20.44813333	610
20.46033333	674
20.47213333	732
20.48291667	708
20.49431667	647
20.5068	684
20.51953333	749
20.53101667	764
20.54213333	689
20.55368333	667
20.56568333	693
20.57695	720
20.58826667	676
20.60063333	679
20.613	742
20.62408333	742
20.63583333	665
20.647	705
20.65885	670
20.67216667	711
20.68566667	799
20.69768333	810
20.71038333	721
20.72336667	762
20.73588333	779
20.74798333	751
20.76048333	726
20.77281667	750
20.78418333	740
20.79596667	682
20.80805	707
20.82001667	725
20.83125	718
20.84298333	674
20.85525	704
20.86693333	736
20.87796667	701
20.88985	662
20.90211667	713
20.91388333	736
20.92455	706
20.93546667	640
20.94688333	655
20.95825	685
20.96878333	682
20.9795	632
20.99091667	643
21.00346667	685
21.01636667	753
21.02911667	774
21.04188333	765
21.05313333	766
21.06375	675
21.07471667	637
21.08625	658
21.09838333	692
21.11056667	728
21.12151667	731
21.13268333	657
21.14455	670
21.15706667	712
21.16906667	751
21.18065	720
21.193	695
21.20578333	741
21.21853333	767
21.23008333	765
21.24068333	693
21.2516	636
21.263	655
21.27468333	684
21.28571667	701
21.29771667	662
21.3108	720
21.32435	785
21.33718333	813
21.3504	770
21.3645	793
21.379	846
21.39326667	870
21.40606667	856
21.41821667	768
21.43061667	729
21.44293333	744
21.45428333	739
21.46563333	681
21.47801667	681
21.4909	743
21.50258333	773
21.51428333	701
21.52673333	702
21.53866667	747
21.54948333	716
21.5609	649
21.57286667	685
21.58431667	718
21.59541667	687
21.60811667	666
21.62145	762
21.63431667	800
21.6464	772
21.65888333	725
21.6708	749
21.6814	715
21.69195	636
21.70303333	633
21.71398333	665
21.72431667	657
21.73483333	620
21.74631667	631
21.7585	689
21.77013333	731
21.78103333	698
21.79271667	654
21.80508333	701
21.81736667	742
21.82921667	737
21.84073333	711
21.8529	691
21.86548333	730
21.87756667	755
21.88991667	725
21.90271667	741
21.91533333	768
21.92696667	757
21.93878333	698
21.95031667	709
21.96121667	692
21.97153333	654
21.9821	619
21.9927	634
22.0041	636
22.01646667	684
22.02928333	742
22.0415	769
22.05388333	733
22.0662	743
22.07846667	739
22.09	736
22.10145	692
22.1136	687
22.12586667	729
22.13736667	736
22.14798333	690
22.15898333	637
22.17043333	660
22.18173333	687
22.19245	678
22.20388333	643
22.21635	686
22.2289	748
22.24043333	753
22.25113333	692
22.26251667	642
22.27433333	683
22.2863	709
22.29756667	718
22.30931667	676
22.32123333	705
22.33296667	715
22.34391667	704
22.35521667	657
22.36675	678
22.37836667	692
22.38983333	697
22.40031667	688
22.41065	629
22.4213	620
22.43225	639
22.44338333	657
22.45401667	668
22.46506667	638
22.47621667	663
22.48701667	669
22.49746667	648
22.50808333	627
22.51893333	637
22.52998333	651
22.54036667	663
22.55055	623
22.56128333	611
22.5725	644
22.58411667	673
22.59525	697
22.6063	668
22.61785	663
22.62976667	693
22.64148333	715
22.65235	703
22.6635	652
22.67516667	669
22.68711667	700
22.69866667	717
22.70988333	693
22.72166667	673
22.73375	707
22.74543333	725
22.75586667	701
22.7664	626
22.77766667	632
22.7898	676
22.80138333	728
22.81246667	695
22.82418333	665
22.83641667	703
22.84845	734
22.85986667	722
22.87215	685
22.88455	737
22.89663333	744
22.9086	725
22.92146667	718
22.93438333	772
22.9463	775
22.9584	715
22.97081667	726
22.98275	745
22.9936	716
23.00491667	651
23.0166	679
23.02813333	701
23.03865	692
23.0494	631
23.06098333	645
23.0724	695
23.08305	685
23.09415	639
23.10561667	666
23.11733333	688
23.12848333	703
23.13928333	669
23.15033333	648
23.16161667	663
23.17235	677
23.18278333	644
23.19301667	626
23.20333333	614
23.21476667	619
23.2264	686
23.23696667	698
23.24821667	634
23.26001667	675
23.27068333	708
23.28111667	640
23.29216667	626
23.30336667	663
23.3146	672
23.32488333	674
23.33516667	617
23.34643333	617
23.35913333	676
23.37241667	762
23.38563333	797
23.39833333	793
23.41033333	762
23.42273333	720
23.43546667	744
23.44863333	764
23.462	790
23.47521667	802
23.488	793
23.50105	767
23.51395	783
23.52666667	774
23.53856667	763
23.54968333	714
23.56135	667
23.57351667	700
23.5854	730
23.59626667	713
23.60726667	652
23.61908333	660
23.63123333	709
23.64265	729
23.65326667	685
23.66451667	637
23.6766	675
23.68928333	725
23.70083333	761
23.71305	693
23.72558333	733
23.7374	752
23.7489	709
23.7612	690
23.77373333	738
23.78616667	752
23.79756667	746
23.80945	684
23.82198333	713
23.83515	752
23.847	790
23.8589	711
23.87178333	714
23.88428333	773
23.89538333	750
23.90663333	666
23.9173	675
23.92833333	640
23.9401	662
23.95241667	706
23.96493333	739
23.97726667	751
23.9881	740
23.99888333	650
24.01003333	647
24.02163333	669
24.03325	696
24.04396667	697
24.05476667	643
24.06603333	648
24.078	676
24.09005	718
24.1018	723
24.11411667	705
24.12631667	739
24.1383	732
24.14928333	719
24.1611	659
24.17331667	709
24.18545	733
24.19713333	728
24.20973333	701
24.22273333	756
24.23548333	780
24.24686667	765
24.2578	683
24.26896667	656
24.28006667	670
24.29071667	666
24.30083333	639
24.31073333	607
24.32065	594
24.3311	595
24.34295	627
24.3553	711
24.366	741
24.3769	642
24.3884	654
24.40093333	690
24.41376667	752
24.42531667	770
24.43726667	693
24.4504	717
24.46386667	788
24.47718333	808
24.48923333	799
24.50156667	723
24.51421667	740
24.52696667	759
24.53931667	765
24.55051667	741
24.56198333	672
24.57393333	688
24.58645	717
24.5993	751
24.61125	771
24.62285	717
24.63556667	696
24.64871667	763
24.6614	789
24.67333333	761
24.68565	716
24.69846667	739
24.71061667	769
24.72151667	729
24.7328	654
24.74435	677
24.756	693
24.76668333	699
24.77745	641
24.78838333	646
24.79933333	656
24.8099	657
24.82101667	634
24.83288333	667
24.845	712
24.8562	727
24.86776667	672
24.88	694
24.89288333	734
24.90548333	773
24.91771667	756
24.93035	734
24.94306667	758
24.95535	763
24.96678333	737
24.97858333	686
24.99065	708
25.00245	724
25.01358333	708
25.025	668
25.03715	685
25.04975	729
25.06151667	756
25.07306667	706
25.08515	693
25.09738333	725
25.10818333	734
25.11923333	648
25.13071667	663
25.1419	689
25.15243333	671
25.1634	632
25.17503333	658
25.18665	698
25.1976	697
25.20905	657
25.22086667	687
25.23268333	709
25.24405	709
25.25583333	682
25.2678	707
25.27923333	718
25.28981667	686
25.30058333	635
25.31183333	646
25.32348333	675
25.33465	699
25.34573333	670
25.35716667	665
25.36886667	686
25.37991667	702
25.3907	663
25.40201667	647
25.41316667	679
25.42373333	669
25.4341	634
25.44446667	622
25.45471667	622
25.46515	615
25.47491667	626
25.48453333	586
25.49403333	577
25.50353333	570
25.5133	570
25.52395	586
25.53461667	639
25.54536667	640
25.55586667	645
25.56608333	630
25.57651667	613
25.58713333	626
25.59755	637
25.6082	625
25.61938333	639
25.63071667	671
25.6424	680
25.65443333	701
25.6665	722
25.6785	724
25.69005	720
25.70073333	693
25.71168333	641
25.72286667	657
25.73358333	671
25.74393333	643
25.75381667	621
25.76363333	593
25.77345	589
25.78368333	589
25.79516667	614
25.8067	689
25.818	692
25.82925	678
25.84151667	675
25.85423333	736
25.86641667	763
25.87753333	731
25.88945	667
25.90175	715
25.91326667	738
25.92445	691
25.93621667	671
25.94848333	706
25.9596	736
25.97098333	667
25.98298333	683
25.99486667	720
26.00555	713
26.01678333	641
26.02871667	674
26.04095	716
26.05275	734
26.06491667	708
26.07746667	730
26.09001667	753
26.1021	753
26.11436667	725
26.1267	736
26.13878333	740
26.1499	725
26.16161667	667
26.17396667	703
26.18641667	741
26.1987	747
26.20955	737
26.22038333	651
26.23181667	650
26.24353333	686
26.25556667	703
26.26651667	722
26.2776	657
26.28911667	665
26.30056667	691
26.312	687
26.32253333	686
26.33236667	632
26.3421	590
26.35183333	584
26.36206667	584
26.37361667	614
26.38506667	693
26.39731667	687
26.411	735
26.4256	821
26.44045	876
26.45518333	891
26.46978333	884
26.48416667	876
26.49833333	863
26.51215	850
26.5253	829
26.53646667	789
26.54733333	670
26.55838333	652
26.5702	663
26.58323333	709
26.59645	782
26.60891667	793
26.61981667	748
26.63081667	654
26.6425	660
26.65543333	701
26.66895	776
26.68236667	811
26.69536667	805
26.70846667	780
26.72228333	786
26.73638333	829
26.75043333	846
26.76423333	843
26.77778333	828
26.79123333	813
26.8049	807
26.81765	820
26.82898333	765
26.83956667	680
26.8502	635
26.86133333	638
26.87398333	668
26.88673333	759
26.89818333	765
26.90915	687
26.92155	658
26.9361	744
26.95185	873
26.96708333	945
26.98186667	914
26.99628333	887
27.01046667	865
27.02383333	851
27.03668333	802
27.04811667	771
27.0588	686
27.06986667	641
27.0814	664
27.09246667	692
27.10298333	664
27.1138	631
27.12578333	649
27.13836667	719
27.15098333	755
27.1643	757
27.17723333	799
27.18968333	776
27.20255	747
27.21531667	772
27.22693333	766
27.23838333	697
27.25088333	687
27.26336667	750
27.27415	749
27.28515	647
27.29668333	660
27.30753333	692
27.31783333	651
27.32838333	618
27.33951667	633
27.35066667	668
27.36155	669
27.37391667	653
27.38653333	742
27.39945	757
27.41315	775
27.42635	822
27.4382	792
27.4508	711
27.4641	756
27.4777	798
27.49041667	816
27.50266667	763
27.51538333	735
27.52813333	763
27.54058333	765
27.55235	747
27.56471667	706
27.57735	742
27.58976667	758
27.60093333	745
27.6132	670
27.62625	736
27.63848333	783
27.64928333	734
27.6597	648
27.67018333	625
27.68038333	629
27.69156667	612
27.703	671
27.71366667	686
27.7244	640
27.73503333	644
27.74606667	638
27.75805	662
27.77056667	719
27.78238333	751
27.7945	709
27.80675	727
27.8203	735
27.83375	813
27.8462	807
27.85886667	747
27.8705	760
27.8823	698
27.89461667	708
27.90668333	739
27.91728333	724
27.92848333	636
27.9406	672
27.95263333	727
27.96443333	722
27.97686667	708
27.98871667	746
27.9997	711
28.01155	659
28.0245	711
28.03761667	777
28.04926667	787
28.0616	699
28.0748	740
28.08786667	792
28.10083333	784
28.11455	778
28.12798333	823
28.14173333	806
28.15596667	825
28.16935	854
28.18325	803
28.19746667	834
28.21118333	853
28.22338333	823
28.23626667	732
28.24916667	773
28.26033333	774
28.27155	670
28.28325	673
28.29613333	702
28.3084	773
28.31938333	736
28.33085	659
28.34295	688
28.35535	726
28.3671	744
28.37943333	705
28.39241667	740
28.40548333	779
28.41838333	784
28.4316	774
28.44501667	793
28.45706667	805
28.46963333	723
28.48265	754
28.49538333	781
28.50683333	764
28.51876667	687
28.53131667	716
28.54401667	753
28.55536667	762
28.56716667	681
28.57951667	708
28.59086667	741
28.60165	681
28.61325	647
28.62616667	696
28.63958333	775
28.65286667	805
28.66631667	797
28.67938333	807
28.69148333	784
28.70343333	726
28.71581667	717
28.72818333	743
28.73995	742
28.75115	706
28.763	672
28.77525	711
28.78701667	735
28.79843333	706
28.81088333	685
28.82336667	747
28.83448333	749
28.84578333	667
28.85748333	678
28.86903333	702
28.87956667	693
28.8899	632
28.9006	620
28.91125	642
28.9215	639
28.93273333	615
28.94548333	674
28.95888333	765
28.97213333	804
28.98365	795
28.99556667	691
29.00835	715
29.02125	767
29.0343	774
29.04721667	783
29.05968333	775
29.07106667	748
29.08311667	683
29.09578333	723
29.10908333	760
29.12203333	798
29.13405	777
29.1463	721
29.15863333	735
29.17131667	740
29.18406667	761
29.19523333	765
29.20738333	670
29.22065	729
29.23406667	796
29.24635	805
29.25965	737
29.27373333	798
29.28711667	845
29.29923333	803
29.31205	727
29.32555	769
29.33858333	810
29.35003333	782
29.3624	687
29.3746	742
29.3859	732
29.39768333	678
29.40993333	707
29.42148333	735
29.4334	693
29.44603333	715
29.45873333	758
29.4704	762
29.48308333	700
29.49608333	761
29.50885	780
29.52071667	766
29.53301667	712
29.54556667	738
29.55838333	753
29.57073333	769
29.5828	741
29.59528333	724
29.60795	749
29.62018333	760
29.63138333	734
29.64183333	672
29.65253333	627
29.66301667	642
29.67323333	629
29.68358333	613
29.69403333	621
29.70415	627
29.71538333	607
29.72796667	674
29.74078333	755
29.75193333	769
29.76393333	669
29.77703333	720
29.7901	786
29.80156667	784
29.81336667	688
29.82541667	708
29.83776667	723
29.85008333	741
29.86166667	739
29.87293333	695
29.8846	676
29.89678333	700
29.90833333	731
29.9191	693
29.93081667	646
29.94315	703
29.95618333	740
29.96975	782
29.98341667	814
29.9968	820
30.0101	803
30.02356667	798
30.03703333	808
30.04956667	808
30.06118333	752
30.07378333	697
30.0871	756
30.10081667	799
30.11411667	823
30.12698333	798
30.1405	772
30.15426667	811
30.1672	826
30.17921667	776
30.1926	721
30.20641667	803
30.21973333	829
30.2311	799
30.24273333	682
30.25526667	698
30.2686	752
30.28015	800
30.2908	693
30.30185	639
30.3139	663
30.32726667	723
30.34088333	802
30.35481667	817
30.36855	836
30.38196667	824
30.39488333	805
30.40596667	775
30.41768333	665
30.42925	703
30.44055	694
30.45243333	678
30.46436667	713
30.47546667	716
30.48638333	666
30.49796667	655
30.51005	695
30.52143333	725
30.53331667	683
30.54595	713
30.5593	758
30.57208333	801
30.5835	767
30.59576667	685
30.60886667	736
30.62256667	786
30.63608333	822
30.64835	811
30.66153333	736
30.67505	791
30.68855	811
30.70125	810
30.71298333	762
30.72546667	704
30.73835	749
30.75145	773
30.76348333	786
30.77588333	722
30.78871667	744
30.80136667	770
30.8129	759
30.82508333	692
30.83758333	731
30.84876667	750
30.86005	671
30.87208333	677
30.88438333	722
30.89593333	738
30.90826667	693
30.92076667	740
30.93338333	750
30.94598333	757
30.95775	756
30.9686	706
30.98028333	651
30.99263333	701
31.00486667	741
31.01621667	734
31.02875	681
31.04223333	752
31.05551667	809
31.06721667	797
31.07955	702
31.09245	740
31.1053	774
31.11725	771
31.12985	717
31.14231667	756
31.1536	748
31.16445	677
31.17613333	651
31.18826667	701
31.19935	728
31.2101	665
31.22165	645
31.2339	693
31.24623333	735
31.25776667	740
31.26943333	692
31.28216667	700
31.29501667	764
31.30695	771
31.31875	716
31.33086667	708
31.34325	727
31.35595	743
31.36766667	762
31.37853333	703
31.39008333	652
31.40225	693
31.4151	730
31.42691667	771
31.43895	709
31.45193333	722
31.46546667	779
31.47808333	812
31.48945	757
31.50163333	682
31.5142	731
31.52663333	754
31.53805	746
31.54856667	685
31.55916667	631
31.5702	636
31.5814	662
31.59173333	672
31.60186667	620
31.61245	608
31.62445	635
31.63695	720
31.64795	750
31.65918333	660
31.6715	674
31.68408333	739
31.69535	755
31.70741667	676
31.71991667	724
31.73283333	750
31.74575	775
31.75763333	775
31.7695	713
31.78151667	712
31.79361667	721
31.80551667	726
31.8168	714
31.82743333	677
31.83856667	638
31.8494	668
31.85981667	650
31.87001667	625
31.87993333	612
31.88976667	595
31.90038333	590
31.91258333	637
31.9253	732
31.93621667	763
31.9479	655
31.96028333	701
31.97206667	743
31.98326667	707
31.99566667	672
