0.012483333	763
0.025766667	768
0.03935	749
0.05265	797
0.065133333	815
0.07855	798
0.091916667	749
0.104766667	805
0.119133333	802
0.13295	771
0.146466667	862
0.160833333	829
0.174133333	811
0.186533333	862
0.199133333	798
0.211566667	744
0.223383333	756
0.235916667	746
0.249166667	709
0.26265	752
0.275683333	795
0.290866667	809
0.308083333	782
0.323616667	911
0.340216667	1033
0.356933333	932
0.371983333	996
0.3868	1003
0.402616667	903
0.418666667	889
0.4328	949
0.448133333	963
0.464866667	848
0.480066667	920
0.4942	1004
0.508983333	912
0.522716667	848
0.5356	887
0.548333333	824
0.560183333	773
0.571483333	764
0.582483333	711
0.593616667	678
0.6043	660
0.61555	668
0.62795	641
0.643866667	675
0.65875	744
0.673083333	955
0.686666667	893
0.700716667	860
0.715233333	815
0.731483333	843
0.744866667	871
0.7593	975
0.773866667	803
0.7897	866
0.806466667	874
0.821716667	950
0.834866667	1006
0.84745	915
0.860466667	789
0.875866667	755
0.89375	781
0.908516667	924
0.924666667	1073
0.942083333	886
0.959433333	969
0.9753	1045
0.994683333	1041
1.011483333	952
1.027	1163
1.04585	1008
1.064216667	931
1.077633333	1131
1.09025	1102
1.103166667	805
1.11625	757
1.130483333	775
1.1449	785
1.158516667	854
1.171433333	865
1.18475	817
1.198233333	775
1.2116	799
1.224683333	809
1.238066667	802
1.2526	785
1.269316667	803
1.286216667	872
1.302583333	1003
1.320266667	1014
1.33725	982
1.351516667	1061
1.3688	1019
1.388383333	856
1.403583333	1037
1.4199	1175
1.43685	912
1.451433333	979
1.469883333	1017
1.488083333	875
1.502733333	1107
1.516383333	1092
1.5301	879
1.545116667	819
1.55885	823
1.573683333	901
1.588466667	824
1.602283333	890
1.616366667	887
1.631016667	829
1.645916667	845
1.660233333	879
1.67475	894
1.6911	859
1.70785	871
1.722383333	981
1.738383333	1005
1.756	872
1.7724	960
1.789166667	1057
1.806516667	984
1.82285	1006
1.837416667	1041
1.85325	980
1.8701	874
1.885033333	950
1.900433333	1011
1.917533333	896
1.9349	924
1.9507	1026
1.96735	1042
1.983633333	948
1.997633333	999
2.012383333	977
2.0278	840
2.041933333	885
2.058416667	925
2.0754	848
2.091133333	989
2.107683333	1019
2.125333333	944
2.141416667	993
2.157833333	1059
2.176333333	965
2.194933333	985
2.210916667	1110
2.227766667	1116
2.245	959
2.260183333	1011
2.27635	1034
2.29275	911
2.3071	970
2.32125	984
2.337633333	861
2.35365	849
2.368616667	983
2.38535	961
2.401383333	898
2.41505	1004
2.42835	962
2.4411	820
2.453566667	798
2.466166667	765
2.479816667	748
2.494816667	756
2.50935	819
2.523366667	900
2.53835	872
2.55355	841
2.568033333	899
2.582433333	912
2.597583333	869
2.612966667	864
2.6268	909
2.64175	923
2.658166667	830
2.6734	897
2.688983333	985
2.705633333	914
2.72145	935
2.736183333	999
2.752033333	949
2.768283333	884
2.782466667	951
2.797333333	975
2.81255	851
2.8277	892
2.84095	913
2.8547	909
2.869866667	795
2.884583333	825
2.897833333	910
2.911033333	883
2.924266667	795
2.937083333	792
2.9495	794
2.962783333	769
2.977283333	745
2.99305	797
3.008516667	870
3.024116667	946
3.040683333	928
3.057633333	936
3.07355	994
3.090066667	1017
3.108116667	955
3.125633333	991
3.141133333	1083
3.1573	1051
3.171616667	930
3.1844	970
3.197016667	859
3.209166667	767
3.2224	757
3.235033333	729
3.24815	794
3.26245	758
3.276916667	787
3.290833333	858
3.306333333	868
3.3224	835
3.337333333	930
3.350866667	964
3.36465	896
3.379216667	812
3.393933333	827
3.408883333	874
3.424	883
3.438983333	897
3.452283333	907
3.46505	899
3.478383333	798
3.494966667	766
3.5111	800
3.5307	995
3.549983333	968
3.5692	1176
3.58685	1157
3.600833333	1153
3.61465	1059
3.6289	839
3.643033333	829
3.656666667	855
3.6691	848
3.681233333	818
3.693083333	746
3.705016667	728
3.718183333	711
3.734983333	716
3.751133333	790
3.7672	1008
3.782533333	969
3.796183333	964
3.809116667	920
3.821083333	819
3.832866667	776
3.844933333	718
3.857866667	707
3.876783333	724
3.895733333	776
3.91495	1135
3.931983333	1137
3.94765	1153
3.963066667	1022
3.978766667	940
3.994416667	925
4.0102	942
4.025433333	939
4.0393	947
4.053733333	914
4.0701	832
4.08775	866
4.103983333	982
4.1179	1059
4.132116667	974
4.148183333	835
4.165666667	853
4.182633333	964
4.197466667	1049
4.212366667	1018
4.226616667	890
4.2396	894
4.252833333	855
4.2665	779
4.2805	794
4.294083333	820
4.30715	840
4.3213	815
4.33685	784
4.3531	849
4.368083333	933
4.383033333	975
4.39795	899
4.41315	897
4.428316667	895
4.441566667	912
4.454066667	910
4.466366667	795
4.478583333	750
4.4908	738
4.505	733
4.518533333	733
4.534233333	852
4.551866667	812
4.569666667	942
4.584483333	1058
4.599633333	1068
4.613833333	889
4.6266	909
4.6391	852
4.651316667	766
4.6629	750
4.675033333	733
4.6872	695
4.699733333	728
4.7112	730
4.72325	752
4.735116667	688
4.747383333	723
4.760183333	712
4.773066667	736
4.786866667	768
4.801366667	773
4.815333333	828
4.829466667	870
4.843483333	838
4.856716667	848
4.869166667	841
4.88185	794
4.895866667	747
4.91205	761
4.927316667	841
4.943516667	971
4.960266667	916
4.9765	972
4.990783333	1005
5.0044	974
5.0183	857
5.031916667	817
5.049016667	834
5.066133333	817
5.0818	1026
5.09635	1027
5.10995	940
5.123566667	873
5.137316667	816
5.15145	817
5.165	825
5.180333333	848
5.196816667	813
5.2121	920
5.226533333	989
5.240466667	917
5.253766667	866
5.265583333	836
5.2778	798
5.289133333	709
5.301216667	733
5.3135	680
5.326533333	725
5.341	737
5.357016667	782
5.372883333	868
5.387216667	961
5.401816667	952
5.41655	860
5.431683333	876
5.44595	884
5.459	908
5.47265	856
5.486766667	783
5.499966667	819
5.512183333	847
5.524766667	792
5.537766667	733
5.551866667	755
5.564483333	780
5.5785	846
5.594133333	757
5.608416667	841
5.622433333	938
5.636933333	857
5.650433333	841
5.662933333	870
5.675933333	810
5.6896	750
5.704733333	780
5.718583333	820
5.732833333	908
5.74865	831
5.766033333	855
5.783166667	949
5.799033333	1043
5.81495	1028
5.8311	952
5.84485	955
5.858733333	969
5.873116667	825
5.8897	833
5.9066	863
5.922716667	995
5.936166667	1014
5.949483333	967
5.9627	807
5.976483333	799
5.98985	793
6.003833333	827
6.0179	802
6.03165	839
6.0442	844
6.057416667	825
6.071233333	753
6.086516667	793
6.099366667	829
6.113366667	917
6.12905	771
6.144316667	840
6.158733333	941
6.174166667	916
6.1897	865
6.203233333	926
6.217	932
6.230716667	812
6.243766667	826
6.256183333	823
6.269	783
6.282666667	745
6.299533333	769
6.313933333	820
6.328433333	1012
6.34325	864
6.358466667	870
6.374116667	889
6.388983333	913
6.403783333	939
6.4189	892
6.434116667	888
6.449816667	907
6.464516667	913
6.479816667	942
6.496466667	882
6.514466667	918
6.532283333	999
6.549883333	1080
6.5669	1069
6.5838	1056
6.599866667	1021
6.613466667	1014
6.626116667	964
6.640183333	816
6.660483333	759
6.678433333	844
6.69275	1218
6.70565	1077
6.717633333	859
6.729483333	774
6.741416667	719
6.753433333	711
6.7651	716
6.77665	721
6.788383333	700
6.800433333	693
6.812166667	704
6.823633333	723
6.835433333	704
6.847483333	688
6.859716667	708
6.87155	723
6.882816667	734
6.893666667	710
6.9044	676
6.9157	651
6.929716667	644
6.94975	678
6.969133333	841
6.9871	1202
7.006833333	1163
7.025566667	1078
7.041066667	1184
7.055166667	1124
7.06865	930
7.081933333	846
7.094616667	809
7.1071	797
7.119383333	761
7.131133333	749
7.142833333	737
7.15495	705
7.16775	702
7.180066667	727
7.192383333	768
7.204933333	739
7.2174	739
7.229333333	753
7.24145	748
7.253816667	716
7.265566667	727
7.27755	742
7.28955	705
7.301366667	719
7.313233333	720
7.325083333	709
7.336633333	712
7.3478	711
7.359366667	693
7.370683333	670
7.38175	694
7.3932	679
7.404966667	664
7.416483333	687
7.428216667	706
7.44005	691
7.451933333	704
7.463416667	710
7.475266667	713
7.48715	689
7.499333333	711
7.511166667	713
7.523383333	731
7.536033333	710
7.548416667	733
7.560216667	759
7.572566667	743
7.584783333	708
7.59625	741
7.60815	733
7.620566667	688
7.632916667	714
7.644833333	745
7.65735	741
7.670133333	715
7.682016667	751
7.693983333	767
7.705833333	713
7.717383333	718
7.7289	711
7.740516667	693
7.7522	691
7.763516667	697
7.775466667	701
7.787233333	679
7.79865	717
7.809816667	706
7.82145	685
7.833316667	670
7.844666667	698
7.856083333	712
7.867733333	681
7.879433333	685
7.890666667	699
7.902066667	702
7.91375	674
7.9251	684
7.936483333	701
7.948033333	681
7.959833333	683
7.971366667	693
7.983066667	708
7.994633333	692
8.005916667	702
8.01695	694
8.02845	677
8.040966667	662
8.052816667	690
8.065383333	751
8.07835	711
8.090383333	754
8.101566667	778
8.113066667	722
8.124783333	671
8.136316667	690
8.147083333	703
8.158566667	692
8.169916667	646
8.181083333	689
8.19185	681
8.202933333	670
8.214816667	646
8.226733333	665
8.238516667	713
8.2508	715
8.264133333	707
8.276166667	737
8.288566667	800
8.300933333	722
8.3129	744
8.324466667	742
8.336216667	718
8.347866667	694
8.358883333	705
8.369733333	699
8.381	661
8.3925	651
8.403833333	676
8.415333333	690
8.4276	680
8.439933333	690
8.451516667	736
8.4639	740
8.47585	695
8.487433333	743
8.49875	717
8.509966667	695
8.521116667	679
8.531733333	673
8.54215	669
8.552883333	637
8.56425	625
8.576166667	644
8.58775	682
8.599266667	715
8.61145	695
8.62335	691
8.634366667	731
8.6456	714
8.65675	661
8.66805	674
8.678966667	669
8.690233333	678
8.70245	655
8.7141	676
8.72565	733
8.737733333	699
8.749633333	693
8.761216667	725
8.7728	714
8.78455	695
8.796366667	695
8.8076	705
8.81925	709
8.831166667	674
8.843133333	699
8.854916667	715
8.86705	718
8.8792	707
8.892066667	728
8.904083333	729
8.916916667	772
8.930216667	721
8.942516667	770
8.9547	798
8.967733333	738
8.981166667	731
8.993166667	782
9.00495	806
9.016233333	720
9.02725	707
9.038216667	677
9.049066667	661
9.0596	658
9.06995	651
9.080216667	632
9.090333333	621
9.1004	616
9.110416667	607
9.1203	604
9.130033333	601
9.13975	593
9.149383333	584
9.158866667	583
9.16835	578
9.17775	569
9.187033333	569
9.196216667	564
9.2054	557
9.214533333	551
9.223583333	551
9.232666667	548
9.24175	543
9.250783333	545
9.25985	545
9.26895	542
9.278083333	544
9.287216667	546
9.2963	548
9.305483333	548
9.31465	545
9.323716667	551
9.332766667	550
9.341833333	544
9.350866667	543
9.359833333	544
9.36875	542
9.377666667	538
9.386516667	535
9.3953	535
9.404133333	531
9.41295	527
9.421716667	530
9.4305	529
9.4393	526
9.448133333	527
9.45695	528
9.465716667	530
9.474516667	529
9.48325	526
9.491916667	528
9.50055	524
9.509166667	520
9.517883333	518
9.5265	517
9.53505	523
9.543616667	517
9.5522	513
9.56075	514
9.569233333	515
9.577683333	513
9.586133333	509
9.594583333	507
9.60295	507
9.6113	507
9.61965	502
9.628	501
9.6363	501
9.644566667	501
9.65285	498
9.661183333	496
9.669466667	497
9.677733333	500
9.68595	497
9.6942	496
9.702483333	493
9.710733333	495
9.71895	497
9.72715	495
9.7354	493
9.743683333	492
9.75195	495
9.7602	497
9.768433333	496
9.7767	495
9.784966667	494
9.7932	496
9.801433333	496
9.809666667	494
9.817883333	494
9.826083333	494
9.834266667	493
9.842483333	492
9.850683333	491
9.85885	493
9.866933333	492
9.875066667	490
9.883183333	485
9.891283333	488
9.899333333	487
9.907366667	486
9.915416667	483
9.923483333	482
9.931516667	483
9.939533333	484
9.947633333	482
9.9557	481
9.96375	486
9.971816667	484
9.979883333	483
9.987983333	484
9.99605	484
10.00405	486
10.01208333	484
10.02013333	480
10.02818333	482
10.03618333	483
10.04418333	483
10.05226667	480
10.06035	480
10.06845	485
10.0765	485
10.08456667	486
10.09268333	483
10.10078333	484
10.10883333	487
10.11691667	486
10.125	483
10.13305	485
10.14105	485
10.14905	483
10.15705	480
10.16508333	480
10.17303333	480
10.18095	482
10.18891667	477
10.19688333	475
10.20483333	478
10.21271667	478
10.22058333	477
10.22851667	473
10.23645	472
10.24436667	476
10.2522	476
10.26006667	475
10.26795	470
10.27585	472
10.28371667	473
10.29163333	474
10.29965	472
10.30763333	475
10.31556667	481
10.32348333	479
10.33146667	476
10.33943333	475
10.34735	479
10.3553	478
10.36325	475
10.37121667	477
10.37913333	477
10.38703333	478
10.39496667	475
10.40288333	474
10.41073333	476
10.41861667	475
10.42651667	471
10.4344	473
10.44225	474
10.45013333	473
10.45803333	471
10.466	473
10.47393333	474
10.48181667	478
10.48975	476
10.49773333	473
10.5057	476
10.5136	479
10.5215	478
10.52945	474
10.53738333	474
10.54526667	477
10.55315	476
10.56105	473
10.56895	473
10.5768	474
10.58465	474
10.59251667	471
10.60036667	471
10.60821667	472
10.61605	471
10.62391667	471
10.63181667	470
10.63975	472
10.64763333	474
10.65558333	476
10.66351667	473
10.67141667	477
10.6792	476
10.68695	474
10.69478333	467
10.70266667	465
10.71075	470
10.71888333	473
10.72696667	485
10.73498333	488
10.74295	485
10.7509	481
10.75886667	478
10.76681667	477
10.7747	478
10.78251667	477
10.79033333	473
10.79818333	469
10.80603333	469
10.81391667	471
10.82176667	471
10.82958333	473
10.83741667	471
10.84526667	469
10.8531	470
10.8609	471
10.86868333	470
10.87648333	468
10.88426667	467
10.892	468
10.89971667	467
10.9075	464
10.91526667	463
10.92301667	467
10.93078333	466
10.93856667	465
10.94631667	466
10.95405	467
10.96176667	465
10.96955	464
10.97731667	463
10.98505	467
10.9929	466
11.00086667	464
11.00881667	471
11.01673333	478
11.02465	477
11.03255	475
11.04045	475
11.04831667	474
11.05615	474
11.06396667	472
11.0718	470
11.0796	469
11.0873	470
11.09498333	468
11.10266667	462
11.11038333	461
11.11811667	461
11.12581667	463
11.13346667	464
11.14115	462
11.14881667	459
11.15655	461
11.1643	460
11.17203333	464
11.17978333	465
11.18758333	464
11.19543333	465
11.20328333	468
11.2111	471
11.21898333	471
11.22693333	469
11.23491667	473
11.24285	477
11.25076667	479
11.25868333	476
11.26658333	475
11.27445	475
11.28233333	474
11.29023333	472
11.29811667	473
11.30595	474
11.31381667	473
11.32176667	470
11.32973333	472
11.33761667	477
11.34548333	478
11.35341667	473
11.36135	472
11.36918333	476
11.37703333	476
11.3849	470
11.39276667	471
11.40055	472
11.40838333	472
11.41626667	467
11.4242	470
11.43206667	473
11.43993333	476
11.4478	472
11.45576667	472
11.4637	472
11.47161667	478
11.47963333	476
11.48766667	475
11.49568333	481
11.50366667	482
11.51168333	481
11.51968333	479
11.52768333	481
11.53563333	480
11.54356667	480
11.55151667	477
11.5595	476
11.56743333	477
11.5753	479
11.58321667	476
11.59111667	472
11.59896667	475
11.60681667	474
11.61473333	471
11.6227	471
11.63068333	475
11.63858333	478
11.64651667	479
11.65445	474
11.66236667	476
11.67021667	476
11.6781	475
11.68596667	471
11.6938	473
11.70158333	472
11.70933333	470
11.71711667	467
11.72486667	465
11.73256667	467
11.7403	465
11.7481	462
11.75585	464
11.7636	468
11.77145	465
11.77926667	465
11.78705	471
11.79481667	469
11.8027	467
11.81058333	466
11.81848333	473
11.82635	473
11.83423333	474
11.8422	472
11.85015	473
11.85805	478
11.86596667	477
11.87385	474
11.8817	475
11.88945	473
11.89721667	471
11.90496667	465
11.9127	466
11.92036667	465
11.92801667	464
11.93566667	460
11.94341667	459
11.9511	459
11.95875	465
11.96645	461
11.97418333	459
11.9819	462
11.98956667	464
11.99728333	463
12.00503333	460
12.01281667	463
12.02055	465
12.02826667	467
12.03598333	464
12.04371667	463
12.0514	463
12.05905	464
12.06671667	461
12.07435	459
12.08196667	460
12.08955	458
12.09715	457
12.10478333	455
12.11253333	456
12.12023333	458
12.1279	465
12.13561667	462
12.1435	460
12.1515	463
12.15946667	473
12.16738333	480
12.17521667	478
12.18303333	475
12.19088333	470
12.19873333	469
12.20661667	471
12.21448333	471
12.2223	473
12.2301	472
12.2379	469
12.2457	468
12.25346667	468
12.26125	468
12.26906667	466
12.27683333	467
12.28458333	469
12.29235	466
12.30018333	465
12.30798333	466
12.31575	470
12.32353333	468
12.33135	466
12.33918333	467
12.34696667	469
12.35476667	470
12.3627	467
12.37063333	468
12.37856667	476
12.38653333	476
12.3945	476
12.40243333	478
12.41033333	478
12.41823333	476
12.42616667	474
12.4342	474
12.44218333	476
12.45011667	482
12.45808333	479
12.46605	476
12.47393333	478
12.48178333	478
12.4897	473
12.49766667	471
12.50556667	475
12.51341667	478
12.52135	474
12.52926667	471
12.53716667	476
12.54498333	475
12.5528	474
12.56061667	469
12.56843333	469
12.5762	469
12.58401667	469
12.59186667	466
12.5997	469
12.60753333	471
12.6154	470
12.62336667	470
12.63131667	472
12.63921667	478
12.64725	477
12.65533333	474
12.66335	482
12.67128333	485
12.67923333	481
12.6872	476
12.69511667	477
12.70298333	478
12.71088333	475
12.71881667	472
12.7267	474
12.73451667	476
12.74235	473
12.7502	469
12.75801667	470
12.76576667	471
12.77346667	469
12.78115	465
12.78881667	462
12.79645	461
12.80413333	460
12.81176667	458
12.81941667	461
12.82715	458
12.83491667	459
12.84265	464
12.8503	466
12.858	464
12.8657	459
12.87351667	462
12.88128333	462
12.88905	469
12.89685	466
12.90465	466
12.91251667	468
12.92033333	468
12.92813333	472
12.936	469
12.9439	468
12.95175	472
12.95956667	474
12.96731667	471
12.9751	469
12.98281667	465
12.99046667	467
12.99811667	463
13.00578333	459
13.01353333	459
13.02138333	460
13.0292	465
13.03693333	471
13.04465	469
13.0524	464
13.06016667	463
13.06785	465
13.07553333	466
13.0833	461
13.0911	461
13.09881667	466
13.10653333	468
13.11433333	463
13.12218333	463
13.12998333	468
13.13775	471
13.14556667	468
13.15333333	466
13.16108333	469
13.16876667	466
13.17648333	465
13.18421667	461
13.19191667	463
13.19958333	464
13.20725	462
13.21491667	460
13.22251667	460
13.2301	460
13.23765	456
13.2453	455
13.25293333	453
13.26053333	459
13.2682	458
13.27588333	456
13.28356667	460
13.29121667	461
13.29886667	461
13.3066	459
13.31436667	459
13.32208333	464
13.32981667	466
13.3376	463
13.34538333	464
13.35311667	467
13.36086667	467
13.36865	464
13.37636667	465
13.38403333	467
13.39176667	463
13.39946667	460
13.40711667	464
13.41471667	462
13.4223	459
13.42993333	456
13.4375	455
13.44503333	458
13.4526	454
13.46016667	452
13.46776667	454
13.47533333	454
13.4829	456
13.4905	454
13.4981	454
13.50563333	456
13.5132	456
13.5208	452
13.5284	454
13.53593333	456
13.54348333	456
13.55105	452
13.55868333	453
13.56623333	454
13.57386667	458
13.58146667	453
13.58905	458
13.59661667	456
13.60421667	455
13.61186667	454
13.61953333	456
13.62715	459
13.63475	460
13.6424	457
13.65011667	456
13.65781667	459
13.66546667	463
13.67313333	462
13.6808	459
13.68846667	460
13.6961	460
13.7037	460
13.71136667	458
13.71901667	456
13.72663333	460
13.73423333	459
13.74186667	457
13.74953333	456
13.75715	458
13.76471667	460
13.77235	457
13.78003333	454
13.78775	458
13.79545	461
13.80321667	463
13.81103333	462
13.8189	466
13.8267	469
13.83448333	472
13.8423	468
13.85013333	467
13.85786667	469
13.8656	470
13.87336667	464
13.88116667	464
13.88888333	466
13.89661667	468
13.90438333	463
13.91211667	464
13.91981667	466
13.9275	464
13.93528333	462
13.94305	461
13.95073333	467
13.95845	466
13.96621667	461
13.97408333	463
13.98186667	466
13.98955	472
13.99721667	467
14.00506667	461
14.0131	460
14.02131667	471
14.02958333	482
14.03778333	493
14.04586667	496
14.05385	492
14.06186667	485
14.06986667	479
14.07776667	481
14.08558333	480
14.09341667	474
14.10123333	469
14.10896667	470
14.11665	469
14.12431667	464
14.132	461
14.13978333	460
14.14758333	461
14.15531667	467
14.16303333	468
14.17078333	464
14.17863333	463
14.1864	465
14.1941	471
14.2018	466
14.20958333	462
14.21731667	462
14.22501667	467
14.23265	464
14.24031667	462
14.2479	458
14.25546667	460
14.26301667	455
14.27055	454
14.27803333	453
14.28551667	452
14.29301667	449
14.30055	449
14.30803333	450
14.31551667	452
14.323	449
14.33055	449
14.33801667	449
14.34548333	453
14.35303333	448
14.36058333	448
14.3681	453
14.37561667	453
14.38318333	451
14.39078333	451
14.39831667	454
14.40591667	456
14.41353333	452
14.4211	456
14.42861667	457
14.43615	454
14.44365	451
14.4511	452
14.45853333	450
14.466	447
14.47345	446
14.4809	448
14.48831667	447
14.49578333	447
14.50323333	445
14.51068333	448
14.51815	447
14.52566667	447
14.53316667	448
14.54068333	451
14.54818333	450
14.55576667	451
14.56331667	450
14.57086667	455
14.57836667	453
14.58595	453
14.59346667	450
14.60095	455
14.60843333	451
14.61591667	449
14.62335	449
14.63075	449
14.63815	446
14.64555	444
14.653	444
14.66038333	444
14.6678	447
14.67533333	443
14.68283333	445
14.69036667	452
14.69796667	450
14.70558333	452
14.71321667	456
14.72081667	457
14.72846667	458
14.73613333	456
14.74378333	459
14.75141667	460
14.75906667	459
14.76678333	458
14.77448333	459
14.78218333	463
14.78985	462
14.7976	462
14.80531667	460
14.81295	465
14.82053333	463
14.82813333	458
14.83568333	455
14.84318333	456
14.85061667	453
14.85808333	450
14.86551667	446
14.87293333	448
14.88031667	446
14.88778333	445
14.89521667	443
14.90263333	448
14.91011667	446
14.91763333	445
14.92513333	449
14.93263333	451
14.9402	450
14.9478	450
14.95536667	454
14.9629	456
14.97045	454
14.97808333	452
14.98576667	453
14.99351667	458
15.00118333	461
15.00881667	465
15.0165	460
15.02413333	458
15.03176667	461
15.03936667	458
15.04695	458
15.05456667	456
15.06218333	455
15.06975	457
15.07731667	457
15.08498333	454
15.09261667	454
15.10021667	460
15.1078	458
15.11546667	456
15.12315	455
15.13076667	460
15.13838333	461
15.14606667	457
15.15381667	457
15.16151667	461
15.16921667	465
15.17695	462
15.18466667	462
15.19235	464
15.2	463
15.20763333	461
15.21536667	459
15.22318333	458
15.23091667	464
15.23863333	469
15.24636667	464
15.25411667	463
15.26181667	464
15.26951667	465
15.27723333	462
15.28491667	462
15.29253333	463
15.30011667	461
15.30771667	457
15.3153	455
15.32285	456
15.3304	455
15.33801667	453
15.34561667	453
15.35316667	457
15.36076667	456
15.3684	453
15.37606667	456
15.3837	458
15.39136667	460
15.3991	458
15.40685	460
15.41455	464
15.42233333	465
15.43018333	462
15.43801667	467
15.4459	471
15.45391667	470
15.46191667	473
15.46978333	481
15.47771667	480
15.48573333	472
15.4937	476
15.50161667	481
15.50946667	478
15.51733333	475
15.5252	471
15.53298333	472
15.54071667	472
15.5485	467
15.55631667	464
15.56405	467
15.57175	469
15.57948333	464
15.58725	462
15.59495	464
15.60261667	466
15.6103	462
15.61795	460
15.6256	461
15.63323333	459
15.6409	459
15.64865	458
15.65633333	460
15.66403333	465
15.67178333	461
15.67951667	462
15.6872	465
15.69486667	464
15.7026	461
15.71025	460
15.71788333	464
15.72553333	459
15.73316667	458
15.74073333	459
15.74828333	458
15.75591667	454
15.7635	453
15.77108333	458
15.77866667	455
15.78626667	455
15.79391667	455
15.8015	456
15.80908333	459
15.8167	455
15.82431667	455
15.83186667	457
15.83936667	457
15.84688333	453
15.85435	450
15.86178333	451
15.86928333	448
15.87671667	446
15.88418333	450
15.89171667	446
15.89923333	448
15.90666667	452
15.91415	451
15.9216	446
15.92901667	449
15.93645	447
15.94386667	445
15.95135	446
15.9588	445
15.9662	449
15.97365	447
15.98115	444
15.98861667	447
15.99606667	450
16.00363333	448
16.01116667	447
16.0187	454
16.02631667	452
16.03398333	452
16.04163333	457
16.04926667	460
16.05693333	459
16.06465	458
16.07235	460
16.08001667	463
16.08768333	462
16.09536667	460
16.10298333	460
16.11055	461
16.11815	457
16.12576667	454
16.13331667	456
16.14085	457
16.1484	453
16.15598333	452
16.16356667	453
16.17108333	455
16.17863333	455
16.18628333	451
16.19391667	453
16.20151667	459
16.2091	458
16.21671667	456
16.2244	455
16.23206667	457
16.23973333	461
16.24748333	460
16.25521667	460
16.26293333	465
16.27065	464
16.27836667	463
16.28613333	463
16.29383333	463
16.30156667	466
16.30938333	462
16.31715	464
16.32485	469
16.33258333	466
16.34035	462
16.34803333	464
16.3557	466
16.3634	461
16.3711	460
16.37876667	462
16.38643333	462
16.39415	460
16.40191667	460
16.40961667	463
16.41736667	466
16.42516667	462
16.43301667	465
16.44081667	468
16.44868333	471
16.45656667	468
16.46438333	472
16.47216667	473
16.47995	469
16.48775	467
16.49546667	467
16.50316667	468
16.51078333	463
16.51836667	462
16.52601667	457
16.53368333	455
16.54126667	459
16.54881667	460
16.55645	455
16.56413333	453
16.57181667	458
16.57945	461
16.5872	461
16.59498333	458
16.6027	465
16.61045	467
16.61828333	463
16.62613333	465
16.63395	470
16.6418	471
16.64963333	469
16.6574	471
16.66516667	470
16.673	466
16.6808	466
16.68853333	470
16.69628333	468
16.70408333	464
16.71181667	465
16.71953333	468
16.7273	464
16.73508333	463
16.74281667	466
16.75056667	467
16.75833333	464
16.76606667	465
16.77376667	466
16.78145	464
16.78921667	462
16.7969	461
16.80456667	466
16.8123	461
16.8201	460
16.82781667	464
16.83553333	468
16.84326667	463
16.85096667	463
16.85861667	464
16.8663	462
16.87408333	459
16.88185	461
16.8897	467
16.89761667	466
16.90561667	471
16.91353333	475
16.92143333	480
16.92935	475
16.93725	474
16.94511667	475
16.95298333	474
16.96095	472
16.96888333	472
16.97676667	478
16.98465	476
16.99261667	473
17.00048333	473
17.00826667	478
17.01603333	472
17.02381667	467
17.0316	466
17.0393	467
17.04705	467
17.05481667	462
17.06263333	465
17.07041667	466
17.07815	469
17.0859	467
17.09368333	464
17.10138333	465
17.10905	467
17.11675	462
17.12445	460
17.13211667	462
17.13978333	462
17.14748333	460
17.15515	460
17.16273333	462
17.1703	460
17.17785	455
17.18541667	454
17.19298333	453
17.20051667	454
17.20805	454
17.21565	452
17.22323333	452
17.2308	456
17.23843333	455
17.24603333	454
17.2536	458
17.26116667	456
17.26875	454
17.27636667	454
17.28396667	455
17.29153333	457
17.29911667	456
17.30673333	454
17.31431667	455
17.32186667	457
17.32943333	455
17.33701667	453
17.34456667	454
17.35208333	455
17.35966667	453
17.36728333	451
17.3749	455
17.38248333	457
17.39011667	457
17.39781667	455
17.40548333	458
17.41311667	462
17.4208	460
17.4285	458
17.43615	461
17.44371667	462
17.4513	459
17.4589	454
17.4665	455
17.47408333	456
17.48161667	456
17.48913333	455
17.4967	452
17.5042	451
17.51171667	454
17.51926667	450
17.52681667	451
17.53435	453
17.54186667	453
17.54928333	452
17.55678333	451
17.56423333	445
17.5717	450
17.57913333	447
17.58658333	448
17.5941	446
17.60163333	447
17.60911667	451
17.61666667	452
17.62433333	449
17.63201667	453
17.63963333	460
17.64728333	461
17.65501667	457
17.66266667	459
17.67036667	464
17.67811667	459
17.68575	462
17.6934	465
17.70113333	458
17.70885	459
17.71651667	464
17.72416667	463
17.73185	460
17.73956667	459
17.7472	461
17.75491667	463
17.76266667	458
17.77043333	463
17.77811667	465
17.78585	466
17.7936	461
17.80133333	464
17.80898333	465
17.81666667	464
17.82438333	459
17.83208333	461
17.83975	463
17.84741667	462
17.85516667	460
17.86288333	460
17.87053333	465
17.87818333	463
17.88588333	459
17.89351667	459
17.90116667	462
17.90888333	458
17.91663333	459
17.92433333	463
17.93201667	465
17.93973333	462
17.9474	461
17.95505	463
17.96268333	460
17.97036667	459
17.97805	458
17.98568333	461
17.9933	461
18.00096667	458
18.00856667	457
18.0161	460
18.02356667	456
18.0311	452
18.0387	448
18.04641667	452
18.05416667	456
18.06186667	463
18.06953333	465
18.0773	462
18.08501667	460
18.09271667	466
18.10045	463
18.10825	462
18.11595	464
18.12366667	468
18.13141667	462
18.13911667	463
18.1468	465
18.15451667	462
18.16223333	461
18.16995	463
18.17765	463
18.18541667	463
18.19316667	462
18.20088333	466
18.20866667	465
18.21643333	463
18.22413333	467
18.23178333	466
18.23948333	462
18.24718333	459
18.25481667	462
18.2625	462
18.2702	458
18.27783333	461
18.28546667	462
18.29316667	458
18.30091667	458
18.30858333	462
18.31626667	465
18.324	460
18.3318	461
18.3395	464
18.34725	468
18.35503333	462
18.36286667	465
18.37061667	467
18.37843333	470
18.38633333	465
18.39426667	469
18.40218333	474
18.4101	476
18.4181	475
18.426	475
18.43393333	480
18.4418	474
18.4496	476
18.45738333	472
18.46516667	468
18.47293333	467
18.48066667	467
18.48838333	466
18.49613333	464
18.5038	463
18.51151667	465
18.51925	460
18.52695	463
18.53455	464
18.5422	462
18.54998333	456
18.5578	459
18.56565	467
18.57345	469
18.58125	471
18.58905	468
18.59683333	468
18.60455	468
18.61221667	467
18.6199	463
18.62751667	460
18.63511667	461
18.6427	457
18.6503	456
18.65791667	455
18.66553333	456
18.67325	457
18.6809	457
18.68856667	463
18.6963	459
18.70408333	460
18.71178333	464
18.71951667	467
18.72728333	462
18.73503333	464
18.7428	466
18.75058333	465
18.75828333	466
18.76598333	467
18.77368333	462
18.78141667	462
18.7891	462
18.79671667	464
18.80433333	461
18.81201667	457
18.81965	457
18.82728333	461
18.83496667	458
18.84268333	458
18.85036667	461
18.85805	463
18.86575	461
18.87343333	461
18.8811	462
18.88876667	461
18.89643333	460
18.904	460
18.91155	460
18.91918333	454
18.92681667	453
18.93438333	458
18.94195	458
18.94953333	454
18.95708333	454
18.9646	455
18.97218333	453
18.97978333	451
18.98735	455
18.99491667	456
19.00251667	454
19.01015	454
19.01778333	456
19.02538333	458
19.033	458
19.04061667	456
19.04825	457
19.05581667	457
19.06336667	458
19.07096667	454
19.0786	453
19.08618333	456
19.09375	458
19.10131667	455
19.10891667	454
19.11645	454
19.12401667	456
19.13161667	452
19.13915	454
19.14668333	456
19.15421667	452
19.16175	452
19.16933333	452
19.17696667	452
19.18463333	455
19.1923	458
19.19993333	460
19.20765	460
19.21541667	458
19.22308333	463
19.2308	466
19.23851667	460
19.24621667	463
19.2539	463
19.26163333	462
19.26935	461
19.27705	464
19.28471667	463
19.29245	462
19.30016667	460
19.30783333	464
19.31546667	463
19.3231	460
19.33071667	458
19.33828333	458
19.34585	457
19.35346667	454
19.36108333	454
19.36868333	457
19.37628333	457
19.384	456
19.39173333	456
19.3994	463
19.40708333	464
19.41488333	460
19.42271667	461
19.43056667	468
19.43838333	470
19.44626667	471
19.4541	469
19.4619	473
19.46971667	470
19.47756667	468
19.48535	469
19.49306667	471
19.50086667	467
19.50865	463
19.51643333	468
19.52418333	467
19.53203333	467
19.53991667	465
19.5477	471
19.55548333	473
19.56328333	467
19.57101667	467
19.57873333	468
19.58641667	464
19.5941	463
19.60175	461
19.60933333	461
19.61693333	459
19.62458333	455
19.63226667	456
19.63993333	459
19.64766667	461
19.6554	460
19.66311667	464
19.67075	464
19.67841667	463
19.68601667	458
19.69365	460
19.70125	456
19.70888333	458
19.71653333	456
19.72418333	458
19.73185	459
19.7396	459
19.74733333	460
19.75503333	465
19.76271667	464
19.77045	462
19.77816667	461
19.78585	464
19.79365	463
19.80145	461
19.80923333	468
19.817	468
19.82476667	467
19.8326	466
19.8404	466
19.84813333	470
19.85595	468
19.86378333	464
19.87155	469
19.87931667	470
19.8872	466
19.89503333	466
19.90285	473
19.91073333	470
19.91861667	469
19.92648333	473
19.93431667	473
19.94221667	472
19.9501	470
19.95795	474
19.96585	473
19.97376667	471
19.9817	474
19.9896	475
19.99758333	476
20.00575	474
20.01396667	479
20.02218333	490
20.03063333	493
20.03913333	493
20.05591667	507
20.06446667	510
20.07318333	1007
20.08195	513
20.09088333	523
20.09998333	526
20.10895	536
20.11793333	546
20.12675	538
20.13526667	539
20.14378333	529
20.15245	511
20.16143333	511
20.17041667	520
20.17918333	539
20.18783333	539
20.19668333	526
20.20571667	519
20.21498333	531
20.2243	542
20.23351667	556
20.24266667	559
20.25221667	553
20.26226667	549
20.27343333	573
20.28453333	603
20.29475	670
20.30518333	666
20.3155	613
20.32575	626
20.33588333	619
20.34608333	615
20.35568333	608
20.36498333	612
20.37425	576
20.38403333	558
20.39428333	556
20.40463333	587
20.41461667	615
20.4246	621
20.43476667	599
20.44486667	599
20.45483333	610
20.46503333	606
20.47571667	598
20.48588333	612
20.49568333	641
20.50573333	610
20.51613333	588
20.52605	603
20.53585	624
20.54626667	595
20.55693333	588
20.56733333	625
20.57833333	640
20.59066667	624
20.60216667	660
20.6141	740
20.62586667	690
20.6372	716
20.6487	706
20.66075	680
20.67278333	690
20.68461667	723
20.6983	722
20.71328333	710
20.72538333	821
20.73836667	899
20.75045	726
20.76213333	779
20.77496667	725
20.78788333	701
20.7999	770
20.81301667	775
20.82621667	721
20.8389	787
20.85178333	792
20.8651	761
20.87813333	773
20.8895	799
20.90156667	782
20.91328333	682
20.92463333	724
20.93498333	703
20.94495	681
20.9552	621
20.96638333	598
20.97783333	615
20.98925	671
21.00128333	687
21.0178	685
21.03213333	722
21.0462	991
21.05858333	860
21.07078333	844
21.08353333	743
21.09648333	732
21.11028333	765
21.12345	777
21.13733333	828
21.1516	790
21.16533333	833
21.17865	856
21.19231667	824
21.20471667	799
21.21626667	820
21.22866667	744
21.24066667	693
21.25253333	744
21.2653	720
21.2779	712
21.29005	766
21.30186667	756
21.31316667	729
21.32351667	709
21.3339	678
21.34441667	621
21.35498333	623
21.36518333	631
21.37566667	634
21.38623333	612
21.397	629
21.40761667	634
21.41835	646
21.4294	637
21.44133333	644
21.45386667	663
21.46968333	716
21.48343333	752
21.49671667	949
21.50948333	825
21.52133333	797
21.53236667	766
21.54265	711
21.5527	662
21.56283333	617
21.57346667	603
21.58398333	608
21.59418333	638
21.60456667	631
21.61513333	612
21.6255	623
21.63545	634
21.64526667	622
21.65543333	597
21.6657	589
21.67585	610
21.68603333	616
21.69721667	609
21.71313333	611
21.72621667	671
21.73968333	955
21.75361667	785
21.76766667	808
21.78143333	836
21.7955	843
21.80975	826
21.82283333	844
21.83615	855
21.84955	785
21.86305	799
21.87593333	804
21.88913333	810
21.9028	773
21.91638333	792
21.9298	820
21.94348333	815
21.95715	805
21.96975	821
21.98313333	820
21.99636667	756
22.00921667	803
22.02281667	794
22.0371	771
22.05148333	816
22.06461667	857
22.07793333	863
22.09115	788
22.10423333	799
22.1169	793
22.13026667	785
22.14458333	760
22.15991667	802
22.1746	859
22.18918333	920
22.2037	881
22.21746667	875
22.23015	871
22.24251667	826
22.2543	761
22.26541667	742
22.27601667	707
22.2871	667
22.30551667	636
22.32086667	665
22.3364	1105
22.35106667	921
22.36463333	932
22.37788333	880
22.39086667	814
22.40265	795
22.4148	779
22.42635	707
22.43951667	729
22.4539	693
22.4676	790
22.48223333	863
22.49673333	822
22.51108333	878
22.52658333	870
22.54226667	861
22.5568	930
22.57078333	941
22.58486667	872
22.59888333	839
22.61188333	845
22.62565	841
22.64	780
22.65425	826
22.66741667	861
22.68123333	855
22.69531667	790
22.70911667	829
22.72236667	845
22.73643333	828
22.75096667	795
22.76466667	844
22.7784	872
22.79241667	822
22.80631667	824
22.81956667	841
22.83305	834
22.84663333	795
22.86003333	809
22.87275	815
22.8861	804
22.89996667	763
22.91426667	801
22.92766667	832
22.94193333	858
22.95655	804
22.97001667	856
22.9833	877
22.99665	808
23.01028333	797
23.02313333	801
23.03678333	818
23.05145	771
23.06573333	819
23.08045	880
23.095	857
23.10801667	883
23.12093333	873
23.1338	781
23.14676667	775
23.15948333	772
23.17245	778
23.18571667	763
23.19953333	778
23.2127	796
23.22661667	829
23.2409	790
23.2547	835
23.26848333	857
23.28231667	828
23.29576667	827
23.30816667	830
23.321	807
23.334	744
23.34778333	770
23.36095	780
23.37455	827
23.38896667	790
23.40433333	816
23.41825	865
23.43276667	922
23.44708333	835
23.46038333	871
23.47365	859
23.48695	798
23.50038333	796
23.51325	798
23.52641667	806
23.5399	772
23.55448333	790
23.56828333	809
23.58326667	875
23.59856667	828
23.61323333	899
23.62803333	918
23.64268333	880
23.6568	888
23.67015	879
23.68373333	847
23.69693333	801
23.70946667	815
23.7224	792
23.73608333	752
23.75031667	776
23.76396667	821
23.77836667	854
23.79353333	819
23.80831667	864
23.82235	910
23.83703333	887
23.85171667	842
23.86478333	881
23.87776667	881
23.89051667	784
23.90331667	779
23.91528333	765
23.92811667	768
23.9412	718
23.95575	770
23.9701	785
23.98436667	873
23.9997	861
24.01461667	856
24.02865	920
24.04258333	895
24.0567	842
24.07093333	836
24.08415	847
24.09738333	854
24.11063333	793
24.12468333	794
24.13815	795
24.15196667	843
24.1666	808
24.18128333	829
24.19498333	878
24.21	881
24.2253	822
24.23911667	901
24.25226667	918
24.26571667	829
24.27955	789
24.29253333	807
24.30645	830
24.32125	779
24.33571667	835
24.34926667	888
24.3638	868
24.3787	813
24.39296667	872
24.40716667	894
24.42146667	856
24.4352	852
24.44815	858
24.46165	824
24.47555	777
24.4885	810
24.50291667	834
24.51785	777
24.53145	865
24.54505	896
24.55838333	816
24.57131667	816
24.5828	800
24.5951	776
24.60725	689
24.61981667	738
24.63263333	729
24.64505	754
24.65705	769
24.66933333	745
24.68245	720
24.69573333	737
24.70963333	787
24.72458333	797
24.73943333	834
24.75338333	897
24.76703333	891
24.78118333	837
24.7956	819
24.81021667	849
24.82305	865
24.83618333	877
24.84878333	770
24.8622	788
24.8751	756
24.8867	805
24.8989	774
24.91105	696
24.92258333	732
24.9337	729
24.94491667	692
24.95936667	667
24.97496667	673
24.98983333	867
25.0043	936
25.0171	892
25.0294	868
25.04168333	768
25.05418333	738
25.06681667	737
25.079	750
25.0923	758
25.10635	731
25.1213	798
25.13503333	843
25.14961667	897
25.16441667	824
25.17836667	875
25.19221667	888
25.20583333	837
25.21928333	831
25.2317	817
25.24456667	807
25.25785	745
25.27195	772
25.28548333	797
25.29865	846
25.31243333	812
25.32678333	790
25.3402	827
25.35368333	861
25.36778333	805
25.38226667	809
25.39568333	846
25.40961667	869
25.42378333	805
25.43831667	836
25.45178333	850
25.46581667	872
25.47995	808
25.49396667	842
25.50715	848
25.5213	841
25.53588333	791
25.55005	849
25.56263333	875
25.57536667	850
25.58828333	755
25.6008	764
25.61296667	775
25.62551667	751
25.63855	730
25.65173333	753
25.66403333	782
25.67633333	791
25.68881667	738
25.7017	738
25.71471667	749
25.72795	773
25.74181667	781
25.75668333	794
25.77061667	832
25.7849	892
25.79945	836
25.8137	857
25.82653333	873
25.8395	855
25.85256667	770
25.86521667	778
25.87766667	784
25.89045	759
25.90331667	747
25.91558333	767
25.92805	772
25.94115	736
25.95523333	748
25.96848333	786
25.9829	845
25.99826667	795
26.01325	865
26.02638333	922
26.03975	899
26.05343333	788
26.0673	802
26.08016667	821
26.09298333	832
26.10588333	772
26.11901667	769
26.13186667	774
26.14508333	788
26.15901667	771
26.17393333	793
26.18825	836
26.20231667	895
26.21645	859
26.23058333	844
26.24356667	848
26.25636667	848
26.26953333	779
26.2835	768
26.29673333	790
26.30948333	838
26.32275	794
26.33658333	765
26.3495	796
26.36243333	830
26.37585	775
26.38933333	776
26.40173333	805
26.41486667	809
26.42843333	744
26.44193333	788
26.45548333	814
26.47058333	810
26.48616667	813
26.50041667	906
26.51435	935
26.52845	855
26.5423	836
26.55483333	846
26.5678	831
26.58093333	752
26.59411667	778
26.6065	788
26.61951667	791
26.6334	743
26.64756667	781
26.6608	833
26.67513333	850
26.68968333	794
26.70355	860
26.7181	873
26.73285	832
26.74791667	873
26.76163333	885
26.77546667	904
26.78951667	823
26.8038	830
26.8174	843
26.83196667	857
26.8472	816
26.86266667	874
26.87741667	914
26.89275	928
26.90738333	885
26.92091667	920
26.93556667	878
26.95123333	812
26.96515	879
26.97925	940
26.9937	835
27.00823333	846
27.0227	867
27.03826667	872
27.05491667	868
27.0703	934
27.08556667	999
27.1007	923
27.11418333	916
27.12786667	908
27.14176667	809
27.15621667	821
27.16971667	834
27.18373333	867
27.19835	810
27.21381667	841
27.22796667	877
27.24308333	928
27.25843333	849
27.27321667	907
27.28723333	921
27.30171667	887
27.31653333	841
27.33045	869
27.34455	889
27.35896667	835
27.37365	846
27.38725	865
27.40085	881
27.41448333	816
27.42755	816
27.43985	818
27.4517	784
27.46373333	738
27.47531667	711
27.48795	722
27.50143333	695
27.51511667	758
27.53016667	809
27.54536667	821
27.55915	903
27.57286667	912
27.5864	827
27.5997	823
27.61195	812
27.62426667	798
27.63641667	735
27.64941667	739
27.663	729
27.67913333	780
27.69811667	815
27.71668333	968
27.7349	1139
27.75221667	1114
27.76775	1093
27.78266667	1039
27.79735	932
27.81053333	895
27.82426667	881
27.83956667	791
27.85691667	824
27.8725	918
27.88831667	1041
27.90443333	935
27.91886667	949
27.9338	967
27.94878333	866
27.9627	896
27.97805	899
27.99548333	835
28.0117	921
28.02801667	1046
28.04478333	973
28.06105	979
28.07591667	1006
28.09146667	976
28.10616667	892
28.11945	933
28.1331	882
28.14701667	797
28.16018333	819
28.1748	835
28.1918	790
28.20796667	877
28.22451667	1020
28.24085	970
28.25585	993
28.27128333	980
28.28698333	900
28.30141667	926
28.31461667	942
28.32815	866
28.34215	792
28.35551667	812
28.37058333	840
28.38846667	802
28.40465	904
28.41785	1073
28.43163333	971
28.44526667	792
28.45971667	827
28.47241667	818
28.48533333	867
28.49826667	762
28.5107	775
28.5235	776
28.53668333	746
28.55111667	768
28.56595	791
28.5811	866
28.59535	890
28.60941667	909
28.62366667	855
28.6384	844
28.65298333	855
28.66643333	884
28.67956667	875
28.6951	807
28.7108	788
28.728	932
28.7456	942
28.76018333	1032
28.77515	1056
28.7902	875
28.80366667	898
28.81755	903
28.83151667	808
28.84556667	833
28.85985	838
28.8735	843
28.88726667	857
28.90251667	819
28.9201	826
28.93703333	915
28.95245	1055
28.96826667	1016
28.98298333	925
28.99651667	949
29.01025	883
29.02526667	812
29.04033333	824
29.05426667	901
29.06686667	904
29.07926667	836
29.09171667	756
29.10493333	744
29.11846667	747
29.13193333	793
29.1457	812
29.1609	808
29.17561667	826
29.1898	912
29.2042	883
29.21785	851
29.23095	864
29.24535	819
29.26136667	786
29.27795	864
29.29465	961
29.31025	995
29.32415	1002
29.33813333	936
29.35243333	834
29.3674	839
29.38206667	858
29.3994	898
29.4176	880
29.43323333	1040
29.4492	1092
29.46505	938
29.4802	958
29.49348333	951
29.50733333	909
29.52111667	797
29.53398333	831
29.54701667	827
29.56093333	772
29.57456667	782
29.5871	835
29.5993	818
29.61091667	752
29.62293333	732
29.63551667	697
29.64843333	721
29.66263333	755
29.67765	775
29.69096667	852
29.70396667	901
29.71671667	799
29.7286	780
29.7404	765
29.75206667	713
29.76371667	708
29.77495	700
29.78678333	699
29.7992	674
29.81231667	710
29.82561667	745
29.84	787
29.85508333	798
29.8698	863
29.88443333	905
29.89965	883
29.91448333	878
29.92816667	913
29.9428	890
29.95756667	821
29.9712	878
29.98486667	886
29.99875	818
30.01311667	820
30.0267	833
30.0429	862
30.05918333	815
30.07311667	972
30.08803333	977
30.10275	836
30.11626667	895
30.13116667	883
30.14721667	811
30.16158333	894
30.17701667	963
30.19356667	862
30.20895	926
30.2249	993
30.24103333	923
30.25586667	957
30.27038333	968
30.28541667	890
30.3008	871
30.31436667	902
30.32913333	923
30.3452	814
30.3596	886
30.37501667	964
30.391	864
30.40601667	925
30.42106667	959
30.43643333	901
30.45101667	903
30.46488333	922
30.47953333	875
30.4945	832
30.50851667	879
30.52293333	898
30.53863333	841
30.55401667	865
30.56788333	942
30.58208333	923
30.59621667	832
30.60961667	852
30.6234	848
30.63793333	804
30.65256667	827
30.66635	872
30.68146667	878
30.69655	827
30.71026667	907
30.72428333	905
30.73828333	823
30.75163333	841
30.76456667	840
30.7782	801
30.79213333	776
30.80531667	818
30.81985	836
30.83596667	791
30.85133333	872
30.86615	967
30.88076667	922
30.89415	889
30.90693333	877
30.92	803
30.93405	767
30.9477	784
30.9618	843
30.97678333	819
30.99151667	846
31.0056	899
31.02066667	884
31.03583333	845
31.04955	904
31.06405	910
31.07925	823
31.09388333	870
31.10843333	912
31.12391667	878
31.13895	873
31.15238333	929
31.16623333	902
31.18048333	806
31.19415	831
31.2083	855
31.22333333	820
31.23875	849
31.25286667	902
31.26838333	925
31.2838	847
31.29771667	931
31.31226667	925
31.32651667	835
31.33965	873
31.35328333	855
31.36728333	788
31.38106667	818
31.3939	840
31.40726667	827
31.42026667	770
31.43266667	802
31.44478333	780
31.45646667	744
31.46841667	727
31.48216667	701
31.49576667	717
31.5097	825
31.52341667	816
31.53591667	836
31.54865	823
31.56151667	750
31.57455	764
31.5875	772
31.6005	782
31.61323333	777
31.62541667	780
31.63718333	764
31.64918333	731
31.66251667	706
31.67796667	720
31.69446667	800
31.7109	927
31.7274	990
31.74435	986
31.76145	990
31.77866667	1017
31.79506667	1026
31.80903333	1033
31.82316667	984
31.83728333	838
31.8498	848
31.86225	847
31.87475	751
31.88773333	747
31.9014	750
31.91466667	779
31.92783333	820
31.94063333	796
31.95288333	790
31.96446667	768
31.97568333	735
31.987	695
31.9979	673
