0.01085	651
0.02205	672
0.033583333	692
0.0448	673
0.056133333	680
0.06765	691
0.0797	723
0.091916667	733
0.103716667	708
0.1154	701
0.127216667	709
0.139383333	730
0.150916667	692
0.162583333	700
0.174266667	701
0.186066667	708
0.197683333	697
0.20915	688
0.22065	690
0.23215	690
0.24345	678
0.255266667	709
0.266966667	702
0.278516667	693
0.28955	662
0.300516667	658
0.311733333	673
0.3234	700
0.3351	702
0.3463	672
0.3578	690
0.369466667	700
0.381333333	712
0.392816667	689
0.403816667	660
0.4144	635
0.424766667	622
0.434733333	598
0.444833333	606
0.45475	595
0.4647	597
0.47515	627
0.486366667	673
0.4975	668
0.508783333	677
0.52055	706
0.53265	726
0.544783333	728
0.55655	706
0.568233333	701
0.580116667	713
0.592083333	718
0.6041	721
0.615133333	662
0.62625	667
0.6373	663
0.648733333	686
0.660583333	711
0.672683333	726
0.6842	691
0.695683333	689
0.707183333	690
0.7183	667
0.729366667	664
0.740283333	655
0.750966667	641
0.761583333	637
0.772483333	654
0.783666667	671
0.795083333	685
0.806233333	669
0.817066667	650
0.82775	641
0.83875	660
0.850066667	679
0.861083333	661
0.8717	637
0.881983333	617
0.892233333	615
0.9026	622
0.913366667	646
0.924916667	693
0.937083333	730
0.949583333	750
0.96165	724
0.973233333	695
0.98535	727
0.997566667	733
1.01015	755
1.02265	750
1.0341	687
1.045483333	683
1.056516667	662
1.067466667	657
1.0782	644
1.088583333	623
1.09885	616
1.10965	648
1.121433333	707
1.133466667	722
1.145133333	700
1.157366667	734
1.169933333	754
1.18145	691
1.19265	672
1.203933333	677
1.215583333	699
1.227483333	714
1.2396	727
1.25185	735
1.264166667	739
1.276316667	729
1.288466667	729
1.300533333	724
1.3127	730
1.324866667	730
1.336983333	727
1.348966667	719
1.360633333	700
1.3726	718
1.384933333	740
1.39735	745
1.408833333	689
1.420416667	695
1.431916667	690
1.44335	686
1.45475	684
1.4658	663
1.476583333	647
1.4873	643
1.498066667	646
1.50895	653
1.52	663
1.530816667	649
1.542066667	675
1.553633333	694
1.56465	661
1.575833333	671
1.586633333	648
1.5973	640
1.608483333	671
1.620216667	704
1.632533333	739
1.644983333	747
1.657083333	726
1.669183333	726
1.681283333	726
1.693216667	716
1.704883333	700
1.716533333	699
1.728266667	704
1.740116667	711
1.751733333	697
1.76295	673
1.774233333	677
1.785383333	669
1.796416667	662
1.807533333	667
1.81865	667
1.82935	642
1.8401	645
1.85095	651
1.862016667	664
1.872816667	648
1.8839	665
1.895166667	676
1.9066	686
1.917666667	664
1.928866667	672
1.939933333	664
1.950933333	660
1.961416667	629
1.971666667	615
1.9821	626
1.993033333	656
2.004666667	698
2.015916667	675
2.0274	689
2.0391	702
2.051	714
2.062283333	677
2.073533333	675
2.084783333	675
2.096183333	684
2.1072	661
2.118366667	670
2.129516667	669
2.140716667	672
2.15145	644
2.162516667	664
2.173733333	673
2.185	676
2.1963	678
2.207666667	682
2.2188	668
2.229783333	659
2.24035	634
2.250866667	631
2.261433333	634
2.272166667	644
2.282833333	640
2.2934	634
2.303666667	616
2.31385	611
2.324183333	620
2.3349	643
2.34575	651
2.3561	621
2.36655	627
2.3773	645
2.388283333	659
2.399466667	671
2.4105	662
2.421283333	647
2.432083333	648
2.44285	646
2.45375	654
2.4649	669
2.475966667	664
2.486833333	652
2.497216667	623
2.50745	614
2.517583333	608
2.527733333	609
2.537833333	606
2.547766667	596
2.557433333	580
2.567083333	579
2.57685	586
2.587066667	613
2.59775	641
2.608233333	629
2.61885	637
2.630266667	685
2.642216667	717
2.65425	722
2.666083333	710
2.677283333	672
2.688366667	665
2.699516667	669
2.710316667	648
2.721183333	652
2.732616667	686
2.744116667	690
2.755233333	667
2.766933333	702
2.7791	730
2.791366667	736
2.803383333	721
2.81525	712
2.826666667	685
2.837633333	658
2.848733333	666
2.86005	679
2.87185	708
2.883133333	677
2.89385	643
2.904483333	638
2.915283333	648
2.92615	652
2.9372	663
2.948616667	685
2.960366667	705
2.9724	722
2.984566667	730
2.996966667	744
3.009516667	753
3.022483333	778
3.03545	778
3.048183333	764
3.060566667	743
3.072716667	729
3.084283333	694
3.095316667	662
3.106383333	664
3.11745	664
3.128766667	679
3.14055	707
3.15195	684
3.1632	675
3.174933333	704
3.186983333	723
3.199533333	753
3.212083333	753
3.224116667	722
3.235416667	678
3.246483333	664
3.257333333	651
3.26805	643
3.27825	612
3.288166667	595
3.298016667	591
3.30805	602
3.3192	669
3.331233333	722
3.343816667	755
3.356633333	769
3.369583333	777
3.38175	730
3.394133333	743
3.406266667	728
3.417916667	699
3.4294	689
3.4409	690
3.452366667	688
3.463866667	690
3.47565	707
3.48705	684
3.498516667	688
3.51035	710
3.522833333	749
3.535733333	774
3.54845	763
3.561116667	760
3.572933333	709
3.5847	706
3.59675	723
3.60885	726
3.621066667	733
3.633233333	730
3.64505	709
3.656983333	716
3.669166667	731
3.681066667	714
3.6928	704
3.704916667	727
3.717216667	738
3.7298	755
3.742383333	755
3.754733333	741
3.766983333	735
3.778933333	717
3.790466667	692
3.80145	659
3.812316667	652
3.8234	665
3.835366667	718
3.847983333	757
3.861	781
3.874116667	787
3.886966667	771
3.899633333	760
3.9117	724
3.9231	684
3.934416667	679
3.945516667	666
3.9567	671
3.967766667	664
3.979616667	711
3.991866667	735
4.004466667	756
4.01675	737
4.029116667	742
4.040883333	706
4.052283333	684
4.0636	679
4.075066667	688
4.086366667	678
4.097433333	664
4.10865	673
4.1203	699
4.132266667	718
4.14375	689
4.154966667	673
4.165766667	648
4.17645	641
4.187116667	640
4.198	653
4.209	660
4.220566667	694
4.2321	692
4.243466667	682
4.254483333	661
4.26545	658
4.276333333	653
4.287433333	666
4.298633333	672
4.310133333	690
4.321416667	677
4.33245	662
4.343333333	653
4.354016667	641
4.364933333	655
4.375983333	663
4.38705	664
4.3981	663
4.408816667	643
4.419216667	624
4.429583333	622
4.440033333	627
4.450616667	635
4.461383333	646
4.471683333	618
4.482216667	632
4.492866667	639
4.504416667	693
4.516633333	733
4.529016667	743
4.541766667	765
4.553933333	730
4.565933333	720
4.577866667	716
4.58995	725
4.602	723
4.613866667	712
4.62525	683
4.63605	648
4.646733333	641
4.657466667	644
4.668633333	670
4.680616667	719
4.693	743
4.7056	756
4.717283333	701
4.729066667	707
4.741	716
4.752316667	679
4.763366667	663
4.774433333	664
4.785216667	647
4.7958	635
4.806516667	643
4.81745	656
4.828533333	665
4.83965	667
4.850683333	662
4.86115	628
4.87145	618
4.881766667	619
4.892266667	630
4.903283333	661
4.91485	694
4.927066667	733
4.939716667	759
4.9526	773
4.964766667	730
4.976833333	724
4.988616667	707
5.00045	710
5.0121	699
5.023733333	698
5.035383333	699
5.046583333	672
5.057933333	681
5.069266667	680
5.080416667	669
5.0919	689
5.103466667	694
5.115383333	715
5.1275	727
5.13885	681
5.150416667	694
5.161983333	694
5.17355	694
5.184933333	683
5.195916667	659
5.206866667	657
5.217866667	660
5.22855	641
5.238933333	623
5.249483333	633
5.260833333	681
5.273133333	738
5.2855	742
5.2973	708
5.309233333	716
5.3214	730
5.333333333	716
5.3451	706
5.356733333	698
5.36845	703
5.38005	696
5.3913	675
5.402083333	647
5.412983333	654
5.424166667	671
5.435366667	672
5.4474	722
5.460033333	758
5.472733333	762
5.48565	775
5.497533333	713
5.509366667	710
5.521	698
5.532633333	698
5.54395	679
5.554866667	655
5.5658	656
5.57655	645
5.587383333	650
5.59805	640
5.608233333	611
5.618333333	606
5.628383333	603
5.638066667	581
5.647833333	586
5.657533333	582
5.667433333	594
5.677583333	609
5.68775	610
5.698033333	617
5.708533333	630
5.719033333	630
5.72905	601
5.7393	615
5.749633333	620
5.760183333	633
5.7711	655
5.782583333	689
5.794333333	705
5.805466667	668
5.8168	680
5.828033333	674
5.839416667	683
5.85065	674
5.861716667	664
5.873166667	687
5.884983333	709
5.896266667	677
5.90765	683
5.919133333	689
5.93055	685
5.94205	690
5.952883333	650
5.96345	634
5.973766667	619
5.984216667	627
5.995416667	672
6.006883333	688
6.01755	640
6.028333333	647
6.039983333	699
6.052116667	728
6.065166667	783
6.078816667	819
6.09225	806
6.10575	810
6.119116667	802
6.131466667	741
6.143883333	745
6.155716667	710
6.167066667	681
6.178183333	667
6.1894	673
6.201	696
6.2133	738
6.226383333	785
6.239833333	807
6.252966667	788
6.266183333	793
6.2786	745
6.29105	747
6.303633333	755
6.316166667	752
6.328766667	756
6.34135	755
6.353366667	721
6.3653	716
6.377266667	718
6.389166667	714
6.400933333	706
6.412233333	678
6.423683333	687
6.43515	688
6.4466	687
6.457483333	653
6.468433333	657
6.479666667	674
6.491183333	691
6.503016667	710
6.514666667	699
6.5264	704
6.537733333	680
6.548733333	660
6.55965	655
6.570616667	658
6.581533333	655
6.592483333	657
6.603183333	642
6.613966667	647
6.62495	659
6.636566667	697
6.648716667	729
6.660833333	727
6.672366667	692
6.683716667	681
6.69495	674
6.705733333	647
6.71605	619
6.726183333	608
6.7362	601
6.745883333	581
6.75555	580
6.76545	594
6.775733333	617
6.785666667	596
6.7954	584
6.805483333	605
6.815666667	611
6.825933333	616
6.83705	667
6.8492	729
6.862083333	773
6.874966667	773
6.887316667	741
6.899366667	723
6.910516667	669
6.921466667	657
6.9326	668
6.9442	696
6.955433333	674
6.966366667	656
6.977166667	648
6.988083333	655
6.998916667	650
7.009366667	627
7.02025	653
7.0308	633
7.040933333	608
7.051033333	606
7.061166667	608
7.071083333	595
7.081016667	596
7.0908	587
7.10055	585
7.110333333	587
7.120183333	591
7.129883333	582
7.13935	568
7.149033333	581
7.159016667	599
7.169366667	621
7.1795	608
7.189366667	592
7.199466667	606
7.209483333	601
7.21935	592
7.228766667	565
7.238166667	564
7.247816667	579
7.258083333	616
7.268883333	648
7.279466667	635
7.2904	656
7.302366667	718
7.314433333	724
7.325633333	672
7.33695	679
7.348483333	692
7.35975	676
7.37045	642
7.381033333	635
7.391733333	642
7.402233333	630
7.412683333	627
7.423033333	621
7.433416667	623
7.4438	623
7.454516667	643
7.465266667	645
7.475416667	609
7.485433333	601
7.496	634
7.506766667	646
7.517316667	633
7.527666667	621
7.538116667	627
7.548766667	639
7.559716667	657
7.570733333	661
7.58125	631
7.591666667	625
7.602233333	634
7.612816667	635
7.6231	617
7.6329	588
7.64255	579
7.6522	579
7.66235	609
7.672716667	622
7.682533333	589
7.692566667	602
7.702733333	610
7.71385	667
7.72475	654
7.734616667	592
7.744633333	601
7.7556	658
7.766633333	662
7.7775	652
7.78855	663
7.800033333	689
7.811833333	708
7.823516667	701
7.834966667	687
7.845883333	655
7.85605	610
7.866633333	635
7.877133333	630
7.887833333	642
7.898483333	639
7.908483333	600
7.918833333	621
7.92945	637
7.940483333	662
7.951416667	656
7.962516667	666
7.97315	638
7.983633333	629
7.994183333	633
8.004883333	642
8.015633333	645
8.025733333	606
8.035816667	605
8.046366667	633
8.056783333	625
8.0675	643
8.078133333	638
8.088066667	596
8.097883333	589
8.107466667	575
8.117083333	577
8.127283333	612
8.137766667	629
8.1481	620
8.1579	588
8.1679	600
8.177983333	605
8.18815	610
8.1978	579
8.207433333	578
8.2171	580
8.22645	561
8.235833333	563
8.2457	592
8.255666667	598
8.265266667	576
8.27505	587
8.284716667	580
8.294283333	574
8.303766667	569
8.313033333	556
8.3223	556
8.33155	555
8.341033333	569
8.350883333	591
8.360916667	602
8.37065	584
8.3802	573
8.389866667	580
8.400033333	610
8.4104	622
8.42095	633
8.43165	642
8.44165	600
8.452233333	635
8.462916667	641
8.472883333	598
8.48245	574
8.49195	570
8.501933333	599
8.512033333	606
8.522833333	648
8.533533333	642
8.5436	604
8.554016667	625
8.56565	698
8.577316667	700
8.58835	662
8.598866667	631
8.609916667	663
8.621033333	667
8.6321	664
8.642433333	620
8.652633333	612
8.66335	643
8.674333333	659
8.68525	655
8.695683333	626
8.706633333	657
8.717683333	663
8.728166667	629
8.738683333	631
8.749433333	645
8.760366667	656
8.770966667	636
8.78105	605
8.791666667	637
8.802583333	655
8.813516667	656
8.82365	608
8.834216667	634
8.844916667	642
8.855566667	639
8.865716667	609
8.875716667	600
8.885783333	604
8.896133333	621
8.905983333	591
8.915433333	567
8.9249	568
8.934683333	587
8.945416667	644
8.956916667	690
8.9689	719
8.97995	663
8.99055	636
9.001333333	647
9.011666667	620
9.021616667	597
9.031783333	610
9.041983333	612
9.051933333	597
9.061716667	587
9.071166667	567
9.080566667	564
9.090233333	580
9.1	586
9.109416667	565
9.118666667	555
9.12805	563
9.137866667	589
9.14785	599
9.15735	570
9.167516667	610
9.17775	614
9.187583333	590
9.197233333	579
9.20745	613
9.217516667	604
9.2271	575
9.236833333	584
9.2466	586
9.256133333	572
9.265316667	551
9.274433333	547
9.2835	544
9.292716667	553
9.30225	572
9.31165	564
9.320833333	551
9.33015	559
9.339766667	577
9.34965	593
9.359	561
9.368366667	562
9.37805	581
9.3876	573
9.3969	558
9.406316667	565
9.41585	572
9.425466667	577
9.434766667	558
9.443866667	546
9.452883333	541
9.461933333	543
9.4711	550
9.480516667	565
9.489883333	562
9.499283333	564
9.508966667	581
9.518666667	582
9.5282	572
9.5375	558
9.546616667	547
9.555816667	552
9.565133333	559
9.5744	556
9.583333333	536
9.5922	532
9.60105	531
9.609933333	533
9.6189	538
9.627616667	523
9.636233333	517
9.644883333	519
9.65375	532
9.662883333	548
9.671966667	545
9.680816667	531
9.689583333	526
9.69835	526
9.707233333	533
9.716216667	539
9.725333333	547
9.7345	550
9.743616667	547
9.752616667	540
9.761383333	526
9.770033333	519
9.7786	514
9.787166667	514
9.795716667	513
9.804483333	526
9.81335	532
9.8223	537
9.831416667	547
9.840533333	547
9.849633333	546
9.85845	529
9.8672	525
9.875866667	520
9.884466667	516
9.893266667	528
9.902083333	529
9.9108	523
9.9194	516
9.92805	519
9.936733333	521
9.945383333	519
9.953916667	512
9.9624	509
9.97095	513
9.9798	531
9.988516667	523
9.997083333	514
10.00568333	516
10.01445	526
10.02321667	526
10.0319	521
10.04048333	515
10.04911667	518
10.05793333	529
10.06688333	537
10.07596667	545
10.08513333	550
10.09438333	555
10.1037	559
10.11306667	562
10.1223	554
10.13128333	539
10.14025	538
10.14921667	538
10.15821667	540
10.16701667	528
10.17563333	517
10.18428333	519
10.19296667	521
10.20168333	523
10.21021667	512
10.21875	512
10.22743333	521
10.23631667	533
10.24528333	538
10.25401667	524
10.26266667	519
10.2715	530
10.28053333	542
10.28941667	533
10.29816667	525
10.30685	521
10.3156	525
10.32428333	521
10.33286667	515
10.3414	512
10.34993333	512
10.3585	514
10.36705	513
10.37543333	503
10.3838	502
10.39236667	514
10.4009	512
10.4095	516
10.41796667	508
10.42641667	507
10.43493333	511
10.44346667	512
10.45181667	501
10.4601	497
10.4684	498
10.47663333	494
10.48486667	494
10.49311667	495
10.50143333	499
10.50981667	503
10.51805	494
10.5263	495
10.53448333	491
10.54276667	497
10.55111667	501
10.55928333	490
10.56745	490
10.5756	489
10.58375	489
10.5921	501
10.60053333	506
10.60875	493
10.61695	492
10.62525	498
10.63373333	509
10.64228333	513
10.65081667	512
10.65925	506
10.66771667	508
10.67626667	513
10.68473333	508
10.69316667	506
10.7016	506
10.7101	510
10.71863333	512
10.72706667	506
10.73553333	508
10.74406667	512
10.7527	518
10.7612	510
10.7696	504
10.77806667	508
10.7866	512
10.79516667	514
10.80376667	516
10.81243333	520
10.82126667	530
10.8301	530
10.83885	525
10.84768333	530
10.8567	541
10.86601667	559
10.87521667	552
10.8843	545
10.89315	531
10.90178333	518
10.91028333	510
10.91866667	503
10.92701667	501
10.93546667	507
10.94423333	526
10.95295	523
10.9614	507
10.9698	504
10.97818333	503
10.98663333	507
10.9953	520
11.00385	513
11.01226667	505
11.02066667	504
11.0291	506
11.03765	513
11.04618333	512
11.05451667	500
11.06285	500
11.07116667	499
11.07956667	504
11.08798333	505
11.09648333	510
11.10486667	503
11.11318333	499
11.12153333	501
11.12995	505
11.13838333	506
11.1467	499
11.15496667	496
11.16323333	496
11.17168333	507
11.18005	502
11.18833333	497
11.1966	496
11.20501667	505
11.21346667	507
11.22195	509
11.23036667	505
11.23878333	505
11.2472	505
11.25565	507
11.26391667	496
11.2722	497
11.28053333	500
11.28898333	507
11.29746667	509
11.3061	518
11.31475	519
11.32326667	511
11.33181667	513
11.34048333	520
11.34933333	531
11.35801667	521
11.36655	512
11.3751	513
11.38373333	518
11.39246667	524
11.40105	515
11.40956667	511
11.41821667	519
11.42683333	517
11.43533333	510
11.44375	505
11.45213333	503
11.46041667	497
11.46866667	495
11.47685	491
11.4851	495
11.49343333	500
11.50188333	507
11.51023333	501
11.51848333	495
11.52678333	498
11.53516667	503
11.54355	503
11.55178333	494
11.56003333	495
11.56836667	500
11.57658333	493
11.5848	493
11.59301667	493
11.60133333	499
11.60975	505
11.61825	510
11.62656667	499
11.63486667	498
11.64321667	501
11.65165	506
11.66001667	502
11.6683	497
11.67651667	493
11.68476667	495
11.693	494
11.70116667	490
11.70928333	487
11.71735	484
11.72555	492
11.73383333	497
11.74226667	506
11.75055	497
11.75873333	491
11.76693333	492
11.77513333	492
11.78343333	498
11.79175	499
11.79998333	494
11.80818333	492
11.81646667	497
11.82485	503
11.83316667	499
11.84143333	496
11.8497	496
11.85801667	499
11.86636667	501
11.87471667	501
11.88288333	490
11.89106667	491
11.89918333	487
11.90743333	495
11.91578333	501
11.9242	505
11.93236667	490
11.9405	488
11.94875	495
11.95716667	505
11.9658	518
11.97448333	521
11.98288333	504
11.99126667	503
11.99978333	511
12.00845	520
12.017	513
12.02545	507
12.03383333	503
12.04226667	506
12.05075	509
12.05916667	505
12.06746667	498
12.0757	494
12.0839	492
12.09208333	491
12.10026667	491
12.10851667	495
12.11696667	507
12.12541667	507
12.13373333	499
12.14205	499
12.1504	501
12.15878333	503
12.1671	499
12.1754	498
12.18376667	502
12.19225	509
12.20076667	511
12.2091	500
12.21736667	496
12.22565	497
12.23398333	500
12.24221667	494
12.25038333	490
12.25853333	489
12.26673333	492
12.27511667	503
12.28346667	501
12.29165	491
12.29986667	493
12.30818333	499
12.31676667	515
12.32535	515
12.33376667	505
12.34213333	502
12.35063333	510
12.35916667	512
12.36758333	505
12.37595	502
12.38438333	506
12.39291667	512
12.40143333	511
12.4098	502
12.41823333	506
12.4268	514
12.43543333	518
12.44393333	510
12.45235	505
12.46086667	511
12.46948333	517
12.47816667	521
12.48673333	514
12.49523333	510
12.50375	511
12.51233333	515
12.52073333	504
12.52911667	503
12.53751667	504
12.54595	506
12.55426667	499
12.56248333	493
12.57081667	500
12.57921667	504
12.58763333	505
12.59591667	497
12.60423333	499
12.6127	508
12.62115	507
12.62953333	503
12.63786667	500
12.64628333	505
12.6547	505
12.66305	501
12.67128333	494
12.67946667	491
12.68763333	490
12.69588333	495
12.70426667	503
12.71268333	505
12.72093333	495
12.72915	493
12.73745	498
12.74591667	508
12.75433333	505
12.76261667	497
12.7709	497
12.77925	501
12.7878	513
12.79625	507
12.80456667	499
12.81288333	499
12.82115	496
12.82946667	499
12.83786667	504
12.8463	506
12.85463333	500
12.86303333	504
12.8715	508
12.87988333	503
12.8882	499
12.89656667	502
12.90506667	510
12.91358333	511
12.9219	499
12.93023333	500
12.93858333	501
12.94701667	506
12.95525	494
12.96345	492
12.97168333	494
12.97996667	497
12.98833333	502
12.99658333	495
13.0048	493
13.01295	489
13.02113333	491
13.02938333	495
13.03771667	500
13.04613333	505
13.05448333	501
13.0628	499
13.07108333	497
13.0794	499
13.08766667	496
13.09585	491
13.10401667	490
13.11223333	493
13.12053333	498
13.1288	496
13.13696667	490
13.1451	488
13.15326667	490
13.16151667	495
13.16975	494
13.17788333	488
13.18598333	486
13.19421667	494
13.20258333	502
13.21095	502
13.21911667	490
13.2273	491
13.23551667	493
13.24373333	493
13.2519	490
13.25993333	482
13.268	484
13.27611667	487
13.28425	488
13.29255	498
13.30083333	497
13.3092	502
13.3176	504
13.32596667	502
13.33425	497
13.34235	486
13.35036667	481
13.3583	476
13.3661	468
13.3739	468
13.3817	468
13.38953333	470
13.3973	466
13.40506667	466
13.41295	473
13.421	483
13.4291	486
13.43706667	478
13.44498333	475
13.45296667	479
13.46105	485
13.4692	489
13.47743333	494
13.48555	487
13.49363333	485
13.50173333	486
13.50995	493
13.51823333	497
13.52653333	498
13.53476667	494
13.54298333	493
13.5512	493
13.55951667	499
13.56786667	501
13.5761	494
13.58426667	490
13.59243333	490
13.60061667	491
13.60886667	495
13.61705	491
13.62516667	487
13.63326667	486
13.6414	488
13.64963333	494
13.65775	487
13.66586667	487
13.67401667	489
13.68236667	501
13.69068333	499
13.69895	496
13.70715	492
13.71543333	497
13.72365	493
13.73173333	485
13.7398	484
13.74786667	484
13.75596667	486
13.76413333	490
13.7723	490
13.78036667	484
13.78838333	481
13.79648333	486
13.80475	496
13.81298333	494
13.8211	487
13.82925	489
13.83745	492
13.84575	498
13.85406667	499
13.8623	494
13.87046667	490
13.87876667	498
13.88711667	501
13.89536667	495
13.90355	491
13.91173333	491
13.91998333	495
13.9284	505
13.93673333	500
13.945	496
13.95321667	493
13.9615	497
13.9698	498
13.97815	501
13.98645	498
13.99471667	496
14.00301667	498
14.01136667	501
14.01975	503
14.02805	498
14.03636667	499
14.04471667	501
14.0532	509
14.06156667	502
14.06986667	498
14.07826667	504
14.0867	506
14.09516667	508
14.10355	503
14.1119	501
14.12028333	503
14.1287	505
14.13703333	500
14.1453	496
14.15353333	494
14.16181667	497
14.17015	500
14.17845	498
14.18666667	493
14.19493333	496
14.20335	505
14.21185	510
14.22018333	500
14.22843333	495
14.23678333	501
14.24518333	504
14.2536	505
14.2619	498
14.2702	498
14.27855	501
14.28706667	511
14.29545	503
14.3038	501
14.31225	507
14.32073333	509
14.32916667	506
14.33751667	501
14.34585	500
14.35428333	506
14.3627	505
14.37105	501
14.37928333	494
14.38758333	498
14.39593333	501
14.4044	508
14.4127	498
14.42093333	494
14.42915	493
14.43743333	497
14.44573333	498
14.45413333	504
14.46266667	512
14.47136667	522
14.47993333	514
14.48843333	510
14.497	514
14.50551667	511
14.51395	506
14.5223	501
14.53066667	502
14.53901667	501
14.54721667	492
14.55535	488
14.56355	492
14.57171667	490
14.57985	488
14.58791667	484
14.59605	488
14.60426667	493
14.6125	494
14.62075	495
14.62895	492
14.63723333	497
14.6456	502
14.65386667	496
14.6621	494
14.67036667	496
14.67875	503
14.68713333	503
14.69555	505
14.70381667	496
14.71205	494
14.72035	498
14.72863333	497
14.73685	493
14.74503333	491
14.75311667	485
14.76126667	489
14.76941667	489
14.77753333	487
14.7856	484
14.79361667	481
14.80176667	489
14.80996667	492
14.8182	494
14.82633333	488
14.83445	487
14.84265	492
14.85096667	499
14.85923333	496
14.86756667	500
14.87578333	493
14.88395	490
14.89218333	494
14.90043333	495
14.90866667	494
14.91683333	490
14.92506667	494
14.93328333	493
14.94161667	500
14.9498	491
14.95793333	488
14.96605	487
14.97423333	491
14.98243333	492
14.99058333	489
14.99873333	489
15.0069	490
15.01516667	496
15.02351667	501
15.03176667	495
15.03996667	492
15.0482	494
15.05645	495
15.0647	495
15.07286667	490
15.081	488
15.08916667	490
15.09736667	492
15.10548333	487
15.11353333	483
15.1216	484
15.12971667	487
15.13786667	489
15.146	488
15.15411667	487
15.16228333	490
15.17046667	491
15.1786	488
15.18671667	487
15.19486667	489
15.203	488
15.2112	492
15.21926667	484
15.22733333	484
15.23536667	482
15.24368333	499
15.25216667	509
15.26053333	502
15.26908333	513
15.27761667	512
15.28618333	514
15.29466667	509
15.30308333	505
15.31153333	507
15.31985	499
15.32801667	490
15.33616667	489
15.34421667	483
15.35216667	477
15.36018333	481
15.36826667	485
15.3763	482
15.38423333	476
15.39216667	476
15.40016667	480
15.40808333	475
15.4159	469
15.42373333	470
15.43156667	470
15.43935	467
15.44726667	475
15.45523333	478
15.46315	475
15.47106667	475
15.47906667	480
15.4871	482
15.49515	483
15.50313333	479
15.5111	478
15.51906667	478
15.527	476
15.53493333	476
15.54283333	474
15.55078333	477
15.55876667	479
15.56703333	496
15.57526667	494
15.58345	491
15.59163333	491
15.59996667	500
15.60838333	505
15.61688333	510
15.62526667	503
15.63355	497
15.64181667	496
15.65011667	498
15.65843333	499
15.66663333	492
15.67481667	491
15.68298333	490
15.6912	493
15.6994	492
15.7075	486
15.71556667	484
15.72363333	484
15.73173333	486
15.7398	484
15.7478	480
15.75573333	476
15.7637	478
15.77161667	475
15.77958333	478
15.78751667	476
15.7955	479
15.80345	477
15.81141667	478
15.81936667	477
15.82743333	484
15.83573333	498
15.8439	490
15.85203333	488
15.86016667	488
15.86836667	492
15.87655	491
15.8847	489
15.89275	483
15.90081667	484
15.90888333	484
15.917	487
15.92503333	482
15.93303333	480
15.94103333	480
15.94913333	486
15.95733333	492
15.96558333	495
15.97371667	488
15.98185	488
15.99001667	490
15.99828333	496
16.00656667	497
16.01475	491
16.02293333	491
16.03111667	491
16.03933333	493
16.04756667	494
16.05568333	487
16.06385	490
16.07196667	487
16.08015	491
16.0883	489
16.09636667	484
16.1045	488
16.11271667	493
16.12098333	496
16.12916667	491
16.13733333	490
16.14568333	501
16.1541	505
16.16251667	505
16.17083333	499
16.1791	496
16.18736667	496
16.1957	500
16.20396667	496
16.21215	491
16.22035	492
16.22851667	490
16.23678333	496
16.24511667	500
16.25338333	496
16.26161667	494
16.26978333	490
16.278	493
16.28625	495
16.29456667	499
16.30296667	504
16.31148333	511
16.31995	508
16.3283	501
16.3366	498
16.34498333	503
16.35333333	501
16.3616	496
16.3698	492
16.37795	489
16.38618333	494
16.39435	490
16.40246667	487
16.41051667	483
16.41868333	490
16.42696667	497
16.43523333	496
16.4434	490
16.45161667	493
16.45985	494
16.46806667	493
16.47618333	487
16.48426667	485
16.4923	482
16.50041667	487
16.5085	485
16.51655	483
16.52455	480
16.53255	480
16.54066667	487
16.5489	494
16.55698333	485
16.56501667	482
16.57303333	481
16.58118333	489
16.58945	496
16.5977	495
16.6058	486
16.61385	483
16.62191667	484
16.62998333	484
16.63808333	486
16.64608333	480
16.65411667	482
16.66216667	483
16.67028333	487
16.67828333	480
16.68628333	480
16.69426667	479
16.70228333	481
16.71026667	479
16.7183	482
16.72623333	476
16.73411667	473
16.74208333	478
16.75001667	476
16.75796667	477
16.76586667	474
16.77378333	475
16.7817	475
16.78963333	476
16.79756667	476
16.80541667	471
16.81326667	471
16.82115	473
16.82906667	475
16.83695	473
16.84485	474
16.85271667	472
16.86056667	471
16.86835	467
16.87616667	469
16.88386667	462
16.8916	464
16.8993	462
16.90698333	461
16.91461667	458
16.92226667	459
16.9299	458
16.93756667	460
16.94521667	459
16.95281667	456
16.96046667	459
16.9682	464
16.97596667	466
16.98371667	465
16.9915	467
16.99928333	467
17.00713333	471
17.01501667	473
17.0229	473
17.03073333	470
17.03861667	473
17.0465	473
17.05443333	476
17.06228333	471
17.07011667	470
17.07793333	469
17.0858	472
17.09375	477
17.10166667	475
17.10948333	469
17.11733333	471
17.1253	478
17.13328333	479
17.1412	475
17.14913333	476
17.15696667	470
17.1649	476
17.17285	477
17.1808	477
17.18866667	472
17.19653333	472
17.20441667	473
17.21235	476
17.22031667	478
17.22818333	472
17.23608333	474
17.24395	472
17.25183333	473
17.2597	472
17.26753333	470
17.27533333	468
17.2832	472
17.29115	477
17.29901667	472
17.3069	473
17.31473333	470
17.32261667	473
17.33053333	475
17.33853333	480
17.34646667	476
17.35438333	475
17.36231667	476
17.37031667	480
17.37838333	484
17.38643333	483
17.39443333	480
17.40241667	479
17.41048333	484
17.41855	484
17.4266	483
17.43456667	478
17.44263333	484
17.45073333	486
17.4588	484
17.46683333	482
17.47488333	483
17.48296667	485
17.4911	488
17.49918333	485
17.50723333	483
17.5154	490
17.52361667	493
17.53183333	493
17.53998333	489
17.54815	490
17.5564	495
17.56455	489
17.57265	486
17.5807	483
17.5888	486
17.59695	489
17.6051	489
17.61316667	484
17.62116667	480
17.62916667	480
17.63713333	478
17.64515	481
17.65305	474
17.66096667	475
17.6689	476
17.67698333	485
17.68521667	494
17.69335	488
17.70145	486
17.70951667	484
17.71768333	490
17.72588333	492
17.73405	490
17.7421	483
17.75015	483
17.75831667	490
17.76656667	495
17.77486667	498
17.78313333	496
17.79133333	492
17.79946667	488
17.80743333	478
17.8154	478
17.82331667	475
17.83125	476
17.83923333	479
17.8473	484
17.85523333	476
17.86318333	477
17.87126667	485
17.87946667	492
17.88756667	486
17.89561667	483
17.9037	485
17.91185	489
17.92006667	493
17.92813333	484
17.93616667	482
17.94421667	483
17.95231667	486
17.96038333	484
17.96841667	482
17.97641667	480
17.98443333	481
17.9925	484
18.00056667	484
18.00855	479
18.01651667	478
18.02448333	478
18.0325	481
18.04058333	485
18.04853333	477
18.05648333	477
18.06445	478
18.07245	480
18.08043333	479
18.08838333	477
18.09628333	474
18.10421667	476
18.11218333	478
18.12016667	479
18.12806667	474
18.13598333	475
18.144	481
18.15205	483
18.16	477
18.16793333	476
18.17586667	476
18.18383333	478
18.19181667	479
18.19971667	474
18.20761667	474
18.2155	473
18.22346667	478
18.2314	476
18.23935	477
18.2473	477
18.25531667	481
18.26331667	480
18.27131667	480
18.27931667	480
18.28745	488
18.29556667	487
18.30358333	481
18.31161667	482
18.31963333	481
18.32771667	485
18.33588333	490
18.34403333	489
18.3521	484
18.36021667	487
18.36838333	490
18.37658333	492
18.38471667	488
18.39281667	486
18.40101667	492
18.40915	488
18.41731667	490
18.4254	485
18.43351667	487
18.44165	488
18.44978333	488
18.4579	487
18.466	486
18.47416667	490
18.48238333	493
18.49055	490
18.4987	489
18.50688333	491
18.51513333	495
18.52336667	494
18.53151667	489
18.53968333	490
18.54793333	495
18.55613333	492
18.56428333	489
18.57245	490
18.5807	495
18.58906667	502
18.5974	500
18.60566667	496
18.61395	497
18.62233333	503
18.6307	502
18.639	498
18.64728333	497
18.6556	499
18.66388333	497
18.6721	493
18.68028333	491
18.68845	490
18.69665	492
18.70478333	488
18.7129	487
18.72105	489
18.7292	489
18.73728333	485
18.74531667	482
18.75343333	487
18.76155	487
18.76961667	484
18.77761667	480
18.78571667	486
18.79381667	486
18.80195	488
18.81	483
18.81805	483
18.8261	483
18.83418333	485
18.84223333	483
18.85026667	482
18.85833333	484
18.8664	484
18.87446667	484
18.88246667	480
18.89051667	483
18.89853333	481
18.90655	481
18.91446667	475
18.92246667	480
18.93043333	478
18.93833333	474
18.94625	475
18.95418333	476
18.96221667	482
18.9702	479
18.97816667	478
18.98616667	480
18.99423333	484
19.00235	487
19.01038333	482
19.01845	484
19.02661667	490
19.03478333	490
19.0429	487
19.05101667	487
19.05913333	487
19.0673	490
19.07558333	497
19.08381667	494
19.09203333	493
19.10021667	491
19.10845	494
19.11668333	494
19.12483333	489
19.13295	487
19.14101667	484
19.14896667	477
19.15695	479
19.16496667	481
19.17301667	483
19.18101667	480
19.18905	482
19.19701667	478
19.20501667	480
19.21306667	483
19.22098333	475
19.22893333	477
19.23683333	474
19.24486667	482
19.25285	479
19.26081667	478
19.26875	476
19.27673333	479
19.28475	481
19.29285	486
19.30085	480
19.3088	477
19.31681667	481
19.32486667	483
19.333	488
19.34115	489
19.34925	486
19.35733333	485
19.36536667	482
19.3734	482
19.38135	477
19.38928333	476
19.39726667	479
19.40526667	480
19.41326667	480
19.4212	476
19.4292	480
19.43725	483
19.4454	489
19.45346667	484
19.46158333	487
19.46971667	488
19.47785	488
19.48605	492
19.49421667	490
19.50233333	487
19.51045	487
19.51861667	490
19.52671667	486
19.53473333	481
19.54276667	482
19.55085	485
19.55888333	482
19.56693333	483
19.57491667	479
19.58296667	483
19.59108333	487
19.59921667	488
19.6072	479
19.61518333	479
19.62313333	477
19.63108333	477
19.63906667	479
19.64711667	483
19.65518333	484
19.66325	484
19.6713	483
19.67943333	488
19.68768333	495
19.69581667	488
19.70395	488
19.71208333	488
19.7203	493
19.72851667	493
19.73673333	493
19.74495	493
19.7531	489
19.76126667	490
19.76951667	495
19.77768333	490
19.78581667	488
19.79398333	490
19.80231667	500
19.8106	497
19.81878333	491
19.82693333	489
19.83513333	492
19.8433	490
19.85146667	490
19.85958333	487
19.86766667	485
19.87585	491
19.88411667	496
19.89233333	493
19.90045	487
19.90856667	487
19.91675	491
19.92491667	490
19.93303333	487
19.94105	481
19.94911667	484
19.95718333	484
19.96528333	486
19.97331667	482
19.9813	479
19.98936667	484
19.99766667	498
20.00606667	504
20.0147	518
20.02356667	532
20.0325	536
20.04123333	524
20.05891667	0
20.0679	539
20.07665	525
20.08531667	520
20.09413333	529
20.10305	535
20.1117	519
20.12035	519
20.12891667	514
20.13758333	520
20.14611667	512
20.15455	506
20.16286667	499
20.17113333	496
20.17936667	494
20.18763333	496
20.19583333	492
20.20396667	488
20.21193333	478
20.21996667	482
20.22815	491
20.23633333	491
20.24451667	491
20.25263333	487
20.2608	490
20.26903333	494
20.27736667	500
20.28593333	514
20.29446667	512
20.30285	503
20.31126667	505
20.31971667	507
20.32818333	508
20.33653333	501
20.34481667	497
20.35308333	496
20.36148333	504
20.37006667	515
20.37891667	531
20.38771667	528
20.39635	518
20.40516667	529
20.41418333	541
20.42315	538
20.43226667	547
20.44148333	553
20.45076667	557
20.4598	542
20.46868333	533
20.47746667	527
20.48648333	541
20.49548333	540
20.50456667	545
20.51336667	528
20.52208333	523
20.53086667	527
20.53978333	535
20.5488	541
20.55775	537
20.56651667	526
20.57526667	525
20.5839	518
20.59261667	523
20.60146667	531
20.61038333	535
20.61908333	522
20.62776667	521
20.63628333	511
20.6448	511
20.65311667	499
20.66138333	496
20.6697	499
20.6781	504
20.68675	519
20.69551667	526
20.70451667	540
20.7134	533
20.72213333	524
20.73073333	516
20.73926667	512
20.74785	515
20.7568	537
20.7662	564
20.77585	579
20.78573333	593
20.79518333	567
20.80446667	557
20.81395	569
20.82345	570
20.83286667	565
20.8421	554
20.85111667	541
20.86006667	537
20.86916667	546
20.87866667	570
20.88795	557
20.89741667	568
20.90756667	609
20.91835	647
20.92973333	683
20.94085	667
20.95133333	629
20.96123333	594
20.97135	607
20.98115	588
20.99096667	589
21.001	602
21.01128333	617
21.02158333	618
21.03165	604
21.04166667	601
21.05195	617
21.06248333	632
21.07341667	656
21.08433333	655
21.09486667	632
21.10483333	598
21.11441667	575
21.12413333	583
21.13433333	612
21.14521667	653
21.15593333	643
21.16665	643
21.17788333	674
21.18961667	704
21.20146667	711
21.21301667	693
21.22395	656
21.2345	633
21.24486667	622
21.25518333	619
21.26571667	632
21.27606667	621
21.28578333	583
21.29555	586
21.30568333	608
21.31626667	635
21.32743333	670
21.33878333	681
21.34978333	660
21.36031667	632
21.37056667	615
21.381	626
21.3914	624
21.40191667	631
21.4123	623
21.42273333	626
21.43315	625
21.44368333	632
21.45428333	636
21.46451667	614
21.47435	590
21.4843	597
21.49441667	607
21.50513333	643
21.5156	628
21.52563333	602
21.53573333	606
21.54588333	609
21.55596667	605
21.56555	575
21.57495	564
21.58426667	559
21.59375	569
21.60335	576
21.61315	588
21.62331667	610
21.63378333	628
21.64403333	615
21.65396667	596
21.66376667	588
21.67365	593
21.68358333	596
21.69346667	593
21.703	572
21.71221667	553
21.72143333	553
21.73061667	551
21.73983333	553
21.74891667	545
21.7579	539
21.76673333	530
21.77553333	528
21.78451667	539
21.79353333	541
21.80256667	542
21.81146667	534
21.82021667	525
21.8291	533
21.83795	531
21.84666667	523
21.85533333	520
21.86415	529
21.8731	537
21.88186667	526
21.89063333	526
21.89956667	536
21.90891667	561
21.9187	587
21.92915	627
21.94011667	658
21.95135	674
21.96248333	668
21.97318333	642
21.9836	625
21.99388333	617
22.00376667	593
22.01333333	574
22.02286667	572
22.03241667	573
22.04231667	594
22.05245	608
22.06253333	605
22.0726	604
22.08258333	599
22.09258333	600
22.10243333	591
22.112	574
22.12123333	554
22.1306	562
22.14051667	595
22.15093333	625
22.16161667	641
22.17181667	612
22.18186667	603
22.19241667	633
22.20375	680
22.21543333	701
22.22701667	695
22.23843333	685
22.24965	673
22.26028333	638
22.27048333	612
22.28053333	603
22.29055	601
22.30043333	593
22.31005	577
22.3195	567
22.32873333	554
22.338	556
22.34756667	574
22.35778333	613
22.3682	625
22.3788	636
22.38916667	622
22.39926667	606
22.40911667	591
22.41891667	588
22.42833333	565
22.43746667	548
22.4465	542
22.45563333	548
22.46486667	554
22.47423333	562
22.48365	565
22.49291667	556
22.50205	548
22.51101667	538
22.52018333	550
22.52975	574
22.53976667	601
22.55001667	615
22.56046667	627
22.57081667	621
22.58123333	625
22.59143333	612
22.60141667	599
22.611	575
22.62028333	557
22.6294	547
22.6385	546
22.6477	552
22.65718333	569
22.66701667	590
22.67693333	595
22.68676667	590
22.69628333	571
22.7059	577
22.71553333	578
22.72508333	573
22.73465	574
22.74398333	560
22.75323333	555
22.76226667	542
22.77116667	534
22.77986667	522
22.78846667	516
22.79713333	520
22.80585	523
22.81466667	529
22.82353333	532
22.83243333	534
22.8413	532
22.85	522
22.85856667	514
22.86715	515
22.87595	528
22.88498333	542
22.89423333	555
22.90356667	560
22.91298333	565
22.92228333	558
22.93151667	554
22.94071667	552
22.9499	551
22.95903333	548
22.96903333	600
22.97961667	635
22.99043333	649
23.00133333	654
23.01238333	663
23.02365	676
23.03488333	674
23.04595	664
23.05673333	647
23.0672	628
23.07713333	596
23.08668333	573
23.09598333	558
23.1052	553
23.11453333	560
23.12393333	564
23.13325	559
23.14238333	548
23.15143333	543
23.16053333	546
23.16985	559
23.17931667	568
23.18875	566
23.19808333	560
23.20728333	552
23.21651667	554
23.2259	563
23.23555	579
23.24515	576
23.2547	573
23.26408333	563
23.27336667	557
23.28261667	555
23.2918	551
23.30101667	553
23.31045	566
23.3201	579
23.32988333	587
23.33965	586
23.3495	591
23.35921667	583
23.36855	560
23.37771667	550
23.38685	548
23.3958	537
23.40458333	527
23.41355	538
23.42276667	553
23.43226667	570
23.4419	578
23.45183333	596
23.4617	592
23.47141667	583
23.4809	569
23.49033333	566
23.49981667	569
23.5099	605
23.51993333	602
23.53018333	615
23.54088333	642
23.55175	652
23.56241667	640
23.57263333	613
23.5828	610
23.59301667	613
23.60356667	633
23.61416667	636
23.62483333	640
23.6354	634
23.64556667	610
23.6555	596
23.66526667	586
23.67496667	582
23.68475	587
23.69446667	583
23.70403333	574
23.71366667	578
23.72333333	580
23.73293333	576
23.74245	571
23.75196667	571
23.76146667	570
23.77086667	564
23.78016667	558
23.78948333	559
23.79895	568
23.8086	579
23.81873333	608
23.8292	628
23.83955	621
23.84968333	608
23.85955	592
23.86905	570
23.8783	555
23.8875	552
23.8974	594
23.90733333	596
23.9171	586
23.92735	615
23.93866667	679
23.95061667	717
23.9622	695
23.97385	699
23.98591667	724
23.998	725
24.00978333	707
24.0212	685
24.03205	651
24.04251667	628
24.0527	611
24.06275	603
24.07301667	616
24.08383333	649
24.09463333	648
24.10535	643
24.11598333	638
24.12685	652
24.13773333	653
24.14876667	662
24.15983333	664
24.17105	673
24.18206667	661
24.19298333	655
24.20385	652
24.2143	627
24.22456667	616
24.23483333	616
24.24521667	623
24.25576667	633
24.26641667	639
24.2771	641
24.28765	633
24.29786667	613
24.30776667	594
24.31763333	592
24.3275	592
24.33748333	599
24.34736667	593
24.357	578
24.36655	573
24.37606667	571
24.3857	578
24.39516667	568
24.40466667	570
24.41428333	577
24.42393333	579
24.43343333	570
24.44286667	566
24.45226667	564
24.4617	566
24.47115	567
24.48056667	565
24.48985	557
24.49906667	553
24.50816667	546
24.51716667	540
24.526	530
24.53478333	527
24.54358333	528
24.55236667	527
24.56115	527
24.57023333	545
24.57965	565
24.58963333	599
24.59993333	618
24.61053333	636
24.62101667	629
24.6313	617
24.64116667	592
24.65085	581
24.66021667	562
24.66935	548
24.67821667	532
24.68741667	552
24.6972	587
24.70735	609
24.71795	636
24.72861667	640
24.73886667	615
24.74916667	618
24.7598	638
24.77035	633
24.79038333	0
24.80008333	582
24.8097	577
24.81936667	580
24.82905	581
24.83841667	562
24.84781667	564
24.85738333	574
24.86728333	594
24.87751667	614
24.88806667	633
24.8989	650
24.90968333	647
24.92001667	620
24.93001667	600
24.94013333	607
24.95025	607
24.96011667	592
24.96978333	580
24.97971667	596
24.99005	620
25.00066667	637
25.01153333	652
25.02231667	647
25.03305	644
25.04363333	635
25.05383333	612
25.06358333	585
25.07318333	576
25.08291667	584
25.09283333	595
25.10286667	602
25.11303333	610
25.12333333	618
25.13361667	617
25.1438	611
25.15408333	617
25.16388333	588
25.1739	601
25.18416667	616
25.19461667	627
25.20516667	633
25.21546667	618
25.22568333	613
25.23566667	599
25.24555	593
25.2552	579
25.26471667	571
25.27413333	565
25.28333333	552
25.29235	541
25.30128333	536
25.31011667	530
25.31915	542
25.32886667	583
25.33856667	582
25.34846667	594
25.3585	602
25.36831667	589
25.37783333	571
25.38721667	563
25.3965	557
25.40576667	556
25.41525	569
25.42496667	583
25.43488333	595
25.44481667	596
25.4544	575
25.46376667	562
25.47305	557
25.4823	555
25.49153333	554
25.50091667	563
25.51031667	564
25.51961667	558
25.5289	557
25.53828333	563
25.54766667	563
25.55708333	565
25.56651667	566
25.57576667	555
25.5849	548
25.59395	543
25.60308333	548
25.61268333	576
25.62285	610
25.63368333	650
25.64441667	644
25.65496667	633
25.66521667	615
25.67513333	595
25.68488333	585
25.69445	574
25.704	573
25.71358333	575
25.72356667	599
25.73443333	652
25.74551667	665
25.75693333	685
25.7678	652
25.77815	621
25.7882	603
25.79806667	592
25.80788333	589
25.8178	595
25.83825	0
25.84851667	616
25.85863333	607
25.86873333	606
25.87881667	605
25.88881667	600
25.89886667	603
25.90898333	607
25.91915	610
25.92935	612
25.93958333	614
25.94983333	615
25.95996667	608
25.9701	608
25.9801	600
25.99041667	619
26.00111667	642
26.0118	641
26.02216667	622
26.03223333	604
26.04241667	611
26.05248333	604
26.06266667	611
26.07263333	598
26.08251667	593
26.09228333	586
26.10191667	578
26.11151667	576
26.12118333	580
26.13101667	590
26.14093333	595
26.15075	589
26.1606	591
26.17028333	581
26.17981667	572
26.1894	575
26.1988	564
26.20798333	551
26.217	541
26.22591667	535
26.23476667	531
26.24371667	537
26.25296667	555
26.26235	563
26.27158333	554
26.2807	547
26.28986667	550
26.29896667	546
26.30801667	543
26.31706667	543
26.3263	554
26.33568333	563
26.34528333	576
26.35516667	593
26.3651	596
26.37493333	590
26.38496667	602
26.39533333	622
26.40626667	656
26.4173	662
26.42811667	649
26.43873333	637
26.4491	622
26.45916667	604
26.4688	578
26.47826667	568
26.48761667	561
26.497	563
26.50638333	563
26.51581667	566
26.52518333	562
26.5344	553
26.54358333	551
26.55275	550
26.562	555
26.57126667	556
26.58051667	555
26.5897	551
26.59863333	536
26.60775	547
26.6169	549
26.62618333	557
26.63558333	564
26.64491667	560
26.65411667	552
26.66335	554
26.67263333	557
26.682	562
26.69158333	575
26.70111667	572
26.71065	572
26.72025	576
26.73006667	589
26.73988333	589
26.74971667	590
26.75941667	582
26.76913333	583
26.77886667	584
26.78845	575
26.79776667	559
26.80695	551
26.81615	552
26.8253	549
26.83445	549
26.84351667	544
26.85246667	537
26.86135	533
26.87015	528
26.87878333	518
26.88728333	510
26.89576667	509
26.90436667	516
26.91323333	532
26.92313333	594
26.9336	628
26.94356667	598
26.95305	569
26.96243333	563
26.9717	556
26.98085	549
26.9901	555
26.99953333	566
27.00886667	560
27.018	548
27.0271	546
27.03623333	548
27.04528333	543
27.05423333	537
27.06303333	528
27.07185	529
27.08085	540
27.09008333	554
27.09935	556
27.1088	567
27.11833333	572
27.12793333	576
27.13753333	576
27.14718333	579
27.1571	595
27.16755	627
27.17846667	655
27.1897	674
27.20095	675
27.2119	657
27.22251667	637
27.23288333	622
27.24328333	624
27.25378333	630
27.26426667	629
27.2747	626
27.28498333	617
27.29505	604
27.30501667	598
27.31506667	603
27.32545	623
27.33601667	634
27.34666667	639
27.3573	638
27.36786667	634
27.37845	635
27.38868333	614
27.39895	616
27.40916667	613
27.41941667	615
27.42973333	619
27.44003333	618
27.45033333	618
27.46053333	612
27.47083333	618
27.48131667	629
27.49195	638
27.50235	624
27.51285	630
27.52315	618
27.53328333	608
27.54333333	603
27.55313333	588
27.56273333	576
27.57223333	570
27.58176667	572
27.5918	602
27.60231667	631
27.61316667	651
27.62403333	652
27.63496667	656
27.64581667	651
27.65628333	628
27.66646667	611
27.67643333	598
27.68633333	594
27.69638333	603
27.7065	607
27.71661667	607
27.72663333	601
27.7366	598
27.74631667	583
27.75575	566
27.76505	558
27.77431667	556
27.78365	560
27.79313333	569
27.8027	574
27.81235	579
27.82193333	575
27.83158333	579
27.8411	571
27.85055	567
27.8601	573
27.86963333	572
27.8791	568
27.88858333	569
27.89798333	564
27.90753333	573
27.91706667	572
27.92656667	570
27.93605	569
27.94546667	565
27.95475	557
27.96398333	554
27.97338333	564
27.98288333	570
27.99216667	557
28.00133333	550
28.01056667	554
28.01965	545
28.02873333	545
28.03795	553
28.0475	573
28.05765	609
28.06805	624
28.07871667	640
28.08953333	649
28.10033333	648
28.11093333	636
28.1212	616
28.13143333	614
28.14173333	618
28.15213333	624
28.16278333	639
28.17358333	648
28.18405	628
28.19443333	623
28.20506667	638
28.21568333	637
28.22615	628
28.23643333	617
28.2466	610
28.25661667	601
28.26658333	598
28.27638333	588
28.2859	571
28.29546667	574
28.30526667	588
28.3153	602
28.32543333	608
28.33551667	605
28.34536667	591
28.35511667	585
28.36471667	576
28.37431667	576
28.38406667	585
28.39396667	594
28.40396667	600
28.41411667	609
28.42423333	607
28.43431667	605
28.44456667	615
28.45468333	607
28.46473333	603
28.47468333	597
28.48435	580
28.49386667	571
28.50316667	558
28.51231667	549
28.52135	542
28.53028333	536
28.53913333	531
28.5481	538
28.55711667	541
28.5661	539
28.57516667	544
28.58418333	541
28.5931	535
28.60223333	548
28.61148333	555
28.62083333	561
28.63026667	566
28.6397	566
28.64896667	556
28.6582	554
28.6678	576
28.67803333	614
28.68883333	648
28.69943333	636
28.70978333	621
28.72006667	617
28.73035	617
28.74071667	622
28.75111667	624
28.76133333	613
28.77155	613
28.78163333	605
28.7916	598
28.80125	579
28.81073333	569
28.82008333	561
28.82921667	548
28.83821667	540
28.8472	539
28.85611667	535
28.86496667	531
28.87381667	531
28.88271667	534
28.89166667	537
28.9006	536
28.90971667	547
28.91915	566
28.92878333	578
28.93825	568
28.94756667	559
28.95693333	562
28.96633333	564
28.97565	559
28.9848	549
28.99415	561
29.0035	561
29.01301667	571
29.02258333	574
29.03198333	564
29.04118333	552
29.05041667	554
29.0599	569
29.0694	570
29.0788	564
29.08826667	568
29.09811667	591
29.10845	620
29.1195	663
29.13113333	698
29.14251667	683
29.1534	653
29.16385	627
29.17403333	611
29.18421667	611
29.19435	608
29.20441667	604
29.21456667	609
29.22468333	607
29.23463333	597
29.24438333	585
29.2541	583
29.26391667	589
29.2739	599
29.28435	627
29.29471667	622
29.30506667	621
29.31526667	612
29.32533333	604
29.33533333	600
29.34521667	593
29.35498333	586
29.36448333	570
29.37388333	564
29.3834	571
29.39315	585
29.40328333	608
29.41338333	606
29.42368333	618
29.4341	625
29.44465	633
29.455	621
29.46505	603
29.475	597
29.4847	582
29.49413333	566
29.50331667	551
29.51246667	549
29.52145	539
29.5304	537
29.53946667	544
29.54868333	553
29.55813333	567
29.56805	595
29.57846667	625
29.589	632
29.59946667	628
29.60983333	622
29.62003333	612
29.62998333	597
29.63976667	587
29.6495	584
29.65938333	593
29.66923333	591
29.67893333	582
29.68856667	578
29.69805	569
29.70743333	563
29.71685	565
29.7264	573
29.73598333	575
29.74571667	584
29.75575	602
29.76625	630
29.77671667	628
29.78701667	618
29.79716667	609
29.80716667	600
29.81711667	597
29.82688333	586
29.83668333	588
29.8465	589
29.85641667	595
29.86618333	586
29.87595	586
29.88585	594
29.89591667	604
29.90608333	610
29.91613333	603
29.92591667	587
29.9356	581
29.94503333	566
29.95435	559
29.96376667	565
29.97315	563
29.98245	558
29.9921	579
30.00191667	589
30.01178333	592
30.02161667	590
30.03138333	586
30.04118333	588
30.0509	583
30.06096667	604
30.0713	620
30.08143333	608
30.0912	586
30.1007	570
30.11013333	566
30.11943333	558
30.12868333	555
30.13786667	551
30.14701667	549
30.15605	542
30.16493333	533
30.17371667	527
30.18276667	543
30.19268333	595
30.20366667	659
30.21558333	715
30.22751667	716
30.23896667	687
30.25013333	670
30.26138333	675
30.27318333	708
30.2852	721
30.2972	720
30.30883333	698
30.31993333	666
30.33056667	638
30.34063333	604
30.35038333	585
30.36026667	593
30.37068333	625
30.381	619
30.39126667	616
30.40161667	621
30.41185	614
30.42196667	607
30.43186667	594
30.44196667	606
30.4522	614
30.46276667	634
30.47328333	631
30.48355	616
30.49371667	610
30.50368333	598
30.51375	604
30.52383333	605
30.53408333	615
30.54445	622
30.5548	621
30.56501667	613
30.57515	608
30.58503333	593
30.5947	580
30.60413333	566
30.61353333	564
30.62315	577
30.63271667	574
30.64226667	573
30.65173333	568
30.66105	559
30.67031667	556
30.67941667	546
30.68858333	550
30.69778333	552
30.70708333	558
30.71645	562
30.72583333	563
30.73516667	560
30.74446667	558
30.75386667	564
30.7634	572
30.77313333	584
30.78308333	597
30.79325	610
30.80355	618
30.81381667	616
30.82421667	624
30.83483333	637
30.84533333	630
30.85571667	623
30.86586667	609
30.87581667	597
30.88561667	588
30.89533333	583
30.90513333	588
30.91498333	591
30.92521667	614
30.93558333	622
30.94585	616
30.95605	612
30.9659	591
30.97575	591
30.9853	573
30.995	582
31.00506667	604
31.01565	635
31.026	621
31.0364	624
31.04653333	608
31.05653333	600
31.06653333	600
31.07668333	609
31.08703333	621
31.09738333	621
31.1076	613
31.11815	633
31.12873333	635
31.13921667	629
31.14976667	633
31.16006667	618
31.17031667	615
31.1803	599
31.19008333	587
31.19973333	579
31.2092	568
31.2189	582
31.22885	597
31.23866667	589
31.2483	578
31.2579	576
31.26778333	593
31.27806667	617
31.2886	632
31.29901667	625
31.30903333	601
31.3188	586
31.3285	582
31.33825	585
31.34801667	586
31.35773333	583
31.3674	580
31.37701667	577
31.38648333	568
31.39561667	548
31.40503333	565
31.41495	595
31.42515	612
31.43543333	617
31.4462	646
31.45718333	659
31.4683	667
31.47928333	659
31.48976667	629
31.5001	620
31.51041667	619
31.52061667	612
31.53086667	615
31.54086667	600
31.55078333	595
31.56053333	585
31.57041667	593
31.58051667	606
31.59068333	610
31.60103333	621
31.61136667	620
31.62176667	624
31.63226667	630
31.64266667	624
31.65308333	625
31.66351667	626
31.67386667	621
31.68425	623
31.69443333	611
31.70441667	599
31.71453333	607
31.72498333	627
31.73598333	660
31.74708333	666
31.7582	667
31.76873333	632
31.77905	619
31.7891	603
31.7988	582
31.8085	582
31.81843333	596
31.82858333	609
31.83888333	618
31.8492	619
31.85953333	620
31.86973333	612
31.87968333	597
31.8894	583
31.8989	570
31.90835	567
31.91818333	590
31.9288	637
31.93916667	622
31.94936667	612
31.95945	605
31.9696	609
31.97958333	599
31.98928333	582
31.99881667	572
