0.018166667	1157
0.03445	1090
0.053233333	977
0.071033333	1127
0.087633333	1068
0.10525	996
0.122433333	1057
0.138816667	1031
0.15575	983
0.172683333	1016
0.189416667	1016
0.2042	1004
0.216783333	887
0.229916667	755
0.244066667	788
0.26085	849
0.277483333	1007
0.2924	998
0.307616667	895
0.323283333	913
0.34105	940
0.356516667	1066
0.372116667	928
0.390683333	936
0.407716667	1114
0.424116667	1022
0.441583333	984
0.457266667	1048
0.470066667	941
0.48375	768
0.49975	821
0.517533333	960
0.534683333	1067
0.551	1029
0.564733333	979
0.578683333	824
0.594916667	837
0.612166667	974
0.62975	1035
0.646033333	1055
0.662666667	977
0.680633333	998
0.698033333	1078
0.7158	1044
0.734316667	1066
0.75305	1111
0.7704	1124
0.788333333	1041
0.80595	1076
0.822166667	1057
0.838783333	973
0.856133333	997
0.873316667	1041
0.889166667	1031
0.90675	951
0.925516667	1055
0.9429	1126
0.960233333	1043
0.977733333	1040
0.993516667	1050
1.010983333	947
1.029433333	1048
1.045816667	1107
1.06145	983
1.07825	938
1.09535	1008
1.110933333	1026
1.1268	935
1.1441	952
1.162116667	1038
1.178583333	1081
1.1961	988
1.2132	1051
1.230483333	1026
1.2475	1037
1.265083333	1021
1.28335	1055
1.300783333	1096
1.31705	1046
1.33335	976
1.3487	978
1.365016667	921
1.380433333	979
1.398133333	925
1.415416667	1062
1.432216667	1037
1.4487	1008
1.46535	989
1.481216667	999
1.496533333	952
1.513	919
1.52915	988
1.546233333	969
1.564516667	1025
1.582233333	1097
1.599133333	1063
1.616416667	1014
1.633233333	1037
1.648616667	1009
1.662683333	923
1.679	844
1.6954	979
1.709466667	984
1.72335	844
1.7398	833
1.757683333	987
1.774533333	1073
1.789083333	1011
1.80415	873
1.81915	904
1.833783333	900
1.847583333	878
1.863283333	828
1.881166667	942
1.897083333	1073
1.914683333	955
1.931916667	1056
1.947183333	1034
1.963133333	916
1.97855	957
1.995816667	925
2.013783333	1036
2.030083333	1078
2.04755	978
2.065316667	1048
2.0808	1066
2.095783333	929
2.1112	899
2.126933333	925
2.140883333	944
2.157733333	837
2.175433333	1011
2.19185	1062
2.206666667	985
2.2199	889
2.23375	794
2.249966667	831
2.2667	973
2.2849	1004
2.302216667	1092
2.319416667	1039
2.337633333	1032
2.3541	1093
2.371366667	988
2.389366667	1036
2.406733333	1080
2.4241	1042
2.44075	1042
2.4581	999
2.475333333	1041
2.4907	1034
2.506833333	922
2.525966667	968
2.543133333	1148
2.560466667	1030
2.577866667	1040
2.5954	1044
2.612133333	1052
2.626516667	1004
2.640816667	863
2.657633333	858
2.673466667	1009
2.688716667	950
2.705633333	915
2.723766667	1015
2.740533333	1088
2.759166667	1006
2.777566667	1118
2.79415	1104
2.811516667	995
2.8296	1042
2.8466	1085
2.864633333	1020
2.88295	1082
2.900433333	1099
2.91825	1049
2.9355	1069
2.951133333	1035
2.967916667	938
2.9854	1007
3.00175	1049
3.018516667	981
3.037533333	1006
3.055383333	1141
3.072616667	1071
3.09095	1034
3.109233333	1100
3.126466667	1097
3.144616667	1034
3.1635	1089
3.180833333	1133
3.198683333	1040
3.217816667	1071
3.2355	1148
3.25305	1061
3.271516667	1053
3.289466667	1108
3.307316667	1077
3.325883333	1071
3.343383333	1114
3.361033333	1050
3.37975	1059
3.39775	1123
3.41545	1080
3.4343	1062
3.451916667	1131
3.469333333	1057
3.487433333	1045
3.505433333	1086
3.522516667	1080
3.540666667	1025
3.559466667	1089
3.57655	1128
3.59135	1025
3.606166667	888
3.62155	889
3.635866667	923
3.6558	859
3.672733333	1196
3.690766667	1016
3.708966667	1082
3.725966667	1092
3.741883333	1020
3.758283333	955
3.775233333	984
3.790466667	1017
3.80695	914
3.82425	989
3.8406	1038
3.855416667	981
3.87165	889
3.88925	974
3.9062	1056
3.92245	1017
3.939466667	975
3.956516667	1021
3.972433333	1023
3.988866667	955
4.005933333	986
4.021333333	1024
4.037383333	924
4.055983333	963
4.073766667	1116
4.090833333	1067
4.109866667	1024
4.128633333	1142
4.145666667	1126
4.163566667	1022
4.181766667	1074
4.198766667	1092
4.216133333	1020
4.234083333	1042
4.251183333	1077
4.267983333	1026
4.28575	1008
4.303433333	1066
4.320016667	1061
4.337616667	995
4.3557	1056
4.372833333	1085
4.389366667	1028
4.40695	992
4.4242	1055
4.44005	1035
4.4567	951
4.47375	999
4.490016667	1023
4.507433333	976
4.5251	1045
4.5421	1060
4.558916667	1020
4.576266667	1009
4.592716667	1041
4.608766667	987
4.6251	963
4.640733333	980
4.656833333	938
4.674433333	966
4.692116667	1056
4.7072	1061
4.721866667	905
4.734866667	880
4.746666667	780
4.760916667	708
4.7796	855
4.796683333	1121
4.81285	1025
4.8297	970
4.84645	1011
4.8623	1005
4.878816667	951
4.895616667	991
4.9112	1008
4.92835	935
4.94605	1029
4.962316667	1062
4.97925	976
4.996333333	1016
5.012383333	1025
5.029683333	963
5.046783333	1038
5.063	1026
5.079766667	973
5.096433333	1006
5.11215	1000
5.1282	943
5.14445	963
5.159683333	975
5.175433333	914
5.191533333	945
5.206883333	966
5.223183333	921
5.23915	978
5.254233333	958
5.270333333	905
5.28575	966
5.300566667	925
5.316283333	889
5.332383333	943
5.347666667	966
5.36385	917
5.3798	971
5.395066667	957
5.410633333	916
5.426516667	934
5.441766667	953
5.457433333	915
5.472983333	940
5.487516667	933
5.5027	872
5.5186	911
5.5346	954
5.549416667	960
5.564533333	889
5.579316667	907
5.594283333	887
5.610366667	898
5.626383333	965
5.6417	961
5.6577	919
5.67355	960
5.687866667	951
5.701566667	859
5.714766667	822
5.727583333	792
5.740133333	769
5.755216667	753
5.772066667	905
5.787166667	1011
5.802216667	906
5.817816667	903
5.8326	936
5.8465	887
5.861283333	834
5.87495	887
5.887766667	820
5.901866667	769
5.91835	846
5.933433333	989
5.947566667	905
5.962466667	848
5.977416667	894
5.992066667	897
6.007416667	879
6.022683333	921
6.037	916
6.051333333	859
6.065383333	860
6.078983333	843
6.093283333	816
6.108333333	858
6.122533333	903
6.136716667	852
6.150816667	851
6.1644	846
6.178966667	815
6.1939	874
6.20755	896
6.2205	819
6.233216667	777
6.245933333	763
6.258116667	763
6.27155	731
6.28615	806
6.299766667	876
6.313383333	817
6.326366667	817
6.339066667	779
6.352	762
6.365783333	776
6.379666667	827
6.393516667	833
6.408033333	831
6.4217	871
6.434216667	820
6.4472	751
6.4594	779
6.47155	732
6.484733333	729
6.498483333	791
6.5121	825
6.52585	817
6.540133333	825
6.553566667	857
6.566466667	806
6.57975	774
6.593016667	797
6.6058	796
6.619216667	767
6.633316667	805
6.646016667	846
6.658516667	762
6.672166667	750
6.685883333	819
6.698683333	823
6.711833333	768
6.724616667	789
6.7358	767
6.746716667	671
6.758916667	655
6.7741	732
6.7889	911
6.8023	888
6.8142	804
6.826283333	714
6.838566667	725
6.850833333	737
6.862366667	736
6.873916667	692
6.886166667	693
6.898633333	735
6.910066667	748
6.921983333	686
6.933683333	715
6.9453	702
6.9577	697
6.9694	744
6.982116667	702
6.994416667	763
7.0067	738
7.0197	737
7.03505	780
7.050966667	921
7.065783333	955
7.079016667	889
7.090833333	794
7.103066667	709
7.115616667	734
7.127316667	753
7.13995	702
7.1533	758
7.165116667	801
7.178566667	709
7.192566667	807
7.205333333	840
7.217983333	766
7.2305	759
7.242066667	751
7.253416667	694
7.265233333	681
7.276933333	709
7.289683333	702
7.302	765
7.314116667	739
7.325583333	727
7.3371	688
7.3478	691
7.358766667	642
7.369883333	658
7.38115	667
7.393216667	676
7.4064	724
7.418483333	791
7.429816667	725
7.4417	680
7.453666667	713
7.465333333	718
7.476683333	700
7.4888	681
7.50085	727
7.51215	723
7.523516667	678
7.5354	682
7.5466	713
7.55765	672
7.569016667	663
7.5807	682
7.591716667	701
7.60275	661
7.614666667	662
7.626833333	715
7.63805	730
7.650016667	673
7.662233333	718
7.67345	733
7.684783333	673
7.696783333	680
7.708933333	720
7.720416667	729
7.733083333	689
7.7462	760
7.758266667	787
7.769833333	724
7.7822	694
7.794683333	742
7.80595	749
7.817416667	676
7.829083333	688
7.8405	700
7.851566667	685
7.863233333	664
7.874683333	700
7.885266667	687
7.895533333	635
7.905766667	616
7.916783333	614
7.929683333	661
7.942333333	774
7.953783333	759
7.965883333	687
7.978183333	726
7.990683333	738
8.002016667	750
8.013466667	680
8.025233333	687
8.037316667	706
8.048416667	725
8.059583333	666
8.072116667	670
8.086166667	752
8.09805	843
8.109833333	713
8.121716667	707
8.1334	713
8.144466667	701
8.156516667	664
8.169283333	723
8.1824	766
8.194766667	787
8.209566667	742
8.22385	888
8.2355	857
8.246283333	699
8.257816667	647
8.27105	692
8.286	794
8.299633333	897
8.315083333	818
8.33055	927
8.343	928
8.354483333	747
8.367116667	689
8.38095	758
8.394116667	830
8.4058	790
8.418316667	701
8.433383333	751
8.447083333	904
8.462483333	822
8.4775	924
8.490616667	901
8.50255	787
8.5144	716
8.5258	711
8.5367	684
8.547333333	654
8.558733333	638
8.5714	684
8.58265	760
8.5941	675
8.61015	687
8.624383333	963
8.637233333	854
8.651133333	771
8.666	834
8.68	892
8.6919	840
8.704416667	714
8.716883333	751
8.7282	748
8.741633333	679
8.757266667	806
8.772116667	938
8.785083333	891
8.7994	778
8.81395	859
8.826233333	873
8.838766667	737
8.853783333	752
8.868883333	901
8.882216667	906
8.897833333	800
8.913583333	937
8.92735	945
8.942116667	826
8.956216667	886
8.96985	846
8.98145	818
8.993883333	696
9.01025	746
9.024583333	982
9.038	860
9.051683333	805
9.064333333	821
9.075683333	759
9.0869	681
9.098483333	673
9.109983333	695
9.120666667	690
9.131883333	641
9.142983333	673
9.153283333	666
9.163366667	618
9.173533333	605
9.1842	610
9.194666667	640
9.20455	628
9.214233333	593
9.224	581
9.234083333	586
9.244	605
9.2536	595
9.263	576
9.272383333	564
9.28185	563
9.291433333	568
9.3009	575
9.310166667	568
9.31955	556
9.32915	563
9.338783333	576
9.34825	578
9.357516667	568
9.366866667	556
9.37635	561
9.385666667	569
9.394883333	559
9.4042	553
9.41365	559
9.422983333	567
9.431983333	560
9.44105	540
9.450233333	544
9.459666667	551
9.469166667	566
9.478533333	570
9.487733333	562
9.497116667	552
9.5065	563
9.516133333	563
9.525916667	578
9.535883333	587
9.545533333	598
9.554983333	579
9.564366667	567
9.573666667	563
9.582833333	558
9.592033333	550
9.601266667	552
9.610583333	554
9.619883333	559
9.6291	558
9.6383	553
9.647566667	552
9.656683333	556
9.665616667	547
9.6744	536
9.683166667	527
9.691966667	526
9.700783333	528
9.7098	529
9.71865	541
9.727516667	531
9.7364	532
9.745433333	533
9.75445	542
9.763516667	541
9.772733333	544
9.781933333	553
9.7912	552
9.800433333	556
9.809716667	554
9.819	557
9.82835	557
9.837866667	561
9.847083333	571
9.856283333	553
9.865483333	552
9.874716667	552
9.883783333	554
9.892883333	544
9.902033333	546
9.911033333	549
9.92005	540
9.929133333	541
9.938283333	545
9.9473	549
9.956333333	541
9.965316667	542
9.974233333	539
9.983183333	535
9.992116667	537
10.0011	536
10.00996667	539
10.01881667	532
10.02765	531
10.0363	530
10.04493333	519
10.05353333	518
10.06216667	516
10.07096667	518
10.07966667	528
10.08826667	522
10.09688333	516
10.10548333	517
10.11393333	516
10.12245	507
10.13098333	511
10.13948333	512
10.14795	510
10.15648333	508
10.165	512
10.17348333	511
10.18193333	509
10.19036667	507
10.1988	506
10.20718333	506
10.21551667	503
10.2238	500
10.232	497
10.24016667	492
10.2483	490
10.25641667	488
10.26451667	487
10.27258333	486
10.28063333	484
10.28873333	483
10.29688333	486
10.30491667	489
10.313	482
10.3211	485
10.32918333	486
10.33726667	485
10.34545	485
10.35365	491
10.36183333	492
10.37	491
10.37815	490
10.38633333	489
10.39436667	491
10.4024	482
10.41048333	482
10.41856667	485
10.4267	485
10.43491667	488
10.44315	493
10.45148333	494
10.45975	500
10.46801667	496
10.47635	496
10.48461667	500
10.49285	496
10.5012	494
10.5095	501
10.51778333	498
10.52606667	497
10.53435	497
10.54265	497
10.55106667	498
10.5597	505
10.56818333	518
10.57671667	509
10.58525	512
10.59371667	512
10.60211667	508
10.61063333	504
10.61911667	511
10.62745	509
10.6358	500
10.64415	501
10.65255	501
10.66086667	504
10.66918333	499
10.67748333	499
10.6857	498
10.6939	493
10.70211667	492
10.71046667	493
10.71898333	501
10.72746667	511
10.73601667	509
10.74461667	513
10.75325	516
10.76193333	518
10.77056667	521
10.77913333	518
10.78761667	514
10.79613333	509
10.8046	511
10.81301667	508
10.82138333	505
10.82976667	502
10.83816667	503
10.8466	504
10.85501667	506
10.86355	505
10.87211667	512
10.88065	514
10.88913333	512
10.8977	509
10.90633333	514
10.91511667	518
10.92385	527
10.9326	524
10.94126667	525
10.9498	520
10.95835	512
10.96691667	513
10.97535	514
10.98378333	506
10.9922	506
11.00058333	505
11.00896667	503
11.01733333	503
11.02566667	502
11.03395	500
11.04218333	497
11.05043333	494
11.05863333	495
11.0668	492
11.075	490
11.08321667	492
11.09141667	493
11.09951667	492
11.1077	486
11.11588333	491
11.12405	491
11.1322	490
11.14023333	489
11.14826667	482
11.15635	482
11.16443333	485
11.1726	485
11.18073333	490
11.18875	488
11.19668333	481
11.2046	476
11.21256667	475
11.22053333	478
11.22848333	478
11.23648333	477
11.2446	480
11.25296667	487
11.2615	502
11.27011667	512
11.2789	517
11.28785	527
11.29665	537
11.30541667	528
11.3141	526
11.32275	521
11.33135	519
11.33995	516
11.34853333	516
11.357	515
11.36551667	508
11.37405	511
11.38256667	512
11.391	511
11.39955	506
11.40815	513
11.41661667	516
11.42493333	508
11.43318333	499
11.44146667	495
11.44975	497
11.45803333	497
11.46625	497
11.4745	493
11.48276667	495
11.49103333	496
11.4992	496
11.50723333	490
11.51528333	482
11.52321667	483
11.53123333	476
11.53931667	481
11.5474	485
11.55551667	485
11.56365	487
11.5718	488
11.57996667	489
11.58806667	490
11.59623333	486
11.6044	490
11.61255	490
11.62068333	489
11.62885	488
11.63711667	490
11.64533333	496
11.65361667	493
11.66198333	497
11.67026667	502
11.67861667	497
11.68695	501
11.69525	500
11.70348333	498
11.71171667	494
11.71995	494
11.72818333	494
11.7364	494
11.74463333	493
11.75291667	494
11.76125	497
11.76953333	500
11.77775	497
11.78586667	493
11.7938	487
11.80166667	476
11.8095	472
11.8174	470
11.82535	474
11.83333333	477
11.8415	479
11.8497	490
11.8579	492
11.86611667	492
11.87426667	493
11.88248333	489
11.89075	493
11.89908333	496
11.90746667	500
11.91593333	503
11.92441667	508
11.93291667	509
11.94136667	510
11.94971667	507
11.95808333	501
11.9664	502
11.97471667	499
11.9829	499
11.99115	491
11.99938333	495
12.0077	494
12.01596667	499
12.02426667	496
12.03263333	498
12.04101667	502
12.04933333	503
12.05775	499
12.06615	505
12.0746	504
12.08305	507
12.09146667	507
12.09991667	505
12.10831667	507
12.11663333	504
12.12493333	499
12.13323333	498
12.1415	498
12.1497	496
12.15795	492
12.16613333	495
12.17423333	491
12.18231667	486
12.19043333	485
12.19843333	487
12.2064	480
12.21438333	478
12.22236667	479
12.2303	479
12.23825	476
12.24626667	477
12.25436667	481
12.26238333	486
12.27038333	481
12.27845	480
12.28643333	484
12.2944	479
12.30233333	478
12.31025	476
12.31816667	475
12.326	475
12.33381667	470
12.34165	469
12.34945	470
12.35723333	468
12.36503333	467
12.37276667	468
12.38038333	464
12.38803333	457
12.39566667	459
12.40336667	458
12.41098333	462
12.41861667	457
12.4263	458
12.434	461
12.44171667	462
12.44948333	463
12.45726667	466
12.4651	467
12.47295	470
12.48083333	471
12.48875	473
12.49663333	475
12.50443333	473
12.51226667	468
12.52008333	470
12.52775	469
12.53543333	460
12.5431	461
12.55071667	460
12.55828333	457
12.56583333	454
12.57338333	453
12.5809	453
12.5884	451
12.59591667	450
12.6034	451
12.61085	449
12.6183	447
12.62573333	447
12.63306667	446
12.64043333	440
12.64778333	442
12.65511667	441
12.66243333	440
12.66965	439
12.67685	433
12.68416667	432
12.69148333	439
12.6988	439
12.7061	439
12.71345	438
12.72081667	441
12.72806667	442
12.73535	435
12.74266667	437
12.74993333	439
12.75715	436
12.7644	433
12.77168333	435
12.77896667	437
12.7862	437
12.79338333	434
12.80053333	431
12.80776667	429
12.81498333	434
12.82211667	433
12.82928333	428
12.83651667	430
12.84376667	434
12.85105	435
12.85833333	437
12.86568333	437
12.87306667	441
12.88038333	443
12.88768333	439
12.89498333	438
12.90231667	438
12.90966667	440
12.91706667	441
12.92463333	444
12.93225	454
12.94	457
12.94785	465
12.95573333	471
12.96356667	473
12.97143333	470
12.97941667	472
12.98738333	479
12.99525	478
13.00311667	472
13.01091667	472
13.01873333	468
13.02655	469
13.03433333	469
13.04211667	467
13.0498	467
13.05745	461
13.06523333	459
13.07301667	467
13.08078333	467
13.08856667	466
13.09638333	467
13.10425	469
13.11215	472
13.12005	474
13.12786667	474
13.13578333	469
13.14373333	475
13.15158333	477
13.15935	471
13.16725	466
13.17506667	474
13.18281667	469
13.1905	465
13.19818333	461
13.20581667	461
13.21346667	458
13.22126667	459
13.22913333	468
13.23705	472
13.24505	475
13.25318333	480
13.26125	488
13.26923333	484
13.27711667	479
13.28501667	473
13.29296667	474
13.3009	477
13.30878333	476
13.31666667	473
13.3246	473
13.3325	476
13.34075	474
13.34888333	495
13.35708333	488
13.36558333	492
13.3745	510
13.38303333	535
13.39181667	512
13.40051667	527
13.40908333	522
13.418	514
13.42688333	535
13.43563333	533
13.44461667	525
13.45413333	539
13.4632	571
13.47195	544
13.48078333	525
13.48948333	530
13.49798333	522
13.50645	510
13.5146	508
13.52263333	489
13.53061667	482
13.53858333	479
13.54665	478
13.55471667	484
13.56278333	484
13.5709	484
13.57916667	487
13.58728333	496
13.59541667	487
13.60358333	488
13.61166667	490
13.61966667	485
13.6277	480
13.6357	482
13.64368333	480
13.65161667	479
13.65953333	476
13.66748333	475
13.67541667	477
13.6833	476
13.69118333	473
13.69915	473
13.70706667	478
13.71503333	475
13.7229	478
13.73081667	472
13.73878333	475
13.74683333	478
13.75491667	483
13.76306667	485
13.77136667	489
13.77968333	498
13.78801667	499
13.79635	500
13.80461667	500
13.81293333	496
13.8212	499
13.82945	496
13.83766667	495
13.84576667	493
13.85383333	486
13.86186667	484
13.86981667	482
13.87766667	477
13.88551667	471
13.89338333	471
13.90125	472
13.9091	472
13.91691667	471
13.92478333	469
13.93253333	472
13.94028333	465
13.94808333	465
13.95591667	468
13.96383333	470
13.97176667	475
13.97971667	476
13.98768333	477
13.99558333	478
14.00348333	474
14.0113	474
14.01925	469
14.0271	477
14.03485	471
14.0426	465
14.05036667	465
14.05808333	466
14.06573333	463
14.07345	459
14.08108333	463
14.0887	458
14.09633333	457
14.104	458
14.1117	460
14.11943333	462
14.12716667	464
14.1348	464
14.1424	458
14.15008333	456
14.15775	461
14.16526667	460
14.17285	451
14.18045	455
14.18811667	456
14.19586667	460
14.20363333	465
14.21148333	466
14.21943333	471
14.22743333	477
14.23538333	480
14.24338333	477
14.25148333	480
14.25955	486
14.2677	484
14.27583333	489
14.28405	488
14.29218333	493
14.30035	488
14.30845	490
14.31663333	486
14.32488333	491
14.33306667	495
14.34113333	491
14.34916667	484
14.35725	482
14.3653	485
14.37338333	483
14.38153333	485
14.38971667	489
14.39798333	491
14.40621667	496
14.41441667	494
14.42258333	492
14.43073333	490
14.43891667	489
14.44728333	491
14.45568333	502
14.46423333	504
14.47278333	513
14.48125	513
14.48968333	508
14.49811667	506
14.50651667	506
14.51476667	504
14.52301667	495
14.53126667	495
14.53956667	495
14.54798333	498
14.55653333	505
14.56551667	513
14.57443333	539
14.58323333	535
14.59178333	528
14.60015	513
14.60846667	502
14.61656667	499
14.62465	486
14.6327	485
14.64101667	483
14.6494	499
14.65778333	503
14.6662	503
14.67456667	505
14.68296667	502
14.69126667	504
14.69965	498
14.70798333	503
14.71616667	500
14.72426667	491
14.73236667	486
14.74041667	486
14.74838333	483
14.75616667	478
14.76393333	467
14.77178333	466
14.77956667	471
14.78733333	467
14.79505	466
14.80285	463
14.81063333	468
14.81833333	467
14.82608333	462
14.83385	465
14.8417	466
14.84953333	471
14.85733333	470
14.86513333	468
14.87305	468
14.88101667	475
14.88896667	478
14.89683333	477
14.90476667	472
14.91275	476
14.92076667	479
14.9288	481
14.93685	482
14.94485	483
14.95291667	480
14.96085	484
14.96886667	476
14.97683333	481
14.9849	478
14.993	484
15.00118333	486
15.00931667	491
15.01755	488
15.02585	494
15.03413333	498
15.04228333	497
15.05053333	489
15.05875	495
15.06701667	493
15.0752	496
15.08343333	491
15.09176667	494
15.10011667	500
15.10843333	501
15.11678333	499
15.12515	501
15.13356667	502
15.14203333	505
15.1505	508
15.15886667	508
15.16705	502
15.17518333	491
15.18328333	488
15.19141667	486
15.19958333	488
15.20763333	490
15.21575	483
15.22396667	487
15.23216667	493
15.24036667	492
15.24841667	492
15.2564	483
15.26431667	479
15.27225	475
15.28015	476
15.28795	474
15.2957	468
15.30348333	465
15.31128333	467
15.31906667	468
15.3269	467
15.33478333	470
15.34275	473
15.3507	478
15.3586	477
15.36653333	474
15.37448333	476
15.3825	477
15.39043333	481
15.39831667	476
15.40616667	473
15.41405	471
15.42203333	473
15.42998333	479
15.43785	477
15.44576667	472
15.45376667	475
15.46178333	480
15.46978333	481
15.4778	480
15.48586667	481
15.49405	484
15.5023	491
15.5106	495
15.51886667	498
15.52713333	496
15.53538333	496
15.54353333	495
15.55153333	489
15.55941667	480
15.5673	473
15.57523333	473
15.58308333	476
15.59093333	471
15.59875	471
15.60663333	469
15.61451667	473
15.62241667	473
15.63033333	474
15.6383	475
15.6464	478
15.6545	486
15.66258333	486
15.6707	485
15.67891667	487
15.6871	493
15.69523333	491
15.70338333	488
15.71161667	489
15.7198	494
15.7279	491
15.73605	486
15.74423333	489
15.75251667	491
15.76075	497
15.76903333	494
15.77736667	497
15.78563333	500
15.79395	496
15.80228333	499
15.81055	500
15.81871667	496
15.82693333	490
15.83518333	493
15.84338333	495
15.85161667	492
15.85973333	494
15.86785	487
15.87601667	487
15.88411667	490
15.89211667	486
15.9001	480
15.90816667	479
15.91618333	484
15.92411667	481
15.93211667	476
15.94016667	480
15.9482	483
15.95626667	482
15.96438333	484
15.9725	487
15.98056667	487
15.9886	484
15.99673333	482
16.00478333	488
16.01278333	483
16.0208	480
16.02886667	481
16.0369	484
16.04488333	482
16.05288333	479
16.06095	480
16.06903333	484
16.07703333	485
16.08506667	480
16.0931	482
16.1012	482
16.10928333	486
16.11746667	485
16.12561667	491
16.13368333	489
16.14175	484
16.1499	484
16.15801667	489
16.16608333	487
16.17413333	484
16.1823	483
16.19051667	490
16.19873333	493
16.20695	493
16.21523333	493
16.22353333	497
16.2317	498
16.23993333	490
16.24828333	494
16.25663333	501
16.26491667	501
16.27321667	497
16.28146667	498
16.28958333	495
16.2976	487
16.30565	481
16.31365	483
16.32161667	480
16.32955	478
16.33746667	476
16.34545	475
16.35343333	479
16.36135	479
16.36918333	475
16.37705	470
16.38493333	472
16.39275	473
16.40051667	469
16.40823333	466
16.41595	463
16.42366667	463
16.4314	463
16.43901667	464
16.44661667	457
16.45423333	456
16.46183333	457
16.4694	456
16.47705	454
16.48465	459
16.4923	456
16.49998333	459
16.50773333	461
16.5156	465
16.52348333	472
16.5314	473
16.53935	475
16.54741667	477
16.55541667	484
16.56341667	480
16.57145	480
16.57946667	482
16.5875	481
16.59565	482
16.60366667	489
16.61161667	481
16.61956667	477
16.62743333	477
16.63531667	472
16.64328333	473
16.65125	478
16.65933333	478
16.66743333	485
16.67551667	486
16.68368333	485
16.69185	490
16.70006667	490
16.70835	493
16.71658333	497
16.72481667	494
16.73311667	494
16.74136667	498
16.74965	495
16.75795	497
16.76623333	498
16.7745	497
16.78266667	496
16.79078333	490
16.7988	487
16.80688333	481
16.81498333	485
16.82301667	486
16.83106667	482
16.83916667	483
16.8472	486
16.85513333	482
16.86308333	476
16.87098333	477
16.87886667	474
16.88675	473
16.89466667	473
16.90263333	475
16.91063333	478
16.91851667	480
16.92648333	473
16.93451667	478
16.94256667	482
16.95061667	483
16.95875	483
16.96685	488
16.97496667	486
16.98313333	487
16.99136667	490
16.99956667	494
17.00766667	492
17.01583333	486
17.02393333	490
17.03201667	486
17.04	485
17.04803333	479
17.0561	482
17.06408333	484
17.072	479
17.07996667	475
17.08795	478
17.09595	479
17.10381667	480
17.11178333	472
17.11986667	478
17.12778333	485
17.13561667	475
17.14355	470
17.15141667	476
17.15928333	472
17.1672	472
17.17501667	475
17.18275	469
17.19055	464
17.19835	468
17.20611667	468
17.2138	466
17.2215	461
17.22918333	462
17.23688333	461
17.24466667	462
17.25245	467
17.26026667	467
17.26815	469
17.27603333	473
17.2839	473
17.29176667	472
17.29963333	472
17.30755	472
17.31541667	475
17.32328333	472
17.3312	472
17.3391	475
17.34686667	474
17.3546	466
17.36236667	464
17.37015	466
17.37785	467
17.38555	462
17.39326667	462
17.40103333	463
17.40883333	466
17.4166	468
17.42426667	466
17.43198333	460
17.43981667	463
17.4477	470
17.45551667	473
17.4634	469
17.47133333	473
17.47916667	476
17.48693333	470
17.4947	466
17.50256667	466
17.51041667	472
17.51821667	471
17.526	468
17.53371667	467
17.54136667	463
17.54898333	459
17.55668333	457
17.56433333	462
17.57193333	459
17.57955	456
17.58711667	457
17.5948	454
17.6024	461
17.61	456
17.61756667	456
17.6252	454
17.63278333	458
17.64038333	455
17.64801667	456
17.65573333	458
17.66343333	463
17.67116667	462
17.67895	464
17.6868	467
17.69476667	471
17.70276667	478
17.71076667	480
17.7188	480
17.72693333	482
17.73501667	488
17.74303333	485
17.75098333	481
17.759	477
17.76695	481
17.775	477
17.78293333	483
17.791	476
17.79905	484
17.80703333	483
17.81495	479
17.82286667	475
17.83078333	475
17.8387	475
17.84655	475
17.85433333	471
17.86221667	467
17.87011667	473
17.8781	474
17.88606667	479
17.89408333	478
17.90211667	481
17.9101	482
17.91808333	479
17.92606667	479
17.93411667	479
17.94215	483
17.95026667	482
17.95851667	487
17.96693333	495
17.97533333	505
17.98385	504
17.99253333	511
18.00121667	521
18.0099	521
18.0187	521
18.02745	528
18.03611667	525
18.04476667	520
18.05336667	519
18.06185	516
18.07033333	509
18.07885	509
18.08728333	511
18.0958	506
18.10415	511
18.11255	501
18.12106667	504
18.12955	511
18.13813333	509
18.14656667	515
18.15496667	506
18.16335	504
18.17171667	503
18.17995	502
18.18803333	494
18.19615	485
18.2043	487
18.21236667	489
18.22038333	484
18.22826667	481
18.23616667	473
18.244	474
18.25181667	470
18.2596	469
18.26738333	467
18.27518333	467
18.28293333	468
18.2907	465
18.29848333	466
18.30635	467
18.31416667	472
18.322	469
18.32983333	470
18.33775	470
18.3457	475
18.35365	477
18.36168333	477
18.36965	482
18.37765	478
18.3857	480
18.3938	483
18.40186667	486
18.40983333	484
18.41776667	478
18.42563333	476
18.4336	472
18.44146667	478
18.44933333	472
18.45716667	472
18.46503333	470
18.47293333	472
18.4808	474
18.48848333	472
18.49616667	461
18.50386667	461
18.51155	462
18.51925	461
18.52701667	462
18.5348	466
18.54266667	467
18.55046667	472
18.55826667	468
18.56611667	468
18.574	471
18.58183333	473
18.5897	470
18.5976	472
18.60553333	474
18.61346667	476
18.62131667	476
18.62918333	471
18.63705	472
18.64491667	472
18.65283333	472
18.66063333	475
18.66841667	468
18.67621667	467
18.6841	468
18.69195	473
18.6997	471
18.70751667	465
18.71531667	469
18.72305	468
18.73088333	464
18.73868333	470
18.74641667	468
18.75418333	464
18.76196667	466
18.76966667	467
18.77735	462
18.7851	461
18.79286667	465
18.80068333	466
18.80855	469
18.81636667	472
18.82413333	469
18.83193333	466
18.83965	468
18.84741667	463
18.8552	466
18.86298333	467
18.87076667	467
18.87858333	467
18.88638333	469
18.8941	468
18.90183333	463
18.90956667	464
18.91703333	464
18.92456667	448
18.93203333	452
18.93948333	448
18.94685	447
18.9542	442
18.96161667	441
18.96895	445
18.97623333	440
18.9835	437
18.99071667	436
18.99783333	433
19.00496667	427
19.01221667	428
19.0194	435
19.0266	431
19.03381667	432
19.0411	433
19.04838333	437
19.05566667	437
19.06303333	437
19.07048333	442
19.07796667	447
19.08548333	449
19.09321667	451
19.10096667	464
19.10873333	465
19.11648333	466
19.12431667	465
19.13225	470
19.14011667	476
19.14786667	472
19.1557	465
19.16356667	470
19.1714	472
19.17925	470
19.18716667	471
19.19511667	475
19.20278333	477
19.21053333	460
19.21828333	465
19.22605	465
19.23373333	466
19.24143333	461
19.24921667	462
19.2569	467
19.26456667	461
19.27228333	460
19.28003333	463
19.2877	465
19.29545	460
19.30326667	465
19.31108333	469
19.31893333	469
19.32665	471
19.33436667	463
19.3421	463
19.34975	464
19.35745	459
19.36523333	462
19.37306667	467
19.38075	470
19.38831667	461
19.39593333	454
19.4036	457
19.41133333	460
19.41896667	464
19.42663333	458
19.43438333	460
19.44215	465
19.44993333	466
19.45785	467
19.46601667	475
19.47425	490
19.4823	494
19.49036667	483
19.49848333	484
19.50658333	487
19.51463333	486
19.52276667	483
19.53088333	488
19.5389	487
19.54703333	481
19.55513333	488
19.56333333	486
19.57143333	492
19.57956667	486
19.58768333	488
19.59581667	487
19.60385	488
19.61186667	482
19.61986667	481
19.62783333	480
19.63585	478
19.64368333	481
19.65155	470
19.65945	472
19.66733333	474
19.67528333	473
19.68336667	477
19.69156667	485
19.69966667	492
19.70771667	486
19.71568333	483
19.72366667	478
19.73168333	479
19.7397	481
19.74758333	481
19.75541667	473
19.76325	470
19.77106667	470
19.77878333	469
19.7865	463
19.79426667	463
19.80203333	466
19.8098	466
19.81753333	466
19.8253	464
19.83301667	466
19.84078333	463
19.84858333	466
19.85638333	468
19.86415	468
19.872	466
19.8799	471
19.88785	474
19.89568333	477
19.90361667	470
19.91156667	476
19.91948333	477
19.92745	475
19.93555	478
19.94371667	486
19.95188333	490
19.95978333	490
19.9678	474
19.97575	481
19.98368333	477
19.99155	476
19.99946667	472
20.00738333	475
20.01523333	475
20.0231	471
20.03098333	472
20.03895	473
20.0469	478
20.05496667	477
20.06313333	484
20.07151667	490
20.07986667	503
20.08823333	501
20.09655	502
20.10488333	499
20.1132	500
20.12135	499
20.12948333	489
20.13756667	488
20.14576667	485
20.154	492
20.16228333	494
20.17075	497
20.17941667	508
20.18835	520
20.19718333	536
20.20578333	530
20.21445	516
20.22358333	520
20.23325	548
20.24261667	580
20.25191667	562
20.26171667	558
20.27166667	588
20.28153333	597
20.29128333	592
20.3009	585
20.31048333	577
20.31995	575
20.32923333	568
20.3386	557
20.34818333	562
20.35763333	575
20.36698333	567
20.37636667	561
20.38603333	563
20.39578333	580
20.40598333	585
20.41691667	612
20.42785	656
20.43838333	656
20.44931667	632
20.46058333	656
20.47108333	676
20.48088333	630
20.49046667	588
20.50016667	575
20.50995	582
20.51958333	587
20.52901667	578
20.53813333	566
20.54738333	547
20.55728333	555
20.56783333	594
20.57801667	633
20.5878	611
20.59753333	587
20.6074	584
20.61785	592
20.6281	627
20.63803333	615
20.64803333	596
20.65828333	600
20.66981667	615
20.68188333	692
20.69276667	724
20.70343333	653
20.71461667	640
20.72618333	671
20.7379	694
20.74841667	703
20.75898333	631
20.76988333	634
20.78128333	654
20.79246667	684
20.8049	671
20.81926667	746
20.83231667	862
20.84621667	783
20.85955	834
20.87096667	800
20.88273333	685
20.89548333	706
20.90793333	765
20.92031667	747
20.9328	743
20.9442	749
20.95535	684
20.96698333	669
20.97811667	698
20.98795	668
20.99796667	590
21.00845	601
21.0209	629
21.0361	747
21.04975	912
21.06311667	819
21.07503333	802
21.0861	715
21.09728333	664
21.10813333	671
21.1199	651
21.13225	706
21.14456667	741
21.15833333	739
21.17296667	826
21.18585	878
21.19955	773
21.21301667	822
21.22501667	808
21.2367	720
21.24865	701
21.26103333	717
21.2745	743
21.28823333	808
21.30226667	824
21.31513333	842
21.32821667	772
21.34163333	785
21.3553	805
21.36715	820
21.3794	711
21.39088333	735
21.40238333	689
21.41506667	690
21.4287	761
21.44143333	818
21.4542	764
21.46878333	766
21.48316667	875
21.4967	863
21.51148333	812
21.52521667	887
21.53786667	824
21.5511	759
21.56466667	794
21.57798333	814
21.59215	799
21.60693333	850
21.61955	887
21.63178333	757
21.64281667	734
21.65363333	662
21.66605	649
21.68215	745
21.69751667	966
21.71198333	922
21.72693333	868
21.74213333	897
21.7555	912
21.76961667	802
21.7846	847
21.7996	899
21.81441667	900
21.82821667	889
21.84181667	828
21.85541667	816
21.87073333	816
21.8873	919
21.90221667	994
21.91426667	895
21.92611667	723
21.93801667	711
21.94905	714
21.96211667	662
21.9791	784
21.99411667	1019
22.00993333	901
22.02488333	949
22.03976667	897
22.05435	893
22.06856667	875
22.08411667	853
22.0997	933
22.11378333	935
22.12785	845
22.14423333	844
22.15843333	983
22.17346667	852
22.18925	902
22.20358333	947
22.21651667	860
22.22995	776
22.24666667	806
22.26371667	1003
22.27923333	1023
22.29273333	931
22.30661667	810
22.3217	833
22.33748333	905
22.3521	947
22.36503333	877
22.37715	776
22.38955	727
22.4074	744
22.42425	1071
22.43751667	1011
22.4494	796
22.46195	713
22.47868333	753
22.49523333	1004
22.51048333	993
22.52308333	915
22.53471667	756
22.5465	698
22.56068333	707
22.5775	851
22.59398333	1009
22.60823333	989
22.62125	855
22.63453333	781
22.64925	797
22.66318333	883
22.67818333	836
22.69353333	900
22.70818333	921
22.72166667	879
22.73538333	809
22.7498	823
22.76406667	865
22.77795	856
22.79096667	833
22.80211667	781
22.81306667	669
22.82408333	657
22.84096667	661
22.85785	1013
22.87498333	1013
22.89126667	1028
22.90673333	977
22.92188333	928
22.93696667	909
22.95121667	905
22.96305	855
22.97518333	710
22.98736667	728
22.99883333	731
23.01063333	688
23.02655	708
23.04213333	955
23.05636667	935
23.07196667	854
23.08816667	936
23.10211667	972
23.11628333	837
23.129	850
23.14016667	763
23.15191667	670
23.16958333	705
23.18613333	1060
23.2014	993
23.21638333	916
23.23158333	899
23.2471	912
23.26191667	931
23.27516667	889
23.28715	795
23.29873333	719
23.31163333	695
23.327	774
23.3408	922
23.35496667	828
23.37136667	850
23.38693333	984
23.4025	934
23.4172	934
23.43218333	882
23.44735	899
23.46293333	910
23.47755	935
23.49258333	877
23.5074	902
23.52206667	889
23.53861667	880
23.55358333	993
23.56718333	898
23.58171667	816
23.59613333	872
23.60998333	865
23.62428333	831
23.64018333	858
23.65608333	954
23.67078333	954
23.68545	882
23.70086667	880
23.71518333	925
23.72978333	859
23.74481667	876
23.75898333	902
23.77346667	850
23.78778333	869
23.8005	859
23.81288333	763
23.82665	743
23.84155	826
23.85665	894
23.87216667	906
23.88641667	931
23.89951667	855
23.91411667	786
23.92973333	876
23.94413333	937
23.96	864
23.97645	952
23.99148333	987
24.00761667	902
24.0246	968
24.04065	1019
24.05638333	963
24.073	944
24.0877	997
24.10256667	882
24.11845	892
24.13366667	953
24.14753333	913
24.16246667	832
24.17741667	896
24.19026667	897
24.20301667	771
24.21965	765
24.23743333	998
24.25305	1067
24.26696667	937
24.2817	835
24.29658333	884
24.31035	893
24.32565	826
24.34215	918
24.35836667	990
24.37341667	973
24.38878333	903
24.40393333	922
24.41823333	909
24.43308333	858
24.44978333	891
24.4666	1002
24.48223333	1009
24.49843333	938
24.5145	972
24.52988333	964
24.54591667	923
24.56236667	962
24.5783	987
24.59456667	956
24.61163333	976
24.62785	1024
24.64358333	973
24.66005	944
24.6769	988
24.69241667	1011
24.70793333	931
24.72403333	931
24.7399	966
24.75638333	952
24.77343333	989
24.78988333	1023
24.80525	987
24.81888333	922
24.83341667	818
24.85025	872
24.8663	1010
24.8828	963
24.89926667	990
24.91495	988
24.93205	941
24.94933333	1026
24.96478333	1037
24.98083333	927
24.99743333	963
25.01341667	996
25.03035	959
25.0469	1016
25.063	993
25.07958333	966
25.09641667	995
25.11156667	1010
25.12765	909
25.14403333	965
25.15853333	983
25.17218333	870
25.18648333	819
25.20125	858
25.2149	886
25.22688333	819
25.23848333	719
25.24956667	696
25.26171667	665
25.27656667	729
25.29026667	891
25.30363333	822
25.31741667	802
25.33088333	827
25.34356667	808
25.35698333	761
25.37116667	805
25.38385	851
25.3963	761
25.40975	747
25.42506667	807
25.44016667	919
25.45486667	906
25.46853333	882
25.48243333	820
25.49698333	834
25.51176667	873
25.52486667	887
25.53926667	786
25.55448333	864
25.56956667	913
25.58531667	905
25.60116667	945
25.617	951
25.63351667	950
25.64946667	991
25.66396667	957
25.67983333	870
25.69685	952
25.71278333	1021
25.72766667	956
25.74336667	893
25.75981667	942
25.7743	987
25.78911667	869
25.80498333	889
25.82078333	952
25.835	948
25.84901667	853
25.86428333	841
25.88013333	916
25.89615	951
25.91293333	961
25.92946667	1007
25.94423333	992
25.9579	886
25.97343333	820
25.99118333	932
26.00806667	1065
26.02248333	1013
26.03745	865
26.05431667	898
26.07153333	1012
26.08753333	1033
26.10351667	960
26.11996667	959
26.13586667	987
26.15118333	954
26.1673	919
26.18348333	967
26.19843333	971
26.2125	897
26.22708333	844
26.24225	875
26.25733333	910
26.27298333	905
26.28861667	939
26.30485	938
26.32145	974
26.33761667	996
26.35415	970
26.37048333	992
26.38505	980
26.3996	874
26.4157	873
26.43178333	966
26.44728333	965
26.4634	930
26.47948333	967
26.49393333	965
26.50943333	867
26.52635	930
26.54255	1015
26.55846667	972
26.57438333	955
26.58963333	955
26.60323333	915
26.61705	816
26.6327	829
26.64916667	939
26.66488333	988
26.68105	943
26.69736667	970
26.71196667	979
26.7254	876
26.73913333	806
26.75421667	824
26.76996667	905
26.78658333	945
26.8021	997
26.81738333	931
26.83301667	917
26.84903333	938
26.86508333	961
26.88036667	963
26.89476667	917
26.90986667	864
26.92568333	906
26.94185	949
26.95743333	970
26.97321667	935
26.98773333	947
27.00205	871
27.01551667	859
27.03063333	808
27.04675	907
27.06193333	967
27.07741667	911
27.09378333	929
27.11006667	982
27.12493333	977
27.1405	892
27.15665	934
27.17293333	969
27.18821667	977
27.20546667	917
27.22345	1035
27.24173333	1079
27.25863333	1097
27.27586667	1014
27.2931	1034
27.30956667	1034
27.3257	988
27.34206667	968
27.35765	982
27.37095	935
27.38463333	798
27.39975	821
27.41605	907
27.4326	978
27.44996667	993
27.46608333	1042
27.48196667	967
27.49571667	953
27.50875	825
27.5236	782
27.54118333	891
27.55816667	1055
27.57381667	1019
27.58993333	939
27.60506667	967
27.62108333	908
27.63775	961
27.65431667	1000
27.66991667	994
27.68593333	936
27.70093333	961
27.71525	900
27.72958333	859
27.74555	860
27.76041667	958
27.77611667	892
27.79218333	942
27.8082	964
27.82395	961
27.8383	945
27.8522	861
27.86701667	834
27.88273333	889
27.89836667	943
27.9136	938
27.92873333	914
27.9438	908
27.95793333	904
27.97156667	848
27.98651667	818
28.00098333	897
28.01366667	868
28.02671667	761
28.03808333	783
28.05021667	682
28.06176667	728
28.07388333	693
28.08555	727
28.09665	700
28.10845	666
28.12048333	708
28.13218333	722
28.14333333	702
28.15498333	669
28.16708333	699
28.17968333	726
28.19161667	756
28.20381667	716
28.21581667	732
28.22718333	720
28.23806667	682
28.2492	653
28.26091667	668
28.27321667	703
28.28501667	738
28.29758333	708
28.3115	754
28.32526667	835
28.33861667	826
28.35338333	801
28.36873333	886
28.3827	921
28.39701667	838
28.41083333	859
28.42295	829
28.43476667	727
28.44635	709
28.45998333	695
28.47258333	818
28.49101667	756
28.5093	1106
28.52595	1097
28.54095	999
28.55613333	900
28.57113333	911
28.58456667	900
28.59771667	806
28.61313333	789
28.62983333	925
28.64405	1002
28.65901667	853
28.67401667	898
28.69001667	900
28.70583333	960
28.71993333	949
28.73335	846
28.74653333	805
28.7604	791
28.77541667	832
28.79185	901
28.80836667	986
28.82366667	991
28.8391	918
28.85546667	926
28.87183333	982
28.88788333	982
28.90266667	963
28.91683333	887
28.93198333	850
28.94763333	909
28.9615	939
28.97545	832
28.99071667	837
29.00588333	916
29.02088333	910
29.03543333	900
29.04923333	873
29.064	828
29.07995	886
29.09375	957
29.10721667	828
29.12203333	808
29.13855	889
29.15556667	991
29.1726	1021
29.1875	1022
29.20258333	894
29.21803333	905
29.23445	927
29.2514	985
29.26818333	1017
29.28398333	1007
29.29858333	948
29.31328333	876
29.3268	882
29.34115	811
29.3571	861
29.37361667	957
29.38991667	991
29.40536667	978
29.41951667	927
29.43316667	849
29.44501667	819
29.45695	711
29.46913333	716
29.48348333	731
29.50155	861
29.51636667	1084
29.52998333	889
29.5423	817
29.56031667	739
29.57785	1081
29.59331667	1052
29.60868333	928
29.62456667	922
29.63986667	953
29.65458333	918
29.67011667	883
29.68641667	932
29.70181667	978
29.7183	924
29.7341	989
29.74878333	948
29.76518333	881
29.78113333	984
29.79671667	957
29.8139	935
29.82878333	1031
29.84468333	893
29.86055	954
29.87555	952
29.89103333	900
29.9067	929
29.92178333	940
29.9379	905
29.9538	967
29.97035	954
29.98716667	993
30.00365	1009
30.0185	989
30.03393333	891
30.05066667	926
30.06793333	1004
30.08368333	1036
30.09958333	945
30.11625	954
30.13235	1000
30.1484	966
30.16503333	963
30.18073333	998
30.19533333	942
30.2111	876
30.2279	946
30.24423333	1008
30.25923333	980
30.27461667	900
30.28968333	923
30.30626667	904
30.32336667	995
30.33906667	1026
30.35541667	942
30.37195	981
30.38836667	992
30.40473333	985
30.42151667	982
30.4379	1007
30.45466667	983
30.47096667	1006
30.48646667	978
30.5031	930
30.52051667	998
30.53688333	1045
30.55421667	982
30.57163333	1040
30.58816667	1045
30.60543333	992
30.62068333	1036
30.6363	915
30.65111667	937
30.66596667	889
30.68156667	891
30.69725	936
30.7119	941
30.72595	879
30.7392	843
30.75283333	795
30.7668	818
30.78145	838
30.79621667	879
30.81138333	886
30.82678333	910
30.84191667	924
30.85673333	908
30.87206667	889
30.88786667	920
30.9029	948
30.91623333	902
30.93046667	800
30.9456	854
30.96018333	908
30.97505	875
30.9878	892
31.0015	765
31.01768333	822
31.03288333	971
31.04785	912
31.06275	898
31.07753333	894
31.09218333	887
31.10651667	879
31.12085	860
31.13508333	860
31.14878333	854
31.16215	822
31.17555	802
31.18761667	804
31.20023333	724
31.21358333	757
31.22833333	801
31.24283333	885
31.25673333	870
31.26871667	834
31.28058333	719
31.29311667	712
31.30673333	752
31.32093333	817
31.33496667	852
31.34965	842
31.3636	881
31.37843333	837
31.39353333	890
31.40613333	906
31.41975	756
31.43546667	817
31.4532	943
31.47051667	1064
31.48611667	1039
31.4996	936
31.51271667	809
31.52556667	787
31.53763333	771
31.55051667	724
31.5635	773
31.5769	779
31.59161667	804
31.60691667	883
31.62203333	918
31.63661667	907
31.65026667	875
31.66318333	819
31.6755	775
31.68715	739
31.69921667	699
31.71193333	724
31.72471667	763
31.73666667	767
31.74898333	717
31.76086667	739
31.77241667	713
31.78633333	693
31.80241667	835
31.8191	965
31.83285	1001
31.84596667	825
31.85951667	787
31.87285	813
31.88678333	800
31.90058333	836
31.91313333	828
31.92495	753
31.93718333	709
31.95378333	734
31.96865	996
31.98261667	892
31.99701667	838
