0.012683333	761
0.026066667	803
0.040183333	847
0.0536	805
0.066533333	776
0.080566667	842
0.09465	845
0.107533333	773
0.121333333	828
0.135716667	863
0.1495	827
0.162933333	806
0.177416667	869
0.191816667	864
0.206116667	858
0.219716667	816
0.232416667	762
0.245566667	789
0.258783333	793
0.270866667	725
0.284266667	804
0.29755	797
0.310016667	748
0.32365	818
0.337433333	827
0.350716667	797
0.363033333	739
0.376466667	806
0.390016667	813
0.402333333	739
0.41545	787
0.429066667	817
0.442666667	816
0.455083333	745
0.469083333	840
0.48345	862
0.4972	825
0.509916667	763
0.523316667	804
0.537266667	837
0.550333333	784
0.5646	856
0.579016667	865
0.592883333	832
0.606383333	810
0.620883333	870
0.635283333	864
0.648183333	774
0.662283333	846
0.67635	844
0.690083333	824
0.703966667	833
0.718433333	868
0.733033333	876
0.7467	820
0.761116667	865
0.775116667	840
0.787783333	760
0.801416667	818
0.815183333	826
0.8291	835
0.84195	771
0.8559	837
0.869766667	832
0.8828	782
0.896216667	805
0.909483333	796
0.922133333	759
0.934316667	731
0.947483333	790
0.960866667	803
0.97385	779
0.986716667	772
1.000516667	828
1.0142	821
1.026733333	752
1.039833333	786
1.053066667	794
1.066	776
1.07785	711
1.0904	753
1.103566667	790
1.11695	803
1.129333333	743
1.142883333	813
1.156716667	830
1.170266667	813
1.182633333	742
1.196083333	807
1.20955	808
1.222766667	793
1.234766667	720
1.247683333	775
1.2611	805
1.27455	807
1.286316667	706
1.299016667	762
1.312116667	786
1.3251	779
1.337333333	734
1.351083333	825
1.365083333	840
1.37895	832
1.392333333	803
1.40635	841
1.4193	777
1.432283333	779
1.4459	817
1.460266667	862
1.4747	866
1.488133333	806
1.501283333	789
1.515116667	830
1.52915	842
1.542933333	827
1.5561	790
1.570966667	892
1.58565	881
1.599016667	802
1.611983333	778
1.626766667	887
1.640733333	838
1.653733333	780
1.6676	832
1.681016667	805
1.694683333	820
1.707083333	744
1.720133333	783
1.732916667	767
1.7446	701
1.756416667	709
1.769033333	757
1.781733333	762
1.7936	712
1.80625	759
1.819216667	778
1.833383333	850
1.8478	865
1.861816667	841
1.875483333	820
1.8892	823
1.902733333	812
1.916216667	809
1.929666667	807
1.943016667	801
1.9572	851
1.971166667	838
1.984433333	796
1.997116667	761
2.010383333	796
2.0227	739
2.034483333	707
2.0465	721
2.058483333	719
2.072216667	824
2.086216667	840
2.098533333	739
2.111583333	783
2.124816667	794
2.138133333	799
2.151583333	807
2.164483333	774
2.178383333	834
2.192616667	854
2.2068	851
2.219266667	748
2.232866667	816
2.2476	884
2.262216667	877
2.27625	842
2.291616667	922
2.307016667	924
2.3209	833
2.335916667	901
2.350983333	904
2.3642	793
2.377066667	772
2.391016667	837
2.4053	857
2.41945	849
2.4325	783
2.446733333	854
2.46105	859
2.474333333	797
2.48935	901
2.504316667	898
2.517566667	795
2.5304	770
2.544416667	841
2.558066667	819
2.570583333	751
2.58325	760
2.596966667	823
2.6104	806
2.6231	762
2.637183333	845
2.651216667	842
2.664333333	787
2.67755	793
2.6914	831
2.705133333	824
2.717533333	744
2.731366667	830
2.745366667	840
2.759283333	835
2.772783333	810
2.787316667	872
2.80175	866
2.8152	807
2.82855	801
2.842633333	845
2.85695	859
2.870483333	812
2.883633333	789
2.898233333	876
2.9131	892
2.927366667	856
2.940833333	808
2.95555	883
2.97005	870
2.982933333	773
2.997016667	845
3.0116	875
3.02475	789
3.037233333	749
3.051733333	870
3.0666	892
3.080883333	857
3.093866667	779
3.108116667	855
3.1227	875
3.136733333	842
3.150116667	803
3.1645	863
3.179016667	871
3.1929	833
3.2069	840
3.221233333	860
3.235383333	849
3.2484	781
3.262	816
3.276466667	868
3.29075	857
3.3037	777
3.317383333	821
3.331183333	828
3.343766667	755
3.356083333	739
3.36955	808
3.382933333	803
3.395616667	761
3.407383333	706
3.420116667	764
3.432766667	759
3.44405	677
3.455233333	671
3.467083333	711
3.479333333	735
3.491033333	702
3.5028	706
3.514916667	727
3.526966667	723
3.53845	689
3.5494	657
3.56045	663
3.571566667	667
3.583733333	730
3.5965	766
3.608833333	740
3.620433333	696
3.632883333	747
3.64525	742
3.65775	750
3.670166667	745
3.68155	683
3.692633333	665
3.703466667	650
3.715516667	723
3.729116667	816
3.7428	821
3.75665	831
3.770766667	847
3.78395	791
3.797716667	826
3.811633333	835
3.825683333	843
3.83945	826
3.852483333	782
3.8653	769
3.8779	756
3.89065	765
3.903216667	754
3.916166667	777
3.927666667	690
3.94085	791
3.955833333	899
3.9696	826
3.983283333	821
3.997166667	833
4.012116667	897
4.025433333	799
4.039283333	831
4.05355	856
4.067316667	826
4.080516667	792
4.094633333	847
4.108666667	842
4.121866667	792
4.135883333	841
4.15	847
4.163266667	796
4.176833333	814
4.191733333	894
4.206433333	882
4.219566667	788
4.232766667	792
4.246633333	832
4.2605	832
4.273283333	767
4.2868	811
4.299916667	787
4.312816667	774
4.324916667	726
4.337316667	744
4.35015	770
4.361916667	706
4.37425	740
4.387766667	811
4.401466667	822
4.414366667	774
4.4271	764
4.440683333	815
4.454316667	818
4.467283333	778
4.4799	757
4.491833333	716
4.504133333	738
4.516816667	761
4.52855	704
4.54205	810
4.555783333	824
4.570133333	861
4.583116667	779
4.5966	809
4.609866667	796
4.623016667	789
4.634866667	711
4.648033333	790
4.661516667	809
4.675233333	823
4.68775	751
4.701466667	823
4.715783333	859
4.728683333	774
4.741266667	755
4.755433333	850
4.76965	853
4.783183333	812
4.795266667	725
4.80845	791
4.821483333	782
4.833783333	738
4.846233333	747
4.859583333	801
4.8733	823
4.885966667	760
4.899616667	819
4.913583333	838
4.926266667	761
4.93805	707
4.950583333	752
4.963483333	774
4.977233333	825
4.990033333	768
5.003766667	824
5.01785	845
5.0313	807
5.04325	717
5.056	765
5.068816667	769
5.082133333	799
5.093883333	705
5.106683333	768
5.120533333	831
5.134233333	822
5.146533333	738
5.159766667	794
5.173783333	841
5.187383333	816
5.199366667	719
5.212133333	766
5.224933333	768
5.238433333	810
5.2512	766
5.265066667	832
5.2795	866
5.293383333	833
5.306583333	792
5.320833333	855
5.335083333	855
5.3477	757
5.360466667	766
5.3743	830
5.38805	825
5.4002	729
5.413283333	785
5.427383333	846
5.441216667	830
5.45395	764
5.467666667	823
5.481383333	823
5.494816667	806
5.506583333	706
5.518283333	702
5.531383333	786
5.545183333	828
5.559416667	854
5.57245	782
5.584883333	746
5.598533333	819
5.61235	829
5.626366667	841
5.63935	779
5.65335	840
5.667733333	863
5.68125	811
5.6932	717
5.706633333	806
5.720033333	804
5.73255	751
5.744033333	689
5.7562	730
5.7693	786
5.78265	801
5.794516667	712
5.807133333	757
5.820316667	791
5.8338	809
5.846266667	748
5.8582	716
5.87085	759
5.883683333	770
5.896666667	779
5.909816667	789
5.921916667	726
5.934466667	753
5.947916667	807
5.961866667	837
5.976166667	858
5.990333333	850
6.003183333	771
6.017566667	863
6.0322	878
6.0469	882
6.0599	780
6.074033333	848
6.088733333	882
6.1032	868
6.116766667	814
6.13095	851
6.145066667	847
6.158216667	789
6.1707	749
6.183416667	763
6.1968	803
6.20945	759
6.223	813
6.2372	852
6.251533333	860
6.2647	790
6.278516667	829
6.29245	836
6.30575	798
6.319133333	803
6.3331	838
6.347283333	851
6.360283333	780
6.37425	838
6.388766667	871
6.403433333	880
6.416583333	789
6.4296	781
6.443316667	823
6.45735	842
6.470833333	809
6.484066667	794
6.498016667	837
6.512183333	850
6.525516667	800
6.539216667	822
6.55335	848
6.567166667	829
6.580816667	819
6.594666667	831
6.60805	803
6.62045	744
6.634016667	814
6.647666667	819
6.6612	812
6.674	768
6.687683333	821
6.701233333	813
6.713716667	749
6.726716667	780
6.739483333	766
6.752233333	765
6.76405	709
6.776833333	767
6.7901	796
6.802333333	734
6.814083333	705
6.827583333	810
6.841083333	810
6.855066667	839
6.867733333	760
6.880666667	776
6.894133333	808
6.9075	802
6.920316667	769
6.93205	704
6.943883333	710
6.957116667	794
6.9707	815
6.984233333	812
6.99635	727
7.008533333	731
7.02125	763
7.035	825
7.0486	816
7.062266667	820
7.074466667	732
7.085833333	682
7.097483333	699
7.109783333	738
7.12415	862
7.139316667	910
7.153316667	840
7.168166667	891
7.18435	971
7.199866667	931
7.2154	932
7.230483333	905
7.243916667	806
7.257816667	834
7.271916667	846
7.28605	848
7.297916667	712
7.3117	827
7.32505	801
7.337466667	745
7.351016667	813
7.3654	863
7.378133333	764
7.392716667	875
7.407216667	870
7.4217	869
7.436483333	887
7.449716667	794
7.463583333	832
7.476916667	800
7.489766667	771
7.503216667	807
7.51675	812
7.52955	768
7.543016667	808
7.556766667	825
7.5695	764
7.583283333	827
7.597016667	824
7.610033333	781
7.623283333	795
7.635583333	738
7.648083333	750
7.6607	757
7.6722	690
7.68575	813
7.699233333	809
7.711766667	752
7.7248	782
7.7384	816
7.7523	834
7.76585	813
7.779533333	821
7.792783333	795
7.805666667	773
7.818933333	796
7.832	784
7.845416667	805
7.858766667	801
7.871316667	753
7.884466667	789
7.897266667	768
7.909133333	712
7.921866667	764
7.934583333	763
7.946433333	711
7.95885	745
7.971733333	773
7.9841	742
7.997433333	800
8.010916667	809
8.02335	746
8.036466667	787
8.04895	749
8.0604	687
8.071766667	682
8.084216667	747
8.096266667	723
8.107783333	691
8.120733333	777
8.133683333	777
8.146066667	743
8.1592	788
8.172966667	826
8.186433333	808
8.199066667	758
8.212866667	828
8.226933333	844
8.239566667	758
8.2534	830
8.267016667	817
8.279283333	736
8.292666667	803
8.306133333	808
8.318516667	743
8.331716667	792
8.344633333	775
8.357	742
8.369483333	749
8.3819	745
8.394566667	760
8.40625	701
8.418783333	752
8.430183333	684
8.44105	652
8.45185	648
8.462866667	661
8.47525	743
8.486383333	668
8.49855	730
8.511566667	781
8.524716667	789
8.537766667	783
8.551633333	832
8.565383333	825
8.577533333	729
8.590183333	759
8.602733333	753
8.615433333	762
8.6273	712
8.640233333	776
8.65425	841
8.666766667	751
8.680833333	844
8.694833333	840
8.7074	754
8.720866667	808
8.734716667	831
8.747366667	759
8.760366667	780
8.7733	776
8.786033333	764
8.79855	751
8.8121	813
8.825733333	818
8.838166667	746
8.851916667	825
8.86605	848
8.87905	780
8.89215	786
8.905566667	805
8.918933333	802
8.931333333	744
8.94475	805
8.959116667	862
8.971683333	754
8.98495	796
8.998266667	799
9.0106	740
9.02365	783
9.036916667	796
9.050333333	805
9.06285	751
9.076816667	838
9.09005	794
9.102566667	751
9.11515	755
9.12805	774
9.140566667	751
9.153433333	772
9.166283333	771
9.178366667	725
9.190783333	745
9.203016667	734
9.2148	707
9.225666667	652
9.236216667	633
9.246616667	624
9.257283333	640
9.270116667	770
9.28305	776
9.29585	768
9.308633333	767
9.32225	817
9.335766667	811
9.3489	788
9.3612	738
9.373516667	739
9.385866667	741
9.3974	692
9.408666667	676
9.420733333	724
9.432466667	704
9.443283333	649
9.455866667	755
9.468316667	747
9.479316667	660
9.49095	698
9.502866667	715
9.514466667	696
9.52535	653
9.536283333	656
9.547466667	671
9.558883333	685
9.56965	646
9.580333333	641
9.591116667	647
9.601666667	633
9.611983333	619
9.622266667	617
9.632466667	612
9.642816667	621
9.652716667	594
9.66275	602
9.672833333	605
9.683183333	621
9.693133333	597
9.7034	616
9.714	636
9.724333333	620
9.734616667	617
9.745433333	649
9.756183333	645
9.766466667	617
9.77705	635
9.787666667	637
9.79785	611
9.808166667	619
9.81865	629
9.829166667	631
9.839366667	612
9.8499	632
9.860516667	637
9.870683333	610
9.88095	616
9.891433333	629
9.902	634
9.912166667	610
9.922833333	640
9.933483333	639
9.943683333	612
9.954116667	626
9.964716667	636
9.975183333	628
9.985266667	605
9.995616667	621
10.00626667	639
10.01685	635
10.02708333	614
10.03711667	602
10.04738333	616
10.05778333	624
10.06786667	605
10.07805	611
10.08826667	613
10.0983	602
10.10813333	590
10.11818333	603
10.12833333	609
10.13826667	596
10.1481	590
10.15805	597
10.16815	606
10.17845	618
10.18055	0
10.1886	0
10.1989	618
10.20985	657
10.22046667	637
10.2313	650
10.2429	696
10.25398333	665
10.26448333	630
10.27523333	645
10.28568333	627
10.29588333	612
10.3061	613
10.3161	600
10.3259	588
10.33556667	580
10.34546667	594
10.35556667	606
10.36548333	595
10.37575	616
10.3864	639
10.39738333	659
10.40756667	611
10.4183	644
10.42921667	655
10.44045	674
10.45076667	619
10.46141667	639
10.47216667	645
10.48253333	622
10.49281667	617
10.50325	626
10.51398333	644
10.524	601
10.53413333	608
10.54448333	621
10.55466667	611
10.5647	602
10.575	618
10.58526667	616
10.59521667	597
10.60496667	585
10.61463333	580
10.62425	577
10.63386667	577
10.64405	611
10.65443333	623
10.66436667	596
10.67456667	612
10.68476667	612
10.69503333	616
10.70491667	593
10.71496667	603
10.72491667	597
10.73468333	586
10.74435	580
10.75398333	578
10.76375	586
10.77318333	566
10.78258333	564
10.79236667	587
10.80238333	601
10.8123	595
10.82205	585
10.83218333	608
10.84238333	612
10.85235	598
10.86263333	617
10.8731	628
10.8832	606
10.89335	609
10.90376667	625
10.91383333	604
10.92371667	593
10.93371667	600
10.94351667	588
10.95305	572
10.96271667	580
10.97256667	591
10.9822	578
10.99173333	572
11.00135	577
11.01078333	566
11.02016667	563
11.02966667	570
11.03916667	570
11.04863333	568
11.05795	559
11.06768333	584
11.0776	595
11.08723333	578
11.09686667	578
11.10683333	598
11.11703333	612
11.12688333	591
11.13676667	593
11.14678333	601
11.15686667	605
11.1666	584
11.17638333	587
11.18643333	603
11.19645	601
11.20611667	580
11.21573333	577
11.22581667	605
11.23601667	612
11.24585	590
11.2555	579
11.26501667	571
11.27448333	568
11.28398333	570
11.29408333	606
11.30385	586
11.31333333	569
11.32263333	558
11.33201667	563
11.34131667	558
11.35068333	562
11.35983333	549
11.36906667	554
11.37845	563
11.38821667	586
11.39768333	568
11.40723333	573
11.41691667	581
11.42651667	576
11.43613333	577
11.4458	580
11.4557	594
11.4654	582
11.47508333	581
11.4851	601
11.49513333	602
11.50493333	588
11.51488333	597
11.52515	616
11.53521667	604
11.54505	590
11.5549	591
11.56495	603
11.57493333	599
11.58461667	581
11.59431667	582
11.6042	593
11.61398333	587
11.62365	580
11.6336	597
11.64358333	599
11.65336667	587
11.66313333	586
11.67311667	599
11.68286667	585
11.69261667	585
11.70253333	595
11.71231667	587
11.72191667	576
11.73143333	571
11.74123333	588
11.751	586
11.76061667	577
11.7705	593
11.78053333	602
11.79025	583
11.80001667	586
11.80981667	588
11.81926667	567
11.82876667	570
11.8384	578
11.84811667	583
11.8576	569
11.86723333	578
11.87698333	585
11.8864	565
11.89581667	565
11.90518333	562
11.91473333	573
11.9241	562
11.9335	564
11.9429	564
11.95261667	583
11.96245	590
11.97215	582
11.98228333	608
11.99225	598
12.002	585
12.01195	597
12.02161667	580
12.03103333	565
12.04043333	564
12.04975	559
12.05926667	571
12.0688	572
12.07821667	565
12.0877	569
12.09753333	590
12.10728333	585
12.1169	577
12.12698333	605
12.1374	625
12.14731667	595
12.15726667	597
12.16746667	612
12.17735	593
12.18715	588
12.1973	609
12.20743333	608
12.21733333	594
12.2273	598
12.23786667	634
12.24775	593
12.25781667	604
12.26821667	624
12.27841667	612
12.28856667	609
12.29896667	624
12.30901667	603
12.31908333	604
12.32936667	617
12.34005	641
12.34998333	596
12.36031667	620
12.371	641
12.3813	618
12.39143333	608
12.40171667	617
12.41216667	627
12.42223333	604
12.43231667	605
12.44261667	618
12.45265	602
12.4626	597
12.47293333	620
12.48391667	659
12.49405	608
12.50421667	610
12.51475	632
12.52491667	610
12.53486667	597
12.54505	611
12.55503333	599
12.56475	583
12.57463333	593
12.58488333	615
12.59485	598
12.6047	591
12.61511667	625
12.6252	605
12.63516667	598
12.6455	620
12.6558	618
12.66571667	595
12.67528333	574
12.6854	607
12.69565	615
12.70565	600
12.71576667	607
12.72613333	622
12.73638333	615
12.74631667	596
12.75663333	619
12.76701667	623
12.77713333	607
12.78708333	597
12.79718333	606
12.80761667	626
12.81763333	601
12.82768333	603
12.83781667	608
12.84778333	598
12.85753333	585
12.86736667	590
12.87751667	609
12.8872	581
12.89713333	596
12.90748333	621
12.91761667	608
12.92758333	598
12.93783333	615
12.94808333	615
12.95791667	590
12.968	605
12.97811667	607
12.98781667	582
12.99755	584
13.00741667	592
13.01736667	597
13.0272	590
13.03731667	607
13.04766667	621
13.05753333	592
13.06743333	594
13.07766667	614
13.08813333	628
13.09811667	599
13.10815	602
13.11825	606
13.12805	588
13.13773333	581
13.14756667	590
13.1573	584
13.1669	576
13.17635	567
13.18618333	590
13.19631667	608
13.20605	584
13.21555	570
13.22493333	563
13.23428333	561
13.24393333	579
13.25401667	605
13.26426667	615
13.2743	602
13.284	582
13.29405	603
13.30428333	614
13.31435	604
13.32406667	583
13.33378333	583
13.34351667	584
13.35313333	577
13.36268333	573
13.37225	574
13.38165	564
13.391	561
13.40036667	562
13.40966667	558
13.4191	566
13.42865	573
13.43818333	572
13.44755	562
13.45701667	568
13.46631667	558
13.47565	560
13.48508333	566
13.49468333	576
13.504	559
13.51356667	574
13.52326667	582
13.53285	575
13.54236667	571
13.5522	590
13.56198333	587
13.57163333	579
13.582	622
13.59206667	604
13.60188333	589
13.61228333	624
13.62235	604
13.63208333	584
13.64166667	575
13.65125	575
13.66131667	604
13.67125	596
13.681	585
13.69096667	598
13.70111667	609
13.71111667	600
13.72081667	582
13.73096667	609
13.74096667	600
13.75081667	591
13.76066667	591
13.77073333	604
13.78076667	602
13.79051667	585
13.80021667	582
13.81011667	594
13.82043333	619
13.83065	613
13.84041667	586
13.85056667	609
13.86105	629
13.8712	609
13.88126667	604
13.89103333	586
13.9007	580
13.91021667	571
13.91981667	576
13.92935	572
13.93901667	580
13.949	599
13.95851667	571
13.9681	575
13.97793333	590
13.98778333	591
13.99733333	573
14.00678333	567
14.01666667	593
14.0267	602
14.03656667	592
14.0468	614
14.0568	600
14.06668333	593
14.07623333	573
14.08556667	560
14.09488333	559
14.1041	553
14.11348333	563
14.12275	556
14.13198333	554
14.14131667	560
14.1506	557
14.16066667	604
14.17066667	600
14.18035	581
14.19018333	590
14.2003	607
14.21023333	596
14.22	586
14.2293	558
14.2388	570
14.2481	558
14.25775	579
14.26711667	562
14.27631667	552
14.28551667	552
14.29466667	549
14.30423333	574
14.31381667	575
14.32323333	565
14.33281667	575
14.34303333	613
14.35383333	648
14.3638	598
14.37393333	608
14.3845	634
14.39468333	611
14.4046	595
14.41456667	598
14.42468333	607
14.43455	592
14.4443	585
14.4545	612
14.46496667	628
14.47526667	618
14.48523333	598
14.49581667	635
14.50638333	634
14.5164	601
14.52623333	590
14.53595	583
14.54641667	628
14.55743333	661
14.5674	598
14.57761667	613
14.58825	638
14.59906667	649
14.60916667	606
14.61956667	624
14.63038333	649
14.64035	598
14.65051667	610
14.66101667	630
14.67191667	654
14.68191667	600
14.69221667	618
14.70281667	636
14.7127	593
14.7228	606
14.73333333	632
14.74336667	602
14.7535	608
14.76373333	614
14.77403333	618
14.78405	601
14.79433333	617
14.80495	637
14.81481667	592
14.82476667	597
14.835	614
14.84548333	629
14.85528333	588
14.86511667	590
14.87553333	625
14.88621667	641
14.89608333	592
14.90613333	603
14.91713333	660
14.92831667	671
14.93841667	606
14.94913333	643
14.96011667	659
14.97051667	624
14.98068333	610
14.99111667	626
15.00181667	642
15.01223333	625
15.02241667	611
15.0332	647
15.04416667	658
15.05418333	601
15.06458333	624
15.07488333	618
15.08478333	594
15.09466667	593
15.10463333	598
15.11476667	608
15.12463333	592
15.1348	610
15.14546667	640
15.15548333	601
15.166	631
15.1769	654
15.18711667	613
15.19776667	639
15.20881667	663
15.21948333	640
15.22993333	627
15.24116667	674
15.25188333	643
15.26206667	611
15.27256667	630
15.28295	623
15.2929	597
15.30291667	601
15.31326667	621
15.32388333	637
15.3339	601
15.34421667	619
15.35516667	657
15.36545	617
15.37598333	632
15.38683333	651
15.3973	628
15.40746667	610
15.41781667	621
15.42855	644
15.43855	600
15.44878333	614
15.4596	649
15.46985	615
15.48001667	610
15.49093333	655
15.50153333	636
15.5118	616
15.5225	642
15.5332	642
15.54333333	608
15.55356667	614
15.5636	602
15.57323333	578
15.58271667	569
15.59203333	559
15.60135	559
15.61116667	589
15.6224	674
15.63378333	683
15.64505	676
15.6555	627
15.66593333	626
15.67668333	645
15.68763333	657
15.6983	640
15.70835	603
15.7184	603
15.72815	585
15.73776667	577
15.74715	563
15.75676667	577
15.76675	599
15.77711667	622
15.7869	587
15.79663333	584
15.80718333	633
15.81745	616
15.82741667	598
15.8371	581
15.8472	606
15.85773333	632
15.86816667	626
15.8782	602
15.88856667	622
15.89938333	649
15.90965	616
15.91976667	607
15.9302	626
15.94026667	604
15.95025	599
15.9604	609
15.97068333	617
15.98061667	596
15.99078333	610
16.00146667	641
16.01158333	607
16.02205	628
16.03283333	647
16.04306667	614
16.05328333	613
16.06378333	630
16.07418333	624
16.08416667	599
16.09458333	625
16.10515	634
16.11503333	593
16.1253	616
16.13573333	626
16.14565	595
16.1557	603
16.16576667	604
16.17583333	604
16.18555	583
16.19555	600
16.20563333	605
16.21546667	590
16.22535	593
16.23551667	610
16.24573333	613
16.25563333	594
16.266	622
16.27666667	640
16.28663333	598
16.29676667	608
16.3073	632
16.31758333	617
16.32753333	597
16.33775	613
16.34813333	623
16.35808333	597
16.36818333	606
16.37863333	627
16.38913333	630
16.39918333	603
16.40956667	623
16.42001667	627
16.43	599
16.44015	609
16.4502	603
16.45973333	572
16.46941667	581
16.47913333	583
16.48888333	585
16.49846667	575
16.5084	596
16.51855	609
16.52823333	581
16.5382	598
16.54868333	629
16.55928333	636
16.56921667	596
16.57926667	603
16.58943333	610
16.59923333	588
16.60891667	581
16.619	605
16.62898333	599
16.63865	580
16.64858333	596
16.65876667	611
16.66855	587
16.67845	594
16.68845	600
16.69823333	587
16.70801667	587
16.71821667	612
16.72876667	633
16.73885	605
16.74888333	602
16.75945	634
16.76965	612
16.77976667	607
16.79035	635
16.8006	615
16.8104	588
16.82026667	592
16.83008333	589
16.8399	589
16.84936667	568
16.8588	566
16.86856667	586
16.87868333	607
16.88831667	578
16.89813333	589
16.90835	613
16.91876667	625
16.92856667	588
16.9383	584
16.94793333	578
16.95786667	596
16.96823333	622
16.97831667	605
16.98808333	586
16.99773333	579
17.00746667	584
17.01776667	618
17.02858333	649
17.03865	604
17.04878333	608
17.05926667	629
17.06963333	622
17.07948333	591
17.08943333	597
17.09938333	597
17.10918333	588
17.11866667	569
17.12836667	582
17.13825	593
17.14806667	589
17.15763333	574
17.1672	574
17.1771	594
17.1874	618
17.19736667	598
17.20713333	586
17.21751667	623
17.22811667	636
17.23811667	600
17.24816667	603
17.25833333	610
17.2683	598
17.27791667	577
17.28783333	595
17.29773333	594
17.30735	577
17.317	579
17.32683333	590
17.3365	580
17.34601667	571
17.35585	590
17.3658	597
17.37538333	575
17.38521667	590
17.39496667	585
17.40488333	595
17.41451667	578
17.42436667	591
17.43445	605
17.44451667	604
17.45435	590
17.46428333	596
17.47443333	609
17.48405	577
17.49368333	578
17.50343333	585
17.51313333	582
17.52261667	569
17.53198333	562
17.5414	565
17.55066667	556
17.55991667	555
17.58836667	0
17.59775	563
17.60741667	580
17.61706667	579
17.62663333	574
17.63621667	575
17.64611667	594
17.65573333	577
17.66533333	576
17.67515	589
17.68526667	607
17.69531667	603
17.70488333	574
17.71458333	582
17.72438333	588
17.73413333	585
17.74365	571
17.7532	573
17.76303333	590
17.77285	589
17.78241667	574
17.79211667	582
17.80221667	606
17.81203333	589
17.82181667	587
17.8318	599
17.84165	591
17.85128333	578
17.86103333	585
17.87085	589
17.88036667	571
17.89013333	586
17.89996667	590
17.90963333	580
17.91913333	570
17.92881667	581
17.93858333	586
17.948	565
17.95753333	572
17.9672	580
17.9771	594
17.98665	573
17.99643333	587
18.00638333	597
18.01628333	594
18.02583333	573
18.03536667	572
18.04496667	576
18.0544	566
18.06373333	560
18.07328333	573
18.08301667	584
18.09255	572
18.10188333	560
18.11105	550
18.1204	561
18.12966667	556
18.1388	548
18.14791667	547
18.15713333	553
18.16655	565
18.17565	546
18.18496667	559
18.19458333	577
18.20448333	594
18.21385	562
18.22331667	568
18.23318333	592
18.24303333	591
18.25266667	578
18.2624	584
18.2725	606
18.28268333	611
18.29251667	590
18.3028	617
18.31325	627
18.32323333	599
18.333	586
18.34311667	607
18.35311667	600
18.36285	584
18.37263333	587
18.38263333	600
18.39256667	596
18.40228333	583
18.41283333	633
18.4235	640
18.43348333	599
18.44415	640
18.45498333	650
18.46531667	620
18.47556667	615
18.48605	629
18.49653333	629
18.50641667	593
18.51671667	618
18.52715	626
18.53716667	601
18.54721667	603
18.55758333	622
18.56796667	623
18.57791667	597
18.58841667	630
18.59913333	643
18.60918333	603
18.61963333	627
18.63013333	630
18.64028333	609
18.65033333	603
18.66073333	624
18.67116667	626
18.68105	593
18.69081667	586
18.70041667	576
18.71015	584
18.72066667	631
18.73181667	669
18.74271667	654
18.75308333	622
18.76326667	611
18.77361667	621
18.78403333	625
18.79421667	611
18.80398333	586
18.81386667	593
18.82371667	591
18.83363333	595
18.84333333	582
18.85358333	615
18.86373333	609
18.87356667	590
18.88405	629
18.89553333	689
18.9057	610
18.91671667	661
18.92761667	654
18.93791667	618
18.94878333	652
18.95946667	641
18.9696	608
18.98028333	641
18.9909	637
19.00088333	599
19.0109	601
19.0213	624
19.03136667	604
19.0414	602
19.05211667	643
19.06263333	631
19.07261667	599
19.08321667	636
19.09383333	637
19.10376667	596
19.11428333	631
19.12456667	617
19.13441667	591
19.14456667	609
19.15438333	589
19.16408333	582
19.17396667	593
19.18371667	585
19.19331667	576
19.20311667	588
19.21303333	595
19.22261667	575
19.23236667	585
19.24211667	585
19.25166667	573
19.26103333	562
19.27035	559
19.27966667	559
19.2888	548
19.29781667	541
19.30666667	531
19.31591667	555
19.32531667	564
19.33466667	561
19.34401667	561
19.35393333	595
19.3639	598
19.37351667	577
19.38345	596
19.39333333	593
19.40293333	576
19.41246667	572
19.42235	593
19.43231667	598
19.44201667	582
19.45213333	607
19.46226667	608
19.47213333	592
19.48215	601
19.49233333	611
19.50223333	594
19.51213333	594
19.52216667	602
19.53181667	579
19.54143333	577
19.55115	583
19.56076667	577
19.57011667	561
19.57953333	565
19.58893333	564
19.59811667	551
19.60736667	555
19.61696667	576
19.62651667	573
19.63605	572
19.64615	606
19.65605	594
19.66571667	580
19.67558333	592
19.68551667	596
19.6951	575
19.70458333	569
19.71428333	582
19.72381667	572
19.73303333	553
19.74266667	578
19.75243333	586
19.76193333	570
19.77148333	573
19.78136667	593
19.79128333	595
19.8008	571
19.81073333	596
19.82061667	593
19.83016667	573
19.84005	593
19.85001667	598
19.85961667	576
19.86941667	588
19.87926667	591
19.88871667	567
19.89861667	594
19.9088	611
19.91873333	596
19.92861667	593
19.93865	602
19.94853333	593
19.95805	571
19.96775	582
19.97738333	578
19.98678333	564
19.99628333	570
20.00581667	572
20.01545	578
20.02486667	565
20.03475	593
20.04468333	596
20.05441667	584
20.06488333	628
20.07608333	672
20.0864	619
20.09695	633
20.10778333	650
20.11933333	693
20.12988333	633
20.14096667	665
20.15216667	672
20.16261667	627
20.17271667	606
20.18288333	610
20.2027	0
20.21221667	571
20.22171667	570
20.23135	578
20.24135	600
20.25138333	602
20.26126667	593
20.27161667	621
20.28295	680
20.29455	696
20.30558333	662
20.31668333	666
20.32838333	702
20.3393	655
20.34986667	634
20.36086667	660
20.37181667	657
20.3824	635
20.39321667	649
20.40491667	702
20.41618333	676
20.42678333	636
20.43806667	677
20.44938333	679
20.46008333	642
20.47065	634
20.4816	657
20.49265	663
20.50333333	641
20.51485	691
20.52753333	761
20.53978333	735
20.55206667	737
20.56526667	792
20.57771667	747
20.58966667	717
20.60196667	738
20.61376667	708
20.62493333	670
20.63703333	726
20.64915	727
20.66041667	676
20.67288333	748
20.6861	793
20.69796667	712
20.7102	734
20.72266667	748
20.73421667	693
20.7458	695
20.75826667	748
20.77145	791
20.78375	738
20.7967	777
20.80953333	770
20.82183333	738
20.83483333	780
20.84775	775
20.8607	777
20.87351667	769
20.8866	785
20.89813333	692
20.90965	691
20.92166667	721
20.9335	710
20.9448	678
20.95743333	758
20.9707	796
20.98361667	775
20.99565	722
21.00826667	757
21.01981667	693
21.03163333	709
21.0445	772
21.05683333	740
21.06975	775
21.08315	804
21.09681667	820
21.10971667	774
21.12293333	793
21.1362	796
21.14921667	781
21.1632	839
21.1768	816
21.19025	807
21.20483333	875
21.21836667	812
21.23075	743
21.2438	783
21.25691667	787
21.26956667	759
21.28305	809
21.29728333	854
21.31063333	801
21.3239	796
21.3377	828
21.3518	846
21.36495	789
21.3781	789
21.3911	780
21.40486667	826
21.41821667	801
21.43185	818
21.446	849
21.45933333	800
21.4724	784
21.48508333	761
21.497	715
21.5079	654
21.51905	669
21.5314	741
21.54451667	787
21.55675	734
21.56958333	770
21.58261667	782
21.59478333	730
21.60671667	716
21.61941667	762
21.63225	770
21.64413333	713
21.6573	790
21.67081667	811
21.6838	779
21.69581667	721
21.70826667	747
21.72043333	730
21.73191667	689
21.74316667	675
21.7548	698
21.76676667	718
21.77836667	696
21.78958333	673
21.80161667	722
21.81403333	745
21.82636667	740
21.83783333	688
21.84956667	704
21.86163333	724
21.8738	730
21.88561667	709
21.89796667	741
21.91163333	820
21.92548333	831
21.93856667	785
21.9519	800
21.96503333	788
21.97701667	719
21.98916667	729
22.00213333	778
22.01488333	765
22.02695	724
22.03871667	706
22.05016667	687
22.06271667	753
22.07603333	799
22.09056667	872
22.10538333	889
22.12015	886
22.13548333	920
22.15	871
22.16493333	896
22.18021667	917
22.19583333	937
22.21158333	945
22.22713333	933
22.24265	931
22.25855	954
22.27366667	907
22.28776667	846
22.30196667	852
22.31626667	858
22.32948333	793
22.34186667	743
22.35463333	766
22.36798333	801
22.38158333	816
22.39461667	782
22.40803333	805
22.42171667	821
22.43593333	853
22.44915	793
22.46361667	868
22.47855	896
22.49261667	844
22.50691667	858
22.52171667	888
22.5372	929
22.55223333	902
22.56601667	827
22.57973333	823
22.59338333	819
22.60721667	830
22.62063333	805
22.6344	826
22.64853333	848
22.66278333	855
22.67645	820
22.69061667	850
22.70536667	885
22.72046667	906
22.73405	815
22.74773333	821
22.76085	787
22.7739	783
22.78685	777
22.80131667	868
22.81653333	913
22.83086667	860
22.84475	833
22.85878333	842
22.87256667	827
22.88576667	792
22.89905	797
22.9125	807
22.92608333	815
22.9396	811
22.95281667	793
22.96721667	864
22.9822	899
22.99705	891
23.011	837
23.02485	831
23.03843333	815
23.0518	802
23.0646	768
23.0772	756
23.08986667	760
23.10246667	756
23.11471667	735
23.12798333	796
23.14146667	809
23.15483333	802
23.16885	841
23.183	849
23.19548333	749
23.20903333	813
23.22271667	821
23.23561667	774
23.2481	749
23.26061667	751
23.27438333	826
23.28836667	839
23.30198333	817
23.31438333	744
23.32743333	783
23.34048333	783
23.35366667	791
23.36635	761
23.37931667	778
23.39356667	855
23.40823333	880
23.4227	868
23.43723333	872
23.452	886
23.4666	876
23.4803	822
23.49403333	824
23.50771667	821
23.52133333	817
23.53416667	770
23.54763333	808
23.56118333	813
23.5749	823
23.5882	798
23.60208333	833
23.61563333	813
23.62906667	806
23.6417	758
23.65476667	784
23.66783333	784
23.6802	742
23.69286667	760
23.70633333	808
23.72028333	837
23.73356667	797
23.74766667	846
23.76221667	873
23.77686667	879
23.79043333	814
23.80406667	818
23.81741667	801
23.8305	785
23.84335	771
23.85673333	803
23.8707	838
23.88405	801
23.89756667	811
23.91146667	834
23.92451667	783
23.93765	788
23.95078333	788
23.9635	763
23.97578333	737
23.98803333	735
24.00023333	732
24.01191667	701
24.02311667	672
24.03473333	697
24.04675	721
24.05921667	748
24.07153333	739
24.08361667	725
24.0969	797
24.11028333	803
24.1236	799
24.13638333	767
24.14991667	812
24.1635	815
24.17765	849
24.19211667	868
24.20571667	816
24.21961667	834
24.23391667	858
24.24883333	895
24.26355	883
24.2772	819
24.29138333	851
24.30603333	879
24.32023333	852
24.33416667	836
24.3487	872
24.36278333	845
24.37591667	788
24.38923333	799
24.40325	841
24.41773333	869
24.43118333	807
24.44541667	854
24.46021667	888
24.47523333	901
24.49015	895
24.50388333	824
24.51755	820
24.5307	789
24.54306667	742
24.5562	788
24.57031667	847
24.58363333	799
24.59638333	765
24.60903333	759
24.6217	760
24.63453333	770
24.64775	793
24.66063333	773
24.67398333	801
24.6878	829
24.70216667	862
24.71646667	858
24.73053333	844
24.74441667	833
24.75828333	832
24.77215	832
24.786	831
24.79953333	812
24.81308333	813
24.82676667	821
24.84081667	843
24.85431667	810
24.8683	839
24.8822	834
24.8964	852
24.90958333	791
24.92311667	812
24.93645	800
24.94945	780
24.96211667	760
24.97496667	771
24.98771667	765
25.0003	755
25.0125	732
25.0256	786
25.03896667	802
25.05183333	772
25.06416667	740
25.07606667	714
25.08801667	717
25.10046667	747
25.11306667	756
25.12508333	721
25.13705	718
25.14921667	730
25.16141667	732
25.17371667	738
25.1855	707
25.19803333	752
25.21065	757
25.2236	777
25.23595	741
25.24851667	754
25.26126667	765
25.27346667	732
25.28531667	711
25.2978	749
25.31148333	821
25.32531667	830
25.33893333	817
25.35165	763
25.36431667	760
25.37716667	771
25.39031667	789
25.40393333	817
25.41698333	783
25.43146667	869
25.44641667	897
25.46063333	853
25.47453333	834
25.48855	841
25.50201667	808
25.51505	782
25.52951667	868
25.54535	950
25.5607	921
25.57436667	820
25.58828333	835
25.60166667	803
25.61473333	784
25.62686667	728
25.63853333	700
25.65078333	735
25.66353333	765
25.67726667	824
25.6901	770
25.70353333	806
25.71773333	852
25.73136667	818
25.74358333	733
25.75638333	768
25.76853333	729
25.78111667	755
25.7939	767
25.8058	714
25.81731667	691
25.82856667	675
25.83973333	670
25.85155	709
25.86413333	755
25.87715	781
25.89023333	785
25.90368333	807
25.91778333	846
25.93158333	828
25.9455	835
25.95958333	845
25.97351667	836
25.98731667	828
26.0018	869
26.0164	876
26.03055	849
26.0451	873
26.05998333	893
26.07506667	905
26.09	896
26.10388333	833
26.1182	859
26.13268333	869
26.14748333	888
26.16201667	872
26.1771	905
26.1912	846
26.20481667	817
26.21865	830
26.23286667	853
26.24773333	892
26.26145	823
26.27553333	845
26.28953333	840
26.3026	784
26.3158	792
26.32866667	772
26.34078333	727
26.35258333	708
26.36498333	744
26.37805	784
26.39123333	791
26.40353333	738
26.41541667	713
26.42738333	718
26.43886667	689
26.45085	719
26.46431667	808
26.47803333	823
26.49065	757
26.50386667	793
26.51723333	802
26.53155	859
26.54476667	793
26.55875	839
26.57326667	871
26.58781667	873
26.60276667	897
26.61618333	805
26.62991667	824
26.64405	848
26.65845	864
26.67306667	877
26.68673333	820
26.70066667	836
26.71536667	882
26.72993333	874
26.74391667	839
26.75788333	838
26.7722	859
26.78748333	917
26.8031	937
26.81701667	835
26.83161667	876
26.84658333	898
26.86215	934
26.87778333	938
26.89216667	863
26.90656667	864
26.92088333	859
26.93541667	872
26.94958333	850
26.96461667	902
26.9799	917
26.99445	873
27.00836667	835
27.02263333	856
27.03683333	852
27.05026667	806
27.06338333	787
27.07693333	813
27.09145	871
27.10595	870
27.12083333	893
27.13595	907
27.15093333	899
27.16531667	863
27.17996667	879
27.19491667	897
27.20946667	873
27.2234	836
27.23771667	859
27.25221667	870
27.26616667	837
27.27991667	825
27.29403333	847
27.30753333	810
27.32078333	795
27.33335	754
27.34568333	740
27.35735	700
27.36876667	685
27.38035	695
27.39183333	689
27.40356667	704
27.41565	725
27.42773333	725
27.44015	745
27.45215	720
27.4643	729
27.47681667	751
27.49046667	819
27.50481667	861
27.51755	764
27.53161667	844
27.54563333	841
27.558	742
27.57058333	755
27.58336667	767
27.59628333	775
27.60831667	722
27.62063333	739
27.6332	754
27.64638333	791
27.65958333	792
27.67268333	786
27.68686667	851
27.70223333	922
27.71661667	863
27.73045	830
27.74555	906
27.76128333	944
27.77466667	803
27.78918333	871
27.80398333	888
27.81705	784
27.83151667	868
27.8465	899
27.86005	813
27.87538333	920
27.89048333	906
27.904	811
27.91851667	871
27.93335	890
27.94723333	833
27.96105	829
27.97585	888
27.99091667	904
28.00491667	840
28.01975	890
28.03516667	925
28.04963333	868
28.064	862
28.07921667	913
28.09411667	894
28.10801667	834
28.12345	926
28.13871667	916
28.1527	839
28.16756667	892
28.18226667	882
28.19613333	832
28.21071667	875
28.22421667	810
28.23761667	804
28.25065	782
28.2634	765
28.27723333	830
28.29193333	882
28.30485	775
28.31855	822
28.33288333	860
28.34765	886
28.36093333	797
28.3739	778
28.3877	828
28.40258333	893
28.41601667	806
28.4296	815
28.44541667	949
28.46151667	966
28.47675	914
28.49088333	848
28.50611667	914
28.52125	908
28.53561667	862
28.55011667	870
28.56485	884
28.57956667	883
28.59246667	774
28.60658333	847
28.62098333	864
28.63415	790
28.64851667	862
28.66318333	880
28.6766	805
28.69145	891
28.70661667	910
28.72093333	859
28.73545	871
28.7509	927
28.76631667	925
28.78048333	850
28.79545	898
28.81085	924
28.8255	879
28.84015	879
28.8559	945
28.87195	963
28.88698333	902
28.90175	886
28.91785	966
28.93343333	935
28.9469	808
28.9615	876
28.97628333	887
28.9905	853
29.0036	786
29.01785	855
29.03331667	928
29.04761667	858
29.06115	812
29.07638333	914
29.09181667	926
29.10543333	817
29.1197	856
29.13478333	905
29.15003333	915
29.16503333	900
29.17836667	800
29.19266667	858
29.208	920
29.22353333	932
29.23913333	936
29.25303333	834
29.26803333	900
29.28298333	897
29.29826667	917
29.31328333	901
29.32661667	800
29.34151667	894
29.35731667	948
29.37306667	945
29.38716667	846
29.40298333	949
29.41936667	983
29.43416667	888
29.44796667	828
29.4634	926
29.47953333	968
29.49416667	878
29.50851667	861
29.52446667	957
29.54073333	976
29.55646667	944
29.57176667	918
29.58776667	960
29.60445	1001
29.62101667	994
29.63496667	837
29.64833333	802
29.66288333	873
29.67803333	909
29.69335	919
29.70746667	847
29.72125	827
29.73571667	868
29.75163333	955
29.76771667	965
29.7836	953
29.79863333	902
29.81328333	879
29.8267	805
29.83951667	769
29.8521	755
29.8639	708
29.87693333	782
29.88946667	752
29.90221667	765
29.91556667	801
29.92966667	846
29.94275	785
29.95673333	839
29.97171667	899
29.9865	887
30.00063333	848
30.01643333	948
30.03255	967
30.0468	855
30.06276667	958
30.0785	944
30.09248333	839
30.10795	928
30.12376667	949
30.138	854
30.15246667	868
30.16823333	946
30.18368333	927
30.1978	847
30.21358333	947
30.22938333	948
30.24371667	860
30.25943333	943
30.27555	967
30.28978333	854
30.30425	868
30.32006667	949
30.33563333	934
30.34975	847
30.36586667	967
30.38233333	988
30.39705	883
30.4129	951
30.42851667	937
30.44175	794
30.45626667	871
30.47168333	925
30.48631667	878
30.50043333	847
30.51583333	924
30.53138333	933
30.54595	874
30.56003333	845
30.57475	883
30.59013333	923
30.60541667	917
30.61958333	850
30.63508333	930
30.6507	937
30.66635	939
30.68111667	886
30.69611667	900
30.71061667	870
30.7234	767
30.73736667	838
30.75263333	916
30.7681	928
30.78195	831
30.7975	933
30.81336667	952
30.8295	968
30.84471667	913
30.85966667	897
30.87525	935
30.8908	933
30.90445	819
30.9183	831
30.93351667	913
30.94898333	928
30.96333333	861
30.97821667	893
30.99403333	949
31.0098	946
31.02403333	854
31.03938333	921
31.05441667	902
31.0674	779
31.08106667	820
31.09528333	853
31.10908333	828
31.12358333	870
31.13898333	924
31.15413333	909
31.16785	823
31.18296667	907
31.19815	911
31.21251667	862
31.22636667	831
31.24113333	886
31.25613333	900
31.26968333	813
31.28435	880
31.29968333	920
31.31536667	941
31.3309	932
31.34453333	818
31.35905	871
31.37325	852
31.38753333	857
31.40038333	771
31.41345	784
31.42755	846
31.44175	852
31.45525	810
31.46985	876
31.48486667	901
31.49958333	883
31.51323333	819
31.5277	868
31.54078333	785
31.55426667	809
31.56788333	817
31.58091667	782
31.59511667	852
31.60998333	892
31.62315	790
31.63608333	776
31.65041667	860
31.66531667	894
31.67878333	808
31.6939	907
31.70921667	919
31.72401667	888
31.73751667	810
31.75265	908
31.76948333	1010
31.78616667	1001
31.8009	884
31.81538333	869
31.8315	967
31.84838333	1013
31.86413333	945
31.87846667	860
31.89386667	924
31.91055	1001
31.92745	1014
31.94235	894
31.9585	969
31.97525	1005
31.99171667	988
