0.014783333	858
0.028466667	887
0.04145	821
0.055033333	779
0.0676	815
0.080583333	754
0.093116667	779
0.105516667	752
0.119516667	744
0.1327	840
0.14625	791
0.160733333	813
0.175583333	869
0.188983333	891
0.2036	804
0.218283333	877
0.23115	881
0.24585	772
0.26095	882
0.274216667	906
0.289716667	796
0.305133333	930
0.318883333	925
0.334716667	825
0.350866667	950
0.3645	969
0.379616667	818
0.396133333	907
0.411766667	991
0.426433333	938
0.44205	880
0.455883333	937
0.468916667	830
0.4838	782
0.499733333	893
0.515983333	956
0.530316667	975
0.546483333	860
0.562466667	970
0.57795	959
0.593466667	929
0.608683333	931
0.622466667	913
0.638116667	827
0.652066667	939
0.66815	837
0.6845	965
0.698316667	981
0.713883333	829
0.7301	934
0.74385	973
0.758683333	825
0.774083333	890
0.78785	924
0.803316667	826
0.819766667	928
0.834283333	987
0.84995	871
0.86635	940
0.881583333	984
0.89665	914
0.912433333	904
0.926916667	947
0.941583333	869
0.956866667	880
0.97175	917
0.985816667	893
1.000916667	844
1.015316667	906
1.029416667	864
1.045083333	846
1.059466667	940
1.073433333	863
1.088283333	838
1.102516667	891
1.115716667	854
1.130533333	792
1.1453	889
1.158666667	886
1.173566667	802
1.188183333	894
1.2012	877
1.215483333	781
1.229933333	857
1.243416667	867
1.2575	809
1.272666667	845
1.286416667	910
1.300166667	825
1.3155	825
1.330316667	920
1.343883333	889
1.358866667	814
1.37345	899
1.38655	875
1.401516667	786
1.41605	898
1.429333333	872
1.444083333	797
1.459183333	885
1.472466667	906
1.487583333	797
1.5031	907
1.517183333	931
1.531633333	845
1.546466667	867
1.5598	890
1.5733	800
1.58725	810
1.601283333	837
1.613583333	842
1.627616667	738
1.6429	842
1.65675	917
1.671966667	831
1.688366667	913
1.703733333	984
1.7182	922
1.73265	868
1.746216667	867
1.7585	814
1.770666667	737
1.784516667	730
1.797933333	831
1.811016667	805
1.826433333	785
1.841116667	925
1.855633333	881
1.871316667	871
1.886116667	941
1.8993	888
1.9137	791
1.927466667	864
1.939933333	826
1.9542	748
1.969016667	856
1.981633333	889
1.9936	757
2.00535	718
2.021283333	705
2.038166667	956
2.054033333	1013
2.068483333	952
2.084433333	867
2.1003	957
2.114783333	952
2.13015	869
2.145716667	922
2.160483333	934
2.174766667	886
2.189883333	857
2.205033333	907
2.219083333	909
2.2352	843
2.250883333	967
2.26495	941
2.280416667	844
2.294933333	928
2.3085	871
2.32315	814
2.33785	879
2.351666667	882
2.365133333	829
2.3803	808
2.397216667	910
2.41435	1015
2.429966667	1028
2.447633333	937
2.4648	1060
2.480183333	1030
2.496166667	923
2.5135	959
2.529016667	1040
2.5452	931
2.562683333	971
2.578566667	1049
2.5956	953
2.612916667	1022
2.62745	1039
2.64295	872
2.65915	930
2.6741	972
2.689683333	897
2.705766667	935
2.720816667	965
2.736933333	903
2.753566667	967
2.768016667	998
2.781366667	867
2.795616667	801
2.808983333	855
2.82135	802
2.835866667	742
2.851916667	871
2.8657	963
2.87915	827
2.894683333	807
2.908616667	932
2.923883333	836
2.939266667	916
2.953666667	923
2.968033333	864
2.98305	862
2.9981	901
3.012683333	903
3.028166667	875
3.043916667	929
3.05885	945
3.07285	896
3.08825	840
3.104966667	924
3.120616667	1003
3.134133333	939
3.148966667	811
3.164383333	890
3.179483333	925
3.1926	906
3.206733333	787
3.220016667	848
3.23325	797
3.245016667	794
3.257833333	706
3.2694	769
3.28085	694
3.293433333	687
3.307583333	755
3.32065	849
3.3329	784
3.345766667	735
3.358866667	772
3.371416667	786
3.389683333	753
3.40325	1096
3.417066667	814
3.431983333	829
3.447516667	895
3.460733333	932
3.473533333	793
3.4856	768
3.5036	724
3.520066667	1080
3.536216667	988
3.55015	969
3.5663	836
3.5835	969
3.600833333	1032
3.617916667	1040
3.63315	1025
3.64995	914
3.667116667	1008
3.683583333	1030
3.699216667	988
3.714983333	938
3.728583333	946
3.7434	816
3.76	889
3.773783333	996
3.78855	827
3.804816667	886
3.82065	976
3.836383333	950
3.852683333	944
3.867983333	978
3.882666667	918
3.8985	881
3.914683333	950
3.928766667	971
3.944316667	845
3.960566667	933
3.975033333	975
3.99075	868
4.008183333	943
4.022633333	1046
4.038866667	867
4.05635	974
4.072483333	1049
4.087166667	968
4.103716667	881
4.119666667	993
4.134016667	957
4.151016667	861
4.168466667	1020
4.182416667	1047
4.198583333	837
4.215633333	970
4.22935	1023
4.246366667	823
4.261316667	1021
4.274983333	897
4.290466667	820
4.3056	929
4.322333333	908
4.338833333	1004
4.35295	990
4.368666667	847
4.383366667	943
4.39805	882
4.414783333	881
4.43045	1004
4.44625	940
4.462733333	948
4.476733333	989
4.491983333	840
4.508733333	915
4.524433333	1005
4.539983333	942
4.556816667	933
4.573466667	1010
4.588866667	999
4.605466667	924
4.621266667	996
4.635416667	948
4.65075	849
4.665183333	920
4.6789	866
4.695533333	823
4.710233333	998
4.723433333	882
4.736666667	792
4.7513	794
4.767533333	878
4.781816667	974
4.798083333	857
4.814933333	976
4.831783333	1011
4.846266667	1011
4.86215	869
4.879483333	953
4.896783333	1040
4.911766667	1038
4.9279	899
4.944533333	968
4.958433333	998
4.975133333	834
4.9925	1002
5.008866667	1042
5.02545	982
5.043283333	995
5.0597	1070
5.0775	985
5.094966667	1068
5.109166667	1048
5.12375	852
5.139166667	875
5.157866667	925
5.17205	1122
5.189866667	851
5.207883333	1069
5.223733333	1081
5.2417	951
5.259483333	1078
5.275083333	1067
5.292916667	936
5.310666667	1070
5.325916667	1065
5.343416667	915
5.36105	1050
5.37695	1058
5.39475	954
5.411733333	1068
5.426183333	1019
5.443	867
5.460633333	1009
5.4763	1058
5.492466667	940
5.5098	970
5.52465	1040
5.538883333	891
5.556	854
5.573716667	1027
5.587783333	1063
5.602883333	844
5.617866667	906
5.63085	899
5.644766667	779
5.660683333	835
5.67785	955
5.694533333	1030
5.709416667	1001
5.725483333	893
5.74215	964
5.758866667	1000
5.773883333	1003
5.7898	901
5.8063	955
5.822966667	990
5.837416667	1000
5.85435	867
5.8714	1016
5.885333333	1023
5.901266667	836
5.918683333	956
5.935033333	1045
5.95025	981
5.966183333	913
5.981383333	956
5.994733333	912
6.008633333	801
6.022466667	834
6.036933333	830
6.051233333	868
6.06395	858
6.0773	763
6.090433333	801
6.102466667	788
6.113783333	722
6.125166667	679
6.137183333	683
6.150466667	721
6.16395	797
6.175933333	809
6.187416667	719
6.199283333	689
6.213866667	712
6.2318	875
6.248016667	1076
6.26185	973
6.2761	830
6.291733333	855
6.30735	938
6.321533333	937
6.336016667	851
6.351216667	869
6.367183333	912
6.382416667	958
6.3963	914
6.4121	833
6.4287	948
6.443433333	996
6.458116667	884
6.474983333	881
6.491983333	1012
6.509133333	1020
6.52335	1029
6.539966667	853
6.556316667	997
6.57075	981
6.587216667	866
6.603433333	988
6.618166667	973
6.635266667	884
6.652233333	1026
6.667033333	1018
6.683816667	888
6.700966667	1007
6.71585	1029
6.7332	893
6.7492	1041
6.7652	960
6.782183333	960
6.7983	1019
6.813716667	967
6.830183333	925
6.8467	988
6.8609	991
6.878166667	852
6.894633333	1036
6.908733333	988
6.924833333	846
6.94065	966
6.95455	949
6.969266667	834
6.984833333	883
7.000033333	934
7.014183333	912
7.030416667	849
7.047116667	974
7.062516667	1002
7.079916667	924
7.09745	1044
7.11255	1052
7.12845	906
7.143233333	954
7.157183333	887
7.171266667	837
7.185366667	845
7.198016667	846
7.211233333	759
7.2245	793
7.235933333	796
7.248683333	686
7.261733333	765
7.274483333	783
7.286466667	765
7.299683333	719
7.3138	793
7.3265	847
7.341033333	762
7.3558	872
7.368783333	886
7.381433333	779
7.39585	759
7.41095	865
7.4259	906
7.439566667	897
7.453283333	820
7.467066667	823
7.480716667	827
7.494133333	819
7.50695	805
7.52015	769
7.533666667	792
7.547483333	811
7.560333333	829
7.57415	771
7.588866667	829
7.60235	883
7.616516667	809
7.629766667	850
7.642183333	795
7.6564	745
7.668766667	853
7.682333333	742
7.69565	814
7.708133333	799
7.721216667	749
7.734033333	785
7.745933333	769
7.7577	714
7.77	706
7.78325	738
7.794633333	795
7.807616667	683
7.820683333	779
7.8332	784
7.846316667	751
7.8599	787
7.873166667	815
7.8852	796
7.897883333	722
7.9102	761
7.921766667	739
7.93365	694
7.945633333	713
7.957833333	719
7.969066667	732
7.980216667	674
7.992283333	669
8.005333333	724
8.01855	783
8.03215	793
8.04615	816
8.058633333	840
8.071666667	749
8.084183333	782
8.095433333	751
8.107183333	675
8.118416667	705
8.129266667	674
8.13995	651
8.150916667	641
8.16215	658
8.172933333	674
8.185166667	647
8.198166667	734
8.210966667	780
8.224116667	768
8.238183333	789
8.251166667	844
8.264283333	779
8.277	787
8.288633333	763
8.301033333	698
8.312833333	744
8.32395	708
8.336016667	667
8.3486	724
8.35965	755
8.371316667	663
8.3842	700
8.396983333	773
8.408433333	767
8.421016667	687
8.434	755
8.446766667	779
8.457933333	766
8.470016667	670
8.482866667	725
8.4954	771
8.506833333	752
8.518966667	686
8.532	728
8.544983333	782
8.557133333	779
8.571116667	729
8.58555	839
8.59855	866
8.6122	780
8.62575	819
8.638966667	813
8.651	793
8.663266667	722
8.675416667	736
8.68675	729
8.6984	680
8.710433333	699
8.72325	722
8.734883333	769
8.748	698
8.76115	787
8.772616667	789
8.784983333	688
8.797416667	742
8.8091	746
8.82045	701
8.8324	681
8.844666667	717
8.85615	736
8.867566667	689
8.88005	685
8.893083333	749
8.90455	782
8.918033333	688
8.931616667	809
8.94395	815
8.957083333	740
8.969366667	788
8.98095	737
8.994	695
9.007483333	783
9.01945	809
9.032466667	718
9.045633333	781
9.058016667	790
9.071683333	743
9.08595	820
9.098866667	856
9.112233333	775
9.125516667	802
9.138116667	797
9.149766667	756
9.161483333	699
9.173066667	703
9.184016667	695
9.195216667	657
9.206483333	672
9.217266667	676
9.228266667	647
9.239433333	660
9.250416667	670
9.26105	659
9.27215	638
9.2834	666
9.294066667	675
9.305033333	640
9.3159	658
9.32665	652
9.336966667	645
9.347433333	619
9.357883333	628
9.36845	627
9.378666667	634
9.388716667	613
9.398683333	603
9.408566667	598
9.41845	593
9.429066667	593
9.440433333	637
9.452083333	682
9.46355	699
9.474416667	688
9.485583333	652
9.497133333	670
9.5089	693
9.520383333	706
9.531133333	689
9.54175	645
9.55225	637
9.5627	630
9.5728	627
9.5827	606
9.592416667	594
9.602133333	583
9.611666667	583
9.621	572
9.630183333	560
9.6394	551
9.648516667	553
9.657583333	547
9.666733333	544
9.676233333	549
9.6862	570
9.696183333	598
9.70575	599
9.7154	574
9.725416667	579
9.73555	601
9.745883333	608
9.755816667	620
9.766016667	596
9.776433333	612
9.7868	625
9.7968	622
9.806883333	600
9.816933333	605
9.8267	603
9.836533333	586
9.8463	590
9.855866667	586
9.865483333	574
9.87505	577
9.88445	574
9.893783333	564
9.903183333	560
9.91245	564
9.921733333	556
9.93105	557
9.940416667	559
9.9499	562
9.9592	569
9.968716667	558
9.97845	571
9.988133333	584
9.9977	581
10.0074	574
10.017	582
10.0264	576
10.03596667	564
10.04548333	574
10.05495	571
10.06421667	568
10.0737	556
10.08318333	569
10.09248333	569
10.10193333	558
10.1115	567
10.12091667	574
10.1304	565
10.14	569
10.14948333	576
10.15898333	569
10.16851667	570
10.17796667	572
10.18725	567
10.19653333	557
10.20573333	557
10.21486667	552
10.2239	548
10.23303333	542
10.24225	548
10.25121667	553
10.26023333	538
10.26921667	541
10.27816667	539
10.2873	537
10.29663333	548
10.30583333	560
10.31506667	552
10.32415	554
10.33338333	545
10.34276667	554
10.35211667	563
10.3615	561
10.37118333	563
10.38101667	581
10.39061667	590
10.40033333	576
10.40985	583
10.4193	571
10.4288	567
10.43823333	570
10.44755	566
10.45706667	559
10.4664	571
10.47551667	560
10.48476667	547
10.49398333	555
10.50316667	553
10.51241667	551
10.52173333	555
10.5311	559
10.5405	562
10.54993333	564
10.55938333	566
10.56893333	567
10.57843333	573
10.58775	570
10.59711667	559
10.60675	562
10.61653333	578
10.62591667	587
10.63545	563
10.64473333	572
10.65386667	557
10.66306667	548
10.67211667	552
10.68103333	543
10.68998333	535
10.699	537
10.70788333	541
10.71688333	533
10.72593333	540
10.73505	543
10.74415	547
10.75325	546
10.7624	546
10.77146667	549
10.78063333	544
10.7899	550
10.79898333	556
10.80818333	545
10.81743333	552
10.82666667	555
10.83588333	554
10.8452	553
10.85468333	559
10.86415	569
10.87115	568
10.87371667	0
10.88353333	0
10.89336667	589
10.9034	590
10.9134	602
10.92365	600
10.93383333	615
10.94356667	611
10.9534	584
10.96308333	590
10.97236667	581
10.98158333	557
10.9906	553
10.9994	541
11.00808333	528
11.01673333	521
11.0253	519
11.03381667	514
11.04226667	511
11.05073333	507
11.05918333	508
11.06766667	507
11.07608333	509
11.08471667	505
11.09336667	518
11.10196667	519
11.11068333	516
11.12865	523
11.13765	0
11.14685	540
11.15608333	552
11.16518333	554
11.17425	546
11.1833	544
11.1922	543
11.20106667	534
11.21	532
11.21873333	536
11.22738333	524
11.23608333	519
11.24468333	522
11.2533	516
11.26186667	517
11.27051667	514
11.27923333	519
11.28781667	523
11.29646667	515
11.30516667	519
11.31391667	522
11.32271667	525
11.33146667	528
11.34035	525
11.34905	533
11.35775	522
11.36645	522
11.3751	522
11.38385	519
11.39273333	525
11.40158333	533
11.41045	531
11.41938333	532
11.42833333	536
11.4372	537
11.4461	532
11.45503333	534
11.4641	536
11.47303333	544
11.48215	536
11.49113333	547
11.5	539
11.50896667	532
11.5178	538
11.52648333	530
11.5352	521
11.54391667	523
11.55263333	523
11.56121667	523
11.56975	515
11.57846667	512
11.58715	523
11.59578333	521
11.60455	518
11.61338333	526
11.62213333	530
11.63095	525
11.64863333	529
11.65746667	0
11.66636667	530
11.67523333	534
11.68393333	532
11.69273333	522
11.70171667	528
11.71051667	539
11.7193	528
11.7282	527
11.73701667	534
11.74586667	529
11.76363333	531
11.77248333	0
11.7814	531
11.79046667	535
11.79933333	544
11.80833333	532
11.81745	540
11.82648333	547
11.8355	542
11.84473333	541
11.8538	554
11.8629	544
11.87231667	546
11.88156667	565
11.89075	555
11.89998333	551
11.90903333	554
11.9181	543
11.9271	544
11.9359	540
11.94468333	528
11.95336667	527
11.96221667	521
11.97098333	531
11.97968333	526
11.98848333	522
11.99723333	528
12.00598333	525
12.01483333	525
12.02366667	531
12.03243333	530
12.04125	526
12.0502	529
12.05918333	537
12.068	539
12.07686667	529
12.08576667	532
12.09446667	534
12.10323333	522
12.112	526
12.1207	526
12.12943333	522
12.13806667	524
12.1467	518
12.15533333	518
12.16395	518
12.17296667	517
12.18188333	541
12.19058333	535
12.19936667	522
12.208	527
12.21665	518
12.22523333	519
12.23391667	515
12.24253333	521
12.25108333	517
12.25966667	513
12.26831667	515
12.27701667	519
12.28566667	522
12.29431667	519
12.30306667	519
12.31163333	525
12.3203	514
12.32896667	520
12.33758333	520
12.3462	517
12.3548	517
12.36351667	516
12.37238333	523
12.38123333	532
12.39011667	531
12.39915	533
12.40826667	542
12.41735	547
12.4267	545
12.43598333	561
12.44513333	557
12.45436667	549
12.46351667	554
12.47255	549
12.4817	542
12.49058333	549
12.49948333	533
12.50851667	534
12.51745	542
12.5263	536
12.53523333	531
12.54423333	536
12.55325	540
12.56211667	541
12.57123333	532
12.58035	547
12.58936667	547
12.59838333	541
12.60736667	541
12.61638333	539
12.62523333	541
12.63421667	531
12.64325	539
12.65211667	542
12.66105	532
12.66993333	536
12.67878333	533
12.68763333	531
12.69655	531
12.70546667	535
12.71436667	535
12.72331667	534
12.73215	537
12.74091667	530
12.7497	526
12.75848333	527
12.76713333	527
12.77581667	519
12.78471667	521
12.79356667	534
12.80238333	531
12.81128333	529
12.82033333	534
12.82933333	543
12.83838333	540
12.84775	543
12.85695	562
12.86608333	552
12.87541667	548
12.88465	560
12.89378333	554
12.90285	548
12.91188333	544
12.92093333	542
12.9299	543
12.93873333	538
12.9476	530
12.95631667	532
12.96528333	523
12.97448333	538
12.98336667	552
12.99218333	533
13.00098333	529
13.00968333	528
13.01865	522
13.0275	538
13.03623333	531
13.04506667	524
13.05383333	530
13.06258333	526
13.07123333	525
13.07978333	519
13.08833333	513
13.09691667	513
13.10591667	515
13.11521667	540
13.12416667	558
13.13301667	537
13.14203333	531
13.15093333	541
13.15971667	534
13.16833333	527
13.17705	517
13.18583333	523
13.19445	527
13.2032	517
13.21188333	525
13.2206	521
13.22936667	523
13.23816667	526
13.24705	528
13.25576667	533
13.26453333	523
13.27335	526
13.28195	529
13.2906	516
13.29933333	519
13.30795	524
13.31653333	517
13.3251	515
13.33371667	514
13.34221667	517
13.3507	510
13.35925	509
13.36765	513
13.37601667	504
13.38443333	502
13.39291667	505
13.40138333	509
13.40981667	508
13.41831667	506
13.42681667	510
13.43521667	510
13.44373333	504
13.45216667	511
13.46063333	506
13.46908333	508
13.47765	507
13.48613333	514
13.49451667	509
13.50285	503
13.51125	500
13.51978333	504
13.5282	512
13.53658333	505
13.54501667	503
13.55341667	506
13.56183333	504
13.57063333	505
13.58798333	528
13.59646667	0
13.60496667	509
13.61351667	510
13.6219	513
13.63028333	503
13.6386	503
13.64688333	499
13.65526667	497
13.66351667	503
13.67183333	495
13.68013333	499
13.68835	498
13.6967	493
13.70498333	501
13.7133	497
13.72156667	499
13.72995	496
13.73835	503
13.74675	504
13.7552	504
13.76383333	507
13.77223333	518
13.78076667	504
13.78933333	512
13.79788333	514
13.80653333	513
13.81521667	519
13.82396667	521
13.83266667	525
13.8414	522
13.85036667	524
13.85921667	538
13.86806667	531
13.87698333	531
13.88581667	535
13.89461667	530
13.90341667	528
13.91246667	528
13.92145	543
13.93031667	539
13.93943333	532
13.94841667	547
13.9573	539
13.96633333	533
13.9756	542
13.98478333	556
13.9939	551
14.00358333	547
14.01325	581
14.02258333	580
14.03228333	560
14.04198333	582
14.05131667	582
14.06063333	560
14.0699	559
14.07891667	556
14.088	541
14.09715	545
14.1062	549
14.11521667	543
14.12446667	541
14.13386667	555
14.143	564
14.15211667	548
14.1614	547
14.17038333	557
14.1794	539
14.18848333	541
14.19743333	545
14.20625	537
14.21515	529
14.224	534
14.2327	531
14.24156667	522
14.25056667	532
14.25943333	540
14.26823333	532
14.27716667	528
14.28596667	536
14.29476667	528
14.30361667	528
14.3123	531
14.32098333	521
14.32963333	521
14.33825	519
14.34673333	517
14.35538333	509
14.3641	519
14.3727	523
14.38135	516
14.39873333	519
14.40735	0
14.4159	517
14.42451667	513
14.43325	517
14.44191667	524
14.45055	520
14.45921667	518
14.468	520
14.47663333	527
14.48116667	518
14.4853	0
14.4941	0
14.50281667	528
14.51163333	523
14.52048333	529
14.52925	531
14.53786667	526
14.54648333	517
14.55513333	517
14.56363333	519
14.57215	510
14.5805	511
14.58916667	501
14.59761667	520
14.60608333	507
14.6146	508
14.62306667	511
14.63158333	508
14.64	511
14.6486	505
14.65715	516
14.66565	513
14.67428333	510
14.68288333	518
14.69165	516
14.70025	526
14.70906667	516
14.71778333	529
14.72646667	523
14.73538333	521
14.74416667	535
14.75288333	527
14.76158333	523
14.77035	522
14.77913333	526
14.78775	527
14.79635	517
14.80495	516
14.81355	516
14.82246667	516
14.83106667	535
14.83981667	516
14.84876667	525
14.85765	537
14.86648333	533
14.87523333	530
14.88415	525
14.89306667	535
14.90183333	535
14.9108	526
14.91956667	538
14.92825	526
14.9371	521
14.9458	531
14.95446667	522
14.96301667	520
14.972	513
14.98085	539
14.98966667	531
14.99881667	529
15.00788333	549
15.0169	544
15.02586667	541
15.03506667	538
15.04418333	552
15.05313333	547
15.0623	537
15.07151667	550
15.08046667	553
15.0894	537
15.09831667	536
15.10735	535
15.11631667	542
15.12518333	538
15.1343	532
15.14325	547
15.15223333	537
15.1614	539
15.17061667	550
15.17976667	553
15.18875	549
15.19781667	539
15.207	544
15.2159	551
15.22476667	534
15.2338	532
15.24273333	542
15.2516	536
15.26041667	532
15.2695	529
15.27846667	545
15.29648333	538
15.30543333	0
15.3143	537
15.32303333	532
15.33168333	524
15.34025	519
15.34896667	514
15.3577	523
15.36638333	524
15.37495	521
15.3836	514
15.39235	519
15.40106667	525
15.40968333	523
15.41843333	517
15.4272	525
15.43591667	526
15.44458333	523
15.45348333	520
15.46235	534
15.471	532
15.47968333	519
15.48846667	521
15.49705	527
15.50556667	515
15.51403333	511
15.52256667	508
15.5311	512
15.5395	512
15.54798333	504
15.55633333	509
15.56466667	501
15.57298333	500
15.58126667	499
15.5896	497
15.59796667	500
15.60643333	502
15.61486667	508
15.62333333	506
15.63183333	508
15.64013333	510
15.64851667	498
15.65693333	503
15.66525	505
15.67371667	499
15.68215	508
15.69076667	506
15.69936667	517
15.70818333	516
15.71715	529
15.7259	538
15.7349	525
15.74378333	540
15.75261667	533
15.76161667	530
15.77045	540
15.77921667	530
15.78795	526
15.7966	524
15.8052	519
15.81371667	516
15.82218333	511
15.8308	508
15.83946667	517
15.84791667	520
15.85638333	507
15.86486667	508
15.8732	509
15.88155	500
15.88995	501
15.89826667	504
15.90665	499
15.91495	503
15.92336667	498
15.93175	505
15.9401	503
15.94865	501
15.95708333	513
15.96548333	506
15.97386667	504
15.9824	503
15.99083333	512
15.99921667	506
16.00778333	503
16.01611667	514
16.02446667	500
16.03281667	501
16.04113333	501
16.04945	499
16.05773333	499
16.06606667	497
16.07431667	500
16.08261667	495
16.0911	498
16.0993	509
16.10763333	492
16.11603333	500
16.12438333	504
16.1328	501
16.14135	505
16.15	513
16.1585	519
16.16711667	510
16.17576667	517
16.18435	519
16.19305	515
16.20176667	522
16.2104	523
16.21905	518
16.22781667	519
16.23658333	526
16.24526667	526
16.25426667	521
16.2629	540
16.27166667	518
16.28053333	526
16.28921667	532
16.29796667	521
16.30671667	525
16.31553333	525
16.32423333	529
16.33308333	522
16.34198333	531
16.35066667	534
16.35953333	521
16.36846667	532
16.3774	536
16.38626667	536
16.39531667	532
16.40421667	543
16.41306667	534
16.42221667	531
16.43111667	549
16.43988333	534
16.4487	526
16.45761667	529
16.46646667	535
16.47523333	531
16.48446667	526
16.49345	554
16.5024	539
16.51185	537
16.52095	567
16.53001667	546
16.53931667	544
16.5483	558
16.55728333	539
16.56645	539
16.57528333	550
16.58416667	530
16.5932	533
16.60208333	542
16.61083333	533
16.61945	525
16.62813333	517
16.63675	521
16.64515	517
16.65361667	504
16.66198333	508
16.67045	502
16.67881667	508
16.68721667	502
16.69575	504
16.70421667	512
16.71268333	508
16.72118333	508
16.72985	510
16.73855	520
16.74723333	522
16.75601667	521
16.76461667	527
16.77325	516
16.78206667	518
16.79078333	529
16.79938333	523
16.80791667	516
16.8166	512
16.82518333	521
16.83363333	515
16.84233333	507
16.85085	522
16.85935	511
16.86798333	510
16.87643333	518
16.88488333	507
16.89335	507
16.90173333	508
16.91011667	503
16.91846667	503
16.92705	501
16.93556667	515
16.94413333	511
16.95281667	514
16.9615	521
16.97015	521
16.97886667	519
16.98761667	523
16.9961	525
17.0046	509
17.01295	510
17.02131667	501
17.02971667	502
17.03813333	504
17.04645	505
17.05471667	499
17.06311667	496
17.07145	504
17.07976667	500
17.08808333	499
17.09661667	499
17.10505	512
17.11345	506
17.12186667	504
17.13015	505
17.13846667	497
17.14666667	499
17.15501667	492
17.17153333	501
17.18008333	0
17.18871667	513
17.19748333	518
17.20621667	526
17.21496667	524
17.22378333	525
17.23293333	529
17.242	549
17.25093333	544
17.25978333	536
17.26861667	531
17.27748333	530
17.2864	532
17.29543333	535
17.3041	542
17.31278333	520
17.32135	521
17.3297	514
17.33785	501
17.34611667	489
17.35436667	496
17.36248333	495
17.37065	487
17.37886667	490
17.38721667	493
17.39548333	501
17.40395	496
17.41258333	508
17.42113333	518
17.42973333	513
17.43843333	516
17.44711667	522
17.45575	521
17.46446667	518
17.47315	523
17.48168333	521
17.49031667	512
17.4989	518
17.5074	515
17.51596667	510
17.52461667	514
17.53316667	519
17.54165	513
17.55031667	509
17.55885	520
17.56733333	512
17.5759	509
17.58428333	514
17.59258333	503
17.60075	498
17.60903333	490
17.61721667	497
17.62538333	491
17.63368333	490
17.64181667	498
17.65001667	488
17.65823333	492
17.66648333	493
17.67465	495
17.683	490
17.69138333	501
17.69976667	503
17.70818333	503
17.72531667	505
17.73388333	0
17.74245	514
17.75098333	514
17.75963333	512
17.76833333	519
17.77678333	522
17.78536667	507
17.79386667	515
17.8021	510
17.81046667	494
17.8188	502
17.82708333	500
17.83533333	497
17.84368333	495
17.85206667	501
17.86045	503
17.86893333	503
17.87743333	509
17.88593333	510
17.89445	510
17.90298333	511
17.91161667	512
17.92005	518
17.92863333	506
17.93726667	515
17.94588333	518
17.95456667	517
17.96323333	521
17.97181667	520
17.98045	515
17.98923333	518
17.9979	527
18.00656667	520
18.01531667	520
18.02396667	525
18.03276667	519
18.04176667	528
18.05045	540
18.05925	521
18.06811667	528
18.07691667	532
18.0857	528
18.09455	527
18.10321667	531
18.11185	520
18.1206	518
18.12915	525
18.13768333	513
18.14638333	512
18.15493333	522
18.16348333	513
18.17211667	513
18.18105	518
18.18985	536
18.19861667	528
18.2076	526
18.21638333	539
18.22518333	527
18.23435	528
18.2433	550
18.2522	537
18.26123333	534
18.27018333	542
18.27893333	537
18.2876	525
18.29613333	520
18.30461667	512
18.31315	509
18.32206667	512
18.33086667	535
18.33953333	528
18.34826667	520
18.35693333	524
18.36538333	520
18.37386667	507
18.38235	509
18.3908	509
18.39916667	507
18.40753333	502
18.41606667	502
18.42476667	512
18.43345	522
18.44203333	521
18.45061667	515
18.45933333	515
18.46788333	523
18.47626667	513
18.48463333	503
18.49303333	502
18.5012	504
18.50933333	490
18.51743333	488
18.5255	486
18.53358333	484
18.54156667	485
18.54955	479
18.55748333	479
18.5654	476
18.57345	475
18.58151667	483
18.5896	484
18.59763333	485
18.60576667	482
18.61393333	488
18.62206667	490
18.63025	488
18.63861667	491
18.64693333	502
18.6552	499
18.66358333	496
18.6719	503
18.6802	499
18.68855	498
18.69691667	501
18.70521667	502
18.7135	498
18.72198333	497
18.73038333	509
18.73865	504
18.74703333	496
18.7553	503
18.76351667	496
18.77171667	493
18.77988333	492
18.78803333	490
18.7962	489
18.8045	490
18.81271667	498
18.82095	493
18.8294	494
18.8378	507
18.84615	504
18.85455	501
18.86296667	504
18.87118333	505
18.8795	493
18.88783333	499
18.89613333	500
18.9044	498
18.91256667	496
18.92086667	490
18.92903333	498
18.93728333	490
18.94566667	495
18.95403333	503
18.96243333	502
18.97093333	504
18.9794	510
18.98776667	508
18.99618333	502
19.0046	505
19.01286667	505
19.02118333	496
19.0295	499
19.03776667	499
19.04598333	496
19.05436667	493
19.06258333	503
19.07091667	493
19.07936667	500
19.08775	507
19.09623333	503
19.10488333	509
19.11356667	519
19.1223	521
19.13108333	524
19.13996667	527
19.1487	533
19.15753333	524
19.16625	530
19.17485	523
19.1837	516
19.19233333	531
19.20095	518
19.20971667	517
19.21821667	526
19.22676667	510
19.2354	513
19.24428333	518
19.25306667	533
19.26191667	527
19.27096667	531
19.2798	543
19.28885	530
19.29786667	543
19.3067	541
19.31571667	530
19.32446667	541
19.33321667	525
19.34206667	525
19.35073333	531
19.3594	520
19.36801667	520
19.37681667	517
19.38561667	528
19.39445	528
19.40336667	530
19.41206667	535
19.42088333	522
19.42966667	529
19.4383	527
19.44691667	518
19.45538333	517
19.46373333	508
19.47213333	501
19.48061667	504
19.48921667	509
19.49776667	516
19.50628333	513
19.51481667	511
19.52328333	512
19.53183333	508
19.54008333	513
19.54848333	495
19.55695	504
19.56546667	508
19.57403333	511
19.58245	514
19.59093333	505
19.59946667	509
19.60803333	512
19.61653333	514
19.625	510
19.63336667	508
19.64175	502
19.6502	503
19.65863333	507
19.66691667	506
19.67533333	497
19.68373333	505
19.6921	504
19.7006	502
19.70911667	510
19.71756667	511
19.72598333	507
19.73456667	505
19.74303333	515
19.75148333	508
19.76001667	507
19.76831667	512
19.7767	498
19.785	503
19.79336667	498
19.80161667	502
19.80978333	495
19.81801667	490
19.82635	494
19.83473333	500
19.84316667	503
19.85163333	506
19.86003333	508
19.86841667	504
19.877	503
19.88546667	515
19.8939	508
19.90251667	506
19.91095	517
19.91943333	506
19.92785	509
19.93643333	505
19.94513333	515
19.9537	522
19.96225	514
19.97095	513
19.97958333	522
19.9882	518
19.99685	517
20.00545	519
20.01388333	516
20.02241667	506
20.03086667	512
20.03921667	507
20.0477	501
20.05611667	509
20.06461667	505
20.07321667	510
20.08236667	516
20.09138333	549
20.10048333	541
20.10986667	546
20.11925	563
20.1285	563
20.13803333	555
20.14791667	572
20.15741667	593
20.16688333	570
20.17651667	568
20.1864	578
20.19623333	593
20.20641667	590
20.21653333	611
20.22628333	607
20.23563333	585
20.2449	561
20.25395	556
20.2627	543
20.27131667	525
20.27981667	517
20.28826667	510
20.2966	507
20.3048	500
20.31298333	492
20.32108333	491
20.32913333	486
20.33721667	483
20.34538333	485
20.35386667	490
20.36236667	509
20.37075	510
20.37943333	503
20.38865	521
20.39765	553
20.40656667	540
20.41573333	535
20.42536667	550
20.43503333	578
20.44425	580
20.4536	553
20.46341667	561
20.473	589
20.48226667	575
20.4918	556
20.5018	572
20.51158333	600
20.52096667	587
20.5305	563
20.54053333	572
20.5502	602
20.55956667	580
20.56913333	562
20.57871667	574
20.58795	575
20.59705	554
20.60623333	546
20.6154	551
20.62433333	550
20.63335	536
20.64261667	541
20.6519	556
20.66091667	557
20.67001667	541
20.67938333	546
20.68863333	562
20.69763333	555
20.70656667	540
20.71571667	536
20.72511667	549
20.73446667	564
20.74396667	561
20.75415	570
20.76471667	611
20.7748	634
20.78525	605
20.79641667	627
20.80713333	670
20.81713333	643
20.82776667	600
20.83871667	638
20.8492	657
20.85918333	629
20.87005	599
20.88148333	652
20.89215	686
20.90221667	640
20.91256667	604
20.92298333	621
20.93305	625
20.94285	604
20.95336667	588
20.96448333	631
20.97503333	667
20.98583333	633
20.99755	648
21.00873333	703
21.01941667	671
21.03095	641
21.0429	692
21.05421667	717
21.06578333	679
21.0782	694
21.09016667	745
21.10171667	718
21.11445	693
21.12701667	764
21.13933333	754
21.15263333	739
21.16541667	798
21.17756667	767
21.18995	729
21.20275	743
21.21476667	768
21.22733333	721
21.2396	754
21.25165	736
21.26535	723
21.27726667	822
21.28956667	715
21.3022	738
21.31405	758
21.32713333	711
21.33921667	785
21.35111667	725
21.3633	714
21.37478333	731
21.38623333	689
21.39865	687
21.41108333	745
21.42323333	746
21.43631667	729
21.45051667	785
21.46378333	852
21.47878333	796
21.4932	900
21.50661667	865
21.5216	805
21.53526667	899
21.54815	820
21.56263333	773
21.57586667	869
21.58903333	794
21.60348333	790
21.6169	867
21.63111667	805
21.64506667	853
21.65826667	837
21.67228333	792
21.68576667	841
21.69895	809
21.7132	791
21.72705	855
21.74081667	831
21.7552	826
21.7689	863
21.78281667	822
21.79716667	835
21.81031667	861
21.82368333	789
21.83716667	802
21.84991667	809
21.86386667	765
21.87756667	837
21.89171667	822
21.90608333	849
21.91961667	862
21.93341667	812
21.94715	828
21.96003333	824
21.97368333	773
21.98768333	819
22.00046667	840
22.01446667	767
22.02858333	840
22.04183333	847
22.05596667	795
22.06958333	848
22.08243333	817
22.09606667	771
22.11088333	818
22.12388333	889
22.13741667	780
22.1512	812
22.16395	827
22.17703333	765
22.18928333	785
22.20045	735
22.21173333	670
22.22551667	677
22.23848333	827
22.25085	778
22.26421667	742
22.27725	802
22.28963333	782
22.3026	743
22.31501667	778
22.32713333	745
22.34008333	727
22.35341667	777
22.3663	800
22.38056667	773
22.39473333	856
22.408	850
22.42178333	796
22.4356	827
22.44858333	829
22.4624	779
22.4764	829
22.48905	840
22.5016	759
22.51545	753
22.53073333	831
22.54505	917
22.56018333	859
22.57503333	908
22.58918333	891
22.60433333	849
22.61965	909
22.63426667	919
22.65006667	877
22.66606667	948
22.68058333	960
22.69521667	871
22.70838333	878
22.72091667	790
22.73393333	752
22.74798333	781
22.76225	843
22.77616667	856
22.79061667	835
22.80491667	867
22.819	858
22.83216667	845
22.84625	790
22.8603	845
22.8728	843
22.88586667	750
22.90038333	784
22.91353333	871
22.92678333	789
22.9404	795
22.95263333	817
22.96431667	734
22.97505	701
22.98621667	644
23.00043333	670
23.01431667	853
23.0287	833
23.04228333	863
23.0552	815
23.06803333	775
23.08111667	770
23.09438333	785
23.10685	796
23.1204	748
23.13491667	813
23.15013333	871
23.16418333	913
23.1785	843
23.19366667	859
23.20806667	910
23.22171667	864
23.23586667	819
23.24895	849
23.26195	785
23.27673333	780
23.29101667	887
23.30438333	857
23.31698333	802
23.32961667	756
23.34228333	758
23.35473333	760
23.36671667	747
23.3781	719
23.38891667	683
23.39925	649
23.41006667	620
23.42331667	649
23.43541667	795
23.44711667	726
23.4621	702
23.4752	899
23.48761667	786
23.50083333	745
23.51341667	793
23.52545	755
23.539	722
23.5526	813
23.56546667	816
23.58025	772
23.59493333	887
23.60881667	881
23.62345	833
23.63756667	878
23.65193333	847
23.66666667	862
23.68041667	884
23.69413333	825
23.70826667	823
23.72193333	848
23.7345	820
23.74845	754
23.76346667	837
23.77666667	901
23.79138333	792
23.8063	883
23.82063333	895
23.83471667	860
23.84885	845
23.86203333	848
23.87486667	791
23.88936667	770
23.90333333	870
23.91636667	838
23.9307	782
23.9457	860
23.95885	900
23.97306667	789
23.98591667	853
23.99853333	771
24.01138333	757
24.02381667	771
24.0363	746
24.04981667	749
24.06441667	811
24.07791667	876
24.09273333	810
24.10765	889
24.12273333	895
24.13681667	905
24.15188333	845
24.16725	904
24.1823	922
24.19743333	903
24.2135	908
24.22851667	964
24.24355	901
24.2599	902
24.27543333	981
24.29021667	932
24.3062	887
24.32196667	959
24.33671667	946
24.35258333	885
24.36831667	952
24.38311667	944
24.3989	888
24.41251667	947
24.42583333	817
24.44145	799
24.45838333	937
24.47445	1016
24.49008333	964
24.50541667	938
24.51945	920
24.53413333	842
24.54933333	881
24.56355	912
24.5771	853
24.59245	813
24.60841667	921
24.62291667	958
24.63876667	870
24.65436667	951
24.66871667	936
24.6844	861
24.69978333	941
24.71383333	923
24.72946667	843
24.74473333	938
24.75898333	916
24.77435	855
24.7898	922
24.80396667	927
24.8195	850
24.83505	932
24.84988333	933
24.86533333	890
24.8802	927
24.89436667	892
24.9096	850
24.925	914
24.93968333	924
24.95545	881
24.97113333	946
24.9859	941
25.00153333	886
25.01645	938
25.03036667	895
25.04555	835
25.0605	911
25.07358333	897
25.0878	785
25.1024	853
25.11755	876
25.13151667	909
25.1465	838
25.16138333	899
25.17461667	893
25.18836667	794
25.20098333	825
25.21331667	757
25.22633333	740
25.23993333	781
25.25278333	816
25.26628333	771
25.27991667	810
25.29308333	818
25.3063	790
25.31976667	793
25.33315	808
25.34593333	803
25.35831667	767
25.37065	743
25.38428333	740
25.3972	818
25.41043333	775
25.42408333	794
25.43655	819
25.44878333	748
25.46151667	734
25.47428333	764
25.48695	766
25.50095	760
25.5153	840
25.52915	861
25.54376667	831
25.55881667	877
25.57351667	903
25.5887	882
25.60436667	911
25.61985	940
25.63418333	929
25.6497	860
25.66418333	931
25.67706667	869
25.6911	773
25.70588333	842
25.71983333	887
25.7355	837
25.75126667	940
25.76591667	946
25.78158333	879
25.7971	940
25.81091667	931
25.82586667	829
25.84043333	897
25.85343333	874
25.86731667	780
25.8813	833
25.89423333	839
25.9079	776
25.92251667	820
25.93638333	877
25.95156667	832
25.96711667	911
25.98153333	933
25.99628333	865
26.01078333	885
26.02443333	870
26.03965	819
26.05523333	913
26.07026667	935
26.08691667	902
26.10293333	999
26.1176	961
26.13338333	880
26.14823333	947
26.16215	891
26.17716667	835
26.1921	901
26.20608333	896
26.22106667	839
26.23561667	899
26.24953333	873
26.26405	835
26.27816667	871
26.29123333	847
26.3048	784
26.3193	814
26.33351667	870
26.34671667	853
26.36025	792
26.37233333	812
26.38478333	725
26.39818333	747
26.4122	804
26.42523333	841
26.43965	782
26.45446667	865
26.4687	889
26.48301667	854
26.49726667	859
26.51176667	855
26.52531667	870
26.54005	813
26.55498333	884
26.5694	896
26.58518333	865
26.6004	947
26.61468333	913
26.62995	857
26.64493333	916
26.6588	899
26.67416667	832
26.68923333	922
26.70345	904
26.71898333	853
26.73535	932
26.75056667	982
26.76626667	913
26.78256667	942
26.79826667	978
26.81346667	942
26.82946667	912
26.84571667	960
26.86093333	975
26.87708333	913
26.89268333	969
26.90625	936
26.9211	814
26.9366	891
26.95041667	930
26.96606667	829
26.98205	939
26.99708333	959
27.01283333	902
27.02811667	945
27.04211667	917
27.057	840
27.07166667	893
27.0855	880
27.10035	830
27.11681667	891
27.13285	988
27.14751667	962
27.16323333	880
27.17828333	943
27.19195	903
27.2067	820
27.22221667	885
27.23665	931
27.25215	866
27.26741667	930
27.28091667	916
27.295	810
27.30923333	845
27.32358333	854
27.33791667	861
27.35373333	860
27.36885	949
27.38293333	907
27.39771667	845
27.41263333	887
27.42635	895
27.44125	823
27.4557	894
27.46918333	867
27.48385	809
27.49888333	880
27.51323333	902
27.52886667	861
27.54355	938
27.55796667	881
27.5734	865
27.58815	926
27.60158333	885
27.61631667	806
27.63121667	884
27.64475	894
27.65985	812
27.67551667	906
27.68976667	940
27.70415	855
27.71876667	863
27.73323333	877
27.74658333	868
27.76073333	801
27.77596667	849
27.79016667	914
27.80438333	852
27.81938333	853
27.8343	900
27.84805	895
27.8628	825
27.87661667	885
27.88976667	829
27.90433333	789
27.91915	874
27.933	889
27.94791667	831
27.96236667	895
27.97556667	867
27.98951667	792
28.00381667	837
28.0176	858
28.03241667	827
28.0476	889
28.06135	911
28.0754	825
28.08978333	843
28.10295	863
28.11625	790
28.12961667	798
28.14256667	802
28.1552	777
28.16931667	758
28.18225	847
28.19456667	776
28.20741667	739
28.21951667	771
28.23156667	726
28.24341667	723
28.2552	711
28.26716667	707
28.27856667	718
28.28981667	684
28.30151667	675
28.31341667	702
28.32481667	714
28.33641667	684
28.34806667	696
28.35996667	699
28.37103333	714
28.38303333	664
28.39548333	720
28.4084	747
28.4215	775
28.43415	786
28.44775	759
28.4619	816
28.47633333	849
28.48913333	866
28.5024	768
28.51611667	796
28.5289	823
28.5412	767
28.55383333	738
28.56803333	758
28.5832	852
28.59756667	910
28.61155	862
28.62623333	839
28.64095	881
28.656	883
28.66938333	903
28.68381667	803
28.69886667	866
28.71411667	903
28.72793333	915
28.74306667	829
28.75758333	908
28.77075	871
28.78443333	790
28.8002	821
28.81486667	946
28.82826667	880
28.84166667	804
28.85506667	804
28.86828333	804
28.88155	793
28.89568333	796
28.90981667	848
28.92351667	848
28.93628333	822
28.94846667	766
28.96008333	731
28.9709	697
28.98203333	649
28.99375	668
29.00525	703
29.01836667	690
29.03306667	787
29.0484	882
29.06421667	920
29.08008333	949
29.09608333	952
29.11178333	960
29.1267	942
29.14126667	895
29.15571667	874
29.17036667	867
29.18395	879
29.19655	815
29.2089	756
29.22138333	741
29.23305	749
29.24685	700
29.26081667	828
29.2737	838
29.28921667	773
29.30503333	931
29.3196	949
29.33383333	874
29.34906667	854
29.36438333	914
29.37915	919
29.39348333	886
29.40845	860
29.42313333	898
29.43666667	881
29.4516	812
29.46751667	896
29.48335	955
29.49853333	950
29.515	911
29.53113333	988
29.54626667	968
29.56235	908
29.57861667	965
29.59336667	976
29.6095	885
29.62626667	968
29.6428	1006
29.65795	992
29.6748	909
29.69175	1011
29.7082	1017
29.7238	987
29.73986667	936
29.75623333	964
29.7705	982
29.78663333	856
29.80333333	968
29.81796667	1002
29.83175	878
29.8468	827
29.86283333	903
29.87738333	962
29.8916	873
29.9065	853
29.92166667	894
29.93695	910
29.95305	917
29.96905	966
29.98416667	960
29.99985	907
30.01545	941
30.02893333	936
30.04371667	809
30.0601	887
30.07503333	983
30.08918333	896
30.10515	849
30.1208	958
30.13445	939
30.14916667	819
30.16416667	883
30.17806667	900
30.19241667	834
30.20785	861
30.2236	926
30.23808333	945
30.25233333	869
30.26733333	855
30.28198333	900
30.29545	879
30.30995	808
30.32521667	870
30.34041667	916
30.35475	912
30.3699	860
30.3839	909
30.39648333	840
30.41008333	755
30.42355	816
30.4362	808
30.44918333	759
30.46346667	779
30.47813333	857
30.49176667	880
30.50655	818
30.5219	887
30.53731667	921
30.55141667	925
30.56581667	846
30.58066667	864
30.5959	891
30.60896667	914
30.62258333	784
30.63545	817
30.64715	772
30.65853333	702
30.6705	683
30.68591667	718
30.69876667	925
30.7119	771
30.72653333	788
30.74163333	878
30.75655	906
30.77136667	895
30.786	889
30.80048333	878
30.81465	869
30.82911667	850
30.84358333	868
30.8569	868
30.87078333	799
30.88536667	833
30.90055	875
30.91386667	911
30.92716667	799
30.94073333	798
30.95301667	814
30.96451667	737
30.97668333	690
30.98913333	730
31.00206667	747
31.01408333	776
31.02708333	721
31.04003333	780
31.05303333	777
31.06691667	780
31.08106667	833
31.09443333	849
31.10885	802
31.1232	865
31.13655	861
31.15148333	801
31.16638333	896
31.17996667	894
31.19461667	815
31.2092	879
31.2225	875
31.23638333	798
31.25013333	833
31.26315	825
31.27706667	781
31.29053333	835
31.30528333	808
31.32065	885
31.33625	922
31.35108333	936
31.36536667	890
31.3798	857
31.39363333	866
31.40855	830
31.4241	895
31.43926667	933
31.4529	910
31.46748333	818
31.48195	875
31.4954	868
31.51033333	807
31.52563333	896
31.53901667	918
31.55248333	803
31.56593333	808
31.57923333	807
31.59266667	798
31.60526667	806
31.6173	756
31.62923333	722
31.64291667	716
31.65728333	821
31.67246667	862
31.6865	911
31.70216667	842
31.71791667	940
31.73381667	945
31.74936667	954
31.76283333	933
31.77701667	808
31.79021667	851
31.80376667	792
31.81776667	813
31.83211667	840
31.84513333	861
31.85935	781
31.87401667	853
31.88733333	880
31.90035	799
31.91391667	781
31.92783333	814
31.94203333	835
31.9554	852
31.9696	802
31.98463333	852
31.98463333	902
