0.014216667	853
0.030816667	996
0.047916667	1026
0.062733333	889
0.0773	874
0.093966667	1000
0.1115	1052
0.128866667	1042
0.143783333	895
0.1604	997
0.177133333	1004
0.193766667	998
0.209116667	921
0.225733333	997
0.2415	946
0.255483333	839
0.27155	964
0.288766667	1033
0.30585	1025
0.3211	915
0.338933333	1070
0.35635	1045
0.37095	876
0.388166667	1033
0.4061	1076
0.423666667	1054
0.438083333	865
0.4539	949
0.470766667	1012
0.488333333	1054
0.505016667	1001
0.521333333	979
0.53625	895
0.552333333	965
0.568683333	981
0.585266667	995
0.6	884
0.614166667	850
0.627966667	828
0.642366667	864
0.658483333	967
0.6734	895
0.687866667	868
0.702933333	904
0.7165	814
0.730216667	823
0.74415	836
0.759016667	892
0.77385	890
0.78905	912
0.805083333	962
0.8228	1063
0.838216667	925
0.852483333	856
0.867766667	917
0.884616667	1011
0.9015	1013
0.918066667	994
0.936183333	1087
0.954333333	1089
0.972783333	1107
0.989516667	1004
1.007916667	1104
1.027433333	1171
1.044533333	1026
1.06025	943
1.07855	1098
1.097283333	1124
1.11245	910
1.129733333	1037
1.147583333	1071
1.16275	910
1.1802	1047
1.1984	1092
1.21565	1035
1.2318	969
1.250066667	1096
1.267433333	1042
1.282883333	927
1.300383333	1050
1.317916667	1052
1.3324	869
1.348533333	968
1.36535	1009
1.3795	849
1.3956	966
1.4136	1080
1.429366667	946
1.445766667	984
1.463433333	1060
1.478966667	932
1.495566667	996
1.512416667	1011
1.529566667	1029
1.545133333	934
1.560116667	899
1.576716667	996
1.5914	881
1.605283333	833
1.622333333	1023
1.6408	1108
1.6569	966
1.67365	1005
1.6921	1107
1.70975	1059
1.724916667	910
1.741883333	1018
1.758583333	1002
1.7727	847
1.78665	837
1.800016667	802
1.814916667	894
1.828383333	808
1.84355	910
1.860233333	1001
1.87785	1057
1.8937	951
1.91105	1041
1.928316667	1036
1.94275	866
1.9587	957
1.975366667	1000
1.991483333	967
2.005266667	827
2.020566667	918
2.037233333	1000
2.053383333	969
2.068683333	918
2.083533333	891
2.098983333	927
2.117083333	1086
2.132433333	921
2.147	874
2.16325	975
2.180316667	1024
2.19755	1034
2.213183333	938
2.227783333	876
2.243816667	962
2.260333333	991
2.276116667	947
2.2917	935
2.309283333	1055
2.326383333	1026
2.342883333	990
2.360233333	1041
2.376516667	977
2.392066667	933
2.409533333	1048
2.4271	1054
2.441883333	887
2.458933333	1023
2.47645	1051
2.494016667	1054
2.509166667	909
2.5258	998
2.543	1032
2.560566667	1054
2.575266667	882
2.591883333	997
2.6095	1057
2.62695	1047
2.6423	921
2.6593	1020
2.677183333	1073
2.692933333	945
2.71125	1099
2.729716667	1108
2.74545	944
2.762683333	1034
2.780783333	1086
2.795733333	897
2.81105	919
2.82695	954
2.84315	972
2.858116667	898
2.873066667	897
2.88915	965
2.9049	945
2.920933333	962
2.939533333	1116
2.957783333	1095
2.9742	985
2.992466667	1096
3.0105	1082
3.02575	915
3.042533333	1007
3.059466667	1016
3.0764	1016
3.09075	861
3.106366667	937
3.1242	1070
3.141716667	1051
3.1564	881
3.172533333	968
3.18875	973
3.2051	981
3.218933333	830
3.234433333	930
3.252283333	1071
3.2686	979
3.2847	966
3.30305	1101
3.32065	1056
3.33665	960
3.354516667	1072
3.3725	1079
3.3882	942
3.405183333	1019
3.423116667	1076
3.438333333	913
3.455216667	1013
3.473516667	1098
3.491316667	1068
3.507566667	975
3.522183333	877
3.538483333	978
3.555933333	1047
3.57275	1009
3.588383333	938
3.602116667	824
3.616816667	882
3.63215	920
3.648483333	980
3.662833333	861
3.679616667	1007
3.69535	944
3.709966667	877
3.7263	980
3.7426	978
3.75715	873
3.774716667	1054
3.79275	1082
3.808916667	970
3.826533333	1057
3.844833333	1098
3.861	970
3.878983333	1079
3.897516667	1112
3.91365	968
3.929816667	970
3.948233333	1105
3.965583333	1041
3.981833333	975
4.00015	1099
4.018516667	1102
4.034183333	940
4.05255	1102
4.07125	1122
4.0876	981
4.104016667	985
4.122466667	1107
4.1389	986
4.15345	873
4.169333333	953
4.1853	958
4.198666667	802
4.213716667	903
4.230116667	984
4.2469	1007
4.261366667	868
4.27765	977
4.29465	1020
4.308883333	854
4.324083333	912
4.340733333	999
4.35805	1039
4.3754	1041
4.391866667	988
4.406333333	868
4.4207	862
4.43615	927
4.44975	816
4.464	855
4.481566667	1054
4.4991	1052
4.515583333	989
4.53205	988
4.548116667	964
4.5622	845
4.577116667	895
4.594416667	1038
4.611283333	1012
4.626683333	924
4.643633333	1017
4.661033333	1044
4.675483333	867
4.692166667	1001
4.709	1010
4.723683333	881
4.740383333	1002
4.757466667	1025
4.771616667	849
4.786983333	922
4.802666667	941
4.81845	947
4.834566667	967
4.84885	857
4.8639	903
4.8794	930
4.8924	780
4.90545	783
4.918216667	766
4.932333333	847
4.946733333	864
4.962133333	924
4.975816667	821
4.9911	917
5.007016667	955
5.022866667	951
5.039633333	1006
5.0555	952
5.0699	864
5.085416667	931
5.101533333	967
5.118616667	1025
5.1363	1061
5.1521	948
5.17045	1101
5.18935	1134
5.207533333	1091
5.223133333	936
5.240433333	1038
5.2583	1072
5.273266667	898
5.289466667	972
5.30705	1055
5.32385	1008
5.338666667	889
5.355416667	1005
5.372416667	1020
5.38675	860
5.403883333	1028
5.42185	1078
5.438433333	995
5.453883333	927
5.471383333	1050
5.488633333	1035
5.5032	874
5.519383333	971
5.536166667	1007
5.550483333	859
5.567116667	998
5.584616667	1050
5.6021	1049
5.617633333	932
5.634816667	1031
5.651583333	1006
5.667533333	957
5.682433333	894
5.69865	973
5.7147	963
5.728683333	839
5.74365	898
5.758716667	904
5.7728	845
5.7865	822
5.802083333	935
5.820566667	1109
5.83805	1049
5.853966667	955
5.871816667	1071
5.889283333	1048
5.904583333	918
5.921483333	1014
5.93895	1048
5.9545	933
5.969516667	901
5.984816667	918
6.001816667	1020
6.017966667	969
6.033616667	939
6.050683333	1024
6.065366667	881
6.079683333	859
6.095116667	926
6.11145	980
6.1268	921
6.14075	837
6.155166667	865
6.169	830
6.1821	786
6.196466667	862
6.210216667	825
6.223733333	811
6.2377	838
6.252383333	881
6.268483333	966
6.285216667	1004
6.302166667	1017
6.319583333	1045
6.3352	937
6.351133333	956
6.366416667	917
6.380483333	844
6.393933333	807
6.407116667	791
6.421216667	846
6.43795	1004
6.453416667	928
6.470033333	997
6.48785	1069
6.504916667	1024
6.5194	869
6.535233333	950
6.552033333	1008
6.568316667	977
6.5828	869
6.5983	930
6.6142	954
6.630066667	952
6.644366667	858
6.6592	890
6.674616667	925
6.688716667	846
6.703816667	906
6.71985	962
6.734233333	863
6.74965	925
6.7674	1065
6.78465	1035
6.799233333	875
6.816016667	1007
6.832816667	1008
6.848116667	918
6.8638	941
6.880716667	1015
6.898	1037
6.914416667	985
6.9295	905
6.945933333	986
6.9636	1060
6.980733333	1028
6.9965	946
7.01425	1065
7.0314	1029
7.046016667	877
7.06195	956
7.0787	1005
7.092933333	854
7.10765	883
7.12295	918
7.137233333	857
7.152383333	909
7.167766667	923
7.182166667	864
7.1956	806
7.209233333	818
7.22265	805
7.235566667	775
7.248616667	783
7.26155	776
7.2745	777
7.286366667	712
7.299566667	792
7.312883333	799
7.32715	856
7.339833333	761
7.354433333	876
7.369583333	909
7.3837	847
7.397683333	839
7.412583333	894
7.427566667	899
7.440716667	789
7.45475	842
7.468266667	811
7.480416667	729
7.494283333	832
7.507766667	809
7.521283333	811
7.533833333	753
7.54785	841
7.561	789
7.573783333	767
7.586416667	758
7.599533333	787
7.61225	763
7.6238	693
7.63635	753
7.6489	753
7.661183333	737
7.672483333	678
7.6843	709
7.69555	675
7.706766667	673
7.71795	671
7.729816667	712
7.742266667	747
7.75395	701
7.7661	729
7.7789	768
7.79125	741
7.802816667	694
7.815183333	742
7.82735	730
7.8391	705
7.8501	660
7.861783333	701
7.873633333	711
7.88535	703
7.896266667	655
7.907733333	688
7.919733333	720
7.931383333	699
7.942683333	678
7.954883333	732
7.966883333	720
7.978266667	683
7.990416667	729
8.002783333	742
8.014966667	731
8.026533333	694
8.038466667	716
8.05015	701
8.06155	684
8.072616667	664
8.084016667	684
8.095783333	706
8.10755	706
8.11845	654
8.12965	672
8.141766667	727
8.153916667	729
8.165166667	675
8.177616667	747
8.191016667	804
8.203366667	741
8.2173	836
8.231183333	833
8.24395	766
8.257733333	827
8.270883333	789
8.282633333	705
8.294333333	702
8.30565	679
8.317816667	730
8.333416667	936
8.347983333	874
8.362366667	863
8.375283333	775
8.3888	811
8.40275	837
8.41705	858
8.429833333	767
8.443683333	831
8.4573	817
8.470383333	785
8.48225	712
8.495366667	787
8.508566667	792
8.52105	749
8.533433333	743
8.54695	811
8.5619	897
8.57505	789
8.588466667	805
8.604066667	936
8.6191	902
8.632316667	793
8.6466	857
8.660366667	826
8.6723	716
8.68515	771
8.697966667	769
8.709566667	696
8.721316667	705
8.73385	752
8.7466	765
8.7582	696
8.77165	807
8.78465	780
8.796466667	709
8.81055	845
8.8248	855
8.837433333	758
8.8509	808
8.863916667	781
8.875683333	706
8.888383333	762
8.9014	781
8.913916667	751
8.926383333	748
8.9396	793
8.951916667	739
8.965616667	822
8.979383333	826
8.991833333	747
9.005016667	791
9.0179	773
9.0296	702
9.042883333	797
9.05595	784
9.06815	732
9.0813	789
9.095516667	853
9.10865	788
9.121583333	776
9.13485	796
9.146816667	718
9.160183333	802
9.172366667	731
9.183933333	694
9.19605	727
9.207583333	692
9.218816667	674
9.230516667	702
9.242	689
9.2529	654
9.263933333	662
9.275066667	668
9.286316667	675
9.297433333	667
9.308166667	644
9.3191	656
9.330216667	667
9.34125	662
9.351816667	634
9.362266667	627
9.372583333	619
9.382733333	609
9.393483333	645
9.404533333	663
9.414783333	615
9.42515	622
9.4359	645
9.447066667	670
9.457733333	640
9.4682	628
9.478983333	647
9.490583333	696
9.501916667	680
9.512583333	640
9.523533333	657
9.534533333	660
9.545	628
9.5554	624
9.565883333	629
9.576333333	627
9.586416667	605
9.596766667	621
9.606866667	606
9.61685	599
9.62695	606
9.636983333	602
9.646816667	590
9.6567	593
9.6667	600
9.676466667	586
9.68615	581
9.696	591
9.705766667	586
9.715516667	585
9.725216667	582
9.734966667	585
9.744616667	579
9.75425	578
9.763783333	572
9.773416667	578
9.783	575
9.792483333	569
9.802	571
9.811666667	580
9.82115	569
9.830666667	571
9.840266667	576
9.849783333	571
9.859266667	569
9.868816667	573
9.878416667	576
9.888033333	577
9.897583333	573
9.907216667	578
9.91685	578
9.926483333	578
9.936033333	573
9.945733333	582
9.9554	580
9.964866667	568
9.974333333	568
9.983733333	564
9.993033333	558
10.00238333	561
10.0119	571
10.0216	582
10.03131667	583
10.04081667	570
10.0503	569
10.05996667	580
10.06956667	576
10.07891667	561
10.08835	566
10.09786667	571
10.10725	563
10.1165	555
10.12596667	568
10.13523333	556
10.14448333	555
10.15373333	555
10.1631	562
10.17235	555
10.18171667	562
10.19108333	562
10.20045	562
10.20985	564
10.21926667	565
10.22865	563
10.23801667	562
10.24728333	556
10.25646667	551
10.26566667	552
10.27468333	541
10.28365	538
10.29253333	533
10.30143333	534
10.31038333	537
10.31936667	539
10.32823333	532
10.33718333	537
10.3461	535
10.35513333	542
10.36433333	552
10.37345	547
10.38253333	545
10.39166667	548
10.40071667	543
10.40985	548
10.41888333	542
10.42788333	540
10.43685	538
10.44586667	541
10.45473333	532
10.46385	547
10.47301667	550
10.48205	542
10.49116667	547
10.50025	545
10.50928333	542
10.51833333	543
10.52745	547
10.53645	540
10.54548333	542
10.55445	538
10.5635	543
10.57246667	538
10.58135	533
10.5903	537
10.59928333	539
10.60816667	533
10.61706667	534
10.62595	533
10.63481667	532
10.6437	533
10.6527	540
10.66168333	539
10.6707	541
10.67965	537
10.68858333	536
10.6975	535
10.70641667	535
10.71526667	531
10.7242	536
10.73315	537
10.742	531
10.75088333	533
10.7597	529
10.76845	525
10.77718333	524
10.7858	517
10.79438333	515
10.80285	508
10.8113	507
10.81978333	509
10.8282	505
10.8366	504
10.84508333	509
10.85358333	510
10.86211667	512
10.87076667	519
10.87943333	520
10.88815	523
10.89675	516
10.90543333	521
10.91416667	524
10.92278333	517
10.93135	514
10.9399	513
10.94845	513
10.957	513
10.96543333	506
10.97386667	506
10.98221667	501
10.9906	503
10.999	504
11.00741667	505
11.01593333	511
11.02435	505
11.03278333	506
11.04128333	510
11.04973333	507
11.0583	514
11.06676667	508
11.07525	509
11.0838	513
11.09233333	512
11.101	520
11.10946667	508
11.118	512
11.12656667	514
11.13506667	510
11.14366667	516
11.15221667	513
11.16076667	513
11.16938333	517
11.17803333	519
11.18665	517
11.19536667	523
11.20406667	522
11.21276667	522
11.22131667	513
11.22991667	516
11.23858333	520
11.24716667	515
11.25565	509
11.26405	504
11.27245	504
11.28086667	505
11.28918333	499
11.29753333	501
11.30588333	501
11.31426667	503
11.32273333	508
11.33105	499
11.33943333	503
11.34785	505
11.35628333	506
11.36478333	510
11.37326667	509
11.38185	515
11.39038333	512
11.39903333	519
11.40765	517
11.41616667	511
11.42468333	511
11.43323333	513
11.44178333	513
11.45046667	521
11.45916667	522
11.468	530
11.47678333	527
11.48546667	521
11.49425	527
11.50298333	524
11.51163333	519
11.5203	520
11.5288	510
11.53735	513
11.54598333	518
11.55466667	521
11.56325	515
11.57173333	509
11.58033333	516
11.58905	523
11.59775	522
11.6064	519
11.61505	519
11.62393333	533
11.63278333	531
11.64158333	528
11.65035	526
11.65911667	526
11.6678	521
11.6765	522
11.68513333	518
11.69375	517
11.70233333	515
11.71091667	515
11.71948333	514
11.728	511
11.73655	513
11.74513333	515
11.75365	511
11.76216667	511
11.7706	506
11.77918333	515
11.78781667	518
11.79646667	519
11.80513333	520
11.81375	517
11.82238333	518
11.83095	514
11.83955	516
11.84813333	515
11.85671667	515
11.86556667	531
11.8743	524
11.88301667	523
11.89178333	526
11.90065	532
11.90958333	536
11.91838333	528
11.9272	529
11.93601667	529
11.94478333	526
11.95353333	525
11.96228333	525
11.97096667	521
11.97973333	526
11.98855	529
11.99723333	521
12.00593333	522
12.0146	520
12.02305	507
12.03185	528
12.04043333	515
12.04915	523
12.0578	519
12.06648333	521
12.07516667	521
12.0838	518
12.09246667	520
12.1011	518
12.10981667	523
12.11838333	514
12.12695	514
12.13561667	520
12.1446	539
12.1535	534
12.16241667	535
12.1715	545
12.18056667	544
12.18955	539
12.19858333	542
12.2078	553
12.21688333	545
12.22596667	545
12.23491667	537
12.24395	542
12.25306667	547
12.26201667	537
12.27096667	537
12.27978333	529
12.28878333	540
12.29766667	533
12.30643333	526
12.31525	529
12.32415	534
12.33311667	538
12.34205	536
12.35086667	529
12.35978333	535
12.3686	529
12.37735	525
12.3861	525
12.39476667	520
12.40355	527
12.4123	525
12.42103333	524
12.4298	526
12.4386	528
12.44738333	527
12.4561	523
12.46476667	520
12.47343333	520
12.48198333	513
12.49071667	524
12.49931667	516
12.50798333	520
12.51665	520
12.52523333	515
12.5339	520
12.54258333	521
12.55115	514
12.55981667	520
12.56836667	513
12.57701667	519
12.58573333	523
12.59431667	515
12.6029	515
12.61141667	511
12.61996667	513
12.62843333	508
12.6368	502
12.64508333	497
12.65325	490
12.66136667	487
12.66948333	487
12.67763333	489
12.68571667	485
12.69385	488
12.70206667	493
12.71018333	487
12.7183	487
12.72653333	494
12.73491667	503
12.74316667	495
12.75145	497
12.75966667	493
12.7679	494
12.77616667	496
12.78436667	492
12.79251667	489
12.80078333	496
12.8091	499
12.8174	498
12.82566667	496
12.83398333	499
12.84226667	497
12.8506	500
12.85886667	496
12.86716667	498
12.87541667	495
12.88375	500
12.89216667	505
12.90048333	499
12.90881667	500
12.9173	509
12.92585	513
12.93443333	515
12.94296667	512
12.95148333	511
12.96001667	512
12.96858333	514
12.97708333	510
12.98551667	506
12.99408333	514
13.0027	517
13.01121667	511
13.01978333	514
13.0283	511
13.037	522
13.04581667	529
13.0545	521
13.06313333	518
13.07168333	513
13.0805	529
13.08933333	530
13.09808333	525
13.10678333	522
13.11536667	515
13.12405	521
13.13273333	521
13.14138333	519
13.14991667	512
13.15856667	519
13.16728333	523
13.176	523
13.18453333	512
13.19303333	510
13.20143333	504
13.20981667	503
13.21838333	514
13.22698333	516
13.23548333	510
13.24378333	498
13.2522	505
13.26058333	503
13.26901667	506
13.27746667	507
13.28586667	504
13.2943	506
13.30265	501
13.3111	507
13.31966667	514
13.32818333	511
13.33665	508
13.34508333	506
13.3537	517
13.36231667	517
13.37081667	510
13.37933333	511
13.38783333	510
13.39633333	510
13.40501667	521
13.41365	518
13.4223	519
13.43091667	517
13.4395	515
13.44826667	526
13.45706667	528
13.46591667	531
13.47458333	520
13.48321667	518
13.49175	512
13.50031667	514
13.509	521
13.51783333	530
13.52691667	545
13.53596667	543
13.54483333	532
13.5537	532
13.56258333	533
13.57155	538
13.58058333	542
13.58945	532
13.59825	528
13.60705	528
13.61581667	526
13.62501667	552
13.63428333	556
13.64328333	540
13.6522	535
13.66103333	530
13.66973333	522
13.6785	526
13.6873	528
13.69616667	532
13.70503333	532
13.71378333	525
13.72255	526
13.73125	522
13.74001667	526
13.74888333	532
13.7576	523
13.76631667	523
13.77491667	516
13.78353333	517
13.79211667	515
13.8006	509
13.80906667	508
13.81758333	511
13.82615	514
13.83471667	514
13.84321667	510
13.85171667	510
13.86008333	502
13.86851667	506
13.87693333	505
13.88531667	503
13.89371667	504
13.9021	503
13.9105	504
13.91896667	508
13.92745	509
13.93591667	508
13.94436667	507
13.95283333	508
13.96138333	513
13.97006667	521
13.97863333	514
13.98715	511
13.99581667	520
14.0044	515
14.01298333	515
14.02146667	509
14.02986667	504
14.03823333	502
14.04661667	503
14.055	503
14.06361667	517
14.07253333	535
14.0811	514
14.08973333	518
14.09841667	521
14.10728333	532
14.11611667	530
14.12481667	522
14.1337	533
14.14263333	536
14.15163333	540
14.16055	535
14.16965	546
14.17871667	544
14.18761667	534
14.1965	533
14.20543333	536
14.21433333	534
14.22323333	534
14.2321	532
14.24118333	545
14.25016667	539
14.25918333	541
14.26855	562
14.27778333	554
14.28691667	548
14.29595	542
14.30511667	550
14.31406667	537
14.32291667	531
14.3318	533
14.34058333	527
14.34933333	525
14.3581	526
14.36686667	526
14.37565	527
14.38435	522
14.39308333	524
14.40175	520
14.4104	519
14.41906667	520
14.42788333	529
14.43663333	525
14.44535	523
14.45415	528
14.46291667	526
14.47166667	525
14.48043333	526
14.48946667	542
14.4984	536
14.50731667	535
14.51631667	540
14.52541667	546
14.53446667	543
14.54338333	535
14.55226667	533
14.56105	527
14.56986667	529
14.57873333	532
14.58736667	518
14.59606667	522
14.60475	521
14.61338333	518
14.62203333	519
14.63066667	518
14.63926667	516
14.64788333	517
14.65656667	521
14.66551667	537
14.67421667	522
14.68281667	516
14.69133333	511
14.6998	508
14.70823333	506
14.71675	511
14.72546667	523
14.73391667	507
14.7423	503
14.75073333	506
14.75923333	510
14.76761667	503
14.77605	506
14.78441667	502
14.7928	503
14.80115	501
14.80958333	506
14.81796667	503
14.82643333	508
14.83488333	507
14.84325	502
14.85171667	508
14.86016667	507
14.86865	509
14.87715	510
14.88563333	509
14.89411667	509
14.90256667	507
14.91106667	510
14.91956667	510
14.92805	509
14.93651667	508
14.94491667	504
14.95338333	508
14.96183333	507
14.97028333	507
14.9787	505
14.98715	507
14.99571667	514
15.00425	512
15.01273333	509
15.02121667	509
15.02975	512
15.03828333	512
15.04678333	510
15.05536667	515
15.06396667	516
15.07256667	516
15.08113333	514
15.08971667	515
15.0984	521
15.10696667	514
15.11551667	513
15.12411667	516
15.13276667	519
15.14136667	516
15.14991667	513
15.15861667	522
15.16716667	513
15.17573333	514
15.1843	514
15.19281667	511
15.20121667	504
15.20956667	501
15.2179	500
15.22618333	497
15.23445	496
15.2427	495
15.25088333	491
15.25926667	503
15.26761667	501
15.2759	497
15.28421667	499
15.29253333	499
15.30083333	498
15.30896667	488
15.31715	491
15.32538333	494
15.33365	496
15.34185	492
15.35011667	496
15.35843333	499
15.36671667	497
15.375	497
15.38331667	499
15.39185	512
15.40031667	508
15.40883333	511
15.41735	511
15.42588333	512
15.43453333	519
15.44303333	510
15.45151667	509
15.46	509
15.46838333	503
15.47685	508
15.48538333	512
15.4938	505
15.50228333	509
15.51071667	506
15.51933333	517
15.52791667	515
15.53653333	517
15.5453	526
15.55395	519
15.56261667	520
15.57131667	522
15.58011667	528
15.5888	521
15.59736667	514
15.6059	512
15.61443333	512
15.6229	508
15.63145	513
15.64025	528
15.64886667	517
15.65746667	516
15.666	512
15.6747	522
15.6831	504
15.69146667	502
15.69991667	507
15.70828333	502
15.71673333	507
15.72508333	501
15.73343333	501
15.7419	508
15.75033333	506
15.75878333	507
15.76716667	503
15.7756	506
15.7841	510
15.7925	504
15.80085	501
15.80905	492
15.81725	492
15.82548333	494
15.83371667	494
15.84193333	493
15.85005	487
15.8582	489
15.86635	489
15.8745	489
15.88266667	490
15.89096667	498
15.89928333	499
15.90743333	489
15.91568333	495
15.92395	496
15.93216667	493
15.94031667	489
15.94846667	489
15.95668333	493
15.96498333	498
15.97326667	497
15.9817	506
15.99033333	518
15.99911667	527
16.00783333	523
16.01656667	524
16.02558333	541
16.03431667	524
16.04316667	531
16.05208333	535
16.06075	520
16.06943333	521
16.07815	523
16.08675	516
16.09533333	515
16.10385	511
16.11241667	514
16.1208	503
16.12925	507
16.13773333	509
16.14606667	500
16.15445	503
16.16283333	503
16.17128333	507
16.17975	508
16.18825	510
16.19693333	521
16.20541667	509
16.21401667	516
16.22275	524
16.23121667	508
16.23973333	511
16.24826667	512
16.25683333	514
16.26535	511
16.2739	513
16.28248333	515
16.29095	508
16.2995	513
16.30806667	514
16.31648333	505
16.32493333	507
16.33326667	500
16.34168333	505
16.34996667	497
16.3583	500
16.36666667	502
16.37506667	504
16.38345	503
16.39188333	506
16.4004	511
16.40905	519
16.41766667	517
16.42626667	516
16.43478333	511
16.44326667	509
16.45191667	519
16.46061667	522
16.4693	521
16.47795	519
16.48698333	542
16.49603333	543
16.505	538
16.51401667	541
16.52306667	543
16.53198333	535
16.54093333	537
16.54978333	531
16.55845	520
16.56706667	517
16.57561667	513
16.58416667	513
16.59256667	504
16.601	506
16.60955	513
16.61803333	509
16.62651667	509
16.635	509
16.64361667	517
16.6522	515
16.66075	513
16.6694	519
16.67796667	514
16.6865	512
16.69501667	511
16.70363333	517
16.7121	508
16.7204	498
16.72885	507
16.73721667	502
16.74555	500
16.7539	501
16.76216667	496
16.77041667	495
16.77866667	495
16.78691667	495
16.79516667	495
16.80323333	484
16.81138333	489
16.81951667	488
16.82755	482
16.83556667	481
16.84356667	480
16.8516	482
16.85955	477
16.86751667	478
16.8755	479
16.88356667	484
16.89166667	486
16.89973333	484
16.90786667	488
16.91603333	490
16.92418333	489
16.93231667	488
16.94048333	490
16.94865	490
16.95678333	488
16.9649	487
16.973	486
16.98116667	490
16.98928333	487
16.99731667	482
17.00531667	480
17.01338333	484
17.02145	484
17.02951667	484
17.03753333	481
17.04556667	482
17.0537	488
17.06175	483
17.06988333	488
17.07796667	485
17.08611667	489
17.09433333	493
17.10256667	494
17.11086667	498
17.11926667	504
17.12756667	498
17.13583333	496
17.14416667	500
17.15261667	507
17.16093333	499
17.16933333	504
17.17766667	500
17.186	500
17.19425	495
17.2025	495
17.21073333	494
17.21885	487
17.227	489
17.23508333	485
17.24323333	489
17.25135	487
17.25936667	481
17.26741667	483
17.27535	476
17.28335	480
17.29128333	476
17.29931667	482
17.3073	479
17.31525	477
17.32325	480
17.33121667	478
17.33915	476
17.347	471
17.35491667	475
17.3628	473
17.3708	480
17.37871667	475
17.38666667	477
17.39468333	481
17.40266667	479
17.41065	479
17.4186	477
17.4266	480
17.43461667	481
17.44266667	483
17.45073333	484
17.4588	484
17.46693333	488
17.47498333	483
17.48306667	485
17.49118333	487
17.49925	484
17.50736667	487
17.51535	479
17.52345	486
17.53148333	482
17.5396	487
17.54771667	487
17.55581667	486
17.56398333	490
17.57215	490
17.58033333	491
17.58848333	489
17.59671667	494
17.60498333	496
17.61321667	494
17.62151667	498
17.62978333	496
17.63793333	489
17.64611667	491
17.65436667	495
17.66251667	489
17.67065	488
17.67885	492
17.68698333	488
17.69515	490
17.70326667	487
17.71138333	487
17.7195	487
17.72758333	485
17.73576667	491
17.74413333	502
17.75273333	516
17.76123333	510
17.76961667	503
17.77803333	505
17.78638333	501
17.79476667	503
17.80318333	505
17.81181667	518
17.82068333	532
17.82943333	525
17.83805	517
17.84666667	517
17.8554	524
17.8639	510
17.87238333	509
17.88083333	507
17.88918333	501
17.89773333	513
17.90626667	512
17.91483333	514
17.92333333	510
17.93183333	510
17.9403	508
17.94875	507
17.95736667	517
17.96591667	513
17.97456667	519
17.98306667	510
17.9916	512
18.00005	507
18.0085	507
18.0169	504
18.02523333	500
18.0335	496
18.04176667	496
18.04993333	490
18.05816667	494
18.06643333	496
18.07455	487
18.08268333	488
18.09078333	486
18.09898333	492
18.10711667	488
18.1153	491
18.12341667	487
18.13158333	490
18.13985	496
18.14816667	499
18.15643333	496
18.1647	496
18.17301667	499
18.18115	488
18.18926667	487
18.1974	488
18.2056	492
18.21381667	493
18.222	491
18.23016667	490
18.23833333	490
18.2466	496
18.2548	492
18.26301667	493
18.27123333	493
18.2795	496
18.28771667	493
18.29588333	490
18.30416667	497
18.31238333	493
18.32051667	488
18.3286	485
18.33663333	482
18.34461667	479
18.35246667	471
18.36031667	471
18.36803333	463
18.37585	469
18.38371667	472
18.3917	479
18.39983333	488
18.40788333	483
18.416	487
18.42411667	487
18.43228333	490
18.44048333	492
18.44881667	500
18.457	491
18.46516667	490
18.47341667	495
18.4816	491
18.48975	489
18.49786667	487
18.50596667	486
18.514	482
18.5221	486
18.53016667	484
18.53823333	484
18.54626667	482
18.5543	482
18.56235	483
18.57033333	479
18.57843333	486
18.5865	484
18.59463333	488
18.6028	490
18.61093333	488
18.61918333	495
18.62733333	489
18.63555	493
18.64368333	488
18.65188333	492
18.66016667	497
18.6684	494
18.6766	492
18.68466667	484
18.69276667	486
18.70073333	478
18.70871667	479
18.7168	485
18.72478333	479
18.73278333	480
18.74085	484
18.74893333	485
18.75696667	482
18.76501667	483
18.77303333	481
18.78115	487
18.7894	495
18.7976	492
18.80585	495
18.81405	492
18.82236667	499
18.83056667	492
18.83888333	499
18.84721667	500
18.85546667	495
18.86378333	499
18.87203333	495
18.88025	493
18.88841667	490
18.8966	491
18.90486667	496
18.91306667	492
18.92125	491
18.92935	486
18.9375	489
18.94568333	491
18.95396667	497
18.96236667	504
18.97078333	505
18.9792	505
18.98768333	509
18.99628333	516
19.00475	508
19.01345	522
19.02196667	511
19.03048333	511
19.03898333	510
19.0475	511
19.05606667	514
19.0646	512
19.07316667	514
19.08171667	513
19.09016667	507
19.09865	509
19.10713333	509
19.1156	508
19.1241	510
19.13251667	505
19.14103333	511
19.14935	499
19.15761667	496
19.16585	494
19.17398333	488
19.18218333	492
19.19028333	486
19.19836667	485
19.20633333	478
19.21441667	485
19.22243333	481
19.2304	478
19.23841667	481
19.24631667	474
19.2543	479
19.26216667	472
19.27008333	475
19.27798333	474
19.28591667	476
19.2938	473
19.3018	480
19.30986667	484
19.31805	491
19.32645	504
19.33481667	502
19.34343333	517
19.35203333	516
19.36058333	513
19.36913333	513
19.37778333	519
19.38628333	510
19.39481667	512
19.40336667	513
19.41185	509
19.42021667	502
19.4286	503
19.43713333	512
19.44548333	501
19.45381667	500
19.46223333	505
19.47061667	503
19.47896667	501
19.4874	506
19.49588333	509
19.50418333	498
19.51246667	497
19.52088333	505
19.52925	502
19.53766667	505
19.54611667	507
19.55481667	522
19.56341667	516
19.57203333	517
19.5808	526
19.5893	510
19.59788333	515
19.60648333	516
19.61486667	503
19.62328333	505
19.6316	499
19.64008333	509
19.64833333	495
19.65665	499
19.66496667	499
19.67325	497
19.68166667	505
19.68988333	493
19.69816667	497
19.70635	491
19.71453333	491
19.72271667	491
19.73126667	513
19.73991667	519
19.7485	515
19.75701667	511
19.76555	512
19.77416667	517
19.78271667	513
19.79125	512
19.79988333	518
19.80835	508
19.81681667	508
19.8253	509
19.83378333	509
19.84223333	507
19.85065	505
19.85921667	514
19.8676	503
19.87593333	500
19.88428333	501
19.89263333	501
19.9009	496
19.90915	495
19.91745	498
19.92568333	494
19.93398333	498
19.94231667	500
19.95076667	507
19.95945	521
19.96803333	515
19.97665	517
19.98545	528
19.99413333	521
20.00286667	524
20.01163333	526
20.0204	526
20.029	516
20.03766667	520
20.04636667	522
20.05511667	525
20.06386667	525
20.08171667	0
20.09055	530
20.09961667	544
20.10856667	537
20.11755	539
20.12648333	536
20.13543333	537
20.14455	547
20.15353333	539
20.1625	538
20.17148333	539
20.18068333	552
20.19025	574
20.19956667	559
20.2088	554
20.2179	546
20.2271	552
20.23618333	545
20.2451	535
20.25418333	545
20.26328333	546
20.27225	538
20.28116667	535
20.28996667	528
20.29878333	529
20.30763333	531
20.31655	535
20.32536667	529
20.33416667	528
20.34313333	538
20.35206667	536
20.36096667	534
20.36983333	532
20.37881667	539
20.38765	530
20.39646667	529
20.40525	527
20.41406667	529
20.42321667	549
20.43278333	574
20.44218333	564
20.4515	559
20.46128333	587
20.4717	625
20.48181667	607
20.49166667	591
20.50183333	610
20.51218333	621
20.522	589
20.53178333	587
20.54188333	606
20.55163333	585
20.5612	574
20.5711	594
20.58126667	610
20.591	584
20.60101667	601
20.61225	674
20.62285	636
20.63305	612
20.64405	660
20.65543333	683
20.66591667	629
20.67666667	645
20.68776667	666
20.6982	626
20.70846667	616
20.7198	680
20.73086667	664
20.74116667	618
20.75118333	601
20.76111667	596
20.77146667	621
20.78198333	631
20.79243333	627
20.80288333	627
20.81295	604
20.82263333	581
20.83223333	576
20.84176667	572
20.8516	590
20.86178333	611
20.8716	589
20.88228333	641
20.89393333	699
20.90616667	734
20.91748333	679
20.92915	700
20.94138333	734
20.95303333	699
20.96475	703
20.97823333	809
20.99073333	750
21.00296667	734
21.01568333	763
21.02748333	708
21.03946667	719
21.05148333	721
21.06285	682
21.07456667	703
21.08688333	739
21.09868333	708
21.11088333	732
21.12366667	767
21.13586667	732
21.14798333	727
21.16028333	738
21.1724	727
21.18396667	694
21.19571667	705
21.20765	716
21.21905	684
21.23068333	698
21.24295	736
21.25485	714
21.26686667	721
21.2796	764
21.29158333	719
21.30355	718
21.3159	741
21.32848333	755
21.34055	724
21.35318333	758
21.36618333	780
21.37835	730
21.39065	738
21.4026	717
21.41396667	682
21.42538333	685
21.43695	694
21.44886667	715
21.46038333	691
21.47185	688
21.4834	693
21.49466667	676
21.50565	659
21.51738333	704
21.52978333	744
21.54131667	692
21.55261667	678
21.56503333	745
21.57803333	780
21.59031667	737
21.60298333	760
21.61711667	848
21.63165	872
21.64541667	826
21.6598	863
21.67515	921
21.68961667	868
21.70335	824
21.71816667	889
21.73388333	943
21.748	847
21.76241667	865
21.7779	929
21.79213333	854
21.8058	820
21.82035	873
21.835	879
21.84825	795
21.86233333	845
21.8756	796
21.8885	774
21.90116667	760
21.91315	719
21.92536667	733
21.93748333	727
21.94898333	690
21.9602	673
21.9719	702
21.98476667	772
21.99741667	759
22.01108333	820
22.02586667	887
22.03968333	829
22.0525	769
22.06541667	775
22.07853333	787
22.09163333	786
22.10458333	777
22.11833333	825
22.13071667	743
22.14303333	739
22.15551667	749
22.16836667	771
22.18095	755
22.19321667	736
22.20561667	744
22.21823333	757
22.2304	730
22.242	696
22.25316667	670
22.26455	683
22.27698333	746
22.2895	751
22.30118333	701
22.31368333	750
22.32675	784
22.3388	723
22.3513	750
22.36538333	845
22.37875	802
22.39135	756
22.40405	762
22.41685	768
22.42871667	712
22.43978333	664
22.45083333	663
22.46303333	732
22.47621667	791
22.48815	716
22.49941667	676
22.51348333	844
22.52758333	846
22.54011667	752
22.55265	752
22.5663	819
22.58075	867
22.59461667	832
22.60758333	778
22.62043333	771
22.63358333	789
22.6471	811
22.65993333	770
22.67263333	762
22.68625	817
22.70093333	881
22.71421667	797
22.72711667	774
22.74053333	805
22.75443333	834
22.7672	766
22.7798	756
22.7925	762
22.8057	792
22.81935	819
22.83216667	769
22.84516667	780
22.85875	815
22.87311667	862
22.8864	797
22.89968333	797
22.91311667	806
22.92698333	832
22.93943333	747
22.95181667	743
22.96406667	735
22.97643333	742
22.98826667	710
23.0009	758
23.01268333	707
23.02475	724
23.03746667	763
23.0511	818
23.0642	786
23.07831667	847
23.09278333	868
23.10643333	819
23.1199	808
23.13423333	860
23.14918333	897
23.16305	832
23.17866667	937
23.19413333	928
23.20805	835
23.22318333	908
23.23868333	930
23.25291667	854
23.26786667	897
23.28401667	969
23.29971667	942
23.31408333	862
23.3297	937
23.34501667	919
23.35871667	822
23.37266667	837
23.3865	830
23.39931667	769
23.4121	767
23.42575	819
23.43966667	835
23.45265	779
23.46668333	842
23.48056667	833
23.49343333	772
23.50648333	783
23.51985	802
23.53423333	863
23.5484	850
23.56265	855
23.57823333	935
23.59393333	942
23.6092	916
23.62321667	841
23.63751667	858
23.65203333	871
23.66485	769
23.67696667	727
23.68933333	742
23.70281667	809
23.71716667	861
23.73036667	792
23.74378333	805
23.75823333	867
23.77238333	849
23.78558333	792
23.79871667	788
23.81263333	835
23.82761667	899
23.84333333	943
23.85708333	825
23.87058333	810
23.8845	835
23.89966667	910
23.9154	944
23.92921667	829
23.94315	836
23.95791667	886
23.97135	806
23.98475	804
23.99913333	863
24.01451667	923
24.03055	962
24.04426667	823
24.05805	827
24.07215	846
24.08665	870
24.10076667	847
24.11411667	801
24.12771667	816
24.14135	818
24.15366667	739
24.16621667	753
24.17956667	801
24.19401667	867
24.20726667	795
24.22063333	802
24.23471667	845
24.24903333	859
24.26281667	827
24.27613333	799
24.29026667	848
24.30615	953
24.32156667	925
24.33576667	852
24.35091667	909
24.36641667	930
24.38031667	834
24.39471667	864
24.4107	959
24.4263	936
24.43973333	806
24.45388333	849
24.46775	832
24.48051667	766
24.49428333	826
24.50886667	875
24.5227	830
24.53633333	818
24.55111667	887
24.56635	914
24.5804	843
24.59531667	895
24.6105	911
24.62385	801
24.63733333	809
24.65151667	851
24.66461667	786
24.6779	797
24.69296667	904
24.70796667	900
24.72218333	853
24.73728333	906
24.7514	847
24.76451667	787
24.7784	833
24.79303333	878
24.8066	814
24.82168333	905
24.83715	928
24.85113333	839
24.86583333	882
24.88046667	878
24.89401667	813
24.90811667	846
24.92295	890
24.93663333	821
24.95098333	861
24.96641667	926
24.981	875
24.99568333	881
25.0109	913
25.02508333	851
25.03813333	783
25.05136667	794
25.06456667	792
25.07688333	739
25.09028333	804
25.10423333	837
25.11735	787
25.13198333	878
25.14675	886
25.1602	807
25.17426667	844
25.18853333	856
25.20171667	791
25.21596667	855
25.231	902
25.24458333	815
25.25901667	866
25.27465	938
25.28868333	842
25.30358333	894
25.31981667	974
25.33465	890
25.34856667	835
25.3636	902
25.3785	894
25.39215	819
25.40678333	878
25.42178333	900
25.43515	802
25.4497	873
25.46458333	893
25.47858333	840
25.49215	814
25.5069	885
25.52223333	920
25.53605	829
25.55036667	859
25.56496667	876
25.5782	794
25.59203333	830
25.60665	877
25.62016667	811
25.63378333	817
25.64836667	875
25.66248333	847
25.67608333	816
25.6908	883
25.70545	879
25.71916667	823
25.73381667	879
25.7485	881
25.76213333	818
25.77676667	878
25.7918	902
25.80553333	824
25.82051667	899
25.83545	896
25.84896667	811
25.86355	875
25.8787	909
25.89263333	836
25.90693333	858
25.92196667	902
25.93608333	847
25.95003333	837
25.96526667	914
25.98066667	924
25.99491667	855
26.01053333	937
26.02563333	906
26.03901667	803
26.05276667	825
26.06706667	858
26.08078333	823
26.09386667	785
26.10806667	852
26.12315	905
26.13836667	913
26.15251667	849
26.16743333	895
26.183	934
26.19935	981
26.21383333	869
26.22846667	878
26.24395	929
26.25995	960
26.2743	861
26.28953333	914
26.3054	952
26.31996667	874
26.33391667	837
26.34903333	907
26.36491667	953
26.38088333	958
26.39543333	873
26.40935	835
26.42351667	850
26.43805	872
26.4537	939
26.46906667	922
26.48315	845
26.4977	873
26.51266667	898
26.52801667	921
26.54235	860
26.55623333	833
26.57105	889
26.5864	921
26.60063333	854
26.61471667	845
26.62958333	892
26.64475	910
26.65866667	835
26.67288333	853
26.6879	901
26.7034	930
26.71891667	931
26.73313333	853
26.74788333	885
26.76346667	935
26.77866667	912
26.79256667	834
26.80713333	874
26.82203333	894
26.83725	913
26.85133333	845
26.86535	841
26.88006667	883
26.89541667	921
26.91088333	928
26.9253	865
26.93988333	875
26.95503333	909
26.97025	913
26.9843	843
26.99818333	833
27.01266667	869
27.02728333	877
27.04075	808
27.05396667	793
27.06835	863
27.08353333	911
27.09813333	876
27.11195	829
27.12651667	874
27.14125	884
27.15463333	803
27.1675	772
27.1803	768
27.19293333	758
27.20623333	798
27.22016667	836
27.23405	833
27.24721667	790
27.26075	812
27.2751	861
27.29008333	899
27.30438333	858
27.31813333	825
27.33278333	879
27.34783333	903
27.36335	931
27.3782	891
27.39263333	866
27.40816667	932
27.42428333	967
27.44045	970
27.45536667	895
27.47098333	937
27.48701667	962
27.50203333	901
27.51643333	864
27.53261667	971
27.5487	965
27.56286667	850
27.57815	917
27.59416667	961
27.60913333	898
27.6235	862
27.63918333	941
27.65523333	963
27.66951667	857
27.68481667	918
27.70001667	912
27.7136	815
27.72763333	842
27.743	922
27.75875	945
27.77311667	862
27.78813333	901
27.80378333	939
27.81943333	939
27.8339	868
27.84833333	866
27.86383333	930
27.87943333	936
27.894	874
27.90766667	820
27.9218	848
27.9362	864
27.95133333	908
27.9653	838
27.97986667	874
27.99566667	948
28.01038333	883
28.02428333	834
28.03885	874
28.05343333	875
28.06783333	864
28.08101667	791
28.0947	821
28.10976667	904
28.1254	938
28.1395	846
28.15376667	856
28.16893333	910
28.18421667	917
28.19921667	900
28.21333333	847
28.22811667	887
28.24358333	928
28.25771667	848
28.27141667	822
28.28626667	891
28.30091667	879
28.31415	794
28.32818333	842
28.34275	874
28.3566	831
28.37	804
28.38433333	860
28.39941667	905
28.41451667	906
28.4284	833
28.44263333	854
28.45746667	890
28.47263333	910
28.48668333	843
28.50053333	831
28.51538333	891
28.53065	916
28.54596667	919
28.55995	839
28.57488333	896
28.59031667	926
28.6057	923
28.62038333	881
28.63546667	905
28.65101667	933
28.6648	827
28.67885	843
28.69383333	899
28.70851667	881
28.72206667	813
28.73655	869
28.75175	912
28.76686667	907
28.78091667	843
28.79615	914
28.81175	936
28.82741667	940
28.84245	902
28.85698333	872
28.87273333	945
28.88855	949
28.90398333	926
28.9186	877
28.93418333	935
28.95063333	987
28.96588333	915
28.9803	865
28.99588333	935
29.01196667	965
29.02696667	900
29.04125	857
29.0573	963
29.07348333	971
29.0895	961
29.10405	873
29.11871667	880
29.13411667	924
29.15016667	963
29.1653	908
29.17981667	871
29.19546667	939
29.21136667	954
29.22713333	946
29.2417	874
29.25678333	905
29.27241667	938
29.28811667	942
29.30261667	870
29.3173	881
29.33278333	929
29.34846667	941
29.36265	851
29.37738333	884
29.39253333	909
29.40765	907
29.4213	819
29.4353	840
29.44986667	874
29.46478333	895
29.47863333	831
29.49335	883
29.5087	921
29.52401667	919
29.53785	830
29.55178333	836
29.5667	895
29.58233333	938
29.59616667	830
29.61003333	832
29.62506667	902
29.64093333	952
29.65653333	936
29.67045	835
29.68485	864
29.70006667	913
29.71596667	954
29.7304	866
29.74576667	922
29.76178333	961
29.7779	967
29.79338333	929
29.80735	838
29.8227	921
29.83816667	928
29.85143333	796
29.86513333	822
29.87955	865
29.89266667	787
29.9051	746
29.91681667	703
29.92818333	682
29.93951667	680
29.95208333	754
29.96455	748
29.97653333	719
29.98843333	714
30.00078333	741
30.01353333	765
30.02658333	783
30.04003333	807
30.05338333	801
30.06648333	786
30.08033333	831
30.09603333	942
30.11308333	1023
30.12851667	926
30.14348333	898
30.1594	955
30.1756	972
30.19206667	988
30.20756667	930
30.22356667	960
30.24036667	1008
30.25715	1007
30.2739	1005
30.28898333	905
30.30525	976
30.32211667	1012
30.33808333	958
30.35368333	936
30.37021667	992
30.38676667	993
30.40158333	889
30.4168	913
30.43291667	967
30.44911667	972
30.4634	857
30.47843333	902
30.49476667	980
30.51141667	999
30.5273	953
30.5426	918
30.55908333	989
30.57583333	1005
30.59236667	992
30.60853333	970
30.62325	883
30.63901667	946
30.65531667	978
30.67148333	970
30.68638333	894
30.70058333	852
30.71595	922
30.7323	981
30.74845	969
30.76278333	860
30.77788333	906
30.79355	940
30.8092	939
30.82373333	872
30.83873333	900
30.85418333	927
30.8697	931
30.88445	885
30.8985	843
30.91355	903
30.92866667	907
30.9424	824
30.95733333	896
30.97256667	914
30.9874	890
31.00105	819
31.01528333	854
31.0301	889
31.04461667	871
31.05763333	781
31.07096667	800
31.0853	860
31.10043333	908
31.11445	841
31.12865	852
31.14375	906
31.15896667	913
31.17373333	886
31.18703333	798
31.20015	787
31.21355	804
31.22805	870
31.24243333	863
31.25615	823
31.27136667	913
31.28735	959
31.30288333	932
31.31701667	848
31.33211667	906
31.34776667	939
31.36328333	931
31.37705	826
31.39145	864
31.40665	912
31.42205	924
31.43636667	859
31.451	878
31.46673333	944
31.48255	949
31.49815	936
31.51215	840
31.52621667	844
31.54128333	904
31.55671667	926
31.57053333	829
31.58535	889
31.60138333	962
31.61773333	981
31.63276667	902
31.64795	911
31.66356667	937
31.67931667	945
31.6935	851
31.70741667	835
31.72273333	919
31.73875	961
31.75446667	943
31.76835	833
31.78305	882
31.79833333	917
31.8117	802
31.82471667	781
31.83881667	846
31.85375	896
31.86718333	806
31.88045	796
31.89448333	842
31.90928333	888
31.92431667	902
31.93793333	817
31.9514	808
31.96526667	832
31.98	884
31.9952	912
