0.014266667	856
0.028883333	877
0.043766667	893
0.057883333	847
0.072666667	887
0.087516667	891
0.1026	905
0.117683333	905
0.132733333	903
0.147533333	888
0.1618	856
0.176116667	859
0.190333333	853
0.204766667	866
0.219783333	901
0.232733333	777
0.24615	805
0.260183333	842
0.27425	844
0.287866667	817
0.301266667	804
0.315183333	835
0.3294	853
0.343283333	833
0.35705	826
0.371366667	859
0.385716667	861
0.40025	872
0.4144	849
0.428966667	874
0.443616667	879
0.458266667	879
0.47245	851
0.4869	867
0.501666667	886
0.5156	836
0.52835	765
0.540583333	734
0.553166667	755
0.565283333	727
0.577883333	756
0.591016667	788
0.605433333	865
0.6198	862
0.633716667	835
0.646733333	781
0.659133333	744
0.671516667	743
0.6842	761
0.6974	792
0.71125	831
0.725333333	845
0.739833333	870
0.75405	853
0.768033333	839
0.7819	832
0.795466667	814
0.8085	782
0.821566667	784
0.834833333	796
0.848533333	822
0.862366667	830
0.876133333	826
0.888833333	762
0.90175	775
0.914466667	763
0.92715	761
0.939233333	725
0.9514	730
0.963883333	749
0.976733333	771
0.989783333	783
1.00325	808
1.0172	837
1.031183333	839
1.045816667	878
1.060533333	883
1.075183333	879
1.089266667	845
1.1034	848
1.11745	843
1.131316667	832
1.144566667	795
1.15785	797
1.170133333	737
1.182883333	765
1.19595	784
1.208916667	778
1.222016667	786
1.234833333	769
1.248466667	818
1.263116667	879
1.276933333	829
1.291216667	857
1.304266667	783
1.31735	785
1.3307	801
1.344516667	829
1.358683333	850
1.372916667	854
1.387	845
1.400616667	817
1.41385	794
1.426083333	734
1.438033333	717
1.449983333	717
1.462083333	726
1.4752	787
1.488633333	806
1.502166667	812
1.5155	800
1.529116667	817
1.54245	800
1.555766667	799
1.569016667	795
1.582466667	807
1.5958	800
1.609816667	841
1.623833333	841
1.637533333	822
1.651883333	861
1.66605	850
1.680166667	847
1.693166667	780
1.706116667	777
1.719466667	801
1.73285	803
1.746283333	806
1.75935	784
1.772416667	784
1.785733333	799
1.798816667	785
1.81085	722
1.823583333	764
1.836366667	767
1.8487	740
1.8605	708
1.8722	702
1.884433333	734
1.896266667	710
1.9085	734
1.920566667	724
1.9331	752
1.9452	726
1.956766667	694
1.968266667	690
1.9802	716
1.993216667	781
2.006816667	816
2.019533333	763
2.03225	763
2.04495	762
2.0571	729
2.069466667	742
2.081433333	718
2.093433333	720
2.105383333	717
2.118483333	786
2.131633333	789
2.1448	790
2.15845	819
2.172166667	823
2.185816667	819
2.1992	803
2.212266667	784
2.225266667	780
2.23745	731
2.249866667	745
2.262483333	757
2.276033333	813
2.289166667	788
2.301983333	769
2.315416667	806
2.328866667	807
2.34205	791
2.355216667	790
2.367783333	754
2.380083333	738
2.391983333	714
2.403633333	699
2.414833333	672
2.42685	721
2.439316667	748
2.452416667	786
2.465866667	807
2.479066667	792
2.49225	791
2.504816667	754
2.517183333	742
2.529133333	717
2.540416667	677
2.551233333	649
2.562233333	660
2.572483333	615
2.58335	652
2.59405	642
2.604833333	647
2.61595	667
2.627416667	688
2.638933333	691
2.650466667	692
2.661533333	664
2.67315	697
2.684733333	695
2.69665	715
2.7091	747
2.721766667	760
2.73375	719
2.746233333	749
2.75865	745
2.771116667	748
2.783933333	769
2.796716667	767
2.808866667	729
2.821833333	778
2.834983333	789
2.848566667	815
2.8623	824
2.875766667	808
2.889183333	805
2.902116667	776
2.915133333	781
2.927883333	765
2.9413	805
2.954533333	794
2.967783333	795
2.980116667	740
2.9926	749
3.004983333	743
3.01645	688
3.028966667	751
3.042783333	829
3.057616667	890
3.072183333	874
3.08705	892
3.101783333	884
3.116066667	857
3.129483333	805
3.142616667	788
3.156066667	807
3.17015	845
3.184316667	850
3.198433333	847
3.212733333	858
3.2267	838
3.24	798
3.2531	786
3.266116667	781
3.279316667	792
3.293066667	825
3.30695	833
3.32045	810
3.33415	822
3.347233333	785
3.36	766
3.372766667	766
3.385866667	786
3.399233333	802
3.412666667	806
3.426483333	829
3.440833333	861
3.4552	862
3.4698	876
3.484316667	871
3.497933333	817
3.511866667	836
3.525733333	832
3.539583333	831
3.553433333	831
3.567483333	843
3.581466667	839
3.5954	836
3.609333333	836
3.62325	835
3.637483333	854
3.6517	853
3.66525	813
3.678666667	805
3.69195	797
3.705166667	793
3.71875	815
3.73175	780
3.744083333	740
3.756916667	770
3.769916667	780
3.78195	722
3.794533333	755
3.80775	793
3.821066667	799
3.83355	749
3.846816667	796
3.860183333	802
3.87385	820
3.8872	801
3.899966667	766
3.9127	764
3.92555	771
3.9386	783
3.9518	792
3.96545	819
3.978916667	808
3.992933333	841
4.006616667	821
4.020016667	804
4.033133333	787
4.045916667	767
4.058683333	766
4.07145	766
4.083983333	752
4.0967	763
4.10925	753
4.121733333	749
4.133733333	720
4.145533333	708
4.156983333	687
4.167716667	644
4.178016667	618
4.188866667	651
4.199783333	655
4.210733333	657
4.221883333	669
4.234966667	785
4.248866667	834
4.26215	797
4.27545	798
4.2889	807
4.3027	828
4.3158	786
4.3298	840
4.343666667	832
4.356866667	792
4.369866667	780
4.383466667	816
4.39735	833
4.41055	792
4.423733333	791
4.437066667	800
4.450083333	781
4.463133333	783
4.476116667	779
4.4885	743
4.5005	720
4.512316667	709
4.524483333	730
4.536666667	731
4.549166667	750
4.5624	794
4.575183333	767
4.587216667	722
4.599216667	720
4.611383333	730
4.6242	769
4.6369	762
4.6493	744
4.66165	741
4.673783333	728
4.685833333	723
4.6973	688
4.708833333	692
4.720116667	677
4.731266667	669
4.742583333	679
4.754166667	695
4.7662	722
4.77835	729
4.790233333	713
4.801566667	680
4.813166667	696
4.824333333	670
4.83515	649
4.845916667	646
4.856733333	649
4.867466667	644
4.8789	686
4.891016667	727
4.903	719
4.91575	765
4.928966667	793
4.942416667	807
4.956033333	817
4.968883333	771
4.981433333	753
4.993216667	707
5.0046	683
5.015216667	637
5.02635	668
5.036733333	623
5.047116667	623
5.05785	644
5.0684	633
5.079116667	643
5.086633333	0
5.1009	856
5.1118	654
5.123983333	731
5.136316667	740
5.148916667	756
5.186283333	0
5.198966667	761
5.2112	734
5.223166667	718
5.235066667	714
5.246833333	706
5.258216667	683
5.268966667	645
5.279633333	640
5.29	622
5.300583333	635
5.311083333	630
5.321616667	632
5.33235	644
5.343083333	644
5.353683333	636
5.364366667	641
5.375016667	639
5.385516667	630
5.396083333	634
5.40665	634
5.417166667	631
5.427583333	625
5.438066667	629
5.448883333	649
5.47135	0
5.482433333	665
5.49355	667
5.504683333	668
5.51545	646
5.525816667	622
5.536216667	624
5.546666667	627
5.557083333	625
5.568316667	674
5.57995	698
5.59225	738
5.605116667	772
5.619166667	843
5.633866667	882
5.648116667	855
5.661466667	801
5.673783333	739
5.6854	697
5.6969	690
5.707883333	659
5.7188	655
5.7292	624
5.7398	636
5.750233333	626
5.760583333	621
5.770916667	620
5.781866667	657
5.793133333	676
5.805016667	713
5.818466667	807
5.83215	821
5.846883333	884
5.860883333	840
5.875183333	858
5.8894	853
5.90305	819
5.9158	765
5.927616667	709
5.93905	686
5.950216667	670
5.961016667	648
5.971616667	636
5.9824	647
5.993433333	662
6.0048	682
6.0166	708
6.0291	750
6.04205	777
6.054016667	718
6.06665	758
6.079333333	761
6.091466667	728
6.1047	794
6.11735	759
6.130666667	799
6.1435	770
6.15635	771
6.169633333	797
6.181333333	702
6.193366667	722
6.20515	707
6.228533333	0
6.240066667	692
6.262283333	0
6.273483333	672
6.28455	664
6.295583333	662
6.306816667	674
6.31845	698
6.32995	690
6.341233333	677
6.35285	697
6.364316667	688
6.375833333	691
6.387516667	701
6.398783333	676
6.410233333	687
6.421566667	680
6.4328	674
6.444383333	695
6.456466667	725
6.46875	737
6.481216667	748
6.493383333	730
6.505566667	731
6.517533333	718
6.529183333	699
6.54095	706
6.55305	726
6.56535	738
6.577683333	740
6.590433333	765
6.601966667	692
6.61315	671
6.624583333	686
6.636616667	722
6.639066667	0
6.6485	0
6.66045	717
6.672383333	716
6.684233333	711
6.695566667	680
6.70685	677
6.71815	678
6.7293	669
6.7405	672
6.7516	666
6.763166667	694
6.7745	680
6.786283333	707
6.798216667	716
6.810766667	753
6.82345	761
6.835816667	742
6.847816667	720
6.860016667	732
6.871633333	697
6.8841	748
6.896416667	739
6.90815	704
6.920366667	733
6.9332	770
6.9456	744
6.95815	753
6.970716667	754
6.9838	785
6.99675	777
7.00955	768
7.02195	744
7.034016667	724
7.045983333	718
7.057533333	693
7.068883333	681
7.079983333	666
7.091083333	666
7.102183333	666
7.113133333	657
7.124066667	656
7.135316667	675
7.146616667	678
7.158366667	705
7.170083333	703
7.181516667	686
7.193066667	693
7.204683333	697
7.21635	700
7.227666667	679
7.238916667	675
7.250283333	682
7.26155	676
7.272816667	676
7.283933333	667
7.294883333	657
7.306033333	669
7.316966667	656
7.3278	650
7.338433333	638
7.34905	637
7.359783333	644
7.370366667	635
7.380766667	624
7.39125	629
7.402016667	646
7.412983333	658
7.424016667	662
7.43515	668
7.4461	657
7.457333333	674
7.468716667	683
7.48015	686
7.491316667	670
7.502283333	658
7.513133333	651
7.523966667	650
7.534866667	654
7.545516667	639
7.5561	635
7.566583333	629
7.5771	631
7.588	654
7.598783333	647
7.60955	646
7.62075	672
7.632316667	694
7.6437	683
7.654916667	673
7.665866667	657
7.6767	650
7.6881	684
7.699216667	667
7.709983333	646
7.72065	640
7.73155	654
7.742333333	647
7.752766667	626
7.763016667	615
7.773516667	630
7.78395	626
7.794266667	619
7.804533333	616
7.81505	631
7.825966667	655
7.836683333	643
7.84745	646
7.8584	657
7.869483333	665
7.880516667	662
7.891616667	666
7.903016667	684
7.91405	662
7.925033333	659
7.935733333	642
7.94625	631
7.956833333	635
7.967583333	645
7.978266667	641
7.988766667	630
7.999583333	649
8.010766667	671
8.021983333	673
8.032983333	660
8.044	661
8.0553	678
8.066783333	689
8.0778	661
8.088783333	659
8.099966667	671
8.1112	674
8.1221	654
8.13265	633
8.1434	645
8.153916667	631
8.16425	620
8.174233333	599
8.184416667	611
8.194933333	631
8.205416667	629
8.216	635
8.22665	639
8.237033333	623
8.247633333	636
8.258316667	641
8.268716667	624
8.27905	620
8.289633333	635
8.300333333	642
8.310633333	618
8.3208	610
8.331183333	623
8.341733333	633
8.35215	625
8.36235	612
8.372883333	632
8.3833	625
8.393616667	619
8.403683333	604
8.413816667	608
8.4241	617
8.43425	609
8.444383333	608
8.45455	610
8.464866667	619
8.475233333	622
8.485566667	620
8.495833333	616
8.506383333	633
8.516683333	618
8.52675	604
8.536783333	602
8.547033333	615
8.556783333	585
8.5665	583
8.5762	582
8.58575	573
8.595433333	581
8.605316667	593
8.6157	623
8.626216667	631
8.636766667	633
8.647366667	636
8.657866667	630
8.66815	617
8.678233333	605
8.68375	0
8.688216667	0
8.69805	590
8.707633333	575
8.717466667	590
8.727583333	607
8.737333333	585
8.7471	586
8.757016667	595
8.7669	593
8.77675	591
8.7867	597
8.796533333	590
8.8066	604
8.8166	600
8.82655	597
8.83665	606
8.84645	588
8.8561	579
8.8658	582
8.875533333	584
8.88525	583
8.894866667	577
8.904816667	597
8.915066667	615
8.925166667	606
8.935166667	600
8.945166667	600
8.955383333	613
8.965683333	618
8.9758	607
8.985966667	610
8.996416667	627
9.007033333	637
9.017566667	632
9.02775	611
9.03815	624
9.048533333	623
9.058716667	611
9.068616667	594
9.078366667	585
9.088116667	585
9.098	593
9.107833333	590
9.117583333	585
9.12725	580
9.13695	582
9.1466	579
9.15615	573
9.165683333	572
9.184666667	0
9.1938	548
9.202783333	539
9.2115	523
9.220166667	520
9.228783333	517
9.2374	517
9.246033333	518
9.2545	508
9.263066667	514
9.271683333	517
9.28045	526
9.289366667	535
9.298366667	540
9.307383333	541
9.3164	541
9.3254	540
9.33455	549
9.343616667	544
9.352566667	537
9.36155	539
9.370566667	541
9.379633333	544
9.38885	553
9.398183333	560
9.407616667	566
9.417216667	576
9.426566667	561
9.43585	557
9.445166667	559
9.45435	551
9.463266667	535
9.47225	539
9.481183333	536
9.490183333	540
9.499083333	534
9.50785	526
9.516733333	533
9.525633333	534
9.534283333	519
9.543083333	528
9.55175	520
9.560383333	518
9.569066667	521
9.577733333	520
9.5864	520
9.595016667	517
9.6037	521
9.612383333	521
9.621133333	525
9.63	532
9.63895	537
9.647966667	541
9.656866667	534
9.665783333	535
9.6748	541
9.683816667	541
9.692733333	535
9.70165	535
9.71055	534
9.719466667	535
9.737033333	0
9.74585	529
9.754633333	527
9.763316667	521
9.771933333	517
9.7804	508
9.788966667	514
9.797533333	514
9.806116667	515
9.814583333	508
9.822933333	501
9.831383333	507
9.8398	505
9.8482	504
9.856533333	500
9.864833333	498
9.87325	505
9.8817	507
9.890066667	502
9.898383333	499
9.906616667	494
9.915033333	505
9.923333333	498
9.93175	505
9.940133333	503
9.948516667	503
9.956916667	504
9.965233333	499
9.97365	505
9.981916667	496
9.99025	500
9.998666667	505
10.00708333	505
10.01543333	501
10.02366667	494
10.032	500
10.0403	498
10.04866667	502
10.05698333	499
10.06523333	495
10.07353333	498
10.08185	499
10.09023333	503
10.0985	496
10.10675	495
10.11496667	493
10.12313333	490
10.13136667	494
10.13941667	483
10.14755	488
10.15566667	487
10.16376667	486
10.17183333	484
10.17975	475
10.18775	480
10.19571667	478
10.20376667	483
10.21183333	484
10.21978333	477
10.22778333	480
10.23581667	482
10.24386667	483
10.25183333	478
10.25983333	480
10.26781667	479
10.27595	488
10.28406667	487
10.29215	485
10.30011667	478
10.30806667	477
10.31616667	486
10.32413333	478
10.33218333	483
10.34013333	477
10.3481	478
10.35605	477
10.36398333	476
10.37193333	477
10.37975	469
10.38766667	475
10.39551667	471
10.4035	479
10.41145	477
10.4194	477
10.42726667	472
10.43511667	471
10.44305	476
10.45098333	476
10.45898333	480
10.4669	475
10.47488333	479
10.48295	484
10.49086667	475
10.49888333	481
10.50686667	479
10.5149	482
10.52291667	481
10.53111667	492
10.53926667	489
10.54751667	495
10.5556	485
10.56366667	484
10.57176667	486
10.57983333	484
10.58798333	489
10.59608333	486
10.60408333	480
10.6121	481
10.62013333	482
10.62823333	486
10.63633333	486
10.6444	484
10.65238333	479
10.66038333	480
10.66845	484
10.67641667	478
10.68446667	483
10.69248333	481
10.70036667	473
10.7083	476
10.71616667	472
10.72405	473
10.73186667	469
10.7396	464
10.7474	468
10.7553	474
10.76313333	470
10.77108333	477
10.77891667	470
10.78686667	477
10.79476667	474
10.80261667	471
10.81048333	472
10.81826667	467
10.82618333	475
10.83406667	473
10.8421	482
10.8503	492
10.8586	498
10.86675	489
10.875	495
10.8833	498
10.89151667	493
10.89975	494
10.90773333	479
10.91576667	482
10.92386667	486
10.93183333	478
10.93978333	477
10.94755	466
10.9554	471
10.96323333	470
10.97111667	473
10.979	473
10.98676667	466
10.9945	464
11.0023	468
11.0101	468
11.01791667	469
11.02566667	465
11.03338333	463
11.04123333	471
11.04905	469
11.05696667	475
11.06478333	469
11.07263333	471
11.08048333	471
11.08846667	479
11.09633333	472
11.10415	469
11.11188333	464
11.11961667	464
11.1275	473
11.13531667	469
11.14308333	466
11.15076667	461
11.15851667	465
11.16628333	466
11.1739	457
11.18151667	457
11.18908333	454
11.19673333	459
11.20436667	458
11.21208333	463
11.21963333	453
11.22731667	461
11.23498333	460
11.24263333	459
11.25026667	458
11.25788333	457
11.26561667	464
11.27335	464
11.28118333	470
11.2889	463
11.29665	465
11.30446667	469
11.31225	467
11.31998333	464
11.32765	460
11.3354	465
11.34315	465
11.35091667	466
11.35856667	459
11.36626667	462
11.37398333	463
11.3817	463
11.38936667	460
11.3969	452
11.4045	456
11.41208333	455
11.4198	463
11.4274	456
11.43501667	457
11.44266667	459
11.45021667	453
11.45783333	457
11.46543333	456
11.473	454
11.48056667	454
11.48805	449
11.4956	453
11.50331667	463
11.51093333	457
11.51863333	462
11.52625	457
11.53386667	457
11.54155	461
11.54918333	458
11.55686667	461
11.56446667	456
11.57208333	457
11.57973333	459
11.58746667	464
11.59518333	463
11.60286667	461
11.61041667	453
11.61796667	453
11.6257	464
11.63343333	464
11.64121667	467
11.64886667	459
11.65651667	459
11.66421667	462
11.6717	449
11.67913333	446
11.68656667	446
11.69423333	460
11.70173333	450
11.7093	454
11.71683333	452
11.72438333	453
11.73201667	458
11.73961667	456
11.74728333	460
11.75481667	452
11.76251667	462
11.77026667	465
11.77803333	466
11.7858	466
11.79343333	458
11.80116667	464
11.80896667	468
11.81673333	466
11.8245	466
11.83225	465
11.83996667	463
11.84771667	465
11.85548333	466
11.86321667	464
11.8709	461
11.87846667	454
11.88605	455
11.89373333	461
11.9014	460
11.90901667	457
11.91655	452
11.92408333	452
11.9317	457
11.93931667	457
11.94686667	453
11.95431667	447
11.96185	452
11.96925	444
11.97666667	445
11.98416667	450
11.99166667	450
11.99921667	453
12.00671667	450
12.01421667	450
12.0217	449
12.02933333	458
12.03695	457
12.04446667	451
12.05195	449
12.05938333	446
12.06688333	450
12.07435	448
12.08186667	451
12.08931667	447
12.0968	449
12.10426667	448
12.11188333	457
12.11946667	455
12.12708333	457
12.13468333	456
12.14233333	459
12.15005	463
12.15768333	458
12.16525	454
12.17283333	455
12.18051667	461
12.18818333	460
12.1959	463
12.20351667	457
12.21116667	459
12.21886667	462
12.22651667	459
12.23415	458
12.24163333	449
12.24923333	456
12.25683333	456
12.26455	463
12.27226667	463
12.2799	458
12.28748333	455
12.29505	454
12.30271667	460
12.31033333	457
12.31791667	455
12.32548333	454
12.33306667	455
12.34075	461
12.34843333	461
12.35603333	456
12.36353333	450
12.37113333	456
12.37861667	449
12.38615	452
12.39368333	452
12.40125	454
12.40875	450
12.41625	450
12.42376667	451
12.4314	458
12.43905	459
12.44663333	455
12.45423333	456
12.46171667	449
12.46935	458
12.47695	456
12.48455	456
12.49211667	454
12.49961667	450
12.50715	452
12.51463333	449
12.5223	460
12.52988333	455
12.5375	457
12.54506667	454
12.55255	449
12.56011667	454
12.56766667	453
12.57523333	454
12.58276667	452
12.59026667	450
12.59783333	454
12.6055	460
12.61308333	455
12.62063333	453
12.62808333	447
12.63556667	449
12.64315	455
12.65066667	451
12.65828333	457
12.66583333	453
12.67321667	443
12.6807	449
12.68816667	448
12.69563333	448
12.70303333	444
12.7104	442
12.71773333	440
12.72511667	443
12.7325	443
12.74006667	454
12.7476	452
12.75506667	448
12.76255	449
12.76998333	446
12.7775	451
12.78503333	452
12.79268333	459
12.80028333	456
12.80776667	449
12.81526667	450
12.82275	449
12.83028333	452
12.83771667	446
12.84515	446
12.85245	438
12.85986667	445
12.86735	449
12.87483333	449
12.88221667	443
12.88951667	438
12.89688333	442
12.90428333	444
12.91165	442
12.91893333	437
12.92618333	435
12.93343333	435
12.94088333	447
12.94821667	440
12.9556	443
12.96288333	437
12.97036667	449
12.97778333	445
12.98528333	450
12.99273333	447
13.00013333	444
13.0076	448
13.01506667	448
13.02253333	448
13.0299	442
13.03731667	445
13.0447	443
13.0523	456
13.05981667	451
13.06731667	450
13.07473333	445
13.0821	442
13.08956667	448
13.09693333	442
13.10431667	443
13.11153333	433
13.11885	439
13.12625	444
13.13365	444
13.141	441
13.14828333	437
13.15561667	440
13.16306667	447
13.17046667	444
13.17786667	444
13.1852	440
13.19253333	440
13.19996667	446
13.20728333	439
13.21468333	444
13.22191667	434
13.22928333	442
13.23661667	440
13.24405	446
13.25135	438
13.25861667	436
13.26593333	439
13.27335	445
13.28068333	440
13.288	439
13.29525	435
13.3025	435
13.30988333	443
13.31721667	440
13.32453333	439
13.33176667	434
13.33911667	441
13.34645	440
13.35381667	442
13.36111667	438
13.36838333	436
13.37566667	437
13.38296667	438
13.39023333	436
13.39766667	446
13.40486667	432
13.41213333	436
13.41925	427
13.42645	432
13.4336	429
13.44091667	439
13.44803333	427
13.4552	430
13.4623	426
13.46955	435
13.47675	432
13.48408333	440
13.49126667	431
13.4985	434
13.50575	435
13.51313333	443
13.52041667	437
13.52771667	438
13.53495	434
13.54226667	439
13.54965	443
13.55696667	439
13.56423333	436
13.57148333	435
13.57885	442
13.58615	438
13.59346667	439
13.60065	431
13.60793333	437
13.61528333	441
13.62263333	441
13.62988333	435
13.63708333	432
13.6443	433
13.65166667	442
13.65891667	435
13.66628333	442
13.67353333	435
13.68085	439
13.68815	438
13.69563333	449
13.70298333	441
13.71038333	444
13.71765	436
13.72496667	439
13.73231667	441
13.73975	446
13.74711667	442
13.75448333	442
13.76181667	440
13.76918333	442
13.77663333	447
13.78403333	444
13.79156667	452
13.7991	452
13.8067	456
13.81428333	455
13.82193333	459
13.8295	454
13.83725	465
13.8449	459
13.85258333	461
13.86018333	456
13.86773333	453
13.8753	454
13.8829	456
13.89041667	451
13.89786667	447
13.90523333	442
13.9126	442
13.92008333	449
13.92745	442
13.93481667	442
13.94208333	436
13.9494	439
13.95681667	445
13.96423333	445
13.97161667	443
13.97901667	444
13.98638333	442
13.99381667	446
14.0013	449
14.00885	453
14.0163	447
14.02368333	443
14.03111667	446
14.03858333	448
14.046	445
14.05333333	440
14.06063333	438
14.0679	436
14.07523333	440
14.0826	442
14.08993333	440
14.09718333	435
14.10435	430
14.11155	432
14.11878333	434
14.12603333	435
14.13318333	429
14.14041667	434
14.14751667	426
14.15471667	432
14.16191667	432
14.1693	443
14.1765	432
14.18376667	436
14.19096667	432
14.19821667	435
14.20553333	439
14.21273333	432
14.21991667	431
14.22705	428
14.23421667	430
14.24133333	427
14.24863333	438
14.2558	430
14.26305	435
14.27021667	430
14.27738333	430
14.28455	430
14.29181667	436
14.29903333	433
14.30616667	428
14.31328333	427
14.3204	427
14.3277	438
14.33488333	431
14.34211667	434
14.34928333	430
14.3565	433
14.3637	432
14.37108333	443
14.3784	439
14.38576667	442
14.39306667	438
14.40043333	442
14.40778333	441
14.41525	448
14.42266667	445
14.42991667	435
14.43723333	439
14.44451667	437
14.45183333	439
14.45903333	432
14.46631667	437
14.4735	431
14.48075	435
14.48808333	440
14.49541667	440
14.50263333	433
14.50995	439
14.51728333	440
14.5247	445
14.53198333	437
14.53931667	440
14.5469	455
14.5543	444
14.56165	441
14.56893333	437
14.57641667	449
14.5838	443
14.59125	447
14.59858333	440
14.60595	442
14.61338333	446
14.62083333	447
14.6282	442
14.63546667	436
14.64281667	441
14.65011667	438
14.65741667	438
14.66458333	430
14.67185	436
14.67908333	434
14.68646667	443
14.69373333	436
14.70101667	437
14.70826667	435
14.7157	446
14.72306667	442
14.73038333	439
14.73771667	440
14.74498333	436
14.7524	445
14.75965	435
14.76696667	439
14.77421667	435
14.78156667	441
14.78891667	441
14.79635	446
14.80363333	437
14.81095	439
14.81838333	446
14.82578333	444
14.8331	439
14.84036667	436
14.8477	440
14.85498333	437
14.8623	439
14.86945	429
14.87666667	433
14.8839	434
14.8912	438
14.89836667	430
14.90546667	426
14.91256667	426
14.9198	434
14.92696667	430
14.93411667	429
14.9412	425
14.94835	429
14.95553333	431
14.96278333	435
14.96986667	425
14.9771	434
14.98418333	425
14.99136667	431
14.99855	431
15.00576667	433
15.01281667	423
15.01995	428
15.02708333	428
15.03426667	431
15.04136667	426
15.04848333	427
15.05555	424
15.06261667	424
15.06978333	430
15.0769	427
15.08405	429
15.09108333	422
15.0982	427
15.10535	429
15.11251667	430
15.11965	428
15.12685	432
15.13408333	434
15.14135	436
15.14851667	430
15.15575	434
15.16293333	431
15.17023333	438
15.17745	433
15.18465	432
15.19183333	431
15.19898333	429
15.20618333	432
15.2134	433
15.2206	432
15.22771667	427
15.2348	425
15.2419	426
15.249	426
15.25621667	433
15.26346667	435
15.27066667	432
15.27788333	433
15.28503333	429
15.29228333	435
15.29943333	429
15.30668333	435
15.3139	433
15.32111667	433
15.32833333	433
15.33555	433
15.34281667	436
15.3502	443
15.3575	438
15.3647	432
15.3719	432
15.37925	441
15.38646667	433
15.39365	431
15.40071667	424
15.4079	431
15.4151	432
15.42228333	431
15.42931667	422
15.4364	425
15.44356667	430
15.45088333	439
15.4581	433
15.46541667	439
15.47278333	442
15.49521667	0
15.50265	446
15.51011667	448
15.51763333	451
15.52506667	446
15.53238333	439
15.53963333	435
15.547	442
15.55426667	436
15.56148333	433
15.56861667	428
15.57576667	429
15.58288333	427
15.59011667	434
15.59728333	430
15.60441667	428
15.62581667	0
15.63303333	433
15.64023333	432
15.64745	433
15.6547	435
15.66205	441
15.67666667	0
15.68396667	438
15.69121667	435
15.69853333	439
15.70578333	435
15.71308333	438
15.72031667	434
15.7275	431
15.73461667	427
15.74183333	433
15.74905	433
15.75621667	430
15.7633	425
15.77753333	0
15.78463333	426
15.79175	427
15.79881667	424
15.80591667	426
15.81313333	433
15.82021667	425
15.82728333	424
15.83435	424
15.84151667	430
15.84873333	433
15.8559	430
15.86301667	427
15.8702	431
15.87746667	436
15.88468333	433
15.89186667	431
15.89905	431
15.90631667	436
15.91355	434
15.92078333	434
15.92791667	428
15.93515	434
15.94233333	431
15.9496	436
15.95675	429
15.96391667	430
15.971	425
15.97816667	430
15.9853	428
15.99236667	424
15.99943333	424
16.01343333	0
16.02045	421
16.0275	423
16.03453333	422
16.04148333	417
16.05541667	0
16.06255	428
16.0696	423
16.07661667	421
16.08363333	421
16.09066667	422
16.09778333	427
16.1049	427
16.11196667	424
16.119	422
16.12605	423
16.13323333	431
16.14043333	432
16.14751667	425
16.15465	428
16.15921667	0
16.1691	0
16.17631667	433
16.19791667	0
16.21246667	0
16.21961667	429
16.22675	428
16.23388333	428
16.24111667	434
16.24823333	427
16.25533333	426
16.2624	424
16.26951667	427
16.2767	431
16.28385	429
16.2909	423
16.29798333	425
16.30508333	426
16.31231667	434
16.31941667	426
16.32661667	432
16.33383333	433
16.34106667	434
16.34828333	433
16.37025	0
16.39905	0
16.41338333	0
16.4205	427
16.42765	429
16.43483333	431
16.4419	424
16.44893333	422
16.45591667	419
16.46303333	427
16.47005	421
16.47715	426
16.48413333	419
16.5055	0
16.5198	0
16.52686667	424
16.53413333	436
16.54136667	434
16.54871667	441
16.5704	0
16.57761667	433
16.5848	431
16.59196667	430
16.59906667	426
16.60608333	421
16.6132	427
16.62031667	427
16.62745	428
16.63448333	422
16.64151667	422
16.64851667	420
16.65573333	433
16.66998333	0
16.67705	424
16.68416667	427
16.69856667	0
16.71281667	0
16.727	0
16.74116667	0
16.74831667	429
16.75545	428
16.76248333	422
16.76958333	426
16.7766	421
16.7837	426
16.79795	0
16.81191667	0
16.8189	419
16.826	426
16.8401	0
16.84701667	415
16.85406667	423
16.8611	422
16.86826667	430
16.87533333	424
16.88246667	428
16.88951667	423
16.89671667	432
16.9039	431
16.9111	432
16.91821667	427
16.92528333	424
16.93243333	429
16.9467	0
16.9537	420
16.96075	423
16.96785	426
16.97501667	430
16.98198333	418
16.989	421
16.99595	417
17.0031	429
17.01011667	421
17.01711667	420
17.03106667	0
17.04525	0
17.05226667	421
17.05935	425
17.06646667	427
17.0737	434
17.08796667	0
17.09506667	426
17.10226667	432
17.10946667	432
17.11671667	435
17.12383333	427
17.13103333	432
17.13815	427
17.14543333	437
17.15256667	428
17.15975	431
17.18113333	0
17.18826667	428
17.19536667	426
17.20233333	418
17.20936667	422
17.22363333	0
17.2306	418
17.23763333	422
17.24465	421
17.25185	432
17.2589	423
17.26596667	424
17.27298333	421
17.28003333	423
17.28721667	431
17.29435	428
17.30145	426
17.30851667	424
17.31556667	423
17.32265	425
17.32983333	431
17.33693333	426
17.34398333	423
17.35103333	423
17.35813333	426
17.36523333	426
17.37233333	426
17.37931667	419
17.38635	422
17.3933	417
17.40033333	422
17.4074	424
17.41446667	424
17.42145	419
17.4284	417
17.43538333	419
17.4425	427
17.44956667	424
17.45663333	424
17.46366667	422
17.47068333	421
17.47775	424
17.48493333	431
17.492	424
17.49908333	425
17.50606667	419
17.51311667	423
17.52021667	426
17.52731667	426
17.53438333	424
17.54145	424
17.5484	417
17.55548333	425
17.56256667	425
17.56973333	430
17.5768	424
17.5838	420
17.59796667	0
17.60501667	423
17.61195	416
17.61895	420
17.62605	426
17.63311667	424
17.64003333	415
17.64701667	419
17.65411667	426
17.66118333	424
17.66818333	420
17.67523333	423
17.68231667	425
17.68938333	424
17.69643333	423
17.70346667	422
17.71051667	423
17.71783333	439
17.72493333	426
17.73196667	422
17.73898333	421
17.74613333	429
17.75315	421
17.76013333	419
17.76708333	417
17.77403333	417
17.78103333	420
17.78801667	419
17.79496667	417
17.80186667	414
17.80878333	415
17.81586667	425
17.82281667	417
17.82975	416
17.8366	411
17.84355	417
17.85055	420
17.85755	420
17.86451667	418
17.87148333	418
17.87846667	419
17.8856	428
17.89268333	425
17.89983333	429
17.92831667	0
17.93538333	424
17.9424	421
17.94936667	418
17.95653333	430
17.97056667	0
17.98451667	0
17.9915	419
17.99856667	424
18.0267	0
18.03378333	425
18.04091667	428
18.04795	422
18.05511667	430
18.06226667	429
18.06945	431
18.08371667	0
18.09088333	430
18.0981	433
18.10515	423
18.1123	429
18.12673333	0
18.141	0
18.14818333	431
18.15536667	431
18.16248333	427
18.17673333	0
18.18386667	428
18.19103333	430
18.19808333	423
18.20526667	431
18.21246667	432
18.21971667	435
18.23391667	0
18.24818333	0
18.25525	424
18.26225	420
18.26926667	421
18.29033333	0
18.29738333	423
18.3045	427
18.31155	423
18.31858333	422
18.32561667	422
18.33283333	433
18.33998333	429
18.34711667	428
18.36123333	0
18.36835	427
18.37543333	425
18.38246667	422
18.38951667	423
18.39646667	417
18.40351667	423
18.41058333	424
18.41766667	425
18.42465	419
18.43155	414
18.44558333	0
18.45253333	417
18.4663	0
18.47323333	416
18.48011667	413
18.48706667	417
18.49405	419
18.50098333	416
18.5079	415
18.51476667	412
18.52168333	415
18.52856667	413
18.53558333	421
18.54258333	420
18.54963333	423
18.55658333	417
18.56361667	422
18.57066667	423
18.57783333	430
18.59201667	0
18.59908333	424
18.61168333	0
18.62051667	0
18.64875	0
18.6558	423
18.66273333	416
18.67651667	0
18.68345	416
18.69041667	418
18.69745	422
18.70445	420
18.7115	423
18.71856667	424
18.72568333	427
18.7329	433
18.74006667	430
18.7473	434
18.75446667	430
18.76168333	433
18.76893333	435
18.77626667	440
18.78353333	436
18.79081667	437
18.798	431
18.80523333	434
18.8125	436
18.81971667	433
18.82691667	432
18.83395	422
18.84106667	427
18.8554	0
18.86951667	0
18.87655	422
18.88368333	428
18.89076667	425
18.89785	425
18.9049	423
18.9119	420
18.91891667	421
18.926	425
18.9331	426
18.94011667	421
18.94716667	423
18.95415	419
18.96123333	425
18.96831667	425
18.9755	431
18.98258333	425
18.98965	424
18.99668333	422
19.00378333	426
19.0109	427
19.01795	423
19.02496667	421
19.0319	416
19.03891667	421
19.04596667	423
19.05308333	427
19.06011667	422
19.06718333	424
19.0742	421
19.08846667	0
19.09561667	429
19.1027	425
19.11681667	0
19.12396667	429
19.13106667	426
19.13811667	423
19.14508333	418
19.15203333	417
19.15911667	425
19.16618333	424
19.17335	430
19.18041667	424
19.18756667	429
19.19466667	426
19.20178333	427
19.20896667	431
19.21615	431
19.22328333	428
19.2304	427
19.23746667	424
19.24448333	421
19.25866667	0
19.26571667	423
19.28693333	0
19.30103333	0
19.30805	421
19.32235	0
19.35061667	0
19.39285	0
19.39985	420
19.4136	0
19.4205	414
19.42756667	424
19.43445	413
19.44138333	416
19.44823333	411
19.45518333	417
19.46218333	420
19.46916667	419
19.47606667	414
19.48305	419
19.49001667	418
19.49711667	426
19.50416667	423
19.51123333	424
19.52535	0
19.53956667	0
19.5536	0
19.56058333	419
19.56768333	426
19.5816	0
19.58848333	413
19.59536667	413
19.60235	419
19.60925	414
19.61613333	413
19.62293333	408
19.62976667	410
19.6366	410
19.64348333	413
19.65028333	408
19.65711667	410
19.66391667	408
19.67081667	414
19.67778333	418
19.68476667	419
19.69176667	420
19.69871667	417
19.70571667	420
19.71275	422
19.71981667	424
19.72691667	426
19.73391667	420
19.7409	419
19.74786667	418
19.77583333	0
19.78271667	413
19.78956667	411
19.79646667	414
19.80346667	420
19.81035	413
19.8172	411
19.82403333	410
19.83091667	413
19.8378	413
19.84466667	412
19.8515	410
19.85835	411
19.86521667	412
19.87223333	421
19.87911667	413
19.88606667	417
19.89293333	412
19.89988333	417
19.90683333	417
19.91388333	423
19.92088333	420
19.92786667	419
19.93481667	417
19.95568333	0
19.96263333	417
19.96951667	413
19.97638333	412
19.9832	409
19.99011667	415
19.99703333	415
20.0039	412
20.01756667	0
20.02441667	411
20.03133333	415
20.03828333	417
20.0452	415
20.05213333	416
20.05908333	417
20.06608333	420
20.07323333	429
20.0803	424
20.08751667	433
20.10185	0
20.10916667	439
20.11645	437
20.12373333	437
20.13828333	0
20.14568333	444
20.15306667	443
20.16041667	441
20.16786667	447
20.1753	446
20.18273333	446
20.19018333	447
20.1977	451
20.20513333	446
20.21998333	0
20.2274	445
20.23495	453
20.24235	444
20.24983333	449
20.25726667	446
20.26476667	450
20.27231667	453
20.27983333	451
20.28726667	446
20.29471667	447
20.3023	455
20.30976667	448
20.31721667	447
20.32453333	439
20.33193333	444
20.33936667	446
20.34668333	439
20.35403333	441
20.36135	439
20.36868333	440
20.37605	442
20.3834	441
20.39071667	439
20.39801667	438
20.40536667	441
20.4128	446
20.42025	447
20.42775	450
20.43523333	449
20.44275	451
20.4504	459
20.45806667	460
20.46578333	463
20.47346667	461
20.48115	461
20.48895	468
20.49676667	469
20.50448333	463
20.5122	463
20.51995	465
20.52768333	464
20.53536667	461
20.54293333	454
20.5505	454
20.5581	456
20.56573333	458
20.57331667	455
20.58091667	456
20.58856667	459
20.59618333	457
20.61166667	0
20.61943333	466
20.62706667	458
20.63476667	462
20.64238333	457
20.64998333	456
20.65755	454
20.66503333	449
20.67245	445
20.67981667	442
20.68715	440
20.70191667	0
20.70928333	442
20.71658333	438
20.72388333	438
20.73121667	440
20.7386	443
20.74591667	439
20.75315	434
20.7604	435
20.76781667	445
20.77525	446
20.78273333	449
20.7902	448
20.79783333	458
20.80558333	465
20.81338333	468
20.82111667	464
20.82905	476
20.83693333	473
20.84485	475
20.85283333	479
20.86085	481
20.87706667	0
20.88535	497
20.8936	495
20.90173333	488
20.90988333	489
20.91198333	0
20.9181	0
20.92623333	488
20.93433333	486
20.94236667	482
20.95033333	478
20.95818333	471
20.96596667	467
20.97376667	468
20.98165	473
20.98973333	485
20.99785	487
21.00595	486
21.01406667	487
21.02235	497
21.03078333	506
21.03931667	512
21.04791667	516
21.0564	509
21.06476667	502
21.0732	506
21.0816	504
21.08996667	502
21.09833333	502
21.10658333	495
21.11496667	503
21.12331667	501
21.13171667	504
21.14021667	510
21.14861667	504
21.15703333	505
21.16553333	510
21.17408333	513
21.18266667	515
21.19135	521
21.19986667	511
21.20831667	507
21.21683333	511
21.22533333	510
21.23386667	512
21.24233333	508
21.25078333	507
21.25925	508
21.26785	516
21.27651667	520
21.28535	530
21.29415	528
21.3028	519
21.31155	525
21.33716667	0
21.34556667	504
21.35358333	481
21.36165	484
21.36963333	479
21.37723333	456
21.3849	460
21.39236667	448
21.3999	452
21.40738333	449
21.41476667	443
21.437	0
21.44448333	449
21.45203333	453
21.45971667	461
21.46743333	463
21.47535	475
21.48348333	488
21.49161667	488
21.49976667	489
21.50806667	498
21.51645	503
21.52493333	509
21.53338333	507
21.54173333	501
21.5501	502
21.5585	504
21.56688333	503
21.57521667	500
21.59171667	0
21.59991667	492
21.60803333	487
21.61608333	483
21.62406667	479
21.6401	0
21.64811667	481
21.65608333	478
21.66401667	476
21.67193333	475
21.7037	0
21.71161667	475
21.71943333	469
21.72731667	473
21.74298333	0
21.75088333	474
21.76665	0
21.78226667	0
21.79006667	468
21.79775	461
21.80545	462
21.8133	471
21.82111667	469
21.83706667	0
21.84523333	490
21.85358333	501
21.86221667	518
21.87096667	525
21.87963333	520
21.88826667	518
21.89703333	526
21.90581667	527
21.91465	530
21.9235	531
21.93208333	515
21.94065	514
21.9492	513
21.9576	504
21.9658	492
21.9741	498
21.98241667	499
21.99081667	504
21.99911667	498
22.0073	491
22.01565	501
22.02403333	503
22.03255	511
22.04108333	512
22.04961667	512
22.05823333	517
22.067	526
22.07578333	527
22.0846	529
22.0932	516
22.10186667	520
22.11063333	526
22.11935	523
22.12803333	521
22.13661667	515
22.1452	515
22.15391667	523
22.16263333	523
22.1714	526
22.18	516
22.18868333	521
22.19753333	531
22.20638333	531
22.21528333	534
22.22403333	525
22.23278333	525
22.24165	532
22.25046667	529
22.25925	527
22.26808333	530
22.27671667	518
22.28543333	523
22.29423333	528
22.30323333	540
22.3123	544
22.32146667	550
22.33038333	535
22.33938333	540
22.34853333	549
22.35768333	549
22.36675	544
22.37566667	535
22.38463333	538
22.39371667	545
22.4029	551
22.41208333	551
22.42115	544
22.43016667	541
22.43921667	543
22.44836667	549
22.45768333	559
22.467	559
22.47613333	548
22.48521667	545
22.4944	551
22.50368333	557
22.51301667	560
22.52256667	573
22.53181667	555
22.54113333	559
22.5506	568
22.55996667	562
22.5693	560
22.5785	552
22.58776667	556
22.59711667	561
22.60635	554
22.61555	552
22.62473333	551
22.6337	538
22.64258333	533
22.65148333	534
22.66038333	534
22.66925	532
22.67831667	544
22.68741667	546
22.69645	542
22.70546667	541
22.71455	545
22.72385	558
22.73321667	562
22.74268333	568
22.75191667	554
22.76106667	549
22.77018333	547
22.77936667	551
22.78853333	550
22.79761667	545
22.80673333	547
22.8157	538
22.82463333	536
22.83371667	545
22.84276667	543
22.85186667	546
22.86095	545
22.86986667	535
22.87883333	538
22.8879	544
22.897	546
22.90608333	545
22.91523333	549
22.92415	535
22.9331	537
22.9421	540
22.95108333	539
22.95995	532
22.9687	525
22.97731667	517
22.9859	515
22.9945	516
23.00315	519
23.01183333	521
23.02058333	525
23.0294	529
23.03815	525
23.047	531
23.05598333	539
23.06491667	536
23.07371667	528
23.08246667	525
23.09115	521
23.09965	510
23.1168	0
23.12541667	517
23.13411667	522
23.14296667	531
23.15176667	528
23.16058333	529
23.16953333	537
23.17858333	543
23.18766667	545
23.19676667	546
23.2058	542
23.2148	540
23.22398333	551
23.2332	553
23.2424	552
23.25166667	556
23.2609	554
23.26996667	544
23.27908333	547
23.28823333	549
23.29731667	545
23.30646667	549
23.31571667	555
23.32483333	547
23.33396667	548
23.34321667	555
23.35253333	559
23.362	568
23.37143333	566
23.38066667	554
23.39018333	571
23.3996	565
23.40886667	556
23.42778333	0
23.4373	571
23.44693333	578
23.45651667	575
23.46601667	570
23.47593333	595
23.48593333	600
23.4958	592
23.50543333	578
23.51526667	590
23.52505	587
23.53478333	584
23.54433333	573
23.55376667	566
23.56338333	577
23.57288333	570
23.58225	562
23.59138333	548
23.60053333	549
23.60971667	551
23.61875	542
23.62776667	541
23.63665	533
23.64571667	544
23.65493333	553
23.6643	562
23.6738	570
23.68323333	566
23.69273333	570
23.70238333	579
23.71203333	579
23.72161667	575
23.73108333	568
23.74058333	570
23.7502	577
23.75973333	572
23.7693	574
23.7787	564
23.78808333	563
23.79763333	573
23.80718333	573
23.81675	574
23.8262	567
23.8358	576
23.8455	582
23.85528333	587
23.865	583
23.87461667	577
23.8845	593
23.89435	591
23.90428333	596
23.91405	586
23.92376667	583
23.93356667	588
23.94335	587
23.95316667	589
23.96288333	583
23.97246667	575
23.98223333	586
23.99188333	579
24.0015	577
24.011	570
24.02045	567
24.02995	570
24.03953333	575
24.04916667	578
24.05903333	592
24.06885	589
24.0787	591
24.08876667	604
24.09905	617
24.10936667	619
24.1195	608
24.12963333	608
24.13988333	615
24.14998333	606
24.15986667	593
24.16981667	597
24.17976667	597
24.18965	593
24.19951667	592
24.2094	593
24.21936667	598
24.2294	602
24.23941667	601
24.24928333	592
24.25928333	600
24.26923333	597
24.27891667	581
24.28875	590
24.2984	579
24.30778333	563
24.31726667	569
24.32641667	549
24.33563333	553
24.34503333	564
24.35491667	593
24.36465	584
24.37445	588
24.38495	630
24.39521667	616
24.40536667	609
24.416	638
24.42643333	626
24.43708333	639
24.44768333	636
24.45821667	632
24.46861667	624
24.47878333	610
24.4889	607
24.49888333	599
24.50866667	587
24.51823333	574
24.52778333	573
24.53713333	561
24.54628333	549
24.56448333	0
24.57351667	542
24.58258333	544
24.59193333	561
24.60155	577
24.61125	582
24.62136667	607
24.63148333	607
24.6416	607
24.65173333	608
24.66183333	606
24.67191667	605
24.6817	587
24.69146667	586
24.70131667	591
24.71105	584
24.7207	579
24.73026667	574
24.7398	572
24.74936667	574
24.75895	575
24.76861667	580
24.77835	584
24.7881	585
24.79791667	589
24.80781667	594
24.8178	599
24.82781667	601
24.83783333	601
24.8475	580
24.85718333	581
24.8668	577
24.87628333	569
24.88566667	563
24.89525	575
24.90495	582
24.9149	597
24.92468333	587
24.93461667	596
24.9447	605
24.95486667	610
24.96511667	615
24.97526667	609
24.98541667	609
24.99558333	610
25.0057	607
25.01568333	599
25.02568333	600
25.03566667	599
25.04585	611
25.05615	618
25.06646667	619
25.0768	620
25.08721667	625
25.09765	626
25.10795	618
25.1183	621
25.12868333	623
25.13911667	626
25.14945	620
25.15963333	611
25.16988333	615
25.18018333	618
25.1905	619
25.2007	612
25.21081667	607
25.22098333	610
25.23115	610
25.24133333	611
25.25135	601
25.26135	600
25.2714	603
25.28135	597
25.29138333	602
25.30121667	590
25.31108333	592
25.32105	598
25.33101667	598
25.34106667	603
25.35073333	580
25.37	0
25.39825	0
25.40758333	560
25.417	565
25.42646667	568
25.43601667	573
25.44556667	573
25.45526667	582
25.46531667	603
25.47551667	612
25.48573333	613
25.49586667	608
25.50593333	604
25.51605	607
25.5262	609
25.5363	606
25.54643333	608
25.55636667	596
25.5663	596
25.57633333	602
25.58645	607
25.59661667	610
25.60666667	603
25.61673333	604
25.62686667	608
25.63693333	604
25.64695	601
25.65686667	595
25.66678333	595
25.67678333	600
25.6868	601
25.69666667	592
25.7067	602
25.71673333	602
25.72665	595
25.7365	591
25.74633333	590
25.756	580
25.76558333	575
25.78441667	0
25.79383333	565
25.80325	565
25.81261667	562
25.82186667	555
25.83123333	562
25.84065	565
25.8501	567
25.85955	567
25.86895	564
25.87823333	557
25.88761667	563
25.89691667	558
25.9062	557
25.91541667	553
25.92465	554
25.93405	564
25.94345	564
25.95285	564
25.96225	564
25.97155	558
25.98095	564
25.99036667	565
25.99986667	570
26.0093	566
26.01878333	569
26.02836667	575
26.03805	581
26.04783333	587
26.05748333	579
26.06715	580
26.07686667	583
26.08666667	588
26.0965	590
26.10613333	578
26.11571667	575
26.12528333	574
26.13461667	560
26.14373333	547
26.15273333	540
26.16166667	536
26.17036667	522
26.17901667	519
26.1877	521
26.19645	525
26.20536667	535
26.21498333	577
26.22523333	615
26.2353	604
26.24551667	613
26.25635	650
26.26781667	688
26.2796	707
26.29066667	664
26.30115	629
26.31133333	611
26.32171667	623
26.33201667	618
26.34246667	627
26.35303333	634
26.36326667	614
26.37335	605
26.38353333	611
26.39368333	609
26.40363333	597
26.4136	598
26.42335	585
26.43328333	596
26.4432	595
26.4533	606
26.46368333	623
26.47393333	615
26.48421667	617
26.49473333	631
26.50543333	642
26.51595	631
26.52625	618
26.53691667	640
26.54748333	634
26.55796667	629
26.56823333	616
26.5787	628
26.58913333	626
26.59963333	630
26.61	622
26.62026667	616
26.6306	620
26.64101667	625
26.65163333	637
26.66228333	639
26.67271667	626
26.6834	641
26.6941	642
26.70483333	644
26.71546667	638
26.72623333	646
26.73698333	645
26.74778333	648
26.75833333	633
26.7688	628
26.77945	639
26.79005	636
26.80068333	638
26.81101667	620
26.8215	629
26.83203333	632
26.8426	634
26.8529	618
26.86313333	614
26.87351667	623
26.88396667	627
26.89446667	630
26.9048	620
26.91496667	610
26.92531667	621
26.93576667	627
26.94633333	634
26.95678333	627
26.96726667	629
26.97786667	636
26.9884	632
26.9991	642
27.00948333	623
27.0201	637
27.03085	645
27.0417	651
27.0526	654
27.06306667	628
27.07345	623
27.0839	627
27.09441667	631
27.10503333	637
27.11578333	645
27.12668333	654
27.13783333	669
27.14916667	680
27.16046667	678
27.1712	644
27.18211667	655
27.19298333	652
27.20376667	647
27.21428333	631
27.2249	637
27.23581667	655
27.24675	656
27.25758333	650
27.26816667	635
27.2789	644
27.28956667	640
27.29986667	618
27.31046667	636
27.32116667	642
27.33198333	649
27.3429	655
27.3535	636
27.36396667	628
27.37466667	642
27.38551667	651
27.3965	659
27.40748333	659
27.41811667	638
27.42903333	655
27.4397	640
27.45015	627
27.46045	618
27.47073333	617
27.48121667	629
27.49163333	625
27.50215	631
27.51266667	631
27.52328333	637
27.53428333	660
27.54531667	662
27.55635	662
27.56713333	647
27.57825	667
27.58943333	671
27.6004	658
27.61123333	650
27.62193333	642
27.63206667	608
27.64226667	612
27.65235	605
27.6622	591
27.67183333	578
27.6815	580
27.6911	576
27.70055	567
27.71008333	572
27.71963333	573
27.72923333	576
27.73895	583
27.74881667	592
27.75873333	595
27.76881667	605
27.77916667	621
27.78953333	622
27.79995	625
27.81038333	626
27.82058333	612
27.83056667	599
27.84053333	598
27.85045	595
27.86025	588
27.87015	594
27.88005	594
27.89005	600
27.90046667	625
27.91116667	642
27.92216667	660
27.93281667	639
27.94318333	622
27.95396667	647
27.96463333	640
27.9752	634
27.98546667	616
28.00555	0
28.01526667	583
28.02488333	577
28.03445	574
28.04396667	571
28.05346667	570
28.06298333	571
28.07241667	566
28.08186667	567
28.09138333	571
28.10093333	573
28.11068333	585
28.12055	592
28.13065	606
28.14105	624
28.15186667	649
28.16318333	679
28.17445	676
28.1855	663
28.19641667	655
28.20731667	654
28.21796667	639
28.22845	629
28.23881667	622
28.24906667	615
28.25901667	597
28.26905	602
28.27916667	607
28.28951667	621
28.3004	653
28.31145	663
28.32225	648
28.33326667	661
28.34451667	675
28.35578333	676
28.36698333	672
28.37788333	654
28.38896667	665
28.39983333	652
28.41066667	650
28.42118333	631
28.43163333	627
28.44223333	636
28.45293333	642
28.46366667	644
28.47418333	631
28.48498333	648
28.49603333	663
28.50736667	680
28.51861667	675
28.52958333	658
28.54081667	674
28.55203333	673
28.56298333	657
28.5736	637
28.58426667	640
28.59503333	646
28.6057	640
28.61608333	623
28.6268	643
28.63741667	637
28.64796667	633
28.65845	629
28.66873333	617
28.68898333	0
28.69885	592
28.70848333	578
28.71821667	584
28.728	587
28.7381	606
28.74821667	607
28.75843333	613
28.7689	628
28.77938333	629
28.79023333	651
28.80093333	642
28.81138333	627
28.822	637
28.83268333	641
28.84323333	633
28.85378333	633
28.86413333	621
28.87436667	614
28.88481667	627
28.89528333	628
28.90586667	635
28.91653333	640
28.92696667	626
28.93756667	636
28.94833333	646
28.95908333	645
28.96993333	651
28.98061667	641
28.99153333	655
29.00228333	645
29.01298333	642
29.0235	631
29.03428333	647
29.04531667	662
29.05653333	673
29.06776667	674
29.07866667	654
29.08978333	667
29.10088333	666
29.11156667	641
29.12203333	628
29.13223333	612
29.14258333	621
29.1529	619
29.16321667	619
29.17363333	625
29.184	622
29.19461667	637
29.20541667	648
29.21645	662
29.2275	663
29.23833333	650
29.24926667	656
29.2601	650
29.27083333	644
29.28153333	642
29.2919	622
29.30241667	631
29.3129	629
29.32328333	623
29.33355	616
29.34395	624
29.35451667	634
29.3648	617
29.37533333	632
29.40661667	0
29.41661667	600
29.42656667	597
29.43641667	591
29.44603333	577
29.45543333	564
29.46476667	560
29.47396667	552
29.48325	557
29.49285	576
29.50276667	595
29.513	614
29.52435	681
29.53565	678
29.54715	690
29.55838333	674
29.56913333	645
29.57978333	639
29.59035	634
29.60068333	620
29.61083333	609
29.62073333	594
29.63065	595
29.64043333	587
29.65013333	582
29.65975	577
29.66943333	581
29.6791	580
29.68868333	575
29.69818333	570
29.7169	0
29.72615	555
29.73526667	547
29.74423333	538
29.75306667	530
29.76183333	526
29.77045	517
29.779	513
29.7875	510
29.79606667	514
29.80505	539
29.81463333	575
29.82443333	588
29.83448333	603
29.84441667	596
29.85433333	595
29.86421667	593
29.88323333	0
29.89268333	567
29.90226667	575
29.91271667	627
29.92416667	687
29.9361	716
29.95958333	0
29.97258333	780
29.98558333	780
29.9987	787
30.0112	750
30.02285	699
30.03441667	694
30.04598333	694
30.05661667	638
30.06753333	655
30.07798333	627
30.08816667	611
30.09813333	598
30.10785	583
30.12646667	0
30.13548333	541
30.14438333	534
30.1534	541
30.16285	567
30.17343333	635
30.18455	667
30.19633333	707
30.20866667	740
30.22165	779
30.2342	753
30.24641667	733
30.25796667	693
30.26898333	661
30.27975	646
30.29036667	637
30.30075	623
30.31088333	608
30.3211	613
30.33123333	608
30.34126667	602
30.35168333	625
30.36235	640
30.37308333	644
30.38366667	635
30.39466667	660
30.40571667	663
30.41683333	667
30.42765	649
30.43841667	646
30.44906667	639
30.45963333	634
30.47013333	630
30.48046667	620
30.49061667	609
30.5007	605
30.51068333	599
30.5206	595
30.53071667	607
30.5411	623
30.55153333	626
30.56206667	632
30.57283333	646
30.58381667	659
30.5948	659
30.60618333	683
30.61725	664
30.6281	651
30.63913333	662
30.65011667	659
30.66075	638
30.6713	633
30.68176667	628
30.69195	611
30.70218333	614
30.71238333	612
30.72258333	612
30.73305	628
30.74338333	620
30.75356667	611
30.76375	611
30.78378333	0
30.79368333	594
30.80345	586
30.81321667	586
30.82306667	591
30.83291667	591
30.84273333	589
30.85235	577
30.86193333	575
30.87141667	569
30.88075	560
30.88995	552
30.89911667	550
30.90828333	550
30.91741667	548
30.92663333	553
30.93598333	561
30.9454	565
30.95468333	557
30.96396667	557
30.9734	566
30.9829	570
30.9929	600
31.00343333	632
31.01461667	671
31.02576667	669
31.03703333	676
31.04806667	662
31.0588	644
31.06965	651
31.08036667	643
31.09101667	639
31.1015	629
31.11183333	620
31.12216667	620
31.13241667	615
31.1424	599
31.15251667	607
31.16243333	595
31.17228333	591
31.18208333	588
31.19175	580
31.20128333	572
31.2107	565
31.22013333	566
31.2295	562
31.23891667	565
31.24808333	550
31.25741667	560
31.26675	560
31.27606667	559
31.28546667	564
31.29505	575
31.30451667	568
31.3141	575
31.32373333	578
31.33336667	578
31.34291667	573
31.35241667	570
31.36186667	567
31.37118333	559
31.38056667	563
31.38991667	561
31.3992	557
31.40851667	559
31.41786667	561
31.42731667	567
31.43681667	570
31.44646667	579
31.45633333	592
31.46618333	591
31.4761	595
31.48593333	590
31.49565	583
31.50561667	598
31.51553333	595
31.52558333	603
31.53618333	636
31.54678333	636
31.55748333	642
31.56846667	659
31.57976667	678
31.59133333	694
31.60206667	644
31.61313333	664
31.62426667	668
31.63488333	637
31.64578333	654
31.65658333	648
31.66741667	650
31.6782	647
31.68891667	643
31.69943333	631
31.70985	625
31.71996667	607
31.73013333	610
31.74011667	599
31.74996667	591
31.75986667	594
31.76973333	592
31.77948333	585
31.7894	595
31.79951667	607
31.80996667	627
31.82076667	648
31.83163333	652
31.84235	643
31.85256667	613
31.86285	617
31.87308333	614
31.88316667	605
31.89321667	603
31.90331667	606
31.9134	605
31.92333333	596
31.93346667	608
31.94383333	622
31.95448333	639
31.96558333	666
31.9771	691
31.98861667	691
31.99976667	669
