0.012966667	778
0.024816667	711
0.035583333	646
0.046133333	633
0.05685	643
0.067633333	647
0.078266667	638
0.088316667	603
0.098533333	613
0.10885	619
0.119283333	626
0.129516667	614
0.139583333	604
0.150083333	630
0.16115	664
0.172633333	689
0.1835	652
0.194383333	653
0.20605	700
0.2174	681
0.228166667	646
0.238866667	642
0.249533333	640
0.26005	631
0.270283333	614
0.280183333	594
0.290183333	600
0.300133333	597
0.310083333	597
0.320166667	605
0.330583333	625
0.3413	643
0.351466667	610
0.36145	599
0.37165	612
0.381816667	610
0.391716667	594
0.401733333	601
0.41155	589
0.421266667	583
0.430783333	571
0.440183333	564
0.44995	586
0.45995	600
0.469916667	598
0.479683333	586
0.489616667	596
0.500116667	630
0.510683333	634
0.521166667	629
0.531633333	628
0.5418	610
0.551916667	607
0.562116667	612
0.572216667	606
0.58205	590
0.591766667	583
0.601766667	600
0.611933333	610
0.6218	592
0.6315	582
0.641816667	619
0.652133333	619
0.662683333	633
0.67365	658
0.686333333	761
0.697533333	672
0.7087	670
0.720116667	685
0.731633333	691
0.742983333	681
0.754433333	687
0.76615	703
0.778166667	721
0.7896	686
0.800266667	640
0.810916667	639
0.82145	632
0.831933333	629
0.8422	616
0.852316667	607
0.86285	632
0.873933333	665
0.885383333	687
0.8963	655
0.907216667	655
0.918633333	685
0.93015	691
0.941216667	664
0.952283333	664
0.963366667	665
0.97455	671
0.985066667	631
0.99535	617
1.0055	609
1.015866667	622
1.0259	602
1.0359	600
1.046216667	619
1.056716667	630
1.0674	641
1.078033333	638
1.088183333	609
1.098833333	639
1.109783333	657
1.120266667	629
1.130833333	634
1.141466667	638
1.152183333	643
1.162533333	621
1.17315	637
1.18415	660
1.195683333	692
1.207466667	707
1.2189	686
1.22995	663
1.24085	654
1.251716667	652
1.262583333	652
1.273016667	626
1.283633333	637
1.294383333	645
1.305116667	644
1.315333333	613
1.325433333	606
1.335766667	620
1.346216667	627
1.356266667	603
1.3663	602
1.376766667	628
1.387333333	634
1.397733333	624
1.408516667	647
1.419533333	661
1.430183333	639
1.440466667	617
1.451083333	637
1.4619	649
1.4728	654
1.483183333	623
1.493433333	615
1.503716667	617
1.5142	629
1.524766667	634
1.535033333	616
1.545433333	624
1.556166667	644
1.567216667	663
1.578016667	648
1.588533333	631
1.59885	619
1.60975	654
1.621033333	677
1.631433333	624
1.642316667	653
1.65305	644
1.664016667	658
1.674733333	643
1.686083333	681
1.69705	658
1.707633333	635
1.718383333	645
1.7293	655
1.739916667	637
1.750416667	630
1.760816667	624
1.770916667	606
1.78085	596
1.790566667	583
1.8	566
1.809366667	562
1.818516667	549
1.827766667	555
1.837783333	601
1.847583333	588
1.8577	607
1.869083333	683
1.881316667	734
1.8925	671
1.904533333	722
1.91725	763
1.929266667	721
1.940916667	699
1.9527	707
1.96395	675
1.974716667	646
1.985466667	645
1.996083333	637
2.006383333	618
2.016366667	599
2.026566667	612
2.03715	635
2.047816667	640
2.05795	608
2.068133333	611
2.079	652
2.08955	633
2.100133333	635
2.1113	670
2.122016667	643
2.132866667	651
2.14415	677
2.154966667	649
2.1659	656
2.177	666
2.188266667	676
2.199383333	667
2.2106	673
2.2218	672
2.232566667	646
2.243366667	648
2.254133333	646
2.264883333	645
2.275716667	650
2.28615	626
2.2962	603
2.306333333	608
2.316566667	614
2.326533333	598
2.3364	592
2.346533333	608
2.35705	631
2.367383333	620
2.3776	613
2.388166667	634
2.398583333	625
2.408866667	617
2.419616667	645
2.430783333	670
2.441316667	632
2.451833333	631
2.463416667	695
2.474266667	651
2.48525	659
2.496433333	671
2.50805	697
2.51875	642
2.530216667	688
2.541816667	696
2.5532	683
2.5642	660
2.57525	663
2.586416667	670
2.5977	677
2.608333333	638
2.619333333	660
2.630766667	686
2.642466667	702
2.65405	695
2.66475	642
2.675866667	667
2.687066667	672
2.697466667	624
2.7079	626
2.71855	639
2.728883333	620
2.73905	610
2.7496	633
2.760833333	674
2.772033333	672
2.783	658
2.793966667	658
2.804316667	621
2.814466667	609
2.824933333	628
2.835716667	647
2.846666667	657
2.856983333	619
2.867066667	605
2.877566667	630
2.888283333	643
2.899066667	647
2.9093	614
2.9199	636
2.931183333	677
2.942733333	693
2.953716667	659
2.9649	671
2.976683333	707
2.9885	709
2.99975	675
3.01115	684
3.022916667	706
3.03475	710
3.045566667	649
3.056116667	633
3.066616667	630
3.077283333	640
3.08825	658
3.098966667	643
3.10945	629
3.120333333	653
3.131783333	687
3.1439	727
3.157216667	799
3.171216667	840
3.184983333	826
3.1986	817
3.2112	756
3.222933333	704
3.234816667	713
3.2472	743
3.259133333	716
3.270066667	656
3.280816667	645
3.29175	656
3.3028	663
3.313583333	647
3.324933333	681
3.33735	745
3.350016667	760
3.362033333	721
3.375166667	788
3.3893	848
3.403316667	841
3.416266667	777
3.4294	788
3.4428	804
3.455933333	788
3.467966667	722
3.479933333	718
3.491733333	708
3.502983333	675
3.5137	643
3.525083333	683
3.536766667	701
3.547883333	667
3.55875	652
3.57015	684
3.581783333	698
3.592433333	639
3.60335	655
3.614166667	649
3.624666667	630
3.635316667	639
3.645966667	639
3.656766667	648
3.66785	665
3.678983333	668
3.68955	634
3.700483333	656
3.71125	646
3.721566667	619
3.731983333	625
3.7422	613
3.752116667	595
3.761916667	588
3.77165	584
3.7816	597
3.792183333	635
3.8023	607
3.812733333	626
3.82385	667
3.834466667	637
3.8449	626
3.8557	648
3.866933333	674
3.878083333	669
3.888433333	621
3.89875	619
3.90925	630
3.92005	648
3.930466667	625
3.94115	641
3.9521	657
3.962716667	637
3.973183333	628
3.983716667	632
3.994016667	618
4.004366667	621
4.014733333	622
4.02495	613
4.035233333	617
4.046016667	647
4.05705	662
4.067616667	634
4.07825	638
4.089083333	650
4.099566667	629
4.110033333	628
4.120666667	638
4.13135	641
4.141883333	632
4.1526	643
4.16335	645
4.1737	621
4.184033333	620
4.194583333	633
4.204916667	620
4.21535	626
4.22615	648
4.236933333	647
4.248866667	716
4.262583333	823
4.276133333	813
4.289333333	792
4.30185	751
4.313783333	716
4.3254	697
4.3374	720
4.348916667	691
4.359666667	645
4.3702	632
4.380516667	619
4.390566667	603
4.4008	614
4.411483333	641
4.422783333	678
4.434666667	713
4.446683333	721
4.458283333	696
4.469316667	662
4.480816667	690
4.492883333	724
4.504566667	701
4.515916667	681
4.52695	662
4.537283333	620
4.547466667	611
4.55755	605
4.56805	630
4.5787	639
4.589183333	629
4.60005	652
4.611533333	689
4.622533333	660
4.633216667	641
4.6441	653
4.655183333	665
4.6664	673
4.677166667	646
4.687766667	636
4.6986	650
4.70955	657
4.720016667	628
4.7307	641
4.741616667	655
4.752783333	670
4.763616667	650
4.774566667	657
4.785483333	655
4.796833333	681
4.807766667	656
4.819083333	679
4.8308	703
4.842633333	710
4.85375	667
4.865416667	700
4.8774	719
4.889383333	719
4.90075	682
4.911933333	671
4.923383333	687
4.934833333	687
4.945766667	656
4.956283333	631
4.966866667	635
4.9778	656
4.988616667	649
4.999783333	670
5.012	733
5.024666667	760
5.036416667	705
5.048666667	735
5.061166667	750
5.073766667	756
5.085583333	709
5.097933333	741
5.110633333	762
5.123166667	752
5.134883333	703
5.147116667	734
5.1596	749
5.171783333	731
5.1836	709
5.19605	747
5.2085	747
5.220083333	695
5.231666667	695
5.243316667	699
5.25505	704
5.26595	654
5.276866667	655
5.28815	677
5.299383333	674
5.310016667	638
5.320516667	630
5.3315	659
5.343516667	721
5.355066667	693
5.3665	686
5.378566667	724
5.3913	764
5.403366667	724
5.414683333	679
5.4267	721
5.43885	729
5.450833333	719
5.461933333	666
5.473116667	671
5.484583333	688
5.495816667	674
5.506616667	648
5.517283333	640
5.528633333	681
5.54065	721
5.551933333	677
5.562933333	660
5.574316667	683
5.58605	704
5.598133333	725
5.609216667	665
5.6208	695
5.63305	735
5.645566667	751
5.656933333	682
5.6682	676
5.67965	687
5.691283333	698
5.70245	670
5.71325	648
5.72445	672
5.7362	705
5.747683333	689
5.7585	649
5.769616667	667
5.781516667	714
5.793833333	739
5.80535	691
5.81605	642
5.826916667	652
5.8378	653
5.848283333	629
5.858933333	639
5.870116667	671
5.882133333	721
5.8934	676
5.904266667	652
5.915766667	690
5.927516667	705
5.938916667	684
5.949766667	651
5.96075	659
5.972033333	677
5.983566667	692
5.995066667	690
6.005883333	649
6.01675	652
6.0282	687
6.03975	693
6.050733333	659
6.0615	646
6.0726	666
6.08375	669
6.095066667	679
6.1059	650
6.116866667	658
6.1286	704
6.141366667	766
6.154216667	771
6.166066667	711
6.1777	698
6.1895	708
6.2014	714
6.212533333	668
6.223583333	663
6.2355	715
6.248316667	769
6.260466667	729
6.271583333	667
6.282683333	666
6.294716667	722
6.307383333	760
6.31905	700
6.330716667	700
6.343433333	763
6.356833333	804
6.3696	766
6.380933333	680
6.3922	676
6.404216667	721
6.416816667	756
6.428833333	721
6.440166667	680
6.452033333	712
6.4645	748
6.477566667	784
6.489583333	721
6.50085	676
6.512533333	701
6.523816667	677
6.534933333	667
6.546133333	672
6.557933333	708
6.570433333	750
6.5816	670
6.59285	675
6.604166667	679
6.615033333	652
6.625633333	636
6.637083333	687
6.64865	694
6.6596	657
6.670066667	628
6.68095	653
6.692216667	676
6.7032	659
6.713566667	622
6.723966667	624
6.73425	617
6.7443	603
6.75445	609
6.764716667	616
6.775	617
6.785333333	620
6.795383333	603
6.80565	616
6.81615	630
6.826616667	628
6.837033333	625
6.8471	604
6.8571	600
6.867516667	625
6.8781	635
6.888816667	643
6.899183333	622
6.9095	619
6.9201	636
6.931083333	659
6.941566667	629
6.951733333	610
6.961783333	603
6.971866667	605
6.981716667	591
6.99165	596
7.00165	600
7.0119	615
7.02175	591
7.031716667	598
7.042233333	631
7.052933333	642
7.063	604
7.0728	588
7.082666667	592
7.092783333	607
7.103066667	617
7.113566667	630
7.12355	599
7.133316667	586
7.1433	599
7.15315	591
7.16275	576
7.172183333	566
7.181533333	561
7.190916667	563
7.200133333	553
7.2092	544
7.218483333	557
7.227866667	563
7.23725	563
7.246466667	553
7.25585	563
7.265533333	581
7.2754	592
7.284883333	569
7.294383333	570
7.304066667	581
7.314166667	606
7.324216667	603
7.333983333	586
7.34395	598
7.35405	606
7.3641	603
7.374183333	605
7.384316667	608
7.394466667	609
7.404783333	619
7.41495	610
7.424783333	590
7.434733333	597
7.444283333	573
7.453616667	560
7.462916667	558
7.472566667	579
7.482116667	573
7.4914	557
7.5006	552
7.510166667	574
7.5202	602
7.530116667	595
7.539766667	579
7.549716667	597
7.560033333	619
7.570133333	606
7.580016667	593
7.589816667	588
7.599583333	586
7.609266667	581
7.6187	566
7.628083333	563
7.6377	577
7.647583333	593
7.65715	574
7.6667	573
7.676283333	575
7.685983333	582
7.695633333	579
7.70505	565
7.714566667	571
7.724066667	570
7.733916667	591
7.743633333	583
7.753133333	570
7.762566667	566
7.772033333	568
7.7813	556
7.79045	549
7.799666667	553
7.808733333	544
7.817833333	546
7.82705	553
7.8362	549
7.845583333	563
7.85515	574
7.864766667	577
7.87415	563
7.883783333	578
7.89345	580
7.9032	585
7.912766667	574
7.922516667	585
7.93225	584
7.941816667	574
7.951466667	579
7.961183333	583
7.970816667	578
7.980433333	577
7.99025	589
8.000216667	598
8.01	587
8.019783333	587
8.029783333	600
8.039783333	600
8.049633333	591
8.059333333	582
8.069183333	591
8.079	589
8.088616667	577
8.098033333	565
8.107333333	558
8.116666667	560
8.1265	590
8.136933333	626
8.14745	631
8.1583	651
8.169383333	665
8.180366667	659
8.191683333	679
8.203366667	701
8.214916667	693
8.2259	659
8.2366	642
8.24715	633
8.257333333	611
8.267166667	590
8.276583333	565
8.285916667	560
8.2952	557
8.304533333	560
8.313633333	546
8.323066667	566
8.332933333	592
8.342883333	597
8.352583333	582
8.363116667	632
8.374183333	664
8.384683333	630
8.395816667	668
8.407283333	688
8.41825	658
8.429166667	655
8.439983333	649
8.4505	631
8.460616667	607
8.470633333	601
8.480433333	588
8.489916667	569
8.499583333	580
8.509166667	575
8.51865	569
8.527983333	560
8.537516667	572
8.547083333	574
8.556633333	573
8.566	562
8.575766667	586
8.585616667	591
8.59525	578
8.604716667	568
8.614433333	583
8.624216667	587
8.633783333	574
8.643433333	579
8.65335	595
8.663483333	608
8.673333333	591
8.68295	577
8.6925	573
8.702366667	592
8.712183333	589
8.72155	562
8.730816667	556
8.740266667	567
8.749866667	576
8.7591	554
8.768166667	544
8.777433333	556
8.786666667	554
8.795683333	541
8.804633333	537
8.8137	544
8.822783333	545
8.831716667	536
8.84065	536
8.84975	546
8.858883333	548
8.867966667	545
8.87715	551
8.88645	558
8.895733333	557
8.9049	550
8.914233333	560
8.92365	565
8.932833333	551
8.94195	547
8.951333333	563
8.960783333	567
8.970216667	566
8.97975	572
8.989566667	589
8.999116667	573
9.008533333	565
9.018033333	570
9.027733333	582
9.03725	571
9.04665	564
9.056183333	572
9.065866667	581
9.07525	563
9.084533333	557
9.093716667	551
9.1032	569
9.11315	597
9.1233	609
9.13335	603
9.142916667	574
9.15285	596
9.1628	597
9.172733333	596
9.182266667	572
9.191683333	565
9.201	559
9.210416667	565
9.2195	545
9.22845	537
9.237316667	532
9.246133333	529
9.254816667	521
9.263416667	516
9.272116667	522
9.280983333	532
9.28975	526
9.298383333	518
9.307166667	527
9.316033333	532
9.324866667	530
9.333633333	526
9.342483333	531
9.3513	529
9.360066667	526
9.3688	524
9.37765	531
9.386616667	538
9.395566667	537
9.404483333	535
9.41335	532
9.422216667	532
9.431283333	544
9.440233333	537
9.4491	532
9.458066667	538
9.467	536
9.475816667	529
9.48455	524
9.493366667	529
9.502066667	522
9.510666667	516
9.51915	509
9.527683333	512
9.536133333	507
9.544466667	500
9.552783333	499
9.56105	496
9.56935	498
9.5775	489
9.585683333	491
9.593933333	495
9.602283333	501
9.610633333	501
9.618833333	492
9.6272	502
9.635666667	508
9.64405	503
9.652416667	502
9.660766667	501
9.669083333	499
9.677416667	500
9.68565	494
9.69385	492
9.701983333	488
9.710083333	486
9.71815	484
9.7262	483
9.734283333	485
9.742283333	480
9.750283333	480
9.758266667	479
9.766233333	478
9.774216667	479
9.782116667	474
9.790066667	477
9.79805	479
9.8061	483
9.814333333	494
9.822483333	489
9.830583333	486
9.8386	481
9.8466	480
9.854566667	478
9.86255	479
9.870583333	482
9.8786	481
9.886616667	481
9.894566667	477
9.9025	476
9.910383333	473
9.91835	478
9.926216667	472
9.934116667	474
9.942016667	474
9.9499	473
9.957833333	476
9.9657	472
9.973566667	472
9.981416667	471
9.989283333	472
9.997233333	477
10.00511667	473
10.01298333	472
10.02086667	473
10.02873333	472
10.03666667	476
10.04455	473
10.05241667	472
10.06025	470
10.06808333	470
10.07591667	470
10.0838	473
10.09161667	469
10.09946667	471
10.10725	467
10.11498333	464
10.12268333	462
10.13038333	462
10.13808333	462
10.14568333	456
10.15333333	459
10.16086667	452
10.16841667	453
10.17591667	450
10.18341667	450
10.19085	446
10.19833333	449
10.20576667	446
10.21318333	445
10.22063333	447
10.22806667	446
10.23555	449
10.24298333	446
10.25045	448
10.25795	450
10.26548333	452
10.27301667	452
10.28053333	451
10.28806667	452
10.29565	455
10.30316667	451
10.3107	452
10.31815	447
10.32561667	448
10.33308333	448
10.34053333	447
10.34795	445
10.35538333	446
10.36281667	446
10.3702	443
10.37765	447
10.38501667	442
10.39246667	447
10.3999	446
10.40726667	442
10.41465	443
10.42203333	443
10.4294	442
10.43678333	443
10.44413333	441
10.45148333	441
10.4589	445
10.46635	447
10.47373333	443
10.48111667	443
10.48846667	441
10.49585	443
10.51056667	0
10.51785	437
10.5252	441
10.53251667	439
10.53986667	441
10.54716667	438
10.55448333	439
10.56181667	440
10.56916667	441
10.5766	446
10.58391667	439
10.59126667	441
10.59873333	448
10.60633333	456
10.62128333	0
10.62876667	449
10.63625	449
10.64375	450
10.65126667	451
10.6588	452
10.66636667	454
10.67398333	457
10.68163333	459
10.6894	466
10.69715	465
10.70495	468
10.71276667	469
10.72053333	466
10.7283	466
10.73616667	472
10.74395	467
10.75181667	472
10.75961667	468
10.76746667	471
10.77518333	463
10.78291667	464
10.79063333	463
10.7984	466
10.80626667	472
10.81401667	465
10.8218	467
10.82965	471
10.8376	477
10.84548333	473
10.85333333	471
10.86123333	474
10.86915	475
10.87696667	469
10.88478333	469
10.89256667	467
10.90025	461
10.90785	456
10.91545	456
10.92306667	457
10.9306	452
10.93811667	451
10.9456	449
10.95305	447
10.96783333	0
10.97513333	438
10.98245	439
10.98976667	439
10.99705	437
11.00425	432
11.01148333	434
11.01868333	432
11.02586667	431
11.03298333	427
11.0401	427
11.04723333	428
11.05436667	428
11.06148333	427
11.06863333	429
11.07571667	425
11.08283333	427
11.09003333	432
11.09721667	431
11.10433333	427
11.11155	433
11.11871667	430
11.1259	431
11.13308333	431
11.14025	430
11.14745	432
11.15458333	428
11.16168333	426
11.16883333	429
11.17591667	425
11.18301667	426
11.1901	425
11.19713333	422
11.20423333	426
11.21125	421
11.2183	423
11.22536667	424
11.23248333	427
11.23951667	422
11.2466	425
11.25366667	424
11.26076667	426
11.26786667	426
11.27493333	424
11.28206667	428
11.28913333	424
11.29621667	425
11.30326667	423
11.31031667	423
11.31733333	421
11.32436667	422
11.33143333	424
11.33846667	422
11.3455	422
11.35251667	421
11.35955	422
11.36656667	421
11.37358333	421
11.38058333	420
11.38761667	422
11.39458333	418
11.4016	421
11.4086	420
11.41561667	421
11.4296	0
11.43661667	421
11.44361667	420
11.45065	422
11.45768333	422
11.46471667	422
11.47171667	420
11.47876667	423
11.48575	419
11.49276667	421
11.49976667	420
11.50675	419
11.51376667	421
11.52078333	421
11.52775	418
11.53473333	419
11.5417	418
11.54868333	419
11.55568333	420
11.56268333	420
11.56961667	416
11.57653333	415
11.58348333	417
11.59043333	417
11.59738333	417
11.60431667	416
11.61121667	414
11.61816667	417
11.62506667	414
11.632	416
11.6389	414
11.64578333	413
11.65271667	416
11.65956667	411
11.66645	413
11.67333333	413
11.68021667	413
11.68715	416
11.69401667	412
11.70095	416
11.70783333	413
11.71473333	414
11.72848333	0
11.73536667	413
11.74226667	414
11.74915	413
11.75601667	412
11.76288333	412
11.76973333	411
11.77665	415
11.78351667	412
11.79031667	408
11.79718333	412
11.80396667	407
11.81083333	412
11.81766667	410
11.82451667	411
11.83136667	411
11.83821667	411
11.84505	410
11.85193333	413
11.8588	412
11.86568333	413
11.87255	412
11.87945	414
11.88633333	413
11.89325	415
11.90016667	415
11.90706667	414
11.91401667	417
11.92095	416
11.92795	420
11.93491667	418
11.94188333	418
11.94888333	420
11.95583333	417
11.9628	418
11.96983333	422
11.97678333	417
11.98378333	420
11.99076667	419
11.99775	419
12.00471667	418
12.01166667	417
12.01861667	417
12.02556667	417
12.03255	419
12.03948333	416
12.04641667	416
12.05333333	415
12.0602	412
12.0671	414
12.07401667	415
12.0809	413
12.08776667	412
12.09463333	412
12.10153333	414
12.10841667	413
12.11521667	408
12.1221	413
12.1289	408
12.13576667	412
12.14263333	412
12.14948333	411
12.15638333	414
12.1632	409
12.1701	414
12.17695	411
12.18378333	410
12.19065	412
12.19748333	410
12.20433333	411
12.2112	412
12.21805	411
12.22488333	410
12.23175	412
12.24543333	0
12.25226667	410
12.25911667	411
12.26598333	412
12.27285	412
12.27966667	409
12.2865	410
12.29333333	410
12.30015	409
12.30693333	407
12.31373333	408
12.32048333	405
12.32725	406
12.33405	408
12.34083333	407
12.34758333	405
12.35433333	405
12.36108333	405
12.36788333	408
12.37461667	404
12.38138333	406
12.3881	403
12.39486667	406
12.40835	0
12.41506667	403
12.4218	404
12.42856667	406
12.43533333	406
12.4421	406
12.44885	405
12.45561667	406
12.4624	407
12.4759	0
12.48263333	404
12.48936667	404
12.49613333	406
12.5029	406
12.50971667	409
12.51653333	409
12.52335	409
12.5302	411
12.53696667	406
12.54373333	406
12.55048333	405
12.55726667	407
12.56403333	406
12.57076667	404
12.57753333	406
12.58426667	404
12.59101667	405
12.59781667	408
12.60448333	400
12.61121667	404
12.6179	401
12.62461667	403
12.63131667	402
12.63803333	403
12.64471667	401
12.65141667	402
12.6581	401
12.66483333	404
12.67153333	402
12.67825	403
12.68495	402
12.6917	405
12.6984	402
12.70516667	406
12.7119	404
12.71865	405
12.72543333	407
12.73221667	407
12.73906667	411
12.7458	404
12.75263333	410
12.75946667	410
12.76641667	417
12.77325	410
12.78015	414
12.78701667	412
12.79391667	414
12.80076667	411
12.80765	413
12.81453333	413
12.82141667	413
12.8283	413
12.83513333	410
12.84198333	411
12.84891667	416
12.85581667	414
12.86278333	418
12.86965	412
12.8766	417
12.88348333	413
12.89036667	413
12.8972	410
12.90403333	410
12.91085	409
12.91763333	407
12.92448333	411
12.93126667	407
12.93808333	409
12.94485	406
12.95161667	406
12.95836667	405
12.96513333	406
12.97186667	404
12.97863333	406
12.98533333	402
12.99205	403
12.99876667	403
13.0055	404
13.0122	402
13.01898333	407
13.02566667	401
13.03241667	405
13.03916667	405
13.04593333	406
13.05275	409
13.0595	405
13.06628333	407
13.07308333	408
13.07985	406
13.08665	408
13.09343333	407
13.10023333	408
13.10703333	408
13.11385	409
13.12076667	415
13.12761667	411
13.13441667	408
13.1413	413
13.14816667	412
13.155	410
13.16183333	410
13.16866667	410
13.1755	410
13.18235	411
13.1891	405
13.1959	408
13.20268333	407
13.20946667	407
13.21625	407
13.22303333	407
13.22975	403
13.23653333	407
13.24326667	404
13.25001667	405
13.25676667	405
13.2635	404
13.27023333	404
13.27698333	405
13.2837	403
13.29043333	404
13.29713333	402
13.30386667	404
13.31058333	403
13.31725	400
13.32393333	401
13.3306	400
13.3373	402
13.35065	0
13.35726667	397
13.36396667	402
13.37061667	399
13.37726667	399
13.38395	401
13.39056667	397
13.39728333	403
13.41056667	0
13.41723333	400
13.42386667	398
13.43055	401
13.4372	399
13.44388333	401
13.45051667	398
13.45721667	402
13.46386667	399
13.47718333	0
13.48383333	399
13.49046667	398
13.49713333	400
13.50376667	398
13.51036667	396
13.51701667	399
13.52361667	396
13.53023333	397
13.53681667	395
13.54335	392
13.54996667	397
13.5565	392
13.56315	399
13.56973333	395
13.5764	400
13.583	396
13.58966667	400
13.59628333	397
13.60305	406
13.6097	399
13.61645	405
13.62308333	398
13.62986667	407
13.6366	404
13.6434	408
13.65021667	409
13.65698333	406
13.6639	415
13.67071667	409
13.67755	410
13.68435	408
13.69121667	412
13.69798333	406
13.7048	409
13.71153333	404
13.71833333	408
13.72506667	404
13.73191667	411
13.73866667	405
13.74546667	408
13.75223333	406
13.75901667	407
13.76576667	405
13.7793	0
13.7861	408
13.79281667	403
13.7996	407
13.80636667	406
13.8131	404
13.81981667	403
13.82655	404
13.8333	405
13.83996667	400
13.84668333	403
13.85335	400
13.86008333	404
13.8668	403
13.87346667	400
13.88021667	405
13.8869	401
13.89366667	406
13.90031667	399
13.90708333	406
13.91376667	401
13.92051667	405
13.92721667	402
13.93395	404
13.94065	402
13.9474	405
13.95415	405
13.96093333	407
13.9677	406
13.97448333	407
13.98126667	407
13.98805	407
13.99481667	406
14.00156667	405
14.00835	407
14.01515	408
14.02188333	404
14.02863333	405
14.03535	403
14.04211667	406
14.04885	404
14.05558333	404
14.06231667	404
14.06906667	405
14.07583333	406
14.08255	403
14.08926667	403
14.096	404
14.10268333	401
14.1094	403
14.11608333	401
14.12283333	405
14.12951667	401
14.13625	404
14.14293333	401
14.14966667	404
14.15633333	400
14.16311667	407
14.16986667	405
14.17663333	406
14.18338333	405
14.19016667	407
14.19691667	405
14.20375	410
14.21051667	406
14.21731667	408
14.2241	407
14.23093333	410
14.23771667	407
14.24458333	412
14.25136667	407
14.2582	410
14.26495	405
14.2717	405
14.27841667	403
14.28513333	403
14.29185	403
14.29858333	404
14.30535	406
14.31205	402
14.3188	405
14.32551667	403
14.33226667	405
14.33898333	403
14.34568333	402
14.35238333	402
14.35915	406
14.36581667	400
14.37255	404
14.3792	399
14.38591667	403
14.39258333	400
14.39926667	401
14.40595	401
14.41273333	407
14.4194	400
14.42611667	403
14.43286667	405
14.43956667	402
14.44633333	406
14.45311667	407
14.45993333	409
14.46673333	408
14.47351667	407
14.48031667	408
14.48715	410
14.49395	408
14.50076667	409
14.50758333	409
14.51446667	413
14.52121667	405
14.52805	410
14.53483333	407
14.54163333	408
14.54838333	405
14.55516667	407
14.56198333	409
14.56871667	404
14.57553333	409
14.5823	406
14.5891	408
14.59588333	407
14.60268333	408
14.60946667	407
14.61625	407
14.62296667	403
14.62975	407
14.6365	405
14.64328333	407
14.6501	409
14.65688333	407
14.66375	412
14.67055	408
14.67746667	415
14.68428333	409
14.69118333	414
14.69803333	411
14.70488333	411
14.71175	412
14.7186	411
14.72546667	412
14.73236667	414
14.73931667	417
14.74618333	412
14.75315	418
14.76011667	418
14.76711667	420
14.77405	416
14.78103333	419
14.78796667	416
14.79495	419
14.80186667	415
14.80883333	418
14.81571667	413
14.82256667	411
14.82938333	409
14.83623333	411
14.84306667	410
14.84986667	408
14.85668333	409
14.86348333	408
14.8703	409
14.87706667	406
14.88388333	409
14.89065	406
14.89748333	410
14.90425	406
14.91103333	407
14.91788333	411
14.92463333	405
14.93151667	413
14.9383	407
14.94505	405
14.95185	408
14.95861667	406
14.96536667	405
14.97211667	405
14.9923	0
14.99891667	397
15.0056	401
15.01888333	0
15.03196667	0
15.0385	392
15.04501667	391
15.05156667	393
15.058	386
15.06456667	394
15.07095	383
15.0788	471
15.09018333	0
15.09648333	378
15.10286667	383
15.10928333	385
15.11575	388
15.12223333	389
15.12868333	387
15.13521667	392
15.1417	389
15.1483	396
15.15493333	398
15.1616	400
15.1682	396
15.1749	402
15.18161667	403
15.18835	404
15.19516667	409
15.20188333	403
15.20871667	410
15.2155	407
15.2223	408
15.22906667	406
15.2359	410
15.24265	405
15.24941667	406
15.25618333	406
15.26295	406
15.26973333	407
15.27646667	404
15.28321667	405
15.28993333	403
15.29666667	404
15.30338333	403
15.31006667	401
15.31676667	402
15.3234	398
15.33011667	403
15.33673333	397
15.34338333	399
15.34995	394
15.35656667	397
15.36315	395
15.36975	396
15.37631667	394
15.38293333	397
15.38946667	392
15.39608333	397
15.40265	394
15.40925	396
15.41586667	397
15.42241667	393
15.42901667	396
15.43558333	394
15.44213333	393
15.44871667	395
15.45525	392
15.46183333	395
15.46836667	392
15.47491667	393
15.48145	392
15.48796667	391
15.50096667	0
15.50738333	385
15.51385	388
15.52035	390
15.52686667	391
15.53333333	388
15.53985	391
15.54631667	388
15.55286667	393
15.55935	389
15.56588333	392
15.57243333	393
15.57896667	392
15.58555	395
15.59871667	0
15.60526667	393
15.61186667	396
15.61846667	396
15.62505	395
15.63173333	401
15.63831667	395
15.64498333	400
15.65163333	399
15.65831667	401
15.66491667	396
15.67161667	402
15.67825	398
15.68493333	401
15.69153333	396
15.69818333	399
15.70485	400
15.71143333	395
15.7181	400
15.7247	396
15.73133333	398
15.73793333	396
15.74455	397
15.75111667	394
15.75775	398
15.76435	396
15.77095	396
15.77751667	394
15.78413333	397
15.7907	394
15.79726667	394
15.80383333	394
15.8104	394
15.81698333	395
15.82351667	392
15.83008333	394
15.8366	391
15.84318333	395
15.84966667	389
15.85621667	393
15.86273333	391
15.86925	391
15.87576667	391
15.88228333	391
15.88876667	389
15.89528333	391
15.90176667	389
15.90823333	388
15.91473333	390
15.92125	391
15.92775	390
15.9343	393
15.94086667	394
15.94741667	393
15.95401667	396
15.96056667	393
15.96715	395
15.97371667	394
15.98025	392
15.98686667	397
15.99338333	391
16	397
16.00651667	391
16.01965	0
16.02625	396
16.03281667	394
16.03948333	400
16.0461	397
16.05275	399
16.0594	399
16.0661	402
16.07286667	406
16.07956667	402
16.08633333	406
16.09305	403
16.09986667	409
16.10663333	406
16.11348333	411
16.12026667	407
16.12713333	412
16.1339	406
16.14071667	409
16.14748333	406
16.15426667	407
16.16103333	406
16.16775	403
16.17448333	404
16.18118333	402
16.18796667	407
16.19465	401
16.20141667	406
16.20811667	402
16.21485	404
16.22161667	406
16.22835	404
16.24193333	0
16.24876667	410
16.2555	404
16.26231667	409
16.2691	407
16.27595	411
16.28276667	409
16.28961667	411
16.29645	410
16.30331667	412
16.31018333	412
16.317	409
16.32385	411
16.3307	411
16.3376	414
16.34441667	409
16.35135	416
16.35821667	412
16.36511667	414
16.37198333	412
16.37888333	414
16.38571667	410
16.39261667	414
16.39943333	409
16.40631667	413
16.41311667	408
16.41993333	409
16.42673333	408
16.43355	409
16.44035	408
16.44715	408
16.45391667	406
16.46075	410
16.46753333	407
16.47433333	408
16.48118333	411
16.48798333	408
16.49483333	411
16.50165	409
16.50846667	409
16.51536667	414
16.5222	410
16.52905	411
16.53585	408
16.54263333	407
16.54938333	405
16.55615	406
16.56293333	407
16.56971667	407
16.57645	404
16.58318333	404
16.58993333	405
16.59661667	401
16.60336667	405
16.61003333	400
16.61678333	405
16.62348333	402
16.63023333	405
16.63698333	405
16.64366667	401
16.6504	404
16.65711667	403
16.66383333	403
16.6706	406
16.67733333	404
16.68408333	405
16.6908	403
16.69753333	404
16.7043	406
16.711	402
16.71773333	404
16.72443333	402
16.73118333	405
16.74461667	0
16.75136667	405
16.75811667	405
16.7649	407
16.77168333	407
16.78525	0
16.79206667	409
16.79885	407
16.80568333	410
16.81246667	407
16.8193	410
16.82605	405
16.83288333	410
16.83963333	405
16.84646667	410
16.85318333	403
16.85998333	408
16.86668333	402
16.87341667	404
16.8801	401
16.88683333	404
16.89348333	399
16.90018333	402
16.90685	400
16.91348333	398
16.92011667	398
16.92678333	400
16.93336667	395
16.93995	395
16.94655	396
16.95311667	394
16.95966667	393
16.96623333	394
16.97275	391
16.97928333	392
16.98581667	392
16.99235	392
16.99888333	392
17.00545	394
17.012	393
17.0186	396
17.02518333	395
17.03178333	396
17.03836667	395
17.04501667	399
17.05166667	399
17.05845	407
17.06516667	403
17.07195	407
17.07878333	410
17.08566667	413
17.09253333	412
17.09946667	416
17.10638333	415
17.11335	418
17.12026667	415
17.1272	416
17.13415	417
17.14108333	416
17.1481	421
17.16218333	0
17.1692	421
17.17623333	422
17.18328333	423
17.19735	0
17.20426667	415
17.21128333	421
17.2182	415
17.22521667	421
17.2321	413
17.23903333	416
17.24591667	413
17.2528	413
17.25963333	410
17.26646667	410
17.27333333	412
17.2802	412
17.28716667	418
17.29405	413
17.3011	423
17.30803333	416
17.31501667	419
17.32201667	420
17.32895	416
17.3359	417
17.34285	417
17.34991667	424
17.35686667	417
17.36395	425
17.3709	417
17.37798333	425
17.38508333	426
17.3921	421
17.39913333	422
17.40635	433
17.41363333	437
17.42098333	441
17.42821667	434
17.43546667	435
17.44286667	444
17.45028333	445
17.45761667	440
17.46493333	439
17.47243333	450
17.47998333	453
17.4876	457
17.49506667	448
17.50253333	448
17.51016667	458
17.51775	455
17.52525	450
17.53265	444
17.54003333	443
17.54746667	446
17.55493333	448
17.56241667	449
17.56976667	441
17.57733333	454
17.58501667	461
17.59278333	466
17.60031667	452
17.60793333	457
17.61581667	473
17.62386667	483
17.63186667	480
17.63961667	465
17.64753333	475
17.65571667	491
17.66383333	487
17.6718	478
17.67965	471
17.68776667	487
17.69596667	492
17.70416667	492
17.71208333	475
17.71998333	474
17.7282	493
17.73636667	490
17.74441667	483
17.75231667	474
17.76041667	486
17.76856667	489
17.77658333	481
17.78445	472
17.79245	480
17.80048333	482
17.8085	481
17.81641667	475
17.82421667	468
17.8322	479
17.84008333	473
17.848	475
17.85575	465
17.86376667	481
17.87191667	489
17.87983333	475
17.88771667	473
17.89571667	480
17.9035	467
17.9112	462
17.9189	462
17.92655	459
17.9343	465
17.94225	477
17.95026667	481
17.958	464
17.96591667	475
17.97388333	478
17.98185	478
17.98968333	470
17.9977	481
18.00571667	481
18.01373333	481
18.02161667	473
18.0296	479
18.03771667	487
18.04593333	493
18.05408333	489
18.06206667	479
18.07031667	495
18.07873333	505
18.08733333	516
18.09583333	510
18.10403333	492
18.11261667	515
18.12113333	511
18.12956667	506
18.13778333	493
18.1461	499
18.15455	507
18.16296667	505
18.17116667	492
18.17931667	489
18.18773333	505
18.19611667	503
18.20453333	505
18.21276667	494
18.22095	491
18.2294	507
18.23776667	502
18.24611667	501
18.25425	488
18.26238333	488
18.27075	502
18.27913333	503
18.28735	493
18.29543333	485
18.30381667	503
18.31213333	499
18.32033333	492
18.32838333	483
18.3367	499
18.34513333	506
18.35358333	507
18.3618	493
18.37013333	500
18.37865	511
18.3872	513
18.39551667	499
18.4038	497
18.41248333	521
18.42126667	527
18.43011667	531
18.43885	524
18.44733333	509
18.45583333	510
18.46438333	513
18.47308333	522
18.48355	628
18.49326667	583
18.50263333	562
18.51186667	554
18.52073333	532
18.52948333	525
18.53825	526
18.54718333	536
18.55573333	513
18.5642	508
18.5728	516
18.58138333	515
18.5899	511
18.59828333	503
18.60693333	519
18.61561667	521
18.62431667	522
18.63281667	510
18.64126667	507
18.64991667	519
18.65866667	525
18.66731667	519
18.67583333	511
18.68435	511
18.693	519
18.70165	519
18.71026667	517
18.71873333	508
18.72721667	509
18.73588333	520
18.74446667	515
18.75306667	516
18.76151667	507
18.7699	503
18.77846667	514
18.78715	521
18.79586667	523
18.80436667	510
18.81298333	517
18.82181667	530
18.83058333	526
18.83911667	512
18.84798333	532
18.85681667	530
18.86551667	522
18.87405	512
18.88275	522
18.89146667	523
18.90013333	520
18.9086	508
18.9173	522
18.92606667	526
18.93491667	531
18.94363333	523
18.95216667	512
18.96073333	514
18.96938333	519
18.97791667	512
18.98628333	502
18.99485	514
19.00321667	502
19.01153333	499
19.01981667	497
19.02808333	496
19.03621667	488
19.0444	491
19.05265	495
19.06086667	493
19.06898333	487
19.07711667	488
19.08535	494
19.09366667	499
19.102	500
19.1103	498
19.1189	516
19.1277	528
19.13626667	514
19.1448	512
19.15348333	521
19.16223333	525
19.17098333	525
19.17948333	510
19.18806667	515
19.1968	524
19.2055	522
19.21405	513
19.22266667	517
19.23141667	525
19.24021667	528
19.24888333	520
19.25751667	518
19.26628333	526
19.27503333	525
19.28368333	519
19.29225	514
19.30088333	518
19.30955	520
19.31816667	517
19.32676667	516
19.33521667	507
19.34376667	513
19.35238333	517
19.36101667	518
19.3695	509
19.37805	513
19.38668333	518
19.3953	517
19.40383333	512
19.41235	511
19.42093333	515
19.42953333	516
19.43808333	513
19.44655	508
19.45516667	517
19.46381667	519
19.47241667	516
19.48095	512
19.48973333	527
19.49846667	524
19.5072	524
19.5158	516
19.52445	519
19.53308333	518
19.54166667	515
19.55018333	511
19.55881667	518
19.5674	515
19.57591667	511
19.58431667	504
19.59283333	511
19.60133333	510
19.60985	511
19.6185	519
19.62716667	520
19.63595	527
19.64478333	530
19.65375	538
19.66261667	532
19.67146667	531
19.68063333	550
19.68965	541
19.69865	540
19.70766667	541
19.71678333	547
19.72585	544
19.73485	540
19.74393333	545
19.75308333	549
19.76228333	552
19.77136667	545
19.78031667	537
19.78918333	532
19.79801667	530
19.8069	533
19.81618333	557
19.8255	559
19.83478333	557
19.84403333	555
19.85308333	543
19.86208333	540
19.87115	544
19.88003333	533
19.88891667	533
19.89783333	535
19.90673333	534
19.9155	526
19.92446667	538
19.93353333	544
19.94265	547
19.95175	546
19.96091667	550
19.97	545
19.9789	534
19.98765	525
19.99626667	517
20.00478333	511
20.01313333	501
20.0214	496
20.0296	492
20.03776667	490
20.046	494
20.05436667	502
20.06261667	495
20.0709	497
20.07943333	512
20.08805	517
20.09663333	515
20.10511667	509
20.11378333	520
20.12258333	528
20.13155	538
20.1405	537
20.14946667	538
20.15823333	526
20.16693333	522
20.17566667	524
20.18443333	526
20.19326667	530
20.20196667	522
20.21068333	523
20.21946667	527
20.22823333	526
20.23711667	533
20.2459	527
20.25473333	530
20.26355	529
20.27225	522
20.28083333	515
20.28953333	522
20.29823333	522
20.30678333	513
20.31526667	509
20.32376667	510
20.33246667	522
20.34123333	526
20.34986667	518
20.35845	515
20.36725	528
20.37625	540
20.38543333	551
20.39455	547
20.40351667	538
20.41266667	549
20.42185	551
20.43095	546
20.44001667	544
20.44893333	535
20.45795	541
20.46701667	544
20.476	539
20.48491667	535
20.4937	527
20.5026	534
20.51153333	536
20.5204	532
20.52913333	524
20.53793333	528
20.54688333	537
20.55575	532
20.5645	525
20.57346667	538
20.58256667	546
20.5916	542
20.60053333	536
20.60958333	543
20.61873333	549
20.62781667	545
20.63678333	538
20.64578333	540
20.65481667	542
20.66366667	531
20.67236667	522
20.68115	527
20.68993333	527
20.69865	523
20.70725	516
20.71593333	521
20.72473333	528
20.73343333	522
20.74206667	518
20.75083333	526
20.75996667	548
20.76916667	552
20.7782	542
20.78726667	544
20.79641667	549
20.80563333	553
20.81468333	543
20.82363333	537
20.83265	541
20.8417	543
20.85073333	542
20.85956667	530
20.86835	527
20.87715	528
20.88606667	535
20.89511667	543
20.90421667	546
20.91318333	538
20.9221	535
20.93113333	542
20.94028333	549
20.94935	544
20.95833333	539
20.96741667	545
20.97656667	549
20.9857	548
20.99478333	545
21.00398333	552
21.01326667	557
21.02253333	556
21.03156667	542
21.0407	548
21.04991667	553
21.05921667	558
21.06846667	555
21.07756667	546
21.08671667	549
21.0959	551
21.1051	552
21.11428333	551
21.12336667	545
21.13246667	546
21.14163333	550
21.15086667	554
21.16005	551
21.1691	543
21.17833333	554
21.18761667	557
21.19666667	543
21.20558333	535
21.21475	550
21.22401667	556
21.23316667	549
21.2422	542
21.25138333	551
21.26068333	558
21.27	559
21.27911667	547
21.28821667	546
21.2975	557
21.307	570
21.31655	573
21.32591667	562
21.33516667	555
21.34453333	562
21.35393333	564
21.36338333	567
21.37263333	555
21.38181667	551
21.39105	554
21.4004	561
21.40971667	559
21.4189	551
21.42795	543
21.43715	552
21.4464	555
21.45548333	545
21.46448333	540
21.47355	544
21.4829	561
21.49213333	554
21.50128333	549
21.51036667	545
21.51958333	553
21.52921667	578
21.53836667	549
21.5474	542
21.55631667	535
21.56506667	525
21.5737	518
21.5823	516
21.591	522
21.59983333	530
21.60878333	537
21.61795	550
21.62696667	541
21.6358	530
21.64468333	533
21.65358333	534
21.66248333	534
21.67141667	536
21.68023333	529
21.68903333	528
21.69771667	521
21.70636667	519
21.71515	527
21.72398333	530
21.73271667	524
21.74133333	517
21.75006667	524
21.759	536
21.76811667	547
21.77746667	561
21.78666667	552
21.79571667	543
21.80471667	540
21.81381667	546
21.823	551
21.83223333	554
21.84148333	555
21.85055	544
21.85958333	542
21.8687	547
21.87786667	550
21.88706667	552
21.89613333	544
21.90511667	539
21.91395	530
21.9228	531
21.93171667	535
21.94058333	532
21.9495	535
21.95825	525
21.96716667	535
21.97628333	547
21.98563333	561
21.9951	568
22.00436667	556
22.01358333	553
22.02303333	567
22.03256667	572
22.04213333	574
22.05166667	572
22.06108333	565
22.07038333	558
22.07991667	572
22.08951667	576
22.099	569
22.10833333	560
22.11748333	549
22.12668333	552
22.13595	556
22.14521667	556
22.15445	554
22.16358333	548
22.17276667	551
22.18211667	561
22.1916	569
22.20111667	571
22.21051667	564
22.21983333	559
22.22933333	570
22.23878333	567
22.2483	571
22.25761667	559
22.26688333	556
22.27633333	567
22.28571667	563
22.29515	566
22.30433333	551
22.31351667	551
22.32276667	555
22.3319	548
22.34093333	542
22.34986667	536
22.35888333	541
22.36791667	542
22.37686667	537
22.38573333	532
22.39471667	539
22.40376667	543
22.41313333	562
22.4225	562
22.4319	564
22.4413	564
22.45091667	577
22.46031667	564
22.4697	563
22.47888333	551
22.48801667	548
22.49725	554
22.50653333	557
22.51581667	557
22.52493333	547
22.53411667	551
22.5434	557
22.55276667	562
22.56213333	562
22.57148333	561
22.58106667	575
22.5909	590
22.60055	579
22.60998333	566
22.61963333	579
22.62931667	581
22.63898333	580
22.6486	577
22.65803333	566
22.66726667	554
22.67661667	561
22.68596667	561
22.69531667	561
22.70441667	546
22.71341667	540
22.72248333	544
22.73153333	543
22.74038333	531
22.74918333	528
22.75818333	540
22.76726667	545
22.77621667	537
22.78505	530
22.79425	552
22.80368333	566
22.81326667	575
22.82308333	589
22.83268333	576
22.8421	565
22.85165	573
22.86103333	563
22.87026667	554
22.87925	539
22.88816667	535
22.89698333	529
22.90576667	527
22.91558333	589
22.92493333	561
22.93411667	551
22.94315	542
22.95206667	535
22.96115	545
22.97053333	563
22.98006667	572
22.98976667	582
22.99978333	601
23.00968333	594
23.01956667	593
23.02965	605
23.03926667	577
23.04856667	558
23.05775	551
23.06685	546
23.07581667	538
23.08466667	531
23.09336667	522
23.1019	512
23.11035	507
23.11876667	505
23.12723333	508
23.13055	0
23.13555	0
23.14388333	500
23.14593333	0
23.15061667	0
23.16063333	601
23.16883333	492
23.17773333	534
23.18533333	456
23.1936	496
23.20195	501
23.21026667	499
23.21868333	505
23.22726667	515
23.236	524
23.24495	537
23.25395	540
23.26283333	533
23.27175	535
23.28066667	535
23.28976667	546
23.2992	566
23.30876667	574
23.31841667	579
23.32778333	562
23.33696667	551
23.34621667	555
23.35558333	562
23.36508333	570
23.37453333	567
23.38371667	551
23.39285	548
23.40218333	560
23.41183333	579
23.42185	601
23.43166667	589
23.44116667	570
23.4508	578
23.46055	585
23.47028333	584
23.47991667	578
23.4895	575
23.49913333	578
23.50878333	579
23.51825	568
23.52771667	568
23.53741667	582
23.54706667	579
23.55703333	598
23.56696667	596
23.57673333	586
23.58681667	605
23.5972	623
23.60748333	617
23.61768333	612
23.62763333	597
23.6375	592
23.64738333	593
23.65731667	596
23.66718333	592
23.67693333	585
23.68635	565
23.69581667	568
23.70531667	570
23.7149	575
23.72438333	569
23.73435	598
23.74436667	601
23.75401667	579
23.76361667	576
23.77348333	592
23.7831	577
23.79245	561
23.8016	549
23.81063333	542
23.81953333	534
23.82843333	534
23.8375	544
23.84665	549
23.8559	555
23.86505	549
23.87413333	545
23.88333333	552
23.89256667	554
23.90175	551
23.91075	540
23.91968333	536
23.92885	550
23.9383	567
23.94841667	607
23.95861667	612
23.96851667	594
23.97855	602
23.98908333	632
23.99968333	636
24.01056667	653
24.02115	635
24.03193333	647
24.0425	634
24.0529	624
24.0629	600
24.07273333	590
24.0826	592
24.09246667	592
24.10251667	603
24.11258333	604
24.12248333	594
24.13233333	591
24.14241667	605
24.15268333	616
24.16291667	614
24.17281667	594
24.18243333	577
24.19228333	591
24.2024	607
24.21271667	619
24.22315	626
24.23323333	605
24.2434	610
24.25388333	629
24.26476667	653
24.27603333	676
24.28776667	704
24.29931667	693
24.3103	659
24.32066667	622
24.33101667	621
24.34133333	619
24.35155	613
24.36146667	595
24.3711	578
24.38096667	592
24.39113333	610
24.4018	640
24.41255	645
24.42301667	628
24.43325	614
24.4441	651
24.455	654
24.46621667	673
24.47716667	657
24.48763333	628
24.49813333	630
24.50868333	633
24.51931667	638
24.52991667	636
24.53998333	604
24.54978333	588
24.55955	586
24.56936667	589
24.57923333	592
24.58898333	585
24.59848333	570
24.6083	589
24.61836667	604
24.62846667	606
24.63855	605
24.64836667	589
24.6586	614
24.66891667	619
24.67906667	609
24.68923333	610
24.69981667	635
24.71043333	637
24.72098333	633
24.73118333	612
24.741	589
24.75095	597
24.761	603
24.77125	615
24.7815	615
24.79145	597
24.80131667	592
24.81138333	604
24.82138333	600
24.83133333	597
24.84096667	578
24.85058333	577
24.86035	586
24.87023333	593
24.8801	592
24.88981667	583
24.89935	572
24.909	579
24.91873333	584
24.92833333	576
24.93773333	564
24.94738333	579
24.95733333	597
24.96736667	602
24.97733333	598
24.9873	598
24.99756667	616
25.00771667	609
25.01775	602
25.0276	591
25.03778333	611
25.04828333	630
25.05866667	623
25.06866667	600
25.07873333	604
25.08886667	608
25.09915	617
25.10911667	598
25.1189	587
25.12873333	590
25.13868333	597
25.14871667	602
25.15875	602
25.1688	603
25.17853333	584
25.18838333	591
25.19828333	594
25.2085	613
25.21896667	628
25.2292	614
25.2392	600
25.2493	606
25.25936667	604
25.26963333	616
25.27976667	608
25.28955	587
25.29921667	580
25.30903333	589
25.31895	595
25.32906667	607
25.33888333	589
25.34851667	578
25.35826667	585
25.3682	596
25.37848333	617
25.38875	616
25.39876667	601
25.4086	590
25.42865	0
25.43825	576
25.44793333	581
25.4575	574
25.46678333	557
25.47615	562
25.48545	558
25.49453333	545
25.50355	541
25.51266667	547
25.5218	548
25.5309	546
25.54	546
25.54903333	542
25.55828333	555
25.56753333	555
25.57688333	561
25.58611667	554
25.59533333	553
25.60468333	561
25.61418333	570
25.62356667	563
25.63285	557
25.6423	567
25.65196667	580
25.66185	593
25.67143333	575
25.68098333	573
25.69085	592
25.70083333	599
25.71093333	606
25.7207	586
25.7307	600
25.74083333	608
25.75098333	609
25.76085	592
25.77055	582
25.78038333	590
25.79021667	590
25.7999	581
25.80943333	572
25.81913333	582
25.82896667	590
25.83883333	592
25.84833333	570
25.85788333	573
25.86763333	585
25.8777	604
25.8875	588
25.89728333	587
25.90738333	606
25.91786667	629
25.92811667	615
25.93801667	594
25.94796667	597
25.95813333	610
25.96818333	603
25.97808333	594
25.98791667	590
25.99786667	597
26.00801667	609
26.018	599
26.0278	588
26.03776667	598
26.04796667	612
26.05835	623
26.06876667	625
26.07898333	613
26.08971667	644
26.10043333	643
26.11108333	639
26.12136667	617
26.13153333	610
26.14181667	617
26.15205	614
26.16225	612
26.17211667	592
26.18196667	591
26.1919	596
26.2019	600
26.21171667	589
26.2214	581
26.23126667	592
26.24123333	598
26.25126667	602
26.26108333	589
26.27123333	609
26.28135	607
26.29136667	601
26.30123333	592
26.31111667	593
26.321	593
26.3308	588
26.34058333	587
26.35021667	578
26.35998333	586
26.36998333	600
26.38018333	612
26.39026667	605
26.4003	602
26.4107	624
26.42113333	626
26.43138333	615
26.44138333	600
26.45128333	594
26.4612	595
26.4711	594
26.48085	585
26.49063333	587
26.50065	601
26.5109	615
26.52098333	605
26.531	601
26.54121667	613
26.55165	626
26.56186667	613
26.57215	617
26.5825	621
26.59283333	620
26.60288333	603
26.61291667	602
26.62303333	607
26.63315	607
26.64325	606
26.6533	603
26.66345	609
26.67405	636
26.6843	615
26.69425	597
26.7041	591
26.71398333	593
26.72378333	588
26.73356667	587
26.74306667	570
26.75286667	588
26.76296667	606
26.77293333	598
26.78285	595
26.79296667	607
26.80335	623
26.8135	609
26.8234	594
26.8331	582
26.84283333	584
26.85221667	563
26.8617	569
26.87146667	586
26.88121667	585
26.89086667	579
26.90075	593
26.91093333	611
26.92108333	609
26.93091667	590
26.9407	587
26.95058333	593
26.96058333	600
26.97058333	600
26.98025	580
26.9897	567
26.99936667	580
27.00936667	600
27.01943333	604
27.02955	607
27.0393	585
27.04933333	602
27.05933333	600
27.06938333	603
27.07906667	581
27.08885	587
27.099	609
27.10931667	619
27.11956667	615
27.12956667	600
27.1394	590
27.14921667	589
27.15921667	600
27.16936667	609
27.17921667	591
27.18881667	576
27.1986	587
27.20855	597
27.21856667	601
27.22828333	583
27.23796667	581
27.24786667	594
27.25818333	619
27.26855	622
27.27881667	616
27.28876667	597
27.29878333	601
27.3091	619
27.31948333	623
27.32966667	611
27.33953333	592
27.34926667	584
27.35895	581
27.36856667	577
27.37798333	565
27.3875	571
27.39723333	584
27.40716667	596
27.41688333	583
27.4266	583
27.43635	585
27.446	579
27.4556	576
27.46525	579
27.47521667	598
27.48566667	627
27.49595	617
27.50586667	595
27.51573333	592
27.52553333	588
27.53545	595
27.5451	579
27.55478333	581
27.56446667	581
27.57418333	583
27.58385	580
27.5934	573
27.60296667	574
27.6128	590
27.62265	591
27.63251667	592
27.64211667	576
27.65151667	564
27.66111667	576
27.67078333	580
27.68023333	567
27.68953333	558
27.69883333	558
27.70825	565
27.71765	564
27.72706667	565
27.73628333	553
27.74566667	563
27.75505	563
27.76448333	566
27.77391667	566
27.78326667	561
27.79321667	597
27.80321667	600
27.81365	626
27.82383333	611
27.83375	595
27.84385	606
27.85426667	625
27.86461667	621
27.87473333	607
27.88465	595
27.89443333	587
27.9042	586
27.91413333	596
27.9245	622
27.93523333	644
27.94563333	624
27.95578333	609
27.96603333	615
27.9763	616
27.98663333	620
27.99673333	606
28.0067	598
28.01688333	611
28.02676667	593
28.03646667	582
28.04623333	586
28.05598333	585
28.0657	583
28.07558333	593
28.08528333	582
28.09483333	573
28.10431667	569
28.11401667	582
28.12366667	579
28.13326667	576
28.14286667	576
28.15283333	598
28.1629	604
28.17288333	599
28.18263333	585
28.19223333	576
28.20195	583
28.2119	597
28.22156667	580
28.23123333	580
28.24125	601
28.25153333	617
28.2624	652
28.27338333	659
28.28436667	659
28.29533333	658
28.30636667	662
28.3171	644
28.32731667	613
28.33721667	594
28.34698333	586
28.35656667	575
28.36591667	561
28.37343333	451
28.38215	523
28.38423333	0
28.39321667	539
28.40198333	526
28.4107	523
28.41931667	517
28.42785	512
28.43636667	511
28.44481667	507
28.46203333	0
28.4714	562
28.47966667	496
28.49071667	663
28.50141667	642
28.51268333	676
28.52338333	642
28.53383333	627
28.54383333	600
28.55376667	596
28.56345	581
28.57333333	593
28.58315	589
28.59286667	583
28.6026	584
28.61241667	589
28.62195	572
28.63143333	569
28.64116667	584
28.6514	614
28.66148333	605
28.67146667	599
28.68166667	612
28.69178333	607
28.70166667	593
28.7117	602
28.72186667	610
28.73175	593
28.74151667	586
28.7512	581
28.76111667	595
28.77111667	600
28.78083333	583
28.79065	589
28.80083333	611
28.81123333	624
28.82131667	605
28.83126667	597
28.84163333	622
28.8521	628
28.86231667	613
28.87236667	603
28.8826	614
28.89296667	622
28.90291667	597
28.9129	599
28.92305	609
28.93321667	610
28.943	587
28.9527	582
28.96245	585
28.97228333	590
28.98188333	576
28.99135	568
29.0013	597
29.01141667	607
29.02151667	606
29.03136667	591
29.04133333	598
29.0515	610
29.06171667	613
29.0716	593
29.08136667	586
29.09136667	600
29.1014	602
29.11108333	581
29.12078333	582
29.13048333	582
29.14003333	573
29.14916667	548
29.1623	0
29.16748333	0
29.17665	550
29.1866	597
29.18858333	0
29.19226667	0
29.19911667	0
29.20335	0
29.20388333	0
29.21513333	675
29.22035	0
29.23781667	0
29.24318333	0
29.24651667	0
29.26175	0
29.26318333	0
29.26706667	0
