0.009533333	572
0.019183333	579
0.028766667	575
0.0387	596
0.049083333	623
0.059083333	600
0.068783333	582
0.078666667	593
0.088883333	613
0.098916667	602
0.108733333	589
0.118433333	582
0.127716667	557
0.1371	563
0.146416667	559
0.1556	551
0.16495	561
0.1747	585
0.184483333	587
0.194116667	578
0.203783333	580
0.213516667	584
0.223266667	585
0.2328	572
0.242483333	581
0.2526	607
0.262533333	596
0.272416667	593
0.28285	626
0.293566667	643
0.303716667	609
0.3139	611
0.324566667	640
0.33505	629
0.34505	600
0.355033333	599
0.365433333	624
0.375233333	588
0.385016667	587
0.3955	629
0.406483333	659
0.416766667	617
0.4273	632
0.43825	657
0.448583333	620
0.45895	622
0.470033333	665
0.48065	637
0.4911	627
0.501866667	646
0.512616667	645
0.5227	605
0.533083333	623
0.54375	640
0.554283333	632
0.564233333	597
0.574316667	605
0.585033333	643
0.595383333	621
0.6054	601
0.6155	606
0.625633333	608
0.635933333	618
0.646033333	606
0.656416667	623
0.667366667	657
0.677983333	637
0.688833333	651
0.699716667	653
0.7101	623
0.720283333	611
0.7307	625
0.740983333	617
0.750866667	593
0.755383333	0
0.76065	0
0.770516667	592
0.780716667	612
0.791466667	645
0.801683333	613
0.811666667	599
0.822083333	625
0.832933333	651
0.843016667	605
0.852983333	598
0.863066667	605
0.873283333	613
0.883233333	597
0.893383333	609
0.903683333	618
0.913816667	608
0.9236	587
0.933366667	586
0.943433333	604
0.9538	622
0.963866667	604
0.973516667	579
0.983016667	570
0.9924	563
1.001666667	556
1.010966667	558
1.0205	572
1.03045	597
1.040316667	592
1.050416667	606
1.061016667	636
1.07175	644
1.082066667	619
1.0925	626
1.103616667	667
1.114166667	633
1.1244	614
1.135333333	656
1.14725	715
1.159383333	728
1.170866667	689
1.182966667	726
1.194433333	688
1.20515	643
1.215616667	628
1.22665	662
1.238666667	721
1.250883333	733
1.263033333	729
1.275183333	729
1.288166667	779
1.30065	749
1.312683333	722
1.3252	751
1.3378	756
1.3497	714
1.361566667	712
1.373916667	741
1.386633333	763
1.398933333	738
1.410716667	707
1.422383333	700
1.433083333	642
1.443716667	638
1.454566667	651
1.464866667	618
1.4752	620
1.485866667	640
1.496933333	664
1.507816667	653
1.519866667	723
1.533533333	820
1.547016667	809
1.559416667	744
1.572	755
1.5843	738
1.5963	720
1.607533333	674
1.6191	694
1.631916667	769
1.644716667	768
1.656583333	712
1.668716667	728
1.68165	776
1.6951	807
1.70735	735
1.72025	774
1.733616667	802
1.7464	767
1.758133333	704
1.770566667	746
1.7839	800
1.797366667	808
1.810333333	778
1.823366667	782
1.836	758
1.84815	729
1.8607	753
1.874016667	799
1.88625	734
1.897816667	694
1.908916667	666
1.91975	650
1.932283333	752
1.945966667	821
1.958916667	777
1.972166667	795
1.98565	809
1.99835	762
2.011616667	796
2.02525	818
2.03885	816
2.052383333	812
2.065066667	761
2.078316667	795
2.091716667	804
2.104266667	753
2.11705	767
2.129866667	769
2.142216667	741
2.153866667	699
2.156483333	0
2.164833333	0
2.170516667	0
2.1759	0
2.1879	720
2.20025	741
2.211883333	698
2.223983333	726
2.236016667	722
2.2474	683
2.25885	687
2.270816667	718
2.2822	683
2.29305	651
2.304116667	664
2.315983333	712
2.3283	739
2.339783333	689
2.352283333	750
2.365666667	803
2.378016667	741
2.389683333	700
2.401283333	696
2.41365	742
2.426583333	776
2.438333333	705
2.4502	712
2.462866667	760
2.474633333	706
2.486066667	686
2.497683333	697
2.5093	697
2.520366667	664
2.531283333	655
2.542866667	695
2.554616667	705
2.565716667	666
2.577183333	688
2.589083333	714
2.60075	700
2.612183333	686
2.623883333	702
2.63565	706
2.647766667	727
2.659316667	693
2.670766667	687
2.682583333	709
2.694433333	711
2.7054	658
2.71625	651
2.72725	660
2.73855	678
2.7498	675
2.761566667	706
2.773566667	720
2.785416667	711
2.79705	698
2.809383333	740
2.822483333	786
2.8355	781
2.8478	738
2.860516667	763
2.872666667	729
2.884383333	703
2.895833333	687
2.907633333	708
2.919383333	705
2.930483333	666
2.9416	667
2.953666667	724
2.965533333	712
2.97715	697
2.989016667	712
3.00085	710
3.0126	705
3.023483333	653
3.034333333	651
3.0458	688
3.0577	714
3.068933333	674
3.08055	697
3.092383333	710
3.10385	688
3.115283333	686
3.126916667	698
3.138033333	667
3.14895	655
3.159966667	661
3.170566667	636
3.180833333	616
3.191416667	635
3.202	635
3.212166667	610
3.222166667	600
3.231916667	585
3.2415	575
3.251283333	587
3.261066667	587
3.270733333	580
3.280616667	593
3.290716667	606
3.300933333	613
3.310966667	602
3.321283333	619
3.332183333	654
3.343833333	699
3.355616667	707
3.366683333	664
3.377783333	666
3.389433333	699
3.401716667	737
3.41385	728
3.425233333	683
3.4373	724
3.450316667	781
3.46375	806
3.476133333	743
3.4881	718
3.499983333	713
3.512066667	725
3.523383333	679
3.53415	646
3.545033333	653
3.556383333	681
3.567616667	674
3.578466667	651
3.589766667	678
3.6018	722
3.61365	711
3.625416667	706
3.6373	713
3.648483333	671
3.65925	646
3.67025	660
3.681516667	676
3.692616667	666
3.703583333	658
3.715	685
3.72755	753
3.740133333	755
3.751933333	708
3.7636	700
3.775883333	737
3.788166667	737
3.800316667	729
3.811416667	666
3.8224	659
3.833383333	659
3.844066667	641
3.85435	617
3.864733333	623
3.875516667	647
3.886783333	676
3.898033333	675
3.909033333	660
3.920516667	689
3.9325	719
3.943666667	670
3.954833333	670
3.966216667	683
3.977333333	667
3.987833333	630
3.99875	655
4.010416667	700
4.022166667	705
4.03355	683
4.045516667	718
4.057833333	739
4.068983333	669
4.080433333	687
4.092666667	734
4.104033333	682
4.11535	679
4.126533333	671
4.137316667	647
4.1477	623
4.1585	648
4.170233333	704
4.1825	736
4.19385	681
4.205516667	700
4.217683333	730
4.229683333	720
4.240883333	672
4.25235	688
4.2643	717
4.2765	732
4.288	690
4.29955	693
4.310966667	685
4.321866667	654
4.332766667	654
4.344466667	702
4.356516667	723
4.368216667	702
4.38045	734
4.39375	798
4.406116667	742
4.417533333	685
4.429283333	705
4.441383333	726
4.453316667	716
4.464433333	667
4.476	694
4.488766667	766
4.502133333	802
4.515116667	779
4.528433333	799
4.541683333	795
4.554433333	765
4.565883333	687
4.57715	676
4.589516667	742
4.6022	761
4.613583333	683
4.62535	706
4.637933333	755
4.650666667	764
4.662533333	712
4.675016667	749
4.68855	812
4.70185	798
4.714383333	752
4.727366667	779
4.740483333	787
4.75275	736
4.765383333	758
4.777833333	747
4.789716667	713
4.801266667	693
4.8132	716
4.824666667	688
4.8358	668
4.84725	687
4.858816667	694
4.86995	668
4.881683333	704
4.8946	775
4.9069	738
4.91935	747
4.9322	771
4.944216667	721
4.956516667	738
4.968933333	745
4.98165	763
4.993916667	736
5.0066	761
5.019166667	754
5.031133333	718
5.042633333	690
5.054333333	702
5.06545	667
5.076283333	650
5.087933333	699
5.099833333	714
5.1113	688
5.12235	663
5.134083333	704
5.146366667	737
5.157716667	681
5.169333333	697
5.181316667	719
5.193566667	735
5.205066667	690
5.2165	686
5.228966667	748
5.2416	758
5.2535	714
5.2652	702
5.277316667	727
5.289366667	723
5.30045	665
5.311683333	674
5.323266667	695
5.334483333	673
5.34565	670
5.3572	693
5.3682	660
5.379583333	683
5.391283333	702
5.40255	676
5.413283333	644
5.423516667	614
5.434033333	631
5.444933333	654
5.456533333	696
5.4683	706
5.4801	708
5.4922	726
5.504233333	722
5.516483333	735
5.5291	757
5.540666667	694
5.55175	665
5.562383333	638
5.57285	628
5.5864	813
5.59885	747
5.610983333	728
5.622933333	717
5.634666667	704
5.645383333	643
5.656266667	653
5.666966667	642
5.676966667	600
5.687416667	627
5.698833333	685
5.71	670
5.72195	717
5.733416667	688
5.7444	659
5.755433333	662
5.76645	661
5.777116667	640
5.78735	614
5.797733333	623
5.80825	631
5.819183333	656
5.829816667	638
5.840466667	639
5.851866667	684
5.863683333	709
5.87535	700
5.886633333	677
5.89805	685
5.909766667	703
5.921016667	675
5.931966667	657
5.942533333	634
5.952733333	612
5.963266667	632
5.974233333	658
5.98515	655
5.995866667	643
6.007333333	688
6.0193	718
6.030216667	655
6.0409	641
6.051833333	656
6.063516667	701
6.07495	686
6.086483333	692
6.098816667	740
6.11165	770
6.123983333	740
6.137	781
6.149833333	770
6.162333333	750
6.1741	706
6.186616667	751
6.199266667	759
6.211	704
6.222216667	673
6.233666667	687
6.24485	671
6.255616667	646
6.266916667	678
6.27885	716
6.29105	732
6.302416667	682
6.313866667	687
6.326433333	754
6.3394	778
6.351233333	710
6.3631	712
6.375183333	725
6.386483333	678
6.397716667	674
6.409816667	726
6.422016667	732
6.4331	665
6.443983333	653
6.45505	664
6.465733333	641
6.476316667	635
6.487716667	684
6.4995	707
6.510616667	667
6.5216	659
6.532516667	655
6.5432	641
6.553983333	647
6.564883333	654
6.575566667	641
6.586266667	642
6.597066667	648
6.607533333	628
6.617766667	614
6.627733333	598
6.637433333	582
6.647333333	594
6.657283333	597
6.667133333	591
6.67715	601
6.686866667	583
6.696883333	601
6.707233333	621
6.717666667	626
6.728133333	628
6.7395	682
6.750166667	640
6.760583333	625
6.771516667	656
6.7832	701
6.794266667	664
6.8058	692
6.817916667	727
6.829833333	715
6.841283333	687
6.853233333	717
6.866016667	767
6.878183333	730
6.890183333	720
6.902733333	753
6.91415	685
6.924966667	649
6.936616667	699
6.9486	719
6.959466667	652
6.97015	641
6.98105	654
6.992083333	662
7.002783333	642
7.014066667	677
7.026033333	718
7.038216667	731
7.05005	710
7.06115	666
7.0723	669
7.082716667	625
7.092833333	607
7.103383333	633
7.114066667	641
7.124033333	598
7.1342	610
7.14435	609
7.15435	600
7.164466667	607
7.1747	614
7.184866667	610
7.19465	587
7.204733333	605
7.2146	592
7.224266667	580
7.233716667	567
7.242883333	550
7.252	547
7.261366667	562
7.27075	563
7.280333333	575
7.289966667	578
7.299916667	597
7.309533333	577
7.319483333	597
7.329416667	596
7.339266667	591
7.348983333	583
7.35865	580
7.368516667	592
7.377966667	567
7.387233333	556
7.396833333	576
7.406516667	581
7.41595	566
7.42525	558
7.4347	567
7.444616667	595
7.4543	581
7.463883333	575
7.473766667	593
7.483816667	603
7.494016667	612
7.504066667	603
7.513866667	588
7.52375	593
7.533616667	592
7.543383333	586
7.552816667	566
7.562516667	582
7.572666667	609
7.582483333	589
7.592216667	584
7.601833333	577
7.6113	568
7.620733333	566
7.63055	589
7.64105	630
7.6624	0
7.672866667	628
7.683266667	624
7.6942	656
7.705033333	650
7.7153	616
7.725516667	613
7.735816667	618
7.745716667	594
7.755483333	586
7.765233333	585
7.77525	601
7.784866667	577
7.794383333	571
7.804233333	591
7.814366667	608
7.82405	581
7.83385	588
7.844066667	613
7.854066667	600
7.864216667	609
7.874516667	618
7.884633333	607
7.894916667	617
7.905216667	618
7.915366667	609
7.925483333	607
7.935933333	627
7.946816667	653
7.957	611
7.9672	612
7.977383333	611
7.9877	619
7.997833333	608
8.007616667	587
8.017333333	583
8.026966667	578
8.036983333	601
8.0465	571
8.056033333	572
8.065533333	570
8.075633333	606
8.0854	586
8.095233333	590
8.10505	589
8.115016667	598
8.125833333	649
8.138816667	779
8.151066667	735
8.162866667	708
8.17355	641
8.184133333	635
8.1949	646
8.20615	675
8.217066667	655
8.227466667	624
8.238833333	682
8.250516667	701
8.26145	656
8.272233333	647
8.283083333	651
8.293883333	648
8.3043	625
8.3145	612
8.325133333	638
8.33565	631
8.345883333	614
8.3558	595
8.3659	606
8.376183333	617
8.386183333	600
8.396183333	600
8.40645	616
8.417033333	635
8.427183333	609
8.43745	616
8.447783333	620
8.458316667	632
8.46865	620
8.479033333	623
8.4898	646
8.500583333	647
8.51095	622
8.521416667	628
8.5317	617
8.541633333	596
8.551583333	597
8.561816667	614
8.5717	593
8.581233333	572
8.591133333	594
8.600816667	581
8.610566667	585
8.620266667	582
8.63035	605
8.64055	612
8.651133333	635
8.661766667	638
8.672933333	670
8.68345	631
8.694	633
8.705133333	668
8.716333333	672
8.727116667	647
8.7375	623
8.748283333	647
8.759433333	669
8.769816667	623
8.780866667	663
8.791966667	666
8.802583333	637
8.81265	604
8.822466667	589
8.832333333	592
8.84225	595
8.85205	588
8.861766667	583
8.871933333	610
8.882516667	635
8.8929	623
8.903783333	653
8.9156	709
8.92655	657
8.9373	645
8.94815	651
8.9591	657
8.9695	624
8.979833333	620
8.989883333	603
8.999666667	587
9.00915	569
9.0187	573
9.028166667	568
9.037666667	570
9.047016667	561
9.056566667	573
9.066033333	568
9.075433333	564
9.0846	550
9.09395	561
9.103416667	568
9.112883333	568
9.122333333	567
9.1322	592
9.1424	612
9.152533333	608
9.16245	595
9.17315	642
9.183933333	647
9.194233333	618
9.2048	634
9.216083333	677
9.227533333	687
9.23805	631
9.248783333	644
9.259733333	657
9.270566667	650
9.28095	623
9.2912	615
9.301966667	646
9.31245	629
9.322866667	625
9.333416667	633
9.344316667	654
9.354766667	627
9.36525	629
9.375933333	641
9.3864	628
9.39665	615
9.407266667	637
9.41795	641
9.428233333	617
9.438516667	617
9.448816667	618
9.459066667	615
9.469133333	604
9.479666667	632
9.49015	629
9.5005	621
9.5107	612
9.52115	627
9.531433333	617
9.54155	607
9.551583333	602
9.562266667	641
9.57245	611
9.582583333	608
9.592816667	614
9.603283333	628
9.613333333	603
9.623633333	618
9.6341	628
9.644383333	617
9.65435	598
9.66445	606
9.6747	615
9.68495	615
9.694883333	596
9.70475	592
9.71505	618
9.72585	648
9.736783333	656
9.747133333	621
9.758116667	659
9.769	653
9.780016667	661
9.790566667	633
9.801	626
9.811416667	625
9.8216	611
9.831616667	601
9.841933333	619
9.852166667	614
9.862216667	603
9.872316667	606
9.882583333	616
9.89285	616
9.90275	594
9.913083333	620
9.923633333	633
9.934283333	639
9.944416667	608
9.9551	641
9.966083333	659
9.9763	613
9.986433333	608
9.996883333	627
10.00756667	641
10.01765	605
10.02791667	616
10.0386	641
10.04925	639
10.05966667	625
10.07015	629
10.08106667	655
10.0919	650
10.10248333	635
10.11353333	663
10.12485	679
10.13535	630
10.1457	621
10.15645	645
10.16666667	613
10.17711667	627
10.18746667	621
10.1986	668
10.20966667	664
10.2202	632
10.2306	624
10.24161667	661
10.25223333	637
10.2625	616
10.27278333	617
10.28336667	635
10.2941	644
10.3043	612
10.31458333	617
10.32513333	633
10.33558333	627
10.3456	601
10.35565	603
10.36593333	617
10.37641667	629
10.38673333	619
10.3973	634
10.40843333	668
10.41911667	641
10.42971667	636
10.44011667	624
10.45033333	613
10.46041667	605
10.47068333	616
10.4808	607
10.49075	597
10.50068333	596
10.51071667	602
10.52078333	604
10.53048333	582
10.54013333	579
10.54988333	585
10.56015	616
10.57021667	604
10.58031667	606
10.59098333	640
10.60203333	663
10.61258333	633
10.62271667	608
10.63323333	631
10.64411667	653
10.65446667	621
10.66481667	621
10.6757	653
10.68718333	689
10.69778333	636
10.7081	619
10.7184	618
10.72876667	622
10.73946667	642
10.74966667	612
10.75965	599
10.77028333	638
10.78126667	659
10.79155	617
10.80178333	614
10.81231667	632
10.82266667	621
10.83276667	606
10.84311667	621
10.85375	638
10.86433333	635
10.87445	607
10.88466667	613
10.89506667	624
10.90516667	606
10.91523333	604
10.92575	631
10.93618333	626
10.94648333	618
10.95673333	615
10.96716667	626
10.9772	602
10.98713333	596
10.99688333	585
11.00675	592
11.01661667	592
11.02661667	600
11.0366	599
11.04685	615
11.06755	0
11.07808333	632
11.089	655
11.09953333	632
11.11036667	650
11.12051667	609
11.13106667	633
11.14155	629
11.1516	603
11.16146667	592
11.17146667	600
11.18138333	595
11.19108333	582
11.20073333	579
11.2102	568
11.21948333	557
11.22886667	563
11.23811667	555
11.24748333	562
11.25675	556
11.26628333	572
11.2762	595
11.2862	600
11.29641667	613
11.30666667	615
11.31723333	634
11.32711667	593
11.33681667	582
11.34648333	580
11.35616667	581
11.3659	584
11.37546667	574
11.38491667	567
11.3942	557
11.40358333	563
11.41326667	581
11.42296667	582
11.43318333	613
11.4433	607
11.45366667	622
11.46366667	600
11.47343333	586
11.48333333	594
11.49343333	606
11.50341667	599
11.51333333	595
11.52346667	608
11.53386667	624
11.54441667	633
11.55486667	627
11.56525	623
11.57575	630
11.58585	606
11.59578333	596
11.60571667	596
11.61566667	597
11.62595	617
11.63611667	610
11.64631667	612
11.65665	620
11.66683333	611
11.67718333	621
11.6873	607
11.69723333	596
11.70728333	603
11.71755	616
11.72801667	628
11.73873333	643
11.7498	664
11.76055	645
11.77161667	664
11.78335	704
11.79505	702
11.8067	699
11.8177	660
11.8284	642
11.83893333	632
11.84935	625
11.85993333	635
11.87053333	636
11.88103333	630
11.89123333	612
11.90136667	608
11.91168333	619
11.92216667	629
11.93288333	643
11.94343333	633
11.9539	628
11.9645	636
11.97513333	638
11.9858	640
11.99633333	632
12.00776667	686
12.01991667	729
12.03091667	660
12.04163333	643
12.05216667	632
12.06293333	646
12.07338333	627
12.08403333	639
12.09493333	654
12.10618333	675
12.11656667	623
12.12696667	624
12.13755	635
12.14833333	647
12.15856667	614
12.16868333	607
12.17941667	644
12.18995	632
12.20021667	616
12.21093333	643
12.22241667	689
12.23325	650
12.24421667	658
12.2565	737
12.26868333	731
12.28035	700
12.29135	660
12.30203333	641
12.31283333	648
12.32331667	629
12.33383333	631
12.34453333	642
12.35533333	648
12.36558333	615
12.37581667	614
12.38663333	649
12.39695	619
12.40725	618
12.41776667	631
12.4287	656
12.4397	660
12.45091667	673
12.46321667	738
12.47498333	706
12.48676667	707
12.49805	677
12.50971667	700
12.52213333	745
12.53321667	665
12.54453333	679
12.5566	724
12.56768333	665
12.57906667	683
12.59066667	696
12.6021	686
12.6134	678
12.62405	639
12.6353	675
12.6462	654
12.6567	630
12.66743333	644
12.67833333	654
12.6899	694
12.70125	681
12.71225	660
12.72285	636
12.73448333	698
12.74636667	713
12.75728333	655
12.76785	634
12.779	669
12.78965	639
12.80001667	622
12.81015	608
12.82063333	629
12.83111667	629
12.8412	605
12.85108333	593
12.86135	616
12.87156667	613
12.88166667	606
12.89158333	595
12.90243333	651
12.91358333	669
12.92426667	641
12.93453333	616
12.94553333	660
12.95663333	666
12.96725	637
12.97755	618
12.98846667	655
12.99908333	637
13.00948333	624
13.01978333	618
13.03078333	660
13.04165	652
13.05213333	629
13.06243333	618
13.07356667	668
13.08475	671
13.09533333	635
13.1058	628
13.11651667	643
13.1275	659
13.13786667	622
13.14855	641
13.15931667	646
13.17015	650
13.18061667	628
13.19168333	664
13.2024	643
13.21288333	629
13.22335	628
13.2344	663
13.24483333	626
13.25553333	642
13.2664	652
13.2774	660
13.28776667	622
13.2983	632
13.30881667	631
13.3194	635
13.32938333	599
13.33936667	599
13.34953333	610
13.35973333	612
13.36966667	596
13.37991667	615
13.3905	635
13.40103333	632
13.41155	631
13.42173333	611
13.43188333	609
13.44241667	632
13.45263333	613
13.46283333	612
13.47338333	633
13.48415	646
13.49435	612
13.50456667	613
13.51505	629
13.52531667	616
13.53533333	601
13.54523333	594
13.55548333	615
13.56545	598
13.57545	600
13.58548333	602
13.59563333	609
13.60583333	612
13.61628333	627
13.627	643
13.63721667	613
13.64748333	616
13.65781667	620
13.66801667	612
13.67783333	589
13.68785	601
13.69826667	625
13.70835	605
13.71853333	611
13.72883333	618
13.7394	634
13.74965	615
13.75995	618
13.7707	645
13.78145	645
13.7921	639
13.80261667	631
13.81351667	654
13.82453333	661
13.83486667	620
13.84523333	622
13.85566667	626
13.86553333	592
13.8755	598
13.88578333	617
13.89656667	647
13.90668333	607
13.91733333	639
13.92893333	696
13.93986667	656
13.9506	644
13.96208333	689
13.97323333	669
13.98396667	644
13.99433333	622
14.00493333	636
14.01523333	618
14.0252	598
14.03521667	601
14.04573333	631
14.05663333	654
14.06705	625
14.07783333	647
14.0891	676
14.1009	708
14.11176667	652
14.12293333	670
14.13401667	665
14.14456667	633
14.15476667	612
14.16516667	624
14.17516667	600
14.18495	587
14.19458333	578
14.20415	574
14.21368333	572
14.22508333	684
14.2364	679
14.28138333	0
14.29333333	717
14.30521667	713
14.317	707
14.32785	651
14.33893333	665
14.35003333	666
14.36091667	653
14.3713	623
14.38128333	599
14.39126667	599
14.40135	605
14.41103333	581
14.42071667	581
14.43068333	598
14.441	619
14.45105	603
14.4612	609
14.47216667	658
14.48296667	648
14.49336667	624
14.5046	674
14.51618333	695
14.52713333	657
14.5387	694
14.55038333	701
14.56128333	654
14.57221667	656
14.58313333	655
14.59396667	650
14.60441667	627
14.61486667	627
14.62551667	639
14.6356	605
14.64545	591
14.6553	591
14.66511667	589
14.6749	587
14.68448333	575
14.69435	592
14.7049	633
14.71626667	682
14.72706667	648
14.738	656
14.7496	696
14.76181667	733
14.77303333	673
14.78458333	693
14.79621667	698
14.8077	689
14.81863333	656
14.82975	667
14.84093333	671
14.85146667	632
14.8621	638
14.87291667	649
14.88346667	633
14.8939	626
14.90453333	638
14.91556667	662
14.9263	644
14.9369	636
14.94766667	646
14.95831667	639
14.96875	626
14.97908333	620
14.98976667	641
15.00053333	646
15.01101667	629
15.0213	617
15.0317	624
15.04231667	637
15.05251667	612
15.06256667	603
15.07278333	613
15.08323333	627
15.09316667	596
15.10323333	604
15.1138	634
15.12445	639
15.13463333	611
15.14473333	606
15.15495	613
15.16551667	634
15.17595	626
15.1865	633
15.1974	654
15.20833333	656
15.21873333	624
15.2291	622
15.23953333	626
15.24966667	608
15.25978333	607
15.27016667	623
15.28081667	639
15.29091667	606
15.30116667	615
15.31138333	613
15.32143333	603
15.33155	607
15.34198333	626
15.35268333	642
15.36288333	612
15.37351667	638
15.38415	638
15.39475	636
15.40511667	622
15.41561667	630
15.42648333	652
15.43693333	627
15.44748333	633
15.45786667	623
15.46815	617
15.47851667	622
15.48895	626
15.49898333	602
15.50896667	599
15.51915	611
15.52908333	596
15.53895	592
15.54933333	623
15.55976667	626
15.57003333	616
15.58015	607
15.5907	633
15.60148333	647
15.61163333	609
15.62215	631
15.63301667	652
15.64328333	616
15.65358333	618
15.6639	619
15.67405	609
15.68388333	590
15.69388333	600
15.70428333	624
15.71418333	594
15.7244	613
15.73506667	640
15.74551667	627
15.75565	608
15.7658	609
15.77633333	632
15.7868	628
15.79693333	608
15.80733333	624
15.81826667	656
15.82896667	642
15.8396	638
15.85065	663
15.86128333	638
15.87163333	621
15.88206667	626
15.89255	629
15.90281667	616
15.91286667	603
15.92263333	586
15.93238333	585
15.94195	574
15.95141667	568
15.96088333	568
15.9704	571
15.98005	579
15.98995	594
16.0001	609
16.00988333	587
16.01956667	581
16.02958333	601
16.0397	607
16.04958333	593
16.05916667	575
16.06926667	606
16.07946667	612
16.08955	605
16.09958333	602
16.11003333	627
16.12026667	614
16.13033333	604
16.14086667	632
16.1513	626
16.16178333	629
16.17311667	680
16.18441667	678
16.1955	665
16.20681667	679
16.21795	668
16.22886667	655
16.24005	671
16.25125	672
16.26163333	623
16.27183333	612
16.28221667	623
16.2929	641
16.3031	612
16.31325	609
16.32358333	620
16.33421667	638
16.3444	611
16.35463333	614
16.3654	646
16.3759	630
16.3863	624
16.39713333	650
16.40786667	644
16.4184	632
16.42905	639
16.44035	678
16.45145	666
16.4619	627
16.47283333	656
16.48396667	668
16.49486667	654
16.50578333	655
16.51688333	666
16.52828333	684
16.5391	649
16.5498	642
16.5608	660
16.57103333	614
16.5812	610
16.59165	627
16.60205	624
16.61211667	604
16.62203333	595
16.63253333	630
16.64341667	653
16.65391667	630
16.66503333	667
16.67636667	680
16.68708333	643
16.69811667	662
16.70886667	645
16.71951667	639
16.72995	626
16.74008333	608
16.75028333	612
16.76026667	599
16.77015	593
16.78005	594
16.78961667	574
16.79936667	585
16.80931667	597
16.82901667	0
16.83891667	594
16.84883333	595
16.85923333	624
16.87005	649
16.88076667	643
16.89093333	610
16.90128333	621
16.91183333	633
16.92203333	612
16.93233333	618
16.94295	637
16.95345	630
16.96376667	619
16.9738	602
16.9836	588
16.99391667	619
17.00396667	603
17.01391667	597
17.02425	620
17.03445	612
17.0445	603
17.05466667	610
17.0652	632
17.07566667	628
17.08605	623
17.09658333	632
17.10713333	633
17.12115	841
17.13381667	760
17.14598333	730
17.15763333	699
17.16835	643
17.17866667	619
17.18945	647
17.2008	681
17.21208333	677
17.22316667	665
17.23431667	669
17.24578333	688
17.25651667	644
17.26686667	621
17.27723333	622
17.2877	628
17.29778333	605
17.30756667	587
17.3174	590
17.32753333	608
17.33768333	609
17.34748333	588
17.3575	601
17.36838333	653
17.37925	652
17.38973333	629
17.40048333	645
17.41146667	659
17.42281667	681
17.43348333	640
17.44453333	663
17.45598333	687
17.46721667	674
17.4777	629
17.48796667	616
17.49841667	627
17.50871667	618
17.51871667	600
17.5288	605
17.53935	633
17.55018333	650
17.56055	622
17.57091667	622
17.58208333	670
17.59326667	671
17.60383333	634
17.61453333	642
17.62515	637
17.63551667	622
17.64571667	612
17.6559	611
17.66611667	613
17.67681667	642
17.68706667	615
17.69755	629
17.7083	645
17.71881667	631
17.72918333	622
17.73955	622
17.74973333	611
17.75976667	602
17.7697	596
17.77983333	608
17.7897	592
17.79971667	601
17.80965	596
17.81953333	593
17.82966667	608
17.84013333	628
17.8507	634
17.86116667	628
17.87171667	633
17.88236667	639
17.89276667	624
17.90303333	616
17.91356667	632
17.92433333	646
17.93463333	618
17.94478333	609
17.95495	610
17.9649	597
17.97503333	608
17.98776667	764
18.00055	767
18.01258333	722
18.02448333	714
18.03613333	699
18.04666667	632
18.0569	614
18.06736667	628
18.078	638
18.0883	618
18.0987	624
18.1089	612
18.11906667	610
18.12966667	636
18.14095	677
18.1525	693
18.16351667	661
18.17455	662
18.1858	675
18.1969	666
18.20748333	635
18.21783333	621
18.22816667	620
18.23865	629
18.24886667	613
18.25913333	616
18.26898333	591
18.27886667	593
18.28876667	594
18.29866667	594
18.3086	596
18.31823333	578
18.3278	574
18.33761667	589
18.3473	581
18.35696667	580
18.36671667	585
18.37666667	597
18.38666667	600
18.39653333	592
18.40666667	608
18.41755	653
18.42805	630
18.4385	627
18.44955	663
18.46016667	637
18.47065	629
18.4809	615
18.49146667	634
18.50196667	630
18.51231667	621
18.52293333	637
18.53415	673
18.54478333	638
18.55545	640
18.56626667	649
18.57655	617
18.5866	603
18.59668333	605
18.60675	604
18.6167	597
18.62666667	598
18.63686667	612
18.64698333	607
18.65698333	600
18.66746667	629
18.67775	617
18.6881	621
18.69858333	629
18.70923333	639
18.71961667	623
18.72996667	621
18.74053333	634
18.75131667	647
18.7616	617
18.7723	642
18.7834	666
18.79428333	653
18.80473333	627
18.81538333	639
18.82655	670
18.83723333	641
18.8479	640
18.85876667	652
18.86943333	640
18.87966667	614
18.88991667	615
18.9	605
18.90985	591
18.91975	594
18.92971667	598
18.93955	590
18.94928333	584
18.959	583
18.96885	591
18.98055	702
18.99193333	683
19.00266667	644
19.01316667	630
19.0231	596
19.03333333	614
19.044	640
19.05483333	650
19.0656	646
19.07731667	703
19.08921667	714
19.10081667	696
19.1117	653
19.12221667	631
19.13288333	640
19.14311667	614
19.15325	608
19.16305	588
19.17263333	575
19.18213333	570
19.1918	580
19.20141667	577
19.21078333	562
19.22026667	569
19.23015	593
19.23981667	580
19.24946667	579
19.25911667	579
19.26918333	604
19.27976667	635
19.28998333	613
19.3	601
19.30998333	599
19.31998333	600
19.32981667	590
19.33958333	586
19.34955	598
19.3598	615
19.36976667	598
19.37978333	601
19.39013333	621
19.40023333	606
19.41016667	596
19.41996667	588
19.42968333	583
19.43965	598
19.4493	579
19.45891667	577
19.46856667	579
19.47856667	600
19.48886667	618
19.49861667	585
19.50871667	606
19.51891667	612
19.52915	614
19.53916667	601
19.54903333	592
19.559	598
19.56916667	610
19.57903333	592
19.58865	577
19.5983	579
19.60801667	583
19.61763333	577
19.6274	586
19.63705	579
19.64703333	599
19.65688333	591
19.66648333	576
19.67633333	591
19.68615	589
19.69596667	589
19.70575	587
19.71565	594
19.72598333	620
19.73598333	600
19.7457	583
19.75556667	592
19.76543333	592
19.7751	580
19.78476667	580
19.79456667	588
19.80461667	603
19.81426667	579
19.82398333	583
19.83386667	593
19.84343333	574
19.853	574
19.8626	576
19.8724	588
19.8822	588
19.89206667	592
19.90195	593
19.91225	618
19.92221667	598
19.93208333	592
19.94213333	603
19.95245	619
19.96255	606
19.97251667	598
19.98253333	601
19.99283333	618
20.00288333	603
20.01271667	590
20.02256667	591
20.03263333	604
20.04276667	608
20.0526	590
20.06266667	604
20.07346667	648
20.08461667	669
20.09538333	646
20.10585	628
20.11673333	653
20.12821667	689
20.13901667	648
20.14936667	621
20.15975	623
20.17001667	616
20.18005	602
20.1901	603
20.19985	585
20.20963333	587
20.21945	589
20.2319	747
20.24328333	683
20.25436667	665
20.26578333	685
20.28951667	0
20.30173333	733
20.3128	664
20.3236	648
20.33446667	652
20.34543333	658
20.35586667	626
20.36601667	609
20.37618333	610
20.38633333	609
20.39658333	615
20.40653333	597
20.4166	604
20.42725	639
20.43876667	691
20.45088333	727
20.46348333	756
20.47518333	702
20.48676667	695
20.49878333	721
20.51138333	756
20.5233	715
20.53433333	662
20.54526667	656
20.55633333	664
20.56726667	656
20.57891667	699
20.59106667	729
20.60383333	766
20.61585	721
20.62763333	707
20.6397	724
20.65123333	692
20.66261667	683
20.67453333	715
20.68725	763
20.69895	702
20.71093333	719
20.72268333	705
20.73391667	674
20.74521667	678
20.75688333	700
20.76775	652
20.77816667	625
20.78835	611
20.79888333	632
20.81063333	705
20.82241667	707
20.83448333	724
20.84593333	687
20.85748333	693
20.87008333	756
20.88275	760
20.89538333	758
20.90711667	704
20.91861667	690
20.93065	722
20.94316667	751
20.95553333	742
20.96801667	749
20.98076667	765
20.99348333	763
21.00571667	734
21.01761667	714
21.02896667	681
21.04045	689
21.0524	717
21.06373333	680
21.07481667	665
21.08673333	715
21.09856667	710
21.11011667	693
21.12261667	750
21.13551667	774
21.14768333	730
21.15943333	705
21.17171667	737
21.18388333	730
21.19538333	690
21.20703333	699
21.21935	739
21.2317	741
21.24393333	734
21.25568333	705
21.26798333	738
21.27986667	713
21.2912	680
21.30303333	710
21.31533333	738
21.32713333	708
21.33821667	665
21.35001667	708
21.36271667	762
21.37573333	781
21.38826667	752
21.40036667	726
21.41316667	768
21.42658333	805
21.44045	832
21.45318333	764
21.4655	739
21.47838333	773
21.49108333	762
21.50388333	768
21.51618333	738
21.52948333	798
21.543	811
21.55635	801
21.56908333	764
21.58173333	759
21.59405	739
21.60575	702
21.61765	714
21.62973333	725
21.64146667	704
21.65278333	679
21.66363333	651
21.67473333	666
21.68633333	696
21.69856667	734
21.71075	731
21.72313333	743
21.736	772
21.74885	771
21.7609	723
21.773	726
21.7847	702
21.79625	693
21.80738333	668
21.8185	667
21.83005	693
21.84183333	707
21.85375	715
21.86533333	695
21.87726667	716
21.88995	761
21.90218333	734
21.91436667	731
21.92751667	789
21.9398	737
21.95245	759
21.96543333	779
21.97826667	770
21.9907	746
22.00333333	758
22.01568333	741
22.02738333	702
22.03836667	659
22.04923333	652
22.06021667	659
22.07086667	639
22.08186667	660
22.09298333	667
22.10388333	654
22.11445	634
22.12481667	622
22.13535	632
22.14563333	617
22.15575	607
22.16585	606
22.17791667	724
22.19143333	811
22.20466667	794
22.21753333	772
22.23081667	797
22.24445	818
22.25823333	827
22.27105	769
22.28445	804
22.29848333	842
22.31275	856
22.32685	846
22.34065	828
22.35345	768
22.3661	759
22.37883333	764
22.39165	769
22.40405	744
22.41556667	691
22.42671667	669
22.43846667	705
22.4512	764
22.46346667	736
22.47573333	736
22.48836667	758
22.50146667	786
22.5141	758
22.52711667	781
22.5396	749
22.55136667	706
22.5634	722
22.57588333	749
22.58825	742
22.59998333	704
22.61173333	705
22.62383333	726
22.6362	742
22.64813333	716
22.6599	706
22.67215	735
22.68476667	757
22.69673333	718
22.70848333	705
22.7206	727
22.7329	738
22.74505	729
22.7564	681
22.7679	690
22.7798	714
22.79196667	730
22.80388333	715
22.81571667	710
22.82828333	754
22.84121667	776
22.85355	740
22.86551667	718
22.87821667	762
22.89106667	771
22.90346667	744
22.91545	719
22.92778333	740
22.94038333	756
22.95306667	761
22.96485	707
22.97611667	676
22.98775	698
22.9997	717
23.0109	672
23.02205	669
23.03398333	716
23.04665	760
23.05956667	775
23.07198333	745
23.08375	706
23.09593333	731
23.1084	748
23.12121667	769
23.13426667	783
23.14631667	723
23.15811667	708
23.17013333	721
23.18261667	749
23.19516667	753
23.2068	698
23.21871667	715
23.23165	776
23.24523333	815
23.25833333	786
23.27056667	734
23.28305	749
23.296	777
23.30866667	760
23.32041667	705
23.33131667	654
23.34196667	639
23.3525	632
23.36288333	623
23.37313333	615
23.38306667	596
23.39286667	588
23.40288333	601
23.41373333	651
23.4259	730
23.43813333	734
23.4508	760
23.46318333	743
23.4747	691
23.486	678
23.49721667	673
23.50856667	681
23.51976667	672
23.53128333	691
23.54221667	656
23.55288333	640
23.56368333	648
23.5747	661
23.58561667	655
23.59601667	624
23.60673333	643
23.61751667	647
23.6284	653
23.63958333	671
23.65213333	753
23.6643	730
23.67578333	689
23.68743333	699
23.69915	703
23.71021667	664
23.7211	653
23.73213333	662
23.74346667	680
23.75481667	681
23.76591667	666
23.77668333	646
23.78745	646
23.79855	666
23.80951667	658
23.82013333	637
23.83073333	636
23.84191667	671
23.85355	698
23.86568333	728
23.87686667	671
23.88815	677
23.90003333	713
23.912	718
23.92391667	715
23.9351	671
23.9465	684
23.95848333	719
23.97056667	725
23.9819	680
23.9932	678
24.00535	729
24.01808333	764
24.02988333	708
24.04183333	717
24.05376667	716
24.0662	746
24.07753333	680
24.08878333	675
24.10056667	707
24.11303333	748
24.12555	751
24.13758333	722
24.1503	763
24.16273333	746
24.17416667	686
24.18508333	655
24.19578333	642
24.20653333	645
24.21756667	662
24.22876667	672
24.2401	680
24.2519	708
24.26393333	722
24.2755	694
24.28661667	667
24.29826667	699
24.31033333	724
24.3224	724
24.33426667	712
24.34631667	723
24.35866667	741
24.37103333	742
24.38241667	683
24.39393333	691
24.40521667	677
24.4161	653
24.42726667	670
24.43876667	690
24.45066667	714
24.46266667	720
24.4737	662
24.48455	651
24.49588333	680
24.50751667	698
24.51846667	657
24.52956667	666
24.54126667	702
24.55321667	717
24.56451667	678
24.57608333	694
24.58805	718
24.5997	699
24.6106	654
24.62161667	661
24.63263333	661
24.64351667	653
24.65423333	643
24.66473333	630
24.67505	619
24.68563333	635
24.69948333	831
24.71225	766
24.72501667	766
24.73748333	748
24.75016667	761
24.7632	782
24.77626667	784
24.78928333	781
24.80213333	771
24.81561667	809
24.8294	827
24.84311667	823
24.85696667	831
24.87046667	810
24.88395	809
24.89708333	788
24.9095	745
24.92196667	748
24.93463333	760
24.94746667	770
24.95973333	736
24.97216667	746
24.98463333	748
24.99641667	707
25.0074	659
25.01808333	641
25.02876667	641
25.03941667	639
25.04965	614
25.05971667	604
25.06971667	600
25.0795	587
25.08966667	610
25.1005	650
25.11226667	706
25.12465	743
25.13661667	718
25.14903333	745
25.16181667	767
25.1746	767
25.18635	705
25.1972	651
25.20798333	647
25.219	661
25.23008333	665
25.24116667	665
25.25228333	667
25.2641	709
25.27736667	796
25.29106667	822
25.3044	800
25.31656667	730
25.32896667	744
25.3419	776
25.35456667	760
25.36653333	718
25.37755	661
25.38853333	659
25.39985	679
25.41155	702
25.42333333	707
25.43455	673
25.44626667	703
25.45848333	733
25.47028333	708
25.48196667	701
25.49411667	729
25.50608333	718
25.51826667	731
25.52963333	682
25.54053333	654
25.55145	655
25.56206667	637
25.57226667	612
25.58273333	628
25.59355	649
25.60423333	641
25.6146	622
25.62488333	617
25.63523333	621
25.64566667	626
25.65591667	615
25.66618333	616
25.67626667	605
25.68623333	598
25.6961	592
25.70588333	587
25.7158	595
25.72621667	625
25.73825	722
25.75003333	707
25.76161667	695
25.774	743
25.78721667	793
25.80056667	801
25.81348333	775
25.82568333	732
25.83776667	725
25.8498	722
25.862	732
25.87391667	715
25.88538333	688
25.8972	709
25.91041667	793
25.9239	809
25.93655	759
25.94896667	745
25.9617	764
25.97448333	767
25.98605	694
25.99738333	680
26.00916667	707
26.02123333	724
26.03271667	689
26.04433333	697
26.05645	727
26.06796667	691
26.07936667	684
26.09063333	676
26.10205	685
26.1132	669
26.12458333	683
26.13626667	701
26.1479	698
26.15925	681
26.17046667	673
26.18176667	678
26.19348333	703
26.20488333	684
26.21608333	672
26.22738333	678
26.2385	667
26.25008333	695
26.26163333	693
26.27333333	702
26.28543333	726
26.29701667	695
26.30868333	700
26.321	739
26.33368333	761
26.34591667	734
26.358	725
26.37035	741
26.38191667	694
26.39323333	679
26.40506667	710
26.41698333	715
26.42868333	702
26.43991667	674
26.45141667	690
26.46341667	720
26.47558333	730
26.48693333	681
26.49855	697
26.51038333	710
26.5222	709
26.5335	678
26.54555	723
26.55786667	739
26.57021667	741
26.58156667	681
26.59333333	706
26.60545	727
26.61736667	715
26.62898333	697
26.64108333	726
26.654	775
26.66653333	752
26.67885	739
26.69116667	739
26.70271667	693
26.71438333	700
26.72648333	726
26.73835	712
26.74998333	698
26.76255	754
26.77565	786
26.78845	768
26.80145	780
26.81453333	785
26.82695	745
26.8388	711
26.85093333	728
26.86375	769
26.87608333	740
26.88786667	707
26.90033333	748
26.91378333	807
26.92661667	770
26.9393	761
26.95136667	724
26.96283333	688
26.97471667	713
26.9869	731
26.99875	711
27.01096667	733
27.02383333	772
27.03581667	719
27.04761667	708
27.05986667	735
27.07223333	742
27.08356667	680
27.0948	674
27.10635	693
27.11801667	700
27.12905	662
27.14055	690
27.15258333	722
27.16483333	735
27.17643333	696
27.18848333	723
27.20143333	777
27.21411667	761
27.22655	746
27.23808333	692
27.24876667	641
27.25916667	624
27.2692	602
27.27895	585
27.28863333	581
27.29853333	594
27.3085	598
27.31865	609
27.33046667	709
27.34241667	717
27.35408333	700
27.36493333	651
27.376	664
27.38718333	671
27.3985	679
27.40931667	649
27.42081667	690
27.43265	710
27.44391667	676
27.4549	659
27.46615	675
27.47761667	688
27.49063333	781
27.50403333	804
27.51571667	701
27.5273	695
27.53921667	715
27.5522	779
27.56455	741
27.57606667	691
27.58785	707
27.60011667	736
27.6124	737
27.62348333	665
27.63466667	671
27.64653333	712
27.65828333	705
27.6711	769
27.68421667	787
27.69728333	784
27.71105	826
27.72518333	848
27.7393	847
27.75298333	821
27.76575	766
27.77855	768
27.792	807
27.80518333	791
27.81758333	744
27.82993333	741
27.84243333	750
27.85458333	729
27.86606667	689
27.8781	722
27.8904	738
27.90253333	728
27.91406667	692
27.92666667	756
27.9402	812
27.95331667	787
27.96585	752
27.97841667	754
27.9914	779
28.00413333	764
28.01656667	746
28.03015	815
28.04425	846
28.05821667	838
28.07148333	796
28.08543333	837
28.09876667	800
28.11125	749
28.1226	681
28.13373333	668
28.1453	694
28.15735	723
28.16925	714
28.1816	741
28.1957	846
28.20988333	851
28.2238	835
28.23686667	784
28.25058333	823
28.265	865
28.2787	822
28.29118333	749
28.30445	796
28.3183	831
28.3313	780
28.34355	735
28.35618333	758
28.36883333	759
28.3819	784
28.39545	813
28.40803333	755
28.42001667	719
28.43265	758
28.4456	777
28.45753333	716
28.46958333	723
28.48191667	740
28.49456667	759
28.50693333	742
28.519	724
28.53126667	736
28.54406667	768
28.55713333	784
28.56948333	741
28.5814	715
28.59381667	745
28.60585	722
28.61761667	706
28.62935	704
28.64208333	764
28.65468333	756
28.66655	712
28.67811667	694
28.6908	761
28.70423333	806
28.7164	730
28.7283	714
28.74076667	748
28.75353333	766
28.7654	712
28.77706667	700
28.78955	749
28.8028	795
28.81545	759
28.82796667	751
28.8415	812
28.85528333	827
28.8685	793
28.88245	837
28.89623333	827
28.9095	796
28.92156667	724
28.93375	731
28.94661667	772
28.95988333	796
28.97195	724
28.98435	744
28.99778333	806
29.01045	760
29.0228	741
29.03646667	820
29.05033333	832
29.06321667	773
29.07618333	778
29.08991667	824
29.10316667	795
29.115	710
29.12686667	712
29.13881667	717
29.15138333	754
29.16356667	731
29.17555	719
29.1882	759
29.20155	801
29.21403333	749
29.22705	781
29.24023333	791
29.25376667	812
29.26643333	760
29.27886667	746
29.29201667	789
29.30546667	807
29.31798333	751
29.33058333	756
29.34386667	797
29.35621667	741
29.36786667	699
29.38006667	732
29.39235	737
29.40403333	701
29.41506667	662
29.42676667	702
29.43833333	694
29.44941667	665
29.46118333	706
29.47293333	705
29.48451667	695
29.49666667	729
29.50943333	766
29.52213333	762
29.53408333	717
29.54688333	768
29.55951667	758
29.57241667	774
29.58466667	735
29.59638333	703
29.60795	694
29.61968333	704
29.63126667	695
29.6433	722
29.65675	807
29.66993333	791
29.68221667	737
29.69361667	684
29.70516667	693
29.71688333	703
29.72915	736
29.74055	684
29.75201667	688
29.76418333	730
29.77681667	758
29.78906667	735
29.8008	704
29.81371667	775
29.82678333	784
29.83893333	729
29.85055	697
29.86245	714
29.8747	735
29.88733333	758
29.89901667	701
29.91033333	679
29.92123333	654
29.93381667	755
29.94793333	847
29.96166667	824
29.9753	818
29.98921667	835
30.0033	845
30.01701667	823
30.03125	854
30.04623333	899
30.06081667	875
30.07506667	855
30.08823333	790
30.10131667	785
30.11416667	771
30.12615	719
30.13793333	707
30.14983333	714
30.1612	682
30.17201667	649
30.18306667	663
30.1953	734
30.20776667	748
30.21981667	723
30.2319	725
30.24455	759
30.25636667	709
30.26936667	780
30.28218333	769
30.29495	766
30.30663333	701
30.318	682
30.32978333	707
30.34196667	731
30.35373333	706
30.36613333	744
30.37885	763
30.39088333	722
30.4025	697
30.41498333	749
30.42755	754
30.4393	705
30.45048333	671
30.46235	712
30.47458333	734
30.48611667	692
30.49836667	735
30.51123333	772
30.52461667	803
30.53718333	754
30.55023333	783
30.56376667	812
30.5772	806
30.59031667	787
30.60243333	727
30.615	754
30.62756667	754
30.6404	770
30.65263333	734
30.66471667	725
30.67743333	763
30.69016667	764
30.7021	716
30.71493333	770
30.72888333	837
30.74208333	792
30.75463333	753
30.76765	781
30.7805	771
30.79278333	737
30.80551667	764
30.81893333	805
30.83228333	801
30.84473333	747
30.8571	742
30.8697	756
30.88225	753
30.89391667	700
30.90551667	696
30.91788333	742
30.92968333	708
30.94108333	684
30.9529	709
30.96561667	763
30.97865	782
30.99098333	740
31.00323333	735
31.01506667	710
31.02638333	679
31.03785	688
31.04961667	706
31.06136667	705
31.07286667	690
31.0846	704
31.09746667	772
31.11041667	777
31.12261667	732
31.13498333	742
31.14736667	743
31.15951667	729
31.17135	710
31.18273333	683
31.19423333	690
31.20633333	726
31.21853333	732
31.2304	712
31.24251667	727
31.25516667	759
31.26736667	732
31.27876667	684
31.2899	668
31.30101667	667
31.31218333	670
31.32291667	644
31.33355	638
31.34428333	644
31.35541667	668
31.36655	668
31.37771667	670
31.38956667	711
31.40206667	750
31.41441667	741
31.42655	728
31.43915	756
31.45196667	769
31.46441667	747
31.47603333	697
31.4877	700
31.50021667	751
31.51263333	745
31.52418333	693
31.53563333	687
31.5476	718
31.55986667	736
31.57133333	688
31.58308333	705
31.59536667	737
31.60768333	739
31.61961667	716
31.63211667	750
31.64551667	804
31.65833333	769
31.67091667	755
31.68245	692
31.694	693
31.70576667	706
31.71795	731
31.72966667	703
31.74121667	693
31.7533	725
31.76641667	787
31.78035	836
31.79313333	767
31.80603333	774
31.8194	802
31.8326	792
31.84476667	730
31.85663333	712
31.86831667	701
31.8798	689
31.89076667	658
31.90158333	649
31.91231667	644
31.9231	647
31.9349	708
31.94621667	679
31.95831667	726
31.97088333	754
31.98316667	737
31.99523333	724
