0.01065	636
0.021066667	639
0.032	625
0.043183333	656
0.054733333	671
0.065183333	693
0.075216667	627
0.085283333	602
0.095283333	604
0.105033333	600
0.115466667	585
0.1263	626
0.137633333	650
0.148666667	680
0.159733333	662
0.170683333	664
0.1808	657
0.191016667	607
0.2012	613
0.2112	611
0.220733333	600
0.2302	572
0.239566667	568
0.249466667	562
0.26065	594
0.27275	671
0.284316667	726
0.29505	694
0.306566667	644
0.3182	691
0.32965	698
0.340933333	687
0.3525	677
0.36435	694
0.3757	711
0.386316667	681
0.3971	637
0.408483333	647
0.420733333	683
0.433183333	735
0.44455	747
0.455	682
0.465783333	627
0.476916667	647
0.4884	668
0.499866667	689
0.510333333	688
0.520883333	628
0.5319	633
0.543916667	661
0.5561	721
0.56685	731
0.578133333	645
0.58975	677
0.601966667	697
0.614683333	733
0.62635	763
0.636883333	700
0.647533333	632
0.6586	639
0.6705	664
0.682516667	714
0.692783333	721
0.703116667	616
0.713883333	620
0.725833333	646
0.73715	717
0.747366667	679
0.75905	613
0.7719	701
0.784883333	771
0.79795	779
0.81065	784
0.82315	762
0.835433333	750
0.846416667	737
0.856833333	659
0.867566667	625
0.880883333	644
0.896133333	799
0.91085	915
0.92365	883
0.935483333	768
0.948233333	710
0.960816667	765
0.974033333	755
0.986433333	793
0.997483333	744
1.009166667	663
1.02265	701
1.03675	809
1.05085	846
1.0634	846
1.075933333	753
1.089883333	752
1.104133333	837
1.118633333	855
1.1312	870
1.142433333	754
1.15365	674
1.165983333	673
1.18005	740
1.194566667	844
1.208116667	871
1.2212	813
1.235266667	785
1.25015	844
1.264266667	893
1.276333333	847
1.28805	724
1.300733333	703
1.314283333	761
1.327983333	813
1.340816667	822
1.352583333	770
1.36485	706
1.377333333	736
1.390266667	749
1.4031	776
1.414716667	770
1.426666667	697
1.439433333	717
1.452416667	766
1.465633333	779
1.478283333	793
1.49005	759
1.502016667	706
1.51425	718
1.527483333	734
1.54025	794
1.551616667	766
1.563516667	682
1.575366667	714
1.5882	711
1.600066667	770
1.6111	712
1.62335	662
1.636916667	735
1.650383333	814
1.662866667	808
1.6742	749
1.685966667	680
1.698416667	706
1.711633333	747
1.724983333	793
1.736816667	801
1.748083333	710
1.759666667	676
1.771716667	695
1.78415	723
1.79565	746
1.807716667	690
1.8209	724
1.834116667	791
1.846483333	793
1.858	742
1.8704	691
1.883416667	744
1.896033333	781
1.90725	757
1.918616667	673
1.930683333	682
1.9434	724
1.956033333	763
1.9675	758
1.97895	688
1.991016667	687
2.003516667	724
2.0159	750
2.027733333	743
2.039466667	710
2.052016667	704
2.064616667	753
2.077716667	756
2.089383333	786
2.101033333	700
2.112933333	699
2.125066667	714
2.1383	728
2.149566667	794
2.160916667	676
2.1728	681
2.186283333	713
2.199816667	809
2.211616667	812
2.222816667	708
2.23485	672
2.248483333	722
2.261116667	818
2.27245	758
2.283783333	680
2.2961	680
2.30885	739
2.322033333	765
2.3337	791
2.3451	700
2.356533333	684
2.367983333	686
2.379433333	687
2.390966667	687
2.401783333	692
2.412466667	649
2.423466667	641
2.4348	660
2.447216667	680
2.459233333	745
2.469933333	721
2.480483333	642
2.491033333	633
2.501633333	633
2.512583333	636
2.522833333	657
2.532883333	615
2.543133333	603
2.553483333	615
2.564416667	621
2.575933333	656
2.58715	691
2.59855	673
2.6098	684
2.620583333	675
2.631033333	647
2.641816667	627
2.652316667	647
2.6628	630
2.67275	629
2.6827	597
2.692316667	597
2.701816667	577
2.711633333	570
2.722116667	589
2.732833333	629
2.7434	643
2.7542	634
2.765816667	648
2.778	697
2.78995	731
2.801316667	717
2.811883333	682
2.822116667	634
2.832533333	614
2.84325	625
2.855033333	643
2.867466667	707
2.8785	746
2.889333333	662
2.901166667	650
2.9142	710
2.927166667	782
2.9403	778
2.953016667	788
2.96395	763
2.974616667	656
2.985233333	640
2.995683333	637
3.006033333	627
3.0157	621
3.024916667	580
3.034166667	553
3.044033333	555
3.058333333	592
3.0724	858
3.084133333	844
3.095216667	704
3.108916667	665
3.1227	822
3.13585	827
3.14865	789
3.160866667	768
3.17255	733
3.1829	701
3.192933333	621
3.202766667	602
3.2131	590
3.224183333	620
3.2358	665
3.246583333	697
3.2577	647
3.26935	667
3.281866667	699
3.295066667	751
3.306783333	792
3.31845	703
3.330266667	700
3.343166667	709
3.355683333	774
3.368	751
3.380266667	739
3.3915	736
3.401783333	674
3.411933333	617
3.422233333	609
3.434216667	618
3.4475	719
3.459233333	797
3.471216667	704
3.484633333	719
3.49825	805
3.511833333	817
3.524983333	815
3.537166667	789
3.548216667	731
3.558616667	663
3.568433333	624
3.577816667	589
3.587016667	563
3.597416667	552
3.612083333	624
3.6263	880
3.640216667	853
3.654883333	835
3.669433333	880
3.683516667	873
3.695716667	845
3.707116667	732
3.718	684
3.72885	653
3.739683333	651
3.7498	650
3.759666667	607
3.769716667	592
3.780066667	603
3.791933333	621
3.803633333	712
3.814683333	702
3.826416667	663
3.838466667	704
3.85095	723
3.863283333	749
3.87505	740
3.88645	706
3.897433333	684
3.907983333	659
3.917966667	633
3.92785	599
3.937583333	593
3.948266667	584
3.96205	641
3.97625	827
3.98985	852
4.00235	816
4.013266667	750
4.023833333	655
4.034383333	634
4.0447	633
4.054383333	619
4.064383333	581
4.075333333	600
4.0867	657
4.098133333	682
4.109283333	686
4.119816667	669
4.129966667	632
4.139783333	609
4.149766667	589
4.15985	599
4.17075	605
4.180483333	654
4.1907	584
4.20135	613
4.2127	639
4.223933333	681
4.2342	674
4.24395	616
4.253533333	585
4.262866667	575
4.271933333	560
4.28095	544
4.290166667	541
4.303483333	553
4.317416667	799
4.3314	836
4.345366667	839
4.359433333	838
4.3721	844
4.383816667	760
4.394583333	703
4.404166667	646
4.413733333	575
4.4229	574
4.431733333	550
4.440366667	530
4.449683333	518
4.462383333	559
4.4755	762
4.488433333	787
4.501933333	776
4.5154	810
4.526383333	808
4.536983333	659
4.548733333	636
4.562183333	705
4.57645	807
4.58885	856
4.6006	744
4.613533333	705
4.62645	776
4.63785	775
4.648316667	684
4.658983333	628
4.67025	640
4.68225	676
4.694166667	720
4.7056	715
4.7161	686
4.726866667	630
4.73755	646
4.748333333	641
4.760133333	647
4.772016667	708
4.782783333	713
4.7944	646
4.807033333	697
4.820233333	758
4.833133333	792
4.846166667	774
4.85735	782
4.86875	671
4.879883333	684
4.89055	668
4.900466667	640
4.910183333	595
4.920466667	583
4.933783333	617
4.94855	799
4.963383333	886
4.977983333	890
4.99225	876
5.005716667	856
5.018666667	808
5.030766667	777
5.042116667	726
5.05325	681
5.063683333	668
5.0736	626
5.083983333	595
5.096366667	623
5.109783333	743
5.121266667	805
5.13325	689
5.146566667	719
5.160183333	799
5.1725	817
5.184783333	739
5.196716667	737
5.208633333	716
5.22	715
5.231566667	682
5.243433333	694
5.256066667	712
5.268483333	758
5.280816667	745
5.292766667	740
5.303716667	717
5.3154	657
5.327833333	701
5.340783333	746
5.3539	777
5.366966667	787
5.3793	784
5.390333333	740
5.400866667	662
5.411866667	632
5.423333333	660
5.436166667	688
5.448533333	770
5.45965	742
5.471416667	667
5.4841	706
5.496833333	761
5.50755	764
5.5186	643
5.530816667	663
5.54205	733
5.5524	674
5.562566667	621
5.57355	610
5.586466667	659
5.599766667	775
5.61165	798
5.622233333	713
5.633566667	635
5.645616667	680
5.6594	723
5.672133333	827
5.683016667	764
5.693833333	653
5.704833333	649
5.716316667	660
5.72735	689
5.738633333	662
5.7496	677
5.759283333	658
5.768783333	581
5.77825	570
5.787916667	568
5.7991	580
5.813283333	671
5.82785	851
5.841433333	874
5.853516667	815
5.8649	725
5.87735	683
5.890283333	747
5.903116667	776
5.915633333	770
5.9281	751
5.94065	748
5.952733333	753
5.963883333	725
5.9749	669
5.985866667	661
5.997033333	658
6.008383333	670
6.019666667	681
6.030733333	677
6.041833333	664
6.053366667	666
6.06475	692
6.076466667	683
6.0899	703
6.102983333	806
6.11445	785
6.126283333	688
6.13825	710
6.15045	718
6.16215	732
6.172766667	702
6.183266667	637
6.193833333	630
6.20465	634
6.214833333	649
6.2247	611
6.234616667	592
6.245366667	595
6.2577	645
6.271266667	740
6.285283333	814
6.2988	841
6.311633333	811
6.323283333	770
6.334316667	699
6.344716667	662
6.35475	624
6.36455	602
6.37385	588
6.383883333	558
6.3964	602
6.409466667	751
6.421666667	784
6.432483333	732
6.443283333	649
6.45465	648
6.467233333	682
6.47995	755
6.492566667	763
6.5047	757
6.515716667	728
6.52635	661
6.537716667	638
6.55035	682
6.564416667	758
6.576483333	844
6.587716667	724
6.6001	674
6.612966667	743
6.624716667	772
6.635766667	705
6.6476	663
6.659983333	710
6.672683333	743
6.68475	762
6.69535	724
6.70575	636
6.716516667	624
6.72855	646
6.742	722
6.755766667	807
6.767933333	826
6.779416667	730
6.7897	689
6.799633333	617
6.809216667	596
6.819533333	575
6.831083333	619
6.843383333	693
6.855833333	738
6.868216667	747
6.878733333	743
6.888316667	631
6.897816667	575
6.907166667	570
6.916383333	561
6.925716667	553
6.9352	560
6.944716667	569
6.954983333	571
6.9701	616
6.983833333	907
6.99805	824
7.012516667	853
7.025083333	868
7.036333333	754
7.0469	675
7.05675	634
7.066466667	591
7.076033333	583
7.085416667	574
7.094916667	563
7.10465	570
7.114166667	584
7.124133333	571
7.1339	598
7.144983333	586
7.1554	665
7.165716667	625
7.17585	619
7.1853	608
7.194866667	567
7.204716667	574
7.214916667	591
7.225883333	612
7.23745	658
7.247533333	694
7.257583333	605
7.2681	603
7.2786	631
7.2889	630
7.2985	618
7.308366667	576
7.317966667	592
7.327283333	576
7.336333333	559
7.345316667	543
7.354516667	539
7.364633333	552
7.3746	607
7.3841	598
7.393316667	570
7.40225	553
7.411383333	536
7.420416667	548
7.4297	542
7.440183333	557
7.450833333	629
7.4618	639
7.472316667	658
7.48265	631
7.492566667	620
7.501716667	595
7.510866667	549
7.520516667	549
7.530516667	579
7.540716667	600
7.5512	612
7.561466667	629
7.571033333	616
7.580433333	574
7.590183333	564
7.600133333	585
7.610133333	597
7.620116667	600
7.629616667	599
7.638883333	570
7.64865	556
7.658583333	586
7.668383333	596
7.678116667	588
7.687616667	584
7.697383333	570
7.7073	586
7.717866667	595
7.728066667	634
7.737416667	612
7.74665	561
7.75655	554
7.766766667	594
7.7773	613
7.787683333	632
7.79755	623
7.807583333	592
7.818216667	602
7.829416667	638
7.840366667	672
7.85045	657
7.860366667	605
7.87045	595
7.880516667	605
7.890216667	604
7.899633333	582
7.908683333	565
7.917483333	543
7.926666667	528
7.936316667	551
7.946433333	579
7.95705	607
7.966683333	637
7.976466667	578
7.986966667	587
7.997683333	630
8.008066667	643
8.017633333	623
8.02705	574
8.0364	565
8.045516667	561
8.055133333	547
8.065316667	577
8.075216667	611
8.0853	594
8.0953	605
8.10475	600
8.1139	567
8.12345	549
8.132916667	573
8.142583333	568
8.1523	580
8.161366667	583
8.170266667	544
8.179483333	534
8.18895	553
8.198583333	568
8.208466667	578
8.217616667	593
8.226483333	549
8.235633333	532
8.244933333	549
8.25445	558
8.264033333	571
8.272983333	575
8.281966667	537
8.291283333	539
8.300483333	559
8.310066667	552
8.319633333	575
8.328733333	574
8.338283333	546
8.348166667	573
8.358233333	593
8.3687	604
8.378566667	628
8.38775	592
8.396633333	551
8.405366667	533
8.4143	524
8.424416667	536
8.435383333	607
8.447083333	658
8.458833333	702
8.47025	705
8.481266667	685
8.491516667	661
8.501616667	615
8.511766667	606
8.521683333	609
8.531233333	595
8.540366667	573
8.5496	548
8.558616667	554
8.5677	541
8.577333333	545
8.586866667	578
8.5958	572
8.604966667	536
8.6144	550
8.623916667	566
8.6337	571
8.64345	587
8.65265	585
8.661666667	552
8.670966667	541
8.680516667	558
8.690016667	573
8.6992	570
8.70845	551
8.717833333	555
8.727416667	563
8.737516667	575
8.747716667	606
8.757166667	612
8.766583333	567
8.776316667	565
8.785883333	584
8.795466667	574
8.804883333	575
8.81385	565
8.8229	538
8.832016667	543
8.8411	547
8.850533333	545
8.86	566
8.869133333	568
8.878633333	548
8.88865	570
8.898866667	601
8.90925	613
8.919033333	623
8.928716667	587
8.938766667	581
8.949033333	603
8.959433333	616
8.969133333	624
8.9784	582
8.98765	556
8.99665	555
9.0058	540
9.015433333	549
9.025033333	578
9.0341	576
9.0432	544
9.05245	546
9.061866667	555
9.071516667	565
9.08045	579
9.0893	536
9.098266667	531
9.107266667	538
9.116366667	540
9.125116667	546
9.133666667	525
9.14215	513
9.150566667	509
9.158983333	505
9.1675	505
9.17615	511
9.18485	519
9.19325	522
9.20155	504
9.20975	498
9.217933333	492
9.226166667	491
9.23445	494
9.242933333	497
9.251366667	509
9.2598	506
9.268016667	506
9.276233333	493
9.284416667	493
9.292583333	491
9.300816667	490
9.308933333	494
9.316966667	487
9.324966667	482
9.333016667	480
9.341216667	483
9.349283333	492
9.35735	484
9.365483333	484
9.373683333	488
9.38175	492
9.389766667	484
9.397633333	481
9.4056	472
9.413616667	478
9.421766667	481
9.430033333	489
9.438133333	496
9.446266667	486
9.4545	488
9.462716667	494
9.470916667	493
9.478966667	492
9.486983333	483
9.495133333	481
9.5033	489
9.511533333	490
9.519566667	494
9.527533333	482
9.535483333	478
9.54345	477
9.551433333	478
9.5595	479
9.567616667	484
9.575633333	487
9.583566667	481
9.591583333	476
9.599616667	481
9.607616667	482
9.61575	480
9.623616667	488
9.631483333	472
9.63925	472
9.646916667	466
9.654533333	460
9.6622	457
9.6701	460
9.678316667	474
9.686516667	493
9.694933333	492
9.70355	505
9.71205	517
9.720583333	510
9.7288	512
9.737	493
9.74495	492
9.7529	477
9.761	477
9.769	486
9.776916667	480
9.784733333	475
9.792466667	469
9.8002	464
9.807916667	464
9.815566667	463
9.823433333	459
9.831283333	472
9.83925	471
9.84725	478
9.855333333	480
9.863116667	485
9.87085	467
9.878583333	464
9.886266667	464
9.894033333	461
9.901833333	466
9.909683333	468
9.917583333	471
9.92525	474
9.9329	460
9.940483333	459
9.94805	455
9.955633333	454
9.963266667	455
9.971016667	458
9.978783333	465
9.986583333	466
9.9942	468
10.00176667	457
10.0093	454
10.01688333	452
10.02451667	455
10.03213333	458
10.03981667	457
10.04743333	461
10.05498333	457
10.06241667	453
10.06981667	446
10.07723333	444
10.0847	445
10.09225	448
10.09983333	453
10.10725	455
10.1146	445
10.12193333	441
10.12926667	440
10.13663333	440
10.14403333	442
10.15141667	444
10.1589	443
10.1663	449
10.1737	444
10.18108333	444
10.1884	443
10.1957	439
10.20296667	438
10.21018333	436
10.21733333	433
10.22441667	429
10.23151667	425
10.23868333	426
10.24588333	430
10.25318333	432
10.26056667	438
10.26806667	443
10.27546667	450
10.28291667	444
10.29026667	447
10.29756667	441
10.30493333	438
10.31233333	442
10.31973333	444
10.32721667	444
10.33458333	449
10.3419	442
10.34916667	439
10.35645	436
10.36375	437
10.37113333	438
10.37868333	443
10.38625	453
10.39386667	454
10.40125	457
10.40865	443
10.41611667	444
10.42366667	448
10.4313	453
10.43905	458
10.44668333	465
10.45423333	458
10.46173333	453
10.46915	450
10.4766	445
10.48406667	447
10.49158333	448
10.49925	451
10.50691667	460
10.51461667	460
10.52226667	462
10.5297	459
10.53718333	446
10.5446	449
10.55206667	445
10.55948333	448
10.56693333	445
10.57441667	447
10.58176667	449
10.58906667	441
10.59633333	438
10.60363333	436
10.61093333	438
10.61835	438
10.62593333	445
10.63363333	455
10.6411	462
10.64855	448
10.65591667	447
10.6633	442
10.67075	443
10.67833333	447
10.68611667	455
10.69403333	467
10.70185	475
10.70948333	469
10.71713333	458
10.72485	459
10.73256667	463
10.74025	463
10.74783333	461
10.75523333	455
10.76256667	444
10.76978333	440
10.77703333	433
10.78428333	435
10.79161667	435
10.79915	440
10.80673333	452
10.8144	455
10.82198333	460
10.82946667	455
10.83686667	449
10.84423333	444
10.85163333	442
10.85906667	444
10.86666667	446
10.87431667	456
10.88205	459
10.88971667	464
10.89723333	460
10.9047	451
10.91206667	448
10.91943333	442
10.92676667	442
10.93415	440
10.94156667	443
10.94908333	445
10.95653333	451
10.96398333	447
10.97135	447
10.9787	442
10.986	441
10.9933	438
11.00043333	438
11.00751667	428
11.01451667	425
11.0215	420
11.02838333	419
11.03535	413
11.04238333	418
11.0496	422
11.05706667	433
11.06448333	448
11.07205	445
11.07961667	454
11.08706667	454
11.09451667	447
11.10176667	447
11.10906667	435
11.11626667	438
11.12341667	432
11.13056667	429
11.13775	429
11.145	431
11.15226667	435
11.15961667	436
11.16688333	441
11.1741	436
11.18128333	433
11.18841667	431
11.19556667	428
11.20268333	429
11.20983333	427
11.21711667	429
11.22445	437
11.23178333	440
11.23905	440
11.24628333	436
11.25346667	434
11.26056667	431
11.26765	426
11.27478333	425
11.28208333	428
11.28941667	438
11.29696667	440
11.3046	453
11.31221667	458
11.3197	457
11.32708333	449
11.33445	443
11.3418	442
11.34896667	441
11.3562	430
11.36343333	434
11.37078333	434
11.3783	441
11.38596667	451
11.39361667	460
11.40106667	459
11.40851667	447
11.41588333	447
11.42315	442
11.43036667	436
11.43758333	433
11.44486667	433
11.45231667	437
11.45985	447
11.46741667	452
11.47491667	454
11.48223333	450
11.48955	439
11.49683333	439
11.50405	437
11.51116667	433
11.51831667	427
11.52553333	429
11.53286667	433
11.54028333	440
11.54788333	445
11.55551667	456
11.56325	458
11.57086667	464
11.57836667	457
11.58581667	450
11.5932	447
11.60056667	443
11.60791667	442
11.61526667	441
11.62266667	441
11.63006667	444
11.63736667	444
11.64461667	438
11.65176667	435
11.65888333	429
11.66596667	427
11.67305	425
11.68026667	425
11.6876	433
11.69515	440
11.7026	453
11.71001667	447
11.71751667	445
11.72495	450
11.7323	446
11.73963333	441
11.74675	440
11.75386667	427
11.7609	427
11.76786667	422
11.77476667	418
11.7817	414
11.78873333	416
11.79585	422
11.80303333	427
11.8103	431
11.81756667	436
11.82471667	436
11.83186667	429
11.83896667	429
11.84606667	426
11.85311667	426
11.86023333	423
11.8674	427
11.87473333	430
11.88226667	440
11.88983333	452
11.89748333	454
11.90501667	459
11.91253333	452
11.91993333	451
11.92721667	444
11.93443333	437
11.94156667	433
11.94868333	428
11.95581667	427
11.96301667	428
11.9703	432
11.97755	437
11.9849	435
11.99223333	441
11.99956667	440
12.0068	440
12.01401667	434
12.0212	433
12.0284	431
12.03558333	432
12.04283333	431
12.05033333	435
12.05788333	450
12.06526667	453
12.0726	443
12.07993333	440
12.08728333	440
12.09468333	441
12.10203333	444
12.10945	441
12.11706667	445
12.12461667	457
12.13203333	453
12.13943333	445
12.14676667	444
12.15401667	440
12.16118333	435
12.16836667	430
12.17555	431
12.18285	431
12.19015	438
12.19756667	438
12.20498333	445
12.21245	445
12.21976667	448
12.22708333	439
12.23431667	439
12.24153333	434
12.24871667	433
12.25593333	431
12.26318333	433
12.27068333	435
12.27845	450
12.28596667	466
12.29346667	451
12.30096667	450
12.30838333	450
12.31581667	445
12.32326667	446
12.33071667	447
12.33833333	447
12.34588333	457
12.35341667	453
12.36081667	452
12.36816667	444
12.37538333	441
12.38246667	433
12.38958333	425
12.3967	427
12.40388333	427
12.41116667	431
12.41841667	437
12.42576667	435
12.43311667	441
12.44028333	441
12.4475	430
12.45461667	433
12.46171667	427
12.46885	426
12.47603333	428
12.48333333	431
12.49066667	438
12.49801667	440
12.5054	441
12.51275	443
12.52008333	441
12.52738333	440
12.53463333	438
12.5417	435
12.54873333	424
12.5557	422
12.5626	418
12.56938333	414
12.57623333	407
12.58305	411
12.59005	409
12.59713333	420
12.6042	425
12.61135	424
12.61851667	429
12.62566667	430
12.63288333	429
12.64006667	433
12.64723333	431
12.65433333	430
12.6614	426
12.66845	424
12.67558333	423
12.6828	428
12.69005	433
12.69746667	435
12.70481667	445
12.71221667	441
12.71953333	444
12.72676667	439
12.73391667	434
12.74101667	429
12.74805	426
12.75505	422
12.76203333	420
12.76911667	419
12.7762	425
12.78343333	425
12.79068333	434
12.79795	435
12.80511667	436
12.81228333	430
12.81938333	430
12.82648333	426
12.83356667	426
12.8407	425
12.84791667	428
12.85521667	433
12.86248333	438
12.86983333	436
12.87723333	441
12.88453333	444
12.89176667	438
12.89895	434
12.90605	431
12.91305	426
12.92005	420
12.92706667	420
12.93411667	421
12.94121667	423
12.94845	426
12.95568333	434
12.96288333	434
12.97011667	432
12.97731667	434
12.98443333	432
12.99151667	427
12.99855	425
13.00553333	422
13.01251667	419
13.0196	419
13.02668333	425
13.03395	425
13.04121667	436
13.04856667	436
13.0559	441
13.0633	440
13.07053333	444
13.07775	434
13.08491667	433
13.09196667	430
13.09901667	423
13.10605	423
13.1132	422
13.12046667	429
13.12785	436
13.13531667	443
13.1427	448
13.15001667	443
13.15726667	439
13.16451667	435
13.17156667	435
13.17855	423
13.18546667	419
13.19228333	415
13.19908333	409
13.20595	408
13.21293333	412
13.21998333	419
13.22716667	423
13.23436667	431
13.2415	432
13.24866667	428
13.25571667	430
13.26276667	423
13.26978333	423
13.27678333	421
13.28385	420
13.29093333	424
13.2981	425
13.3054	430
13.3125	438
13.3196	426
13.32666667	426
13.33375	424
13.34083333	425
13.3479	425
13.35498333	424
13.36218333	425
13.36936667	432
13.37646667	431
13.38351667	426
13.39056667	423
13.39763333	423
13.40475	424
13.41201667	427
13.41935	436
13.42676667	440
13.43405	445
13.44128333	437
13.44845	434
13.45553333	430
13.4627	425
13.46985	430
13.47713333	429
13.48455	437
13.49196667	445
13.49948333	445
13.50698333	451
13.51436667	450
13.52161667	443
13.52881667	435
13.53593333	432
13.54295	427
13.54991667	421
13.55688333	418
13.56385	418
13.57096667	418
13.57821667	427
13.58548333	435
13.59276667	436
13.60001667	437
13.60715	435
13.61426667	428
13.62136667	427
13.6284	426
13.63551667	422
13.64271667	427
13.65005	432
13.65738333	440
13.6647	440
13.67198333	439
13.67913333	437
13.68626667	429
13.69328333	428
13.70028333	421
13.70726667	420
13.71428333	419
13.72135	421
13.72851667	424
13.73573333	430
13.74281667	433
13.74996667	425
13.757	429
13.7641	422
13.77105	426
13.77795	417
13.78481667	414
13.79165	412
13.79845	410
13.80526667	408
13.81213333	409
13.81905	412
13.82608333	415
13.8331	422
13.84025	421
13.84738333	429
13.85441667	428
13.86138333	422
13.86836667	418
13.87535	419
13.88235	419
13.88936667	420
13.8964	421
13.90346667	422
13.91045	424
13.9175	419
13.92441667	423
13.93131667	415
13.93811667	414
13.94496667	408
13.95181667	411
13.95875	411
13.9657	416
13.97273333	417
13.97983333	422
13.98681667	426
13.99376667	419
14.0007	417
14.00765	416
14.01468333	417
14.02171667	422
14.02885	422
14.03598333	428
14.04316667	428
14.0502	431
14.05723333	422
14.06421667	422
14.07121667	419
14.0782	420
14.08516667	419
14.09215	418
14.09913333	419
14.10618333	419
14.11313333	423
14.12001667	417
14.12688333	413
14.13381667	412
14.14075	416
14.14781667	416
14.1549	424
14.16201667	425
14.17615	427
14.18313333	0
14.1901	419
14.19706667	418
14.20406667	418
14.2111	420
14.21823333	422
14.22538333	428
14.23256667	429
14.23975	431
14.24683333	431
14.25385	425
14.26076667	421
14.26768333	415
14.27461667	415
14.28153333	416
14.28851667	415
14.2956	419
14.30261667	425
14.3097	421
14.31673333	425
14.3238	422
14.33083333	424
14.33788333	422
14.34478333	423
14.35166667	414
14.35848333	413
14.36518333	409
14.37198333	402
14.3788	408
14.38568333	409
14.39256667	413
14.39955	413
14.40653333	419
14.4136	419
14.42063333	424
14.42763333	422
14.43463333	420
14.44156667	420
14.4485	416
14.45543333	416
14.46236667	416
14.46931667	416
14.4764	417
14.48351667	425
14.49068333	427
14.49791667	430
14.50511667	434
14.51221667	432
14.51928333	426
14.52628333	424
14.53321667	420
14.54015	416
14.54705	416
14.55398333	414
14.56101667	416
14.56811667	422
14.57533333	426
14.58251667	433
14.58975	431
14.59691667	434
14.604	430
14.61101667	425
14.61801667	421
14.62491667	420
14.63185	414
14.6388	416
14.64583333	417
14.6529	422
14.66006667	424
14.66715	430
14.67423333	425
14.68128333	425
14.68825	423
14.69523333	418
14.7021	419
14.70895	412
14.71578333	411
14.72263333	410
14.72946667	411
14.73636667	410
14.7433	414
14.75028333	416
14.75726667	419
14.76425	419
14.77118333	419
14.77808333	416
14.78491667	414
14.79178333	410
14.79851667	412
14.80526667	404
14.81205	405
14.81893333	407
14.82583333	413
14.83271667	414
14.8397	413
14.84663333	419
14.85351667	416
14.86036667	413
14.86716667	411
14.87395	408
14.88073333	407
14.8875	407
14.89433333	406
14.90115	410
14.90803333	409
14.9149	413
14.92173333	412
14.9285	410
14.9353	406
14.9421	408
14.9488	408
14.95546667	402
14.96215	400
14.9688	401
14.97538333	399
14.98198333	395
14.98865	396
14.99536667	400
15.00206667	403
15.00881667	402
15.01555	405
15.02226667	404
15.02895	403
15.03571667	401
15.0425	406
15.0494	407
15.05626667	414
15.06313333	412
15.06995	412
15.07675	409
15.08353333	408
15.09035	407
15.09723333	409
15.10416667	413
15.11115	416
15.11818333	419
15.12515	422
15.1321	418
15.13901667	417
15.14596667	415
15.15296667	417
15.15995	420
15.16701667	419
15.17401667	424
15.18101667	420
15.18791667	420
15.1948	414
15.20166667	413
15.20853333	412
15.21541667	412
15.22231667	413
15.2293	414
15.23631667	419
15.24331667	421
15.2502	420
15.25708333	413
15.26403333	413
15.271	417
15.278	418
15.285	420
15.292	420
15.29895	420
15.3058	417
15.31273333	411
15.31965	416
15.32661667	415
15.33361667	418
15.34063333	420
15.34775	421
15.35478333	427
15.36175	422
15.36868333	418
15.37551667	416
15.38246667	410
15.38938333	417
15.39631667	415
15.40333333	416
15.41031667	421
15.41735	419
15.42426667	422
15.43116667	415
15.43803333	414
15.44493333	412
15.45185	414
15.45885	415
15.46596667	420
15.47311667	427
15.48016667	429
15.48713333	423
15.4941	418
15.5011	418
15.50816667	420
15.51525	424
15.52236667	425
15.52951667	427
15.53655	429
15.54353333	422
15.55051667	419
15.55745	419
15.56441667	416
15.57135	418
15.5783	416
15.58531667	417
15.5922	421
15.59906667	413
15.60593333	412
15.6128	412
15.61966667	412
15.62658333	412
15.6335	415
15.6405	415
15.64751667	420
15.65448333	421
15.66138333	418
15.66828333	414
15.67521667	414
15.68213333	416
15.68908333	415
15.69605	417
15.70303333	418
15.7099	419
15.71676667	412
15.72361667	412
15.73045	411
15.73731667	410
15.74416667	412
15.75105	411
15.75791667	413
15.76478333	412
15.77158333	412
15.7784	408
15.78516667	409
15.792	406
15.79883333	410
15.8057	410
15.81258333	412
15.81943333	413
15.82625	411
15.83301667	409
15.83976667	406
15.8465	405
15.8533	404
15.86013333	408
15.86695	410
15.8739	409
15.88086667	417
15.88771667	418
15.89453333	411
15.90126667	409
15.90806667	404
15.91485	408
15.92161667	407
15.92841667	406
15.93523333	408
15.94208333	409
15.94891667	411
15.95575	410
15.96261667	410
15.96945	412
15.97613333	410
15.98288333	401
15.98951667	405
15.99615	398
16.0027	398
16.00921667	393
16.01575	391
16.0223	392
16.0289	393
16.03553333	396
16.04223333	398
16.04898333	402
16.0557	405
16.06235	403
16.06898333	399
16.07561667	398
16.08223333	398
16.08885	397
16.09553333	397
16.10221667	401
16.10903333	401
16.11585	409
16.12266667	409
16.12943333	409
16.13621667	406
16.14296667	407
16.14968333	405
16.15636667	403
16.16301667	401
16.1696	399
16.17623333	395
16.18286667	398
16.18951667	398
16.19623333	399
16.20293333	403
16.20965	402
16.21635	403
16.22305	402
16.22968333	402
16.2363	398
16.24286667	397
16.24948333	394
16.25605	397
16.2627	394
16.26938333	399
16.27608333	401
16.28283333	402
16.28958333	405
16.29628333	405
16.30296667	402
16.30968333	401
16.31633333	403
16.32296667	399
16.3296	398
16.33621667	398
16.34281667	397
16.34943333	396
16.35605	397
16.36268333	397
16.36936667	398
16.37608333	401
16.3828	403
16.38953333	403
16.39618333	404
16.40285	399
16.40946667	400
16.41601667	397
16.42253333	393
16.42905	391
16.43555	391
16.44211667	390
16.44878333	394
16.45545	400
16.46218333	400
16.46893333	404
16.47571667	405
16.4825	407
16.48928333	407
16.49598333	407
16.50266667	402
16.50931667	401
16.51591667	399
16.5225	396
16.52908333	395
16.53571667	395
16.54241667	398
16.54913333	402
16.55596667	403
16.56276667	410
16.56953333	408
16.57628333	406
16.58298333	405
16.58971667	402
16.59631667	404
16.60288333	396
16.60943333	394
16.6159	393
16.62241667	388
16.62895	391
16.63553333	392
16.6422	395
16.64883333	400
16.6555	398
16.66213333	400
16.66875	398
16.67536667	397
16.68188333	397
16.6884	391
16.69486667	391
16.70136667	388
16.70781667	390
16.7143	387
16.72086667	389
16.72745	394
16.73411667	395
16.7408	400
16.7475	401
16.75423333	402
16.76095	404
16.76771667	403
16.77443333	406
16.78113333	403
16.78781667	402
16.79445	401
16.80103333	398
16.80766667	395
16.81428333	398
16.82098333	397
16.8277	402
16.83443333	403
16.84118333	404
16.8479	405
16.85461667	403
16.86131667	403
16.868	402
16.87466667	401
16.88136667	400
16.88806667	402
16.89481667	402
16.9016	405
16.90841667	407
16.91528333	409
16.92208333	412
16.92883333	408
16.93555	405
16.94223333	403
16.94885	401
16.95546667	397
16.96206667	397
16.96873333	396
16.9754	400
16.98211667	400
16.98885	403
16.99561667	404
17.00236667	406
17.00905	405
17.01571667	401
17.02233333	400
17.0289	397
17.03545	394
17.04195	393
17.0485	390
17.05506667	393
17.0617	394
17.06835	398
17.07503333	399
17.0817	401
17.08831667	400
17.09493333	397
17.10156667	397
17.1082	398
17.11486667	398
17.12156667	400
17.12828333	402
17.13505	403
17.14181667	406
17.1485	406
17.15515	401
17.16176667	399
17.16838333	397
17.17503333	397
17.18166667	399
17.1883	398
17.195	398
17.20168333	402
17.20833333	401
17.21496667	399
17.22161667	398
17.22828333	399
17.23495	400
17.24168333	400
17.24846667	404
17.25526667	407
17.26203333	408
17.26878333	406
17.27548333	405
17.28221667	402
17.28901667	404
17.2958	408
17.30265	407
17.30953333	411
17.31636667	413
17.32323333	410
17.3301	412
17.3369	412
17.34375	408
17.35045	411
17.35706667	402
17.36371667	397
17.37023333	399
17.37676667	391
17.38333333	392
17.38991667	394
17.39656667	395
17.40323333	399
17.40991667	400
17.41658333	401
17.4232	400
17.42978333	397
17.43643333	395
17.44305	399
17.44973333	397
17.4565	401
17.46326667	406
17.47008333	406
17.47691667	409
17.48376667	410
17.49063333	411
17.49741667	412
17.50423333	407
17.5109	409
17.51756667	400
17.52418333	400
17.53073333	397
17.53723333	393
17.54381667	390
17.55036667	395
17.55701667	393
17.56365	399
17.5703	398
17.57696667	399
17.58358333	400
17.59023333	397
17.59686667	399
17.6034	398
17.61	392
17.61656667	396
17.6231	394
17.6297	392
17.63636667	396
17.643	400
17.64966667	398
17.65636667	400
17.66313333	402
17.66981667	406
17.67648333	401
17.68313333	400
17.68976667	399
17.69638333	398
17.70298333	397
17.70956667	396
17.7162	395
17.72286667	398
17.72956667	400
17.73628333	402
17.74303333	403
17.74981667	405
17.7566	407
17.76338333	407
17.77021667	407
17.77685	410
17.78345	398
17.79003333	396
17.79655	395
17.80308333	391
17.80961667	392
17.8161	392
17.82268333	389
17.82923333	395
17.8358	393
17.84233333	394
17.84891667	392
17.85551667	395
17.86213333	396
17.86866667	397
17.8752	392
17.88175	392
17.88826667	393
17.89481667	391
17.9014	393
17.90805	395
17.91473333	399
17.92141667	401
17.92815	401
17.93485	404
17.94158333	402
17.94818333	404
17.95478333	396
17.96133333	396
17.96785	393
17.97435	391
17.98086667	390
17.98741667	391
17.99403333	393
18.00063333	397
18.00723333	396
18.01381667	396
18.02033333	395
18.02695	391
18.03351667	397
18.04006667	394
18.04661667	393
18.05313333	393
18.05968333	391
18.06625	393
18.07288333	394
18.07958333	398
18.0863	402
18.09301667	403
18.0998	403
18.10656667	407
18.11333333	406
18.12008333	406
18.1268	405
18.13346667	403
18.1401	400
18.14666667	398
18.15326667	394
18.15986667	396
18.16646667	396
18.17308333	396
18.17975	397
18.18646667	400
18.19318333	403
18.19993333	403
18.20663333	405
18.21328333	402
18.21988333	399
18.22645	396
18.23301667	394
18.23958333	394
18.2462	394
18.25288333	397
18.25961667	401
18.2664	404
18.27323333	407
18.28006667	410
18.28691667	410
18.29368333	411
18.30043333	406
18.30711667	405
18.31371667	401
18.32028333	396
18.32683333	394
18.33338333	393
18.33995	393
18.34656667	394
18.3532	397
18.35988333	398
18.36653333	401
18.37313333	399
18.37976667	396
18.38631667	398
18.39286667	393
18.3994	393
18.40591667	392
18.41248333	391
18.41908333	394
18.42571667	396
18.43246667	398
18.43921667	405
18.446	405
18.4527	407
18.45943333	402
18.4661	404
18.47278333	400
18.47936667	401
18.4859	395
18.49248333	392
18.49905	395
18.5056	394
18.5122	393
18.51881667	396
18.5254	397
18.53205	395
18.5387	399
18.54528333	399
18.552	395
18.55868333	403
18.5653	401
18.57188333	397
18.57843333	395
18.58501667	393
18.59156667	395
18.59818333	393
18.60476667	397
18.61138333	395
18.6181	397
18.62476667	403
18.63141667	400
18.63808333	399
18.64475	400
18.6514	400
18.65801667	399
18.66465	397
18.6712	398
18.67768333	393
18.68423333	389
18.69083333	393
18.69743333	396
18.70405	396
18.71076667	397
18.71751667	403
18.72431667	405
18.73108333	408
18.73781667	406
18.74451667	404
18.75118333	402
18.75778333	400
18.7644	396
18.77096667	397
18.77758333	394
18.7842	397
18.79088333	397
18.79755	401
18.80428333	400
18.81101667	404
18.81771667	404
18.82445	402
18.83115	404
18.83788333	402
18.84453333	404
18.85123333	399
18.85795	402
18.86468333	403
18.87141667	404
18.8782	404
18.88506667	407
18.89193333	412
18.89875	412
18.90565	409
18.91245	414
18.91923333	408
18.92595	407
18.93261667	403
18.93921667	400
18.94583333	396
18.95245	397
18.9591	397
18.96578333	399
18.9725	401
18.97935	403
18.9861	411
18.99291667	405
18.99961667	409
19.0064	402
19.01315	407
19.01991667	405
19.02666667	406
19.03346667	405
19.04028333	408
19.04713333	409
19.05395	411
19.06078333	409
19.06755	410
19.07428333	406
19.08098333	404
19.08758333	402
19.09426667	396
19.10091667	401
19.1076	399
19.1143	401
19.121	402
19.12771667	402
19.1345	403
19.14123333	407
19.14795	404
19.15465	403
19.16136667	402
19.16808333	403
19.17481667	403
19.18155	404
19.18833333	404
19.19506667	407
19.20176667	404
19.20843333	402
19.21508333	400
19.22175	399
19.22841667	400
19.23508333	400
19.2418	400
19.24858333	403
19.25541667	407
19.26226667	410
19.26915	411
19.27603333	413
19.28283333	413
19.2896	408
19.29631667	406
19.30301667	403
19.30966667	402
19.31633333	399
19.323	400
19.3297	400
19.33648333	402
19.34333333	407
19.3501	411
19.35695	406
19.36376667	411
19.37055	409
19.37731667	407
19.38408333	406
19.39083333	406
19.39756667	405
19.40433333	404
19.41111667	406
19.41791667	407
19.4248	408
19.4316	413
19.4384	408
19.44521667	408
19.452	409
19.45868333	407
19.46536667	401
19.47205	401
19.4786	401
19.48516667	393
19.49171667	394
19.49831667	393
19.5049	396
19.51155	395
19.51821667	399
19.52491667	400
19.53165	402
19.53835	404
19.54498333	402
19.5517	398
19.55833333	403
19.56506667	398
19.57181667	404
19.57858333	405
19.58545	406
19.59231667	412
19.59926667	412
19.6062	417
19.61308333	416
19.61991667	413
19.62673333	410
19.63355	409
19.64035	409
19.64715	408
19.65391667	408
19.66075	406
19.66751667	410
19.67425	406
19.68098333	404
19.68766667	404
19.6944	401
19.70111667	404
19.70786667	403
19.71465	405
19.72143333	407
19.72821667	407
19.73505	407
19.74185	410
19.7486	408
19.75526667	405
19.7619	400
19.77501667	398
19.78158333	0
19.78813333	394
19.79475	393
19.80141667	397
19.80811667	400
19.81483333	402
19.8215	403
19.82815	400
19.83483333	399
19.84156667	401
19.8483	404
19.85508333	404
19.86183333	407
19.8687	405
19.87541667	412
19.88215	403
19.88885	404
19.89558333	402
19.90228333	404
19.90901667	402
19.91575	404
19.92258333	404
19.92943333	410
19.93626667	411
19.94308333	410
19.94985	409
19.95663333	406
19.96341667	407
19.9702	407
19.97703333	407
19.98393333	410
19.99086667	414
19.9978	416
20.0047	416
20.01166667	414
20.01866667	418
20.02566667	420
20.0328	420
20.03995	428
20.047	429
20.05413333	423
20.06126667	428
20.06848333	428
20.07578333	433
20.08316667	438
20.0905	443
20.0977	440
20.10495	432
20.11216667	435
20.1194	433
20.1267	434
20.13415	438
20.14171667	447
20.14916667	454
20.15655	447
20.16405	443
20.17153333	450
20.17916667	449
20.18708333	458
20.19498333	475
20.20258333	474
20.21016667	456
20.21766667	455
20.22516667	450
20.2327	450
20.24035	452
20.24815	459
20.25605	468
20.26413333	474
20.2721	485
20.27988333	478
20.28763333	467
20.29536667	465
20.30316667	464
20.3112	468
20.31933333	482
20.32775	488
20.33631667	505
20.3449	514
20.3536	515
20.36193333	522
20.36995	500
20.37791667	481
20.3858	478
20.39363333	473
20.40175	470
20.41015	487
20.41893333	504
20.4279	527
20.4368	538
20.44558333	534
20.4538	527
20.46185	493
20.46981667	483
20.47771667	478
20.48583333	474
20.49436667	487
20.50336667	512
20.5131	540
20.52305	584
20.53296667	597
20.5424	595
20.55118333	566
20.55978333	527
20.56821667	516
20.57671667	506
20.5849	510
20.59298333	491
20.60105	485
20.60923333	484
20.6173	491
20.62545	484
20.63378333	489
20.64243333	500
20.65098333	519
20.65945	513
20.66785	508
20.67636667	504
20.68521667	511
20.69396667	531
20.70238333	525
20.71085	505
20.71928333	508
20.72776667	506
20.73623333	509
20.74476667	508
20.75305	512
20.76133333	497
20.76948333	497
20.77775	489
20.78578333	496
20.79383333	482
20.8018	483
20.80981667	478
20.81786667	481
20.82601667	483
20.83403333	489
20.84203333	481
20.85003333	480
20.85813333	480
20.86626667	486
20.87425	488
20.88223333	479
20.89023333	479
20.89833333	480
20.90646667	486
20.9148	488
20.92305	500
20.9312	495
20.93933333	489
20.94778333	488
20.9563	507
20.9649	511
20.97346667	516
20.98176667	514
20.99006667	498
20.99838333	498
21.00675	499
21.01523333	502
21.02351667	509
21.03185	497
21.04025	500
21.04861667	504
21.0571	502
21.06568333	509
21.07393333	515
21.08228333	495
21.09068333	501
21.0992	504
21.10786667	511
21.11633333	520
21.12478333	508
21.13315	507
21.14173333	502
21.14996667	515
21.15828333	494
21.16641667	499
21.17461667	488
21.1828	492
21.19081667	491
21.19878333	481
21.2066	478
21.21443333	469
21.22225	470
21.2302	469
21.23823333	477
21.24645	482
21.25455	493
21.26266667	486
21.27071667	487
21.27888333	483
21.28696667	490
21.29515	485
21.30338333	491
21.31191667	494
21.32055	512
21.32925	518
21.33765	522
21.34608333	504
21.35445	506
21.36296667	502
21.37141667	511
21.37986667	507
21.3884	507
21.39695	512
21.40545	513
21.41373333	510
21.42205	497
21.43028333	499
21.43848333	494
21.44676667	492
21.45518333	497
21.4636	505
21.4719	505
21.48018333	498
21.48845	497
21.49673333	496
21.50516667	497
21.51361667	506
21.52186667	507
21.53015	495
21.53851667	497
21.547	502
21.55566667	509
21.56441667	520
21.57303333	525
21.58161667	517
21.59018333	515
21.59871667	514
21.6072	512
21.6157	509
21.62406667	510
21.6325	502
21.64093333	506
21.6493	506
21.65765	502
21.66581667	501
21.67386667	490
21.68191667	483
21.6898	483
21.69758333	473
21.70533333	467
21.71305	465
21.72105	463
21.72918333	480
21.7377	488
21.74651667	511
21.75541667	529
21.76448333	534
21.77351667	544
21.78225	542
21.79083333	524
21.7995	515
21.80821667	520
21.81693333	523
21.82575	523
21.83446667	529
21.84303333	523
21.85161667	514
21.86021667	515
21.86881667	516
21.87745	516
21.88613333	518
21.89441667	521
21.9029	497
21.91115	509
21.91918333	495
21.92711667	482
21.93516667	476
21.94338333	483
21.95166667	493
21.96011667	497
21.96853333	507
21.9769	505
21.98526667	502
21.99356667	502
22.00176667	498
22.00988333	492
22.01798333	487
22.02623333	486
22.03503333	495
22.04453333	528
22.05388333	570
22.06283333	561
22.07178333	537
22.08113333	537
22.09101667	561
22.10098333	593
22.11086667	598
22.1202	593
22.12931667	560
22.1381	547
22.14698333	527
22.15573333	533
22.16453333	525
22.17338333	528
22.18193333	531
22.19053333	513
22.19903333	516
22.2075	510
22.216	508
22.22461667	510
22.23318333	517
22.24185	514
22.25063333	520
22.25966667	527
22.2688	542
22.27785	548
22.28671667	543
22.29556667	532
22.30435	531
22.31308333	527
22.32173333	524
22.33028333	519
22.33901667	513
22.34786667	524
22.35686667	531
22.366	540
22.37518333	548
22.38433333	551
22.39331667	549
22.40203333	539
22.41063333	523
22.41911667	516
22.42748333	509
22.43573333	502
22.44381667	495
22.45193333	485
22.45976667	487
22.46786667	470
22.47588333	486
22.48406667	481
22.49255	491
22.5012	509
22.50996667	519
22.51881667	526
22.52776667	531
22.53686667	537
22.54605	546
22.55516667	551
22.56426667	547
22.57326667	546
22.58216667	540
22.5911	534
22.6001	536
22.60918333	540
22.61831667	545
22.62743333	548
22.63645	547
22.64546667	541
22.6543	541
22.66333333	530
22.6722	542
22.68125	532
22.69038333	543
22.69951667	548
22.7086	548
22.71736667	545
22.72605	526
22.7347	521
22.74338333	519
22.7523	521
22.76151667	535
22.77076667	553
22.78013333	555
22.78948333	562
22.79878333	561
22.80781667	558
22.8167	542
22.82543333	533
22.83401667	524
22.8426	515
22.85133333	515
22.86016667	524
22.869	530
22.8776	530
22.88623333	516
22.89493333	518
22.90371667	522
22.91235	527
22.92103333	518
22.92973333	521
22.93863333	522
22.94766667	534
22.95681667	542
22.96595	549
22.97505	548
22.98418333	546
22.9932	548
23.00215	541
23.01106667	537
23.01985	535
23.02821667	527
23.03676667	502
23.04521667	513
23.05366667	507
23.06221667	507
23.07095	513
23.0795	524
23.08788333	513
23.09621667	503
23.10466667	500
23.11323333	507
23.12161667	514
23.13016667	503
23.13861667	513
23.1468	507
23.15523333	491
23.16396667	506
23.17298333	524
23.18155	541
23.19013333	514
23.19878333	515
23.2076	519
23.21668333	529
23.22558333	545
23.23428333	534
23.24293333	522
23.25175	519
23.2607	529
23.27013333	537
23.27996667	566
23.2899	590
23.2997	596
23.3093	588
23.31866667	576
23.32791667	562
23.33701667	555
23.3459	546
23.35461667	533
23.36311667	523
23.3715	510
23.37983333	503
23.38815	500
23.39666667	499
23.40528333	511
23.41413333	517
23.4232	531
23.43225	544
23.44135	543
23.45063333	546
23.46028333	557
23.4701	579
23.47986667	589
23.48948333	586
23.49891667	577
23.50803333	566
23.5169	547
23.52558333	532
23.53426667	521
23.5431	521
23.55215	530
23.56128333	543
23.57046667	548
23.57933333	551
23.58828333	532
23.59738333	537
23.60678333	546
23.61665	564
23.6268	592
23.637	609
23.64698333	612
23.65683333	599
23.66653333	591
23.67606667	582
23.68556667	572
23.69496667	570
23.70435	564
23.7136	563
23.72243333	555
23.73141667	530
23.74025	539
23.74918333	530
23.75866667	536
23.76868333	569
23.77825	601
23.78763333	574
23.79715	563
23.80681667	571
23.8167	580
23.82666667	593
23.83658333	598
23.84613333	595
23.85571667	573
23.86523333	575
23.87473333	571
23.88416667	570
23.89341667	566
23.90256667	555
23.91171667	549
23.92091667	549
23.93031667	552
23.93986667	564
23.94955	573
23.95908333	581
23.96876667	572
23.9785	581
23.98838333	584
23.99833333	593
24.0083	597
24.01825	598
24.02788333	597
24.03721667	578
24.04653333	560
24.05578333	559
24.0652	555
24.07493333	565
24.08488333	584
24.09498333	597
24.10473333	606
24.11445	585
24.1242	583
24.1341	585
24.14398333	594
24.15381667	593
24.1633	590
24.1728	569
24.18226667	570
24.19193333	568
24.2018	580
24.21185	592
24.22178333	603
24.23128333	596
24.24051667	570
24.24971667	554
24.25876667	552
24.26761667	543
24.27633333	531
24.28505	523
24.29373333	523
24.3025	521
24.3114	526
24.32033333	534
24.32926667	536
24.33811667	536
24.34701667	531
24.35598333	534
24.365	538
24.37413333	541
24.38323333	548
24.39221667	546
24.4012	539
24.41035	539
24.41953333	549
24.42885	551
24.43826667	559
24.44748333	565
24.45675	553
24.46603333	556
24.47535	557
24.4847	559
24.49376667	561
24.50286667	544
24.51191667	546
24.521	543
24.53016667	545
24.53935	550
24.54838333	551
24.55738333	542
24.56646667	540
24.57551667	545
24.58433333	543
24.59318333	529
24.602	531
24.61076667	529
24.61948333	526
24.62815	523
24.63665	520
24.645	510
24.6532	501
24.66128333	492
24.66938333	485
24.6774	486
24.68543333	481
24.69351667	482
24.70181667	485
24.71058333	498
24.72001667	526
24.72955	566
24.73893333	572
24.74848333	563
24.75826667	573
24.76835	587
24.7785	605
24.78836667	609
24.79811667	592
24.8076	585
24.8167	569
24.82573333	546
24.83473333	542
24.84371667	540
24.85288333	539
24.86215	550
24.87131667	556
24.88036667	550
24.88933333	543
24.89846667	538
24.9078	548
24.9173	560
24.9267	570
24.93591667	564
24.9451	553
24.9544	551
24.96396667	558
24.97376667	574
24.98373333	588
24.99343333	598
25.0031	582
25.01266667	580
25.02218333	574
25.03166667	571
25.0412	569
25.0506	572
25.05991667	564
25.0694	559
25.07901667	569
25.08881667	577
25.09876667	588
25.1088	597
25.1185	602
25.1281	582
25.13773333	576
25.14738333	578
25.15721667	579
25.16706667	590
25.17665	591
25.18621667	575
25.19583333	574
25.20548333	577
25.21515	579
25.2245	580
25.23393333	561
25.24348333	566
25.2532	573
25.2632	583
25.27301667	600
25.28265	589
25.29235	578
25.30195	582
25.31123333	576
25.3203	557
25.32926667	544
25.3382	538
25.34723333	536
25.35635	542
25.36525	547
25.37411667	534
25.38306667	532
25.39201667	537
25.40116667	537
25.41048333	549
25.41981667	559
25.42896667	560
25.43815	549
25.44743333	551
25.45673333	557
25.46605	558
25.47518333	559
25.48425	548
25.4933	544
25.50251667	543
25.5119	553
25.52163333	563
25.53143333	584
25.54108333	588
25.55078333	579
25.56035	582
25.56965	574
25.57893333	558
25.5881	557
25.59715	550
25.6062	543
25.61528333	543
25.62446667	545
25.63346667	551
25.64221667	540
25.65096667	525
25.65988333	525
25.66921667	535
25.67936667	560
25.69011667	609
25.70076667	645
25.7109	639
25.72023333	608
25.72931667	560
25.73816667	545
25.74695	531
25.75575	527
25.76456667	528
25.77335	529
25.78201667	527
25.79065	520
25.79916667	518
25.80763333	511
25.8161	508
25.82451667	508
25.83275	505
25.84103333	494
25.84945	497
25.8588	505
25.8705	561
25.88203333	702
25.8932	692
25.90398333	670
25.91438333	647
25.92395	624
25.93303333	574
25.94193333	545
25.95071667	534
25.95955	527
25.96848333	530
25.97743333	536
25.98628333	537
25.99501667	531
26.00333333	524
26.01165	499
26.02	499
26.0284	501
26.03781667	504
26.05111667	565
26.06351667	798
26.07541667	744
26.0869	714
26.098	689
26.10853333	666
26.1185	632
26.12825	598
26.13768333	585
26.1469	566
26.15575	553
26.1642	531
26.17275	507
26.18101667	513
26.18928333	496
26.19805	496
26.20858333	526
26.21955	632
26.22945	658
26.23898333	594
26.24931667	572
26.26056667	620
26.27133333	675
26.28091667	646
26.29053333	575
26.30043333	577
26.31038333	594
26.31973333	597
26.329	561
26.3382	556
26.34731667	552
26.35656667	547
26.36581667	555
26.37501667	555
26.3841	552
26.39286667	545
26.40156667	526
26.4102	522
26.4188	518
26.42761667	516
26.43655	529
26.44551667	536
26.45433333	538
26.46313333	529
26.47206667	528
26.4812	536
26.49058333	548
26.50016667	563
26.50978333	575
26.51903333	577
26.52826667	555
26.53763333	554
26.54718333	562
26.55685	573
26.56641667	580
26.57575	574
26.58506667	560
26.59455	559
26.60423333	569
26.61431667	581
26.62453333	605
26.63456667	613
26.64421667	602
26.65368333	579
26.66313333	568
26.67256667	567
26.68205	566
26.69133333	569
26.70048333	557
26.70971667	549
26.71905	554
26.72871667	560
26.73888333	580
26.74901667	610
26.75906667	608
26.7692	603
26.77931667	608
26.78951667	607
26.79958333	612
26.80915	604
26.81863333	574
26.8281	569
26.83743333	568
26.84668333	560
26.85591667	555
26.86523333	554
26.87451667	559
26.88363333	557
26.89245	547
26.90138333	529
26.91023333	536
26.91918333	531
26.92866667	537
26.93865	569
26.94833333	599
26.95823333	581
26.96853333	594
26.97928333	618
26.99013333	645
27.0008	651
27.01071667	640
27.02028333	595
27.02973333	574
27.039	567
27.04835	556
27.05803333	561
27.068	581
27.07818333	598
27.08853333	611
27.09908333	621
27.10953333	633
27.11948333	627
27.12936667	597
27.13933333	593
27.14966667	598
27.16028333	620
27.17086667	637
27.18135	635
27.19125	629
27.2009	594
27.2105	579
27.22005	576
27.22976667	573
27.23953333	583
27.24923333	586
27.25875	582
27.26845	571
27.27843333	582
27.28865	599
27.299	613
27.30931667	621
27.31946667	619
27.32918333	609
27.33881667	583
27.34843333	578
27.35808333	577
27.36785	579
27.37753333	586
27.38715	581
27.3971	577
27.40745	597
27.41818333	621
27.42895	644
27.43953333	646
27.45	635
27.45973333	628
27.46933333	584
27.47878333	576
27.48815	567
27.4977	562
27.50736667	573
27.51691667	580
27.52675	573
27.53678333	590
27.547	602
27.55686667	613
27.5665	592
27.57611667	578
27.58588333	577
27.59588333	586
27.60628333	600
27.6165	624
27.62656667	613
27.63676667	604
27.64718333	612
27.6578	625
27.66793333	637
27.67795	608
27.68808333	601
27.69816667	608
27.70808333	605
27.71768333	595
27.72721667	576
27.7366	572
27.74568333	563
27.75466667	545
27.76386667	539
27.77325	552
27.78273333	563
27.79191667	569
27.80118333	551
27.81041667	556
27.8197	554
27.8292	557
27.83896667	570
27.84833333	586
27.85756667	562
27.86685	554
27.87646667	557
27.88648333	577
27.89646667	601
27.90606667	599
27.91605	576
27.9264	599
27.93716667	621
27.94798333	646
27.95875	649
27.96901667	646
27.97865	616
27.98806667	578
27.99736667	565
28.00671667	558
28.01636667	561
28.0262	579
28.036	590
28.04573333	588
28.05581667	584
28.06636667	605
28.07745	633
28.08881667	665
28.09958333	682
28.10968333	646
28.11971667	606
28.12976667	602
28.13988333	603
28.1501	607
28.16026667	613
28.1699	610
28.1795	578
28.18915	576
28.19886667	579
28.2089	583
28.21865	602
28.22816667	585
28.23776667	571
28.24755	576
28.25746667	587
28.2675	595
28.27708333	602
28.28655	575
28.29595	568
28.30538333	564
28.31486667	566
28.32441667	569
28.33365	573
28.34285	554
28.3521	552
28.36168333	555
28.37188333	575
28.38251667	612
28.39271667	638
28.40296667	612
28.41325	615
28.42338333	617
28.43338333	608
28.44308333	600
28.45263333	582
28.46185	573
28.47085	553
28.47973333	540
28.48856667	533
28.49783333	530
28.50823333	556
28.51978333	624
28.53125	693
28.54238333	688
28.55295	668
28.56315	634
28.57306667	612
28.58281667	595
28.59226667	585
28.60151667	567
28.61066667	555
28.61983333	549
28.62866667	550
28.63728333	530
28.64596667	517
28.65485	521
28.6656	533
28.67933333	645
28.69181667	824
28.70286667	749
28.71388333	663
28.7249	661
28.73643333	661
28.74771667	692
28.75868333	677
28.76895	658
28.77863333	616
28.78826667	581
28.79776667	578
28.80731667	570
28.81693333	573
28.8266	577
28.83623333	580
28.84578333	578
28.85525	573
28.86458333	568
28.87383333	560
28.88278333	555
28.89178333	537
28.90071667	540
28.90986667	536
28.91973333	549
28.92953333	592
28.93903333	588
28.94881667	570
28.95893333	587
28.9687	607
28.9786	586
28.98846667	594
28.99831667	592
29.00818333	591
29.01798333	592
29.02773333	588
29.03746667	585
29.04725	584
29.05716667	587
29.06721667	595
29.07746667	603
29.0881	615
29.09908333	638
29.11016667	659
29.12131667	665
29.13228333	669
29.14258333	658
29.15255	618
29.1628	598
29.17333333	615
29.18435	632
29.19598333	661
29.20733333	698
29.21858333	681
29.22953333	675
29.2402	657
29.25018333	640
29.25965	599
29.26906667	568
29.2783	565
29.28778333	554
29.29845	569
29.3103	640
29.32243333	711
29.33473333	728
29.34618333	738
29.35678333	687
29.36716667	636
29.37741667	623
29.38771667	615
29.39826667	618
29.40885	633
29.41946667	635
29.43006667	637
29.44028333	636
29.44995	613
29.45931667	580
29.4687	562
29.47806667	563
29.4877	562
29.49781667	578
29.50838333	607
29.51841667	634
29.5282	602
29.53805	587
29.54818333	591
29.55841667	608
29.56858333	614
29.57836667	610
29.58828333	587
29.59826667	595
29.60811667	599
29.61768333	591
29.62726667	574
29.63673333	575
29.64606667	568
29.65535	560
29.66438333	557
29.67341667	542
29.68238333	542
29.6914	538
29.70045	541
29.7094	543
29.71826667	537
29.72708333	532
29.73583333	529
29.74471667	525
29.754	533
29.76431667	557
29.77561667	619
29.78725	678
29.79858333	698
29.80958333	680
29.8204	660
29.83093333	649
29.8409	632
29.85043333	598
29.85981667	572
29.86913333	563
29.87866667	559
29.88818333	572
29.89746667	571
29.9069	557
29.9164	566
29.92606667	570
29.93598333	580
29.94575	595
29.95526667	586
29.96463333	571
29.97375	562
29.98265	547
29.9914	534
30.00025	525
30.0096	531
30.01913333	561
30.02833333	572
30.03753333	552
30.04691667	552
30.0566	563
30.06666667	581
30.07703333	604
30.0873	622
30.09715	616
30.10708333	591
30.117	596
30.12715	595
30.13745	609
30.14773333	618
30.1576	617
30.16751667	592
30.1773	595
30.18728333	587
30.19745	599
30.20778333	610
30.21746667	620
30.22683333	581
30.23616667	562
30.24573333	560
30.2557	574
30.26653333	598
30.27765	650
30.28891667	667
30.30016667	676
30.31091667	675
30.32093333	645
30.33076667	601
30.34045	590
30.35011667	581
30.35976667	580
30.3693	579
30.37876667	572
30.38811667	568
30.39733333	561
30.40636667	553
30.41528333	542
30.42425	535
30.43338333	538
30.44301667	548
30.45301667	578
30.46355	600
30.47425	632
30.4848	642
30.49513333	633
30.50535	620
30.515	613
30.5243	579
30.53346667	558
30.54246667	550
30.55151667	540
30.56085	543
30.57028333	560
30.57941667	566
30.58846667	548
30.5976	543
30.60678333	548
30.6159	551
30.62501667	547
30.63383333	547
30.64271667	529
30.6515	533
30.66026667	527
30.66923333	526
30.67855	538
30.688	559
30.69756667	567
30.70756667	574
30.718	600
30.72901667	626
30.74006667	661
30.75095	663
30.7616	653
30.77203333	639
30.78228333	626
30.79221667	615
30.80203333	596
30.81208333	589
30.82253333	603
30.83308333	627
30.84328333	633
30.85333333	612
30.86343333	603
30.87383333	606
30.88485	624
30.8967	661
30.9084	711
30.9199	702
30.93115	690
30.94205	675
30.95198333	654
30.96175	596
30.97148333	586
30.98138333	584
30.99163333	594
31.00233333	615
31.01305	642
31.02333333	643
31.03358333	617
31.04388333	615
31.05455	618
31.06551667	640
31.07671667	658
31.0878	672
31.0985	665
31.1086	642
31.11861667	606
31.12856667	601
31.13875	597
31.1493	611
31.15988333	633
31.16985	635
31.17993333	598
31.19055	605
31.20185	637
31.21301667	678
31.2238	670
31.235	647
31.24618333	672
31.25705	671
31.26773333	652
31.27791667	641
31.28765	611
31.2973	584
31.30675	579
31.31623333	567
31.32616667	569
31.33688333	596
31.3481	643
31.35956667	673
31.3711	688
31.38246667	692
31.39358333	682
31.40445	667
31.41441667	652
31.42448333	598
31.43468333	604
31.44511667	612
31.4558	626
31.46675	641
31.47811667	657
31.48935	682
31.50006667	674
31.5104	643
31.52063333	620
31.5309	614
31.54138333	616
31.55226667	629
31.56383333	653
31.57573333	694
31.58741667	714
31.59885	701
31.60998333	686
31.62028333	668
31.63038333	618
31.64038333	606
31.65056667	600
31.66123333	611
31.6727	640
31.6835	688
31.69476667	648
31.70603333	676
31.71756667	676
31.72876667	692
31.73931667	672
31.75008333	633
31.76075	646
31.77145	640
31.78221667	642
31.79295	646
31.80333333	644
31.81331667	623
31.8231	599
31.83285	587
31.84285	585
31.85343333	600
31.86443333	635
31.87496667	660
31.88573333	632
31.8966	646
31.90781667	652
31.91921667	673
31.92978333	684
31.94028333	634
31.9507	630
31.96105	625
31.97133333	621
31.98125	617
31.98125	595
