0.01195	717
0.022816667	652
0.034133333	679
0.046416667	737
0.0594	779
0.070633333	674
0.08235	703
0.094066667	703
0.106083333	721
0.11715	664
0.1281	657
0.139333333	674
0.1503	658
0.1607	624
0.1711	624
0.181633333	632
0.192183333	633
0.202333333	609
0.212533333	612
0.2226	604
0.232516667	595
0.242583333	604
0.252783333	612
0.262733333	597
0.2728	604
0.282783333	599
0.292883333	606
0.303466667	635
0.31365	611
0.324083333	626
0.334483333	624
0.344416667	596
0.354283333	592
0.364183333	594
0.373966667	587
0.383866667	594
0.39455	641
0.405783333	674
0.416983333	672
0.427216667	614
0.437433333	613
0.44845	661
0.4599	687
0.471033333	668
0.481433333	624
0.492033333	636
0.503083333	663
0.513966667	653
0.524283333	619
0.534733333	627
0.545716667	659
0.557866667	729
0.56865	647
0.579233333	635
0.590616667	683
0.602833333	733
0.6143	688
0.625016667	643
0.636066667	663
0.6475	686
0.6583	648
0.6694	666
0.681416667	721
0.693516667	726
0.70525	704
0.717533333	737
0.729483333	717
0.741566667	725
0.752283333	643
0.763	643
0.773716667	643
0.784466667	645
0.794716667	615
0.805333333	637
0.816533333	672
0.828166667	698
0.83875	635
0.849383333	638
0.860766667	683
0.872416667	699
0.883616667	672
0.894366667	645
0.905616667	675
0.916616667	660
0.927416667	648
0.939516667	726
0.9518	737
0.96375	717
0.9749	669
0.986633333	704
0.998533333	714
1.0104	712
1.0212	648
1.032283333	665
1.044933333	759
1.057333333	744
1.0686	676
1.079533333	656
1.0907	670
1.1018	666
1.112583333	647
1.123066667	629
1.133633333	634
1.144616667	659
1.1554	647
1.166133333	644
1.176483333	621
1.187183333	642
1.198583333	684
1.2092	637
1.220016667	649
1.2313	677
1.242833333	692
1.2541	676
1.264633333	632
1.275483333	651
1.286266667	647
1.297166667	654
1.3076	626
1.318216667	637
1.32945	674
1.340816667	682
1.3514	635
1.362216667	649
1.373166667	657
1.384083333	655
1.39505	658
1.4057	639
1.416166667	628
1.426583333	625
1.437033333	627
1.447183333	609
1.457133333	597
1.466733333	576
1.476183333	567
1.485616667	566
1.495183333	574
1.5062	661
1.516583333	623
1.526433333	591
1.53775	679
1.551983333	854
1.566266667	857
1.580183333	835
1.592416667	734
1.60415	704
1.616433333	737
1.6287	736
1.640116667	685
1.6507	635
1.661383333	641
1.67215	646
1.682433333	617
1.69255	607
1.702866667	619
1.713533333	640
1.72375	613
1.7339	609
1.744133333	614
1.754583333	627
1.7657	667
1.777166667	688
1.788366667	672
1.798783333	625
1.809333333	633
1.8199	634
1.830416667	631
1.840683333	616
1.8509	613
1.860983333	605
1.870983333	600
1.880683333	582
1.890516667	590
1.900516667	600
1.911	629
1.921616667	637
1.931716667	606
1.941966667	615
1.9528	650
1.964233333	686
1.974783333	633
1.985733333	657
1.997766667	722
2.010116667	741
2.021333333	673
2.032916667	695
2.04495	722
2.057233333	737
2.0688	694
2.079483333	641
2.09065	670
2.102366667	703
2.114133333	706
2.124766667	638
2.13565	653
2.147216667	694
2.1597	749
2.170733333	662
2.182866667	728
2.19515	737
2.206766667	697
2.218033333	676
2.229733333	702
2.24155	709
2.252166667	637
2.263533333	682
2.274983333	687
2.286483333	690
2.29755	664
2.308116667	634
2.31895	650
2.330116667	670
2.341633333	691
2.352566667	656
2.363033333	628
2.374033333	660
2.385183333	669
2.396216667	662
2.40685	638
2.417733333	653
2.428833333	666
2.440033333	672
2.45085	649
2.46125	624
2.472016667	646
2.483333333	679
2.49475	685
2.505433333	641
2.516016667	635
2.52675	644
2.537783333	662
2.5483	631
2.558616667	619
2.56895	620
2.578883333	596
2.5886	583
2.598133333	572
2.607866667	584
2.617916667	603
2.628983333	664
2.639316667	620
2.6502	653
2.662233333	722
2.673383333	669
2.683916667	632
2.694766667	651
2.706033333	676
2.71695	655
2.727483333	632
2.738483333	660
2.75	691
2.761016667	661
2.77175	644
2.783366667	697
2.796133333	766
2.808966667	770
2.8211	728
2.833166667	724
2.845333333	730
2.857266667	716
2.869216667	717
2.88065	686
2.891133333	629
2.9016	628
2.912466667	652
2.92345	659
2.93385	624
2.9447	651
2.956116667	685
2.969566667	807
2.980916667	681
2.99275	710
3.005566667	769
3.018533333	778
3.029783333	675
3.041116667	680
3.05285	704
3.064683333	710
3.075733333	663
3.08625	631
3.097066667	649
3.10895	713
3.121433333	749
3.132866667	686
3.144383333	691
3.1563	715
3.16835	723
3.17935	660
3.190416667	664
3.20185	686
3.21365	708
3.225683333	722
3.237583333	714
3.24835	646
3.25945	666
3.27085	684
3.28255	702
3.293933333	683
3.304666667	644
3.315216667	633
3.325933333	643
3.336866667	656
3.347616667	645
3.35785	614
3.368283333	626
3.378766667	629
3.3893	632
3.399383333	605
3.409866667	629
3.420666667	648
3.432033333	682
3.442833333	648
3.4534	634
3.464166667	646
3.475166667	660
3.486266667	666
3.496816667	633
3.507233333	625
3.517866667	638
3.528683333	649
3.5394	643
3.550433333	662
3.560716667	617
3.570916667	612
3.581433333	631
3.592233333	648
3.602583333	621
3.612716667	608
3.623283333	634
3.634233333	657
3.64485	637
3.6555	639
3.6665	660
3.677966667	688
3.689333333	682
3.700133333	648
3.71125	667
3.7228	693
3.734233333	686
3.744866667	638
3.755866667	660
3.76705	671
3.777483333	626
3.787683333	612
3.797916667	614
3.808166667	615
3.81845	617
3.828533333	605
3.83855	601
3.848683333	608
3.859483333	648
3.87045	658
3.881266667	649
3.89235	665
3.90415	708
3.914883333	644
3.926033333	669
3.937433333	684
3.948666667	674
3.959316667	639
3.969916667	636
3.980766667	651
3.991916667	669
4.003116667	672
4.0142	665
4.024866667	640
4.035533333	640
4.046316667	647
4.056766667	627
4.0677	656
4.078566667	652
4.0898	674
4.100416667	637
4.111483333	664
4.123916667	746
4.1374	809
4.148916667	691
4.160083333	670
4.171533333	687
4.183083333	693
4.19415	664
4.204833333	641
4.215916667	665
4.22725	680
4.2383	663
4.2495	672
4.26125	705
4.273816667	754
4.28535	692
4.297316667	718
4.309816667	750
4.320733333	655
4.331866667	668
4.343166667	678
4.3548	698
4.366433333	698
4.37715	643
4.388616667	688
4.400916667	738
4.413	725
4.424133333	668
4.43565	691
4.447766667	727
4.460016667	735
4.471283333	676
4.48265	682
4.493866667	673
4.505083333	673
4.51565	634
4.526083333	626
4.536883333	648
4.548333333	687
4.5591	646
4.569983333	653
4.581283333	678
4.592833333	693
4.603883333	663
4.6148	655
4.625833333	662
4.637016667	671
4.647616667	636
4.658383333	646
4.669066667	641
4.679833333	646
4.69055	643
4.7012	639
4.71145	615
4.721683333	614
4.73195	616
4.741983333	602
4.751966667	599
4.7626	638
4.773316667	643
4.783366667	603
4.79355	611
4.803766667	613
4.814016667	615
4.82425	614
4.8344	609
4.844916667	631
4.85585	656
4.866733333	653
4.877333333	636
4.888516667	671
4.900016667	690
4.910916667	654
4.9222	677
4.934133333	716
4.945983333	711
4.957166667	671
4.968583333	685
4.979783333	672
4.990816667	662
5.00125	626
5.011666667	625
5.02275	665
5.034783333	722
5.0463	691
5.058216667	715
5.070883333	760
5.08345	754
5.094633333	671
5.1063	700
5.117916667	697
5.1293	683
5.140233333	656
5.1509	640
5.162	666
5.173466667	688
5.18445	659
5.195283333	650
5.2062	655
5.217516667	679
5.2285	659
5.239866667	682
5.252216667	741
5.264683333	748
5.27575	664
5.287166667	685
5.299	710
5.31085	711
5.322666667	709
5.3335	650
5.344583333	665
5.35575	670
5.366966667	673
5.377916667	657
5.389383333	688
5.40185	748
5.4145	759
5.425316667	649
5.4367	683
5.447966667	676
5.459216667	675
5.46965	626
5.480183333	632
5.491283333	666
5.502633333	681
5.513316667	641
5.524033333	643
5.534933333	654
5.54535	625
5.555383333	602
5.565383333	600
5.576033333	639
5.58655	631
5.597183333	638
5.607916667	644
5.618233333	619
5.628383333	609
5.6386	613
5.648733333	608
5.6588	604
5.668516667	583
5.67855	602
5.688933333	623
5.700866667	716
5.7122	680
5.7234	672
5.734883333	689
5.746483333	696
5.757233333	645
5.7681	652
5.779	654
5.789716667	643
5.799816667	606
5.809966667	609
5.820233333	616
5.830866667	638
5.841133333	616
5.852366667	674
5.865883333	811
5.8791	793
5.890483333	683
5.902716667	734
5.91545	764
5.9277	735
5.9387	660
5.94965	657
5.960616667	658
5.971716667	666
5.983633333	715
5.9941	628
6.004533333	626
6.0152	640
6.026733333	692
6.039866667	788
6.052733333	772
6.065233333	750
6.077833333	756
6.0905	760
6.103283333	767
6.1157	745
6.127883333	731
6.139783333	714
6.15155	706
6.16265	666
6.173116667	628
6.183416667	618
6.193466667	603
6.20355	605
6.213716667	610
6.224616667	654
6.236316667	702
6.248433333	727
6.261016667	755
6.27385	770
6.286283333	746
6.297966667	701
6.30945	689
6.320433333	659
6.331366667	656
6.342	638
6.352883333	653
6.363683333	648
6.373916667	614
6.384116667	612
6.394366667	615
6.40485	629
6.414883333	602
6.425	607
6.43555	633
6.446566667	661
6.457083333	631
6.468	655
6.479633333	698
6.49085	673
6.50135	630
6.512016667	640
6.522866667	651
6.534183333	679
6.5457	691
6.556633333	656
6.56845	709
6.5798	681
6.591216667	685
6.602416667	672
6.613516667	666
6.624316667	648
6.635233333	655
6.645966667	644
6.65705	665
6.668433333	683
6.6789	628
6.689483333	635
6.70035	652
6.711466667	667
6.722083333	637
6.732966667	653
6.744683333	703
6.757083333	744
6.7683	673
6.77945	669
6.790683333	674
6.801766667	665
6.81265	653
6.823033333	623
6.833533333	630
6.84385	619
6.85405	612
6.8639	591
6.8737	588
6.883716667	601
6.893966667	615
6.904166667	612
6.91475	635
6.925466667	643
6.936633333	670
6.94745	649
6.95775	618
6.968216667	628
6.978783333	634
6.989566667	647
7	626
7.0103	618
7.020666667	622
7.031233333	634
7.042116667	653
7.052333333	613
7.062566667	614
7.072933333	622
7.083583333	639
7.0942	637
7.1044	612
7.114633333	614
7.1247	604
7.1346	594
7.144616667	601
7.154583333	598
7.1642	577
7.1737	570
7.18325	573
7.19275	570
7.202266667	571
7.211683333	565
7.221116667	566
7.230733333	577
7.240566667	590
7.2502	578
7.2604	612
7.27055	609
7.280683333	608
7.290816667	608
7.300866667	603
7.310916667	603
7.3209	599
7.330966667	604
7.340966667	600
7.350816667	591
7.3605	581
7.370283333	587
7.3801	589
7.389733333	578
7.399316667	575
7.408766667	567
7.418183333	565
7.4275	559
7.436983333	569
7.446333333	561
7.45565	559
7.4652	573
7.474966667	586
7.48445	569
7.494316667	592
7.503916667	576
7.513366667	567
7.523	578
7.532516667	571
7.541966667	567
7.551366667	564
7.5608	566
7.5702	564
7.579833333	578
7.589433333	576
7.59895	571
7.608766667	589
7.618716667	597
7.628683333	598
7.638633333	597
7.648816667	611
7.6591	617
7.668966667	592
7.67905	605
7.68935	618
7.69925	594
7.709116667	592
7.7191	599
7.729166667	604
7.7393	608
7.749	582
7.758783333	587
7.768883333	606
7.778966667	605
7.788716667	585
7.7987	599
7.808733333	602
7.819383333	639
7.8299	631
7.8401	612
7.850266667	610
7.8607	626
7.870633333	596
7.8804	586
7.890466667	604
7.9003	590
7.909933333	578
7.919816667	593
7.93	611
7.94	600
7.949783333	587
7.9598	601
7.969983333	611
7.9803	619
7.990266667	598
8.0004	608
8.010733333	620
8.021066667	620
8.0312	608
8.041116667	595
8.05105	596
8.061066667	601
8.071083333	601
8.080666667	575
8.090283333	577
8.100166667	593
8.110183333	601
8.12025	604
8.1301	591
8.140066667	598
8.15015	605
8.160083333	596
8.169933333	591
8.180066667	608
8.190333333	616
8.2004	604
8.210233333	590
8.2199	580
8.229366667	568
8.238633333	556
8.247766667	548
8.256883333	547
8.266733333	591
8.276666667	596
8.28685	611
8.297466667	637
8.308766667	678
8.32035	695
8.331133333	647
8.34185	643
8.3528	657
8.363616667	649
8.37475	668
8.386516667	706
8.397266667	645
8.407683333	625
8.4186	655
8.429383333	647
8.439416667	602
8.449183333	586
8.458966667	587
8.469216667	615
8.478983333	586
8.488633333	579
8.498783333	609
8.509483333	642
8.5204	655
8.531433333	662
8.54235	655
8.5543	717
8.566266667	718
8.577966667	702
8.5885	632
8.599183333	641
8.610066667	653
8.620616667	633
8.630883333	616
8.641183333	618
8.651816667	638
8.662366667	633
8.672483333	607
8.68245	598
8.692516667	604
8.70295	626
8.713566667	637
8.72385	617
8.733883333	602
8.74425	622
8.754866667	637
8.765116667	615
8.775333333	613
8.785416667	605
8.795383333	598
8.805383333	600
8.815316667	596
8.825333333	601
8.83585	631
8.845816667	598
8.855783333	598
8.866	613
8.876483333	629
8.886633333	609
8.896816667	611
8.907283333	628
8.917266667	599
8.9271	590
8.937083333	599
8.946916667	590
8.957416667	630
8.967466667	603
8.977283333	589
8.987583333	618
8.998466667	653
9.008533333	604
9.018583333	603
9.02945	652
9.0404	657
9.050783333	623
9.06115	622
9.0717	633
9.0817	600
9.0915	588
9.101233333	584
9.110983333	585
9.12065	580
9.130216667	574
9.139516667	558
9.148733333	553
9.158016667	557
9.16715	548
9.176133333	539
9.185116667	539
9.194033333	535
9.202883333	531
9.2116	523
9.220383333	527
9.229166667	527
9.237983333	529
9.2467	523
9.255383333	521
9.264083333	522
9.272716667	518
9.281383333	520
9.289933333	513
9.29845	511
9.306983333	512
9.315416667	506
9.3238	503
9.33215	501
9.340516667	502
9.348933333	505
9.357366667	506
9.365716667	501
9.3741	503
9.382466667	502
9.390883333	505
9.3993	505
9.40765	501
9.416016667	502
9.424383333	502
9.43275	502
9.441166667	505
9.4495	500
9.457833333	500
9.466183333	501
9.474483333	498
9.48275	496
9.490983333	494
9.499233333	495
9.5075	496
9.515783333	497
9.52395	490
9.53215	492
9.540333333	491
9.548483333	489
9.556716667	494
9.564833333	487
9.572933333	486
9.5811	490
9.589216667	487
9.597366667	489
9.6056	494
9.6138	492
9.62205	495
9.630266667	493
9.638533333	496
9.646783333	495
9.655016667	494
9.6632	491
9.671366667	490
9.679516667	489
9.68765	488
9.6958	489
9.70395	489
9.712016667	484
9.720083333	484
9.728133333	483
9.73615	481
9.74415	480
9.752066667	475
9.76005	479
9.76805	480
9.776	477
9.783883333	473
9.791783333	474
9.79965	472
9.8075	471
9.815333333	470
9.823066667	464
9.830833333	466
9.83865	469
9.846483333	470
9.854316667	470
9.862116667	468
9.869916667	468
9.877766667	471
9.885633333	472
9.89355	475
9.901383333	470
9.90925	472
9.917166667	475
9.925016667	471
9.9328	467
9.94065	471
9.948483333	470
9.956383333	474
9.9642	469
9.972066667	472
9.979933333	472
9.987766667	470
9.995566667	468
10.00341667	471
10.01121667	468
10.01915	476
10.02713333	479
10.03508333	477
10.043	475
10.05096667	478
10.05891667	477
10.06686667	477
10.07483333	478
10.08285	481
10.09075	474
10.0987	477
10.1066	474
10.1145	474
10.12233333	470
10.13016667	470
10.13808333	475
10.14595	472
10.15381667	472
10.16168333	472
10.16951667	470
10.1775	479
10.18541667	475
10.19331667	474
10.2012	473
10.20915	477
10.21706667	475
10.22495	473
10.23286667	475
10.24085	479
10.2487	471
10.25658333	473
10.26445	472
10.27235	474
10.28018333	470
10.28801667	470
10.29586667	471
10.30378333	475
10.31161667	470
10.3195	473
10.32735	471
10.33523333	473
10.34318333	477
10.35118333	480
10.35913333	477
10.367	472
10.37495	477
10.38291667	478
10.39088333	478
10.39871667	470
10.4066	473
10.41441667	469
10.42218333	466
10.42995	466
10.43766667	463
10.44531667	459
10.45305	464
10.46085	468
10.46875	474
10.47658333	470
10.4844	469
10.4922	468
10.5001	474
10.50806667	478
10.51595	473
10.52383333	473
10.53178333	477
10.53958333	468
10.54743333	471
10.55528333	471
10.56305	466
10.57083333	467
10.57861667	467
10.58636667	465
10.59415	467
10.60195	468
10.60975	468
10.61746667	463
10.62523333	466
10.63301667	467
10.64081667	468
10.64863333	469
10.65641667	467
10.66416667	465
10.67195	467
10.67973333	467
10.6875	466
10.69526667	466
10.70308333	469
10.71088333	468
10.71866667	467
10.72638333	463
10.73413333	465
10.74188333	465
10.74965	466
10.75743333	467
10.76526667	470
10.77306667	468
10.78093333	472
10.78885	475
10.79676667	475
10.80463333	472
10.8125	472
10.82036667	472
10.82806667	462
10.83581667	465
10.84358333	466
10.85116667	455
10.85876667	456
10.86636667	456
10.87388333	451
10.88143333	453
10.88888333	447
10.89646667	455
10.90403333	454
10.91165	457
10.91918333	452
10.92675	454
10.9344	459
10.9419	450
10.94953333	458
10.95716667	458
10.96476667	456
10.97235	455
10.98001667	460
10.98758333	454
10.99513333	453
11.00276667	458
11.01038333	457
11.01791667	452
11.02546667	453
11.033	452
11.04056667	454
11.04811667	453
11.05565	452
11.0632	453
11.07083333	458
11.0785	460
11.08618333	461
11.09376667	455
11.10138333	457
11.10898333	456
11.11656667	455
11.12413333	454
11.13168333	453
11.13921667	452
11.14681667	456
11.15435	452
11.16186667	451
11.16938333	451
11.17688333	450
11.18433333	447
11.19185	451
11.1994	453
11.20695	453
11.21441667	448
11.22198333	454
11.22955	454
11.23711667	454
11.24466667	453
11.2598	0
11.26735	453
11.27485	450
11.2823	447
11.28985	453
11.2972	441
11.30466667	448
11.31205	443
11.31948333	446
11.3269	445
11.33436667	448
11.34183333	448
11.3493	448
11.3568	450
11.36436667	454
11.37191667	453
11.3796	461
11.38726667	460
11.39493333	460
11.4026	460
11.41031667	463
11.41803333	463
11.42568333	459
11.43331667	458
11.44098333	460
11.44875	466
11.45643333	461
11.46401667	455
11.47161667	456
11.4792	455
11.48675	453
11.49431667	454
11.5019	455
11.50945	453
11.517	453
11.52456667	454
11.53215	455
11.53973333	455
11.54731667	455
11.55483333	451
11.56236667	452
11.56993333	454
11.57748333	453
11.58505	454
11.59261667	454
11.60021667	456
11.60788333	460
11.61546667	455
11.62308333	457
11.63068333	456
11.63823333	453
11.64586667	458
11.65355	461
11.66123333	461
11.6689	460
11.67666667	466
11.68438333	463
11.69211667	464
11.69981667	462
11.70751667	462
11.71521667	462
11.72288333	460
11.73045	454
11.738	453
11.74555	453
11.75301667	448
11.7605	449
11.76796667	448
11.77535	443
11.78275	444
11.79023333	449
11.7976	442
11.80506667	448
11.81253333	448
11.81993333	444
11.82736667	446
11.83485	449
11.84226667	445
11.84975	449
11.85721667	448
11.86471667	450
11.87213333	445
11.8796	448
11.88708333	449
11.89448333	444
11.90185	442
11.9093	447
11.91666667	442
11.92405	443
11.93145	444
11.93885	444
11.94618333	440
11.95355	442
11.96093333	443
11.96823333	438
11.97555	439
11.98303333	449
11.99035	439
11.9977	441
12.00508333	443
12.01241667	440
12.01971667	438
12.02706667	441
12.03438333	439
12.04165	436
12.04898333	440
12.05631667	440
12.06366667	441
12.07096667	438
12.0783	440
12.08563333	440
12.09295	439
12.1003	441
12.1076	438
12.11491667	439
12.12225	440
12.12961667	442
12.13686667	435
12.14413333	436
12.15145	439
12.1587	435
12.16598333	437
12.17318333	432
12.18041667	434
12.1877	437
12.19505	441
12.20223333	431
12.20953333	438
12.21686667	440
12.22415	437
12.23141667	436
12.23871667	438
12.246	437
12.2533	438
12.2606	438
12.26805	447
12.27551667	448
12.28298333	448
12.29041667	446
12.29788333	448
12.3054	451
12.31286667	448
12.32036667	450
12.32786667	450
12.3353	446
12.34273333	446
12.3502	448
12.35758333	443
12.36495	442
12.37233333	443
12.37975	445
12.38723333	449
12.39468333	447
12.40211667	446
12.40961667	450
12.41716667	453
12.42468333	451
12.43216667	449
12.43971667	453
12.4473	455
12.45483333	452
12.46238333	453
12.46993333	453
12.47748333	453
12.485	451
12.49248333	449
12.49993333	447
12.50726667	440
12.51465	443
12.52205	444
12.52938333	440
12.53665	436
12.54393333	437
12.55126667	440
12.55846667	432
12.5657	434
12.57286667	430
12.5803	446
12.58775	447
12.59515	444
12.60256667	445
12.60996667	444
12.61736667	444
12.6248	446
12.63225	447
12.63968333	446
12.64713333	447
12.6547	454
12.66215	447
12.6697	453
12.67726667	454
12.68483333	454
12.69985	0
12.70736667	451
12.71486667	450
12.72235	449
12.72971667	442
12.73711667	444
12.74448333	442
12.7518	439
12.75916667	442
12.76655	443
12.77396667	445
12.78136667	444
12.78891667	453
12.79638333	448
12.80396667	455
12.81168333	463
12.81945	466
12.82715	462
12.83498333	470
12.84283333	471
12.85066667	470
12.85846667	468
12.8664	476
12.8742	468
12.88198333	467
12.88973333	465
12.8976	472
12.90555	477
12.9133	465
12.92101667	463
12.92871667	462
12.93638333	460
12.9441	463
12.95168333	455
12.9593	457
12.96686667	454
12.97443333	454
12.98198333	453
12.98956667	455
12.9971	452
13.00466667	454
13.01223333	454
13.01981667	455
13.02735	452
13.03486667	451
13.04243333	454
13.0499	448
13.0574	450
13.06491667	451
13.0724	449
13.0799	450
13.08745	453
13.09498333	452
13.10251667	452
13.11003333	451
13.11753333	450
13.12505	451
13.13251667	448
13.13993333	445
13.14736667	446
13.1548	446
13.1622	444
13.16958333	443
13.17703333	447
13.1845	448
13.19198333	449
13.19945	448
13.2069	447
13.21445	453
13.22201667	454
13.22958333	454
13.23716667	455
13.24493333	466
13.25256667	458
13.26025	461
13.26801667	466
13.27556667	453
13.2833	464
13.291	462
13.29866667	460
13.30638333	463
13.314	457
13.32166667	460
13.3293	458
13.337	462
13.34465	459
13.35223333	455
13.35985	457
13.3675	459
13.37508333	455
13.38266667	455
13.39025	455
13.39786667	457
13.40533333	448
13.41281667	449
13.42035	452
13.4278	447
13.4353	450
13.4428	450
13.45041667	457
13.46543333	0
13.47296667	452
13.4805	452
13.488	450
13.49551667	451
13.50305	452
13.51051667	448
13.51798333	448
13.52553333	453
13.53301667	449
13.5406	455
13.54811667	451
13.5556	449
13.5631	450
13.5706	450
13.57816667	454
13.58573333	454
13.5933	454
13.60091667	457
13.60841667	450
13.61601667	456
13.62361667	456
13.63126667	459
13.63896667	462
13.64666667	462
13.65441667	465
13.66218333	466
13.66998333	468
13.67783333	471
13.68568333	471
13.6936	475
13.70143333	470
13.7093	472
13.71716667	472
13.72493333	466
13.73256667	458
13.7403	464
13.74806667	466
13.75575	461
13.7634	459
13.77098333	455
13.77858333	456
13.78616667	455
13.79368333	451
13.8013	457
13.80901667	463
13.81678333	466
13.82456667	467
13.83236667	468
13.84025	473
13.84816667	475
13.8561	476
13.8642	486
13.87226667	484
13.8803	482
13.88833333	482
13.89641667	485
13.9046	491
13.91266667	484
13.92061667	477
13.92855	476
13.93643333	473
13.94415	463
13.95193333	467
13.95966667	464
13.96743333	466
13.97513333	462
13.98285	463
13.99058333	464
13.99823333	459
14.00591667	461
14.01365	464
14.02148333	470
14.0293	469
14.03711667	469
14.04501667	474
14.05278333	466
14.0607	475
14.06861667	475
14.07651667	474
14.08443333	475
14.09235	475
14.10035	480
14.10823333	473
14.11613333	474
14.12403333	474
14.13176667	464
14.13951667	465
14.1472	461
14.15476667	454
14.16241667	459
14.17006667	459
14.1776	452
14.18515	453
14.1928	459
14.20055	465
14.2082	459
14.2159	462
14.22361667	463
14.2313	461
14.23908333	467
14.24686667	467
14.25463333	466
14.26238333	465
14.27013333	465
14.27793333	468
14.28566667	464
14.29333333	460
14.30105	463
14.30866667	457
14.31621667	453
14.32381667	456
14.33135	452
14.33886667	451
14.34636667	450
14.35381667	447
14.36125	446
14.36871667	448
14.37615	446
14.38358333	446
14.39105	448
14.39848333	446
14.40595	448
14.41343333	449
14.42085	445
14.42835	450
14.43583333	449
14.44331667	449
14.4508	449
14.45828333	449
14.4659	457
14.4735	456
14.48111667	457
14.48873333	457
14.49638333	459
14.504	457
14.51153333	452
14.51906667	452
14.52663333	454
14.53416667	452
14.54183333	460
14.5495	460
14.5571	456
14.56466667	454
14.57228333	457
14.57985	454
14.58751667	460
14.59523333	463
14.60283333	456
14.61048333	459
14.6182	463
14.62593333	464
14.63356667	458
14.64123333	460
14.64885	457
14.65648333	458
14.66405	454
14.67156667	451
14.67913333	454
14.69425	0
14.7018	453
14.70941667	457
14.71701667	456
14.72463333	457
14.7323	460
14.73996667	460
14.74758333	457
14.75526667	461
14.7629	458
14.77056667	460
14.77825	461
14.78588333	458
14.79355	460
14.80123333	461
14.80896667	464
14.81668333	463
14.82438333	462
14.8321	463
14.83976667	460
14.84753333	466
14.85543333	474
14.86321667	467
14.87101667	468
14.8788	467
14.88658333	467
14.89433333	465
14.90211667	467
14.90983333	463
14.91755	463
14.92531667	466
14.93293333	457
14.94063333	462
14.94833333	462
14.95593333	456
14.96358333	459
14.97125	460
14.97878333	452
14.98635	454
14.99395	456
15.00145	450
15.00893333	449
15.01646667	452
15.03125	0
15.03868333	446
15.04605	442
15.05345	444
15.0609	447
15.06843333	452
15.076	454
15.0836	456
15.09121667	457
15.09876667	453
15.10636667	456
15.11393333	454
15.1215	454
15.12913333	458
15.13671667	455
15.14435	458
15.15193333	455
15.15955	457
15.16718333	458
15.17483333	459
15.18256667	464
15.19018333	457
15.19788333	462
15.2056	463
15.21333333	464
15.22108333	465
15.22881667	464
15.2365	461
15.24421667	463
15.25206667	471
15.26003333	478
15.26795	475
15.27578333	470
15.28375	478
15.29951667	0
15.30741667	474
15.31526667	471
15.32315	473
15.33098333	470
15.33885	472
15.34675	474
15.35453333	467
15.36233333	468
15.37015	469
15.3781	477
15.38598333	473
15.39376667	467
15.40165	473
15.4095	471
15.41738333	473
15.4252	469
15.433	468
15.4407	462
15.44831667	457
15.45596667	459
15.46356667	456
15.47108333	451
15.47861667	452
15.48616667	453
15.49376667	456
15.50133333	454
15.50896667	458
15.51653333	454
15.52415	457
15.53188333	464
15.53951667	458
15.54718333	460
15.55483333	459
15.5625	460
15.57008333	455
15.57768333	456
15.58528333	456
15.5929	457
15.6004	450
15.6079	450
15.61538333	449
15.62288333	450
15.63035	448
15.63781667	448
15.64536667	453
15.65291667	453
15.66046667	453
15.66803333	454
15.67571667	461
15.6834	461
15.69113333	464
15.69885	463
15.70658333	464
15.71426667	461
15.72198333	463
15.72958333	456
15.73718333	456
15.74475	454
15.7523	453
15.75981667	451
15.76723333	445
15.77468333	447
15.78211667	446
15.78951667	444
15.79693333	445
15.80435	445
15.8118	447
15.81911667	439
15.82656667	447
15.83391667	441
15.84133333	445
15.8487	442
15.85598333	437
15.8633	439
15.87068333	443
15.87801667	440
15.88535	440
15.89275	444
15.90016667	445
15.9075	440
15.9149	444
15.92231667	445
15.9298	449
15.9372	444
15.94466667	448
15.95215	449
15.95956667	445
15.96701667	447
15.9745	449
15.98206667	454
15.98953333	448
15.99706667	452
16.00456667	450
16.01211667	453
16.01961667	450
16.02718333	454
16.03475	454
16.04235	456
16.04996667	457
16.05741667	447
16.06505	458
16.07256667	451
16.08013333	454
16.08771667	455
16.0953	455
16.10285	453
16.11033333	449
16.11781667	449
16.12523333	445
16.13275	451
16.14028333	452
16.14776667	449
16.1553	452
16.16286667	454
16.17033333	448
16.17781667	449
16.18533333	451
16.19291667	455
16.20048333	454
16.20801667	452
16.21548333	448
16.22303333	453
16.23051667	449
16.23798333	448
16.24548333	450
16.25305	454
16.2606	453
16.26811667	451
16.27566667	453
16.28328333	457
16.29081667	452
16.2984	455
16.306	456
16.31351667	451
16.32106667	453
16.32861667	453
16.33616667	453
16.34371667	453
16.35131667	456
16.35901667	462
16.3667	461
16.37436667	460
16.38206667	462
16.3898	464
16.39751667	463
16.40528333	466
16.41291667	458
16.42061667	462
16.42835	464
16.43605	462
16.44375	462
16.45151667	466
16.45918333	460
16.46696667	467
16.4747	464
16.48245	465
16.49025	468
16.498	465
16.50573333	464
16.5135	466
16.52111667	457
16.52883333	463
16.53643333	456
16.54398333	453
16.55166667	461
16.55926667	456
16.56675	449
16.57433333	455
16.5818	448
16.58935	453
16.59686667	451
16.60438333	451
16.61198333	456
16.6195	451
16.62713333	458
16.63473333	456
16.64216667	446
16.64958333	445
16.65705	448
16.66448333	446
16.67188333	444
16.67941667	452
16.68688333	448
16.69425	442
16.7017	447
16.70913333	446
16.71653333	444
16.72383333	438
16.73125	445
16.73856667	439
16.74591667	441
16.75341667	450
16.7609	449
16.76841667	451
16.77588333	448
16.78346667	455
16.79103333	454
16.7986	454
16.80615	453
16.81383333	461
16.82156667	464
16.82926667	462
16.83706667	468
16.84481667	465
16.85271667	474
16.86058333	472
16.8685	475
16.87636667	472
16.8843	476
16.89223333	476
16.9001	472
16.90796667	472
16.91581667	471
16.92351667	462
16.93128333	466
16.93905	466
16.94675	462
16.95446667	463
16.96218333	463
16.96991667	464
16.9776	461
16.9853	462
16.993	462
17.00065	459
17.0083	459
17.01593333	458
17.02353333	456
17.03115	457
17.0388	459
17.04651667	463
17.0542	461
17.06188333	461
17.06961667	464
17.07748333	472
17.0853	469
17.0931	468
17.10098333	473
17.10885	472
17.11666667	469
17.12451667	471
17.13246667	477
17.14035	473
17.14831667	478
17.15628333	478
17.16418333	474
17.17201667	470
17.1799	473
17.18775	471
17.19545	462
17.20316667	463
17.21088333	463
17.21848333	456
17.22608333	456
17.23376667	461
17.24143333	460
17.24908333	459
17.25683333	465
17.26458333	465
17.28003333	0
17.28776667	464
17.2955	464
17.30316667	460
17.31091667	465
17.31873333	469
17.32643333	462
17.33416667	464
17.34211667	477
17.34976667	459
17.35758333	469
17.37368333	0
17.38151667	470
17.3894	473
17.405	0
17.41295	477
17.42068333	464
17.4284	463
17.43613333	464
17.44373333	456
17.45133333	456
17.45893333	456
17.4664	448
17.47406667	460
17.48148333	445
17.48906667	455
17.49658333	451
17.50405	448
17.5115	447
17.51905	453
17.52653333	449
17.53395	445
17.54141667	448
17.54885	446
17.55621667	442
17.56365	446
17.57113333	449
17.57846667	440
17.58588333	445
17.59335	448
17.60068333	440
17.6081	445
17.61546667	442
17.62285	443
17.63021667	442
17.63758333	442
17.64498333	444
17.65243333	447
17.65988333	447
17.66736667	449
17.67485	449
17.6823	447
17.6898	450
17.69728333	449
17.70478333	450
17.71233333	453
17.71988333	453
17.72738333	450
17.7349	451
17.74241667	451
17.7499	449
17.7575	456
17.76508333	455
17.77263333	453
17.78006667	446
17.78755	449
17.79501667	448
17.80246667	447
17.80988333	445
17.81721667	440
17.82463333	445
17.83206667	446
17.83958333	451
17.84706667	449
17.85453333	448
17.86205	451
17.86956667	451
17.8772	458
17.88476667	454
17.89236667	456
17.90001667	459
17.90765	458
17.91521667	454
17.92281667	456
17.9304	455
17.93795	453
17.94541667	448
17.95288333	448
17.96035	448
17.96786667	451
17.97536667	450
17.98283333	448
17.99021667	443
17.99765	446
18.0051	447
18.0126	450
18.02015	453
18.02766667	451
18.03521667	453
18.04268333	448
18.0502	451
18.05763333	446
18.06508333	447
18.07263333	453
18.08018333	453
18.0876	445
18.09508333	449
18.10255	448
18.11005	450
18.11746667	445
18.1249	446
18.1324	450
18.13988333	449
18.1474	451
18.15485	447
18.16231667	448
18.16986667	453
18.17731667	447
18.1847	443
18.19216667	448
18.19961667	447
18.20703333	445
18.21441667	443
18.22183333	445
18.22926667	446
18.23663333	442
18.24403333	444
18.25146667	446
18.25886667	444
18.26626667	444
18.27371667	447
18.28116667	447
18.28863333	448
18.29608333	447
18.30365	454
18.31121667	454
18.31875	452
18.32628333	452
18.33391667	458
18.34138333	448
18.34886667	449
18.3564	452
18.36386667	448
18.37138333	451
18.38621667	0
18.3937	449
18.40116667	448
18.40866667	450
18.41613333	448
18.42366667	452
18.43111667	447
18.43853333	445
18.44601667	449
18.45345	446
18.46086667	445
18.46825	443
18.47566667	445
18.48311667	447
18.49056667	447
18.49791667	441
18.50525	440
18.51265	444
18.52	441
18.52735	441
18.53466667	439
18.54201667	441
18.54938333	442
18.55673333	441
18.56406667	440
18.57145	443
18.57883333	443
18.58626667	446
18.59375	449
18.60116667	445
18.60858333	445
18.61596667	443
18.62338333	445
18.63085	448
18.63833333	449
18.64581667	449
18.65333333	451
18.66081667	449
18.66835	452
18.67576667	445
18.68321667	447
18.69068333	448
18.69813333	447
18.70556667	446
18.71306667	450
18.72051667	447
18.72795	446
18.73543333	449
18.74295	451
18.75041667	448
18.75786667	447
18.7654	452
18.77278333	443
18.78026667	449
18.78775	449
18.79515	444
18.80258333	446
18.81006667	449
18.8177	458
18.82513333	446
18.83265	451
18.84018333	452
18.84763333	447
18.8551	448
18.86256667	448
18.87003333	448
18.87743333	444
18.88476667	440
18.89216667	444
18.8995	440
18.90681667	439
18.91413333	439
18.92151667	443
18.92888333	442
18.93618333	438
18.94356667	443
18.95096667	444
18.95836667	444
18.96586667	450
18.97341667	453
18.98095	452
18.98853333	455
18.99611667	455
19.00368333	454
19.0113	457
19.01886667	454
19.02643333	454
19.034	454
19.04158333	455
19.04908333	450
19.05656667	449
19.0641	452
19.07153333	446
19.07893333	444
19.08638333	447
19.09373333	441
19.10111667	443
19.10856667	447
19.11606667	450
19.1236	452
19.1311	450
19.13863333	452
19.1462	454
19.15371667	451
19.16123333	451
19.16875	451
19.17631667	454
19.1838	449
19.19128333	449
19.19881667	452
19.20631667	450
19.21375	446
19.22121667	448
19.22863333	445
19.23601667	443
19.2434	443
19.25078333	443
19.25813333	441
19.26546667	440
19.27278333	439
19.28018333	444
19.28753333	441
19.2949	442
19.3023	444
19.30961667	439
19.317	443
19.32425	435
19.33163333	443
19.33893333	438
19.34623333	438
19.35358333	441
19.3609	439
19.36823333	440
19.3756	442
19.38293333	440
19.39035	445
19.39771667	442
19.40511667	444
19.41253333	445
19.41998333	447
19.42746667	449
19.43496667	450
19.44241667	447
19.44995	452
19.45741667	448
19.4648	443
19.47221667	445
19.47963333	445
19.48698333	441
19.49435	442
19.5016	435
19.50893333	440
19.5163	442
19.52358333	437
19.53096667	443
19.53836667	444
19.54568333	439
19.55306667	443
19.56046667	444
19.5679	446
19.57525	441
19.58265	444
19.59003333	443
19.59741667	443
19.60481667	444
19.61218333	442
19.61955	442
19.62698333	446
19.63443333	447
19.64185	445
19.64928333	446
19.65673333	447
19.66411667	443
19.67153333	445
19.67888333	441
19.68625	442
19.69368333	446
19.70101667	440
19.70841667	444
19.7158	443
19.72311667	439
19.73048333	442
19.73788333	444
19.7453	445
19.75275	447
19.7602	447
19.7677	450
19.77525	453
19.78273333	449
19.79028333	453
19.79783333	453
19.80528333	447
19.81281667	452
19.82033333	451
19.82773333	444
19.83521667	449
19.8427	449
19.85016667	448
19.85761667	447
19.8651	449
19.87261667	451
19.88011667	450
19.88753333	445
19.89496667	446
19.90231667	441
19.90978333	448
19.91728333	450
19.92475	448
19.9322	447
19.93958333	443
19.94696667	443
19.95436667	444
19.96176667	444
19.96915	443
19.97653333	443
19.98388333	441
19.99126667	443
19.99863333	442
20.00605	445
20.01348333	446
20.02088333	444
20.0283	445
20.03571667	445
20.0431	443
20.05056667	448
20.0581	452
20.06568333	455
20.07328333	456
20.08091667	458
20.08863333	463
20.0965	472
20.1043	468
20.11213333	470
20.12011667	479
20.12811667	480
20.13611667	480
20.14403333	475
20.15193333	474
20.15983333	474
20.16781667	479
20.17583333	481
20.18376667	476
20.1917	476
20.19968333	479
20.20773333	483
20.2158	484
20.2238	480
20.23186667	484
20.24011667	495
20.24855	506
20.2569	501
20.26515	495
20.27355	504
20.28208333	512
20.29055	508
20.29891667	502
20.3073	503
20.31571667	505
20.32401667	498
20.33228333	496
20.34083333	513
20.34953333	522
20.35836667	530
20.36716667	528
20.37593333	526
20.38465	523
20.3933	519
20.40178333	509
20.41028333	510
20.41856667	497
20.4269	500
20.43531667	505
20.44385	512
20.45235	510
20.4608	507
20.46941667	517
20.47795	512
20.4864	507
20.49496667	514
20.50348333	511
20.512	511
20.5205	510
20.52911667	517
20.5377	515
20.54621667	511
20.55483333	517
20.56361667	527
20.57223333	517
20.5808	514
20.58936667	514
20.5978	506
20.60615	501
20.61455	504
20.62276667	493
20.63086667	486
20.639	488
20.64758333	515
20.65643333	531
20.6653	532
20.67403333	524
20.6827	520
20.69168333	539
20.70095	556
20.7099	537
20.71875	531
20.72793333	551
20.73725	559
20.74648333	554
20.75563333	549
20.76526667	578
20.77523333	598
20.78461667	563
20.79423333	577
20.80401667	587
20.8133	557
20.82278333	569
20.83265	592
20.84203333	563
20.85166667	578
20.86138333	583
20.8717	619
20.8828	666
20.89326667	628
20.90358333	619
20.91441667	650
20.9247	617
20.93471667	601
20.94541667	642
20.95645	662
20.96681667	622
20.97666667	591
20.98655	593
20.99628333	584
21.00575	568
21.01526667	571
21.02503333	586
21.03478333	585
21.04471667	596
21.05438333	580
21.06371667	560
21.07315	566
21.08293333	587
21.0935	634
21.1037	612
21.11343333	584
21.12306667	578
21.1325	566
21.14181667	559
21.15131667	570
21.16061667	558
21.17001667	564
21.17975	584
21.18931667	574
21.19886667	573
21.20881667	597
21.21891667	606
21.22908333	610
21.2391	601
21.24933333	614
21.25986667	632
21.27016667	618
21.28016667	600
21.28998333	589
21.29953333	573
21.30888333	561
21.31805	550
21.32705	540
21.33593333	533
21.34471667	527
21.35351667	528
21.36225	524
21.37111667	532
21.38005	536
21.3891	543
21.39871667	577
21.40891667	612
21.41866667	585
21.42903333	622
21.43993333	654
21.45006667	608
21.4601	602
21.47066667	634
21.48096667	618
21.49071667	585
21.50055	590
21.51055	600
21.5201	573
21.52946667	562
21.53908333	577
21.54858333	570
21.558	565
21.56771667	583
21.57791667	612
21.58781667	594
21.59763333	589
21.60775	607
21.61788333	608
21.62781667	596
21.63808333	616
21.64896667	653
21.65973333	646
21.66988333	609
21.67971667	590
21.6895	587
21.69931667	589
21.70891667	576
21.71851667	576
21.72838333	592
21.73838333	600
21.74815	586
21.7577	573
21.76806667	622
21.77868333	637
21.78891667	614
21.79875	590
21.80835	576
21.81775	564
21.82696667	553
21.83628333	559
21.84596667	581
21.85618333	613
21.86653333	621
21.87675	613
21.88673333	599
21.89646667	584
21.90616667	582
21.91565	569
21.92493333	557
21.93411667	551
21.94313333	541
21.95241667	557
21.96183333	565
21.97123333	564
21.98106667	590
21.99113333	604
22.00113333	600
22.0112	604
22.02098333	587
22.03063333	579
22.04026667	578
22.05006667	588
22.06005	599
22.06985	588
22.07953333	581
22.08958333	603
22.09978333	612
22.11001667	614
22.11995	596
22.13021667	616
22.14046667	615
22.15046667	600
22.16066667	612
22.1712	632
22.1815	618
22.19173333	614
22.20235	637
22.21321667	652
22.22421667	660
22.23475	632
22.24503333	617
22.25548333	627
22.26598333	630
22.27628333	618
22.28638333	606
22.29643333	603
22.30651667	605
22.31656667	603
22.32645	593
22.33623333	587
22.34608333	591
22.35613333	603
22.36633333	612
22.3763	598
22.38618333	593
22.39603333	591
22.40591667	593
22.41573333	589
22.42526667	572
22.4348	572
22.44428333	569
22.45388333	576
22.46335	568
22.4727	561
22.48203333	560
22.49143333	564
22.50098333	573
22.51061667	578
22.52015	572
22.52953333	563
22.53913333	576
22.54896667	590
22.559	602
22.56878333	587
22.57871667	596
22.58918333	628
22.5995	619
22.60953333	602
22.61945	595
22.62941667	598
22.63943333	601
22.64938333	597
22.6591	583
22.66871667	577
22.67848333	586
22.6884	595
22.69811667	583
22.70763333	571
22.71726667	578
22.72723333	598
22.73718333	597
22.74701667	590
22.757	599
22.76738333	623
22.77781667	626
22.78796667	609
22.79793333	598
22.80783333	594
22.81746667	578
22.82693333	568
22.83628333	561
22.84545	550
22.85458333	548
22.86363333	543
22.87266667	542
22.88173333	544
22.89096667	554
22.90015	551
22.90918333	542
22.91818333	540
22.92716667	539
22.93606667	534
22.94496667	534
22.95383333	532
22.9627	532
22.97206667	562
22.98158333	571
22.99071667	548
22.99978333	544
23.00888333	546
23.01806667	551
23.02725	551
23.0364	549
23.04561667	553
23.05521667	576
23.06546667	615
23.0759	626
23.0862	618
23.0967	630
23.10695	615
23.11686667	595
23.1267	590
23.13658333	593
23.14668333	606
23.15686667	611
23.16711667	615
23.17721667	606
23.18751667	618
23.19806667	633
23.20861667	633
23.2187	605
23.22873333	602
23.23881667	605
23.24901667	612
23.25928333	616
23.26925	598
23.27913333	593
23.28905	595
23.29876667	583
23.3083	572
23.31775	567
23.32726667	571
23.33693333	580
23.34676667	590
23.35663333	592
23.36638333	585
23.37625	592
23.38591667	580
23.39546667	573
23.40486667	564
23.4142	560
23.42335	549
23.43235	540
23.44138333	542
23.45048333	546
23.45986667	563
23.46975	593
23.47933333	575
23.48898333	579
23.49911667	608
23.51023333	667
23.5215	676
23.5321	636
23.54266667	634
23.55341667	645
23.56426667	651
23.57485	635
23.58495	606
23.59505	606
23.60511667	604
23.61555	626
23.62631667	646
23.63748333	670
23.64868333	672
23.65933333	639
23.66941667	605
23.6794	599
23.68925	591
23.69911667	592
23.70883333	583
23.7185	580
23.72813333	578
23.73851667	623
23.74925	644
23.75983333	635
23.77005	613
23.77996667	595
23.78998333	601
23.80005	604
23.81013333	605
23.81995	589
23.82976667	589
23.8395	584
23.84936667	592
23.8593	596
23.86888333	575
23.87866667	587
23.88866667	600
23.89881667	609
23.90871667	594
23.91861667	594
23.92886667	615
23.93893333	604
23.94893333	600
23.95875	589
23.96866667	595
23.97888333	613
23.98941667	632
24.00013333	643
24.01051667	623
24.02058333	604
24.0309	619
24.04135	627
24.05193333	635
24.06213333	612
24.07216667	602
24.08233333	610
24.09236667	602
24.10238333	601
24.11228333	594
24.12253333	615
24.13296667	626
24.14326667	618
24.15323333	598
24.16333333	606
24.17325	595
24.1829	579
24.19271667	589
24.20273333	601
24.21253333	588
24.22225	583
24.23225	600
24.24228333	602
24.25201667	584
24.26161667	576
24.27121667	576
24.28085	578
24.29063333	587
24.30023333	576
24.30976667	572
24.3193	572
24.3289	576
24.33855	579
24.34815	576
24.35778333	578
24.36761667	590
24.37763333	601
24.3875	592
24.39721667	583
24.40721667	600
24.41751667	618
24.42786667	621
24.43788333	601
24.44831667	626
24.4589	635
24.46898333	605
24.47891667	596
24.48896667	603
24.49925	617
24.50923333	599
24.51911667	593
24.52901667	594
24.5391	605
24.54958333	629
24.56053333	657
24.57105	631
24.5814	621
24.5921	642
24.603	654
24.61388333	653
24.62425	622
24.63445	612
24.64475	618
24.65485	606
24.66475	594
24.67463333	593
24.68461667	599
24.6947	605
24.7047	600
24.71451667	589
24.72421667	582
24.73401667	588
24.744	599
24.75386667	592
24.76375	593
24.77375	600
24.78411667	622
24.79448333	622
24.80445	598
24.81443333	599
24.82458333	609
24.83473333	609
24.84515	625
24.85543333	617
24.86541667	599
24.8752	587
24.88493333	584
24.89451667	575
24.90388333	562
24.91323333	561
24.9226	562
24.93203333	566
24.94141667	563
24.95091667	570
24.96036667	567
24.9702	590
24.981	648
24.9918	648
25.00185	603
25.01181667	598
25.02175	596
25.03163333	593
25.04158333	597
25.05131667	584
25.0609	575
25.07051667	577
25.08015	578
25.08978333	578
25.09941667	578
25.10951667	606
25.12008333	634
25.13028333	612
25.14068333	624
25.15146667	647
25.16216667	642
25.17265	629
25.18285	612
25.19266667	589
25.20241667	585
25.2121	581
25.22161667	571
25.23113333	571
25.24066667	572
25.25031667	579
25.26023333	595
25.27025	601
25.28008333	590
25.2898	583
25.29925	567
25.30863333	563
25.31781667	551
25.32678333	538
25.33568333	534
25.34473333	543
25.35386667	548
25.36301667	549
25.37215	548
25.38143333	557
25.39096667	572
25.40078333	589
25.41028333	570
25.42003333	585
25.43031667	617
25.44101667	642
25.45101667	600
25.46128333	616
25.47203333	645
25.48305	661
25.49345	624
25.5035	603
25.51358333	605
25.52373333	609
25.53448333	645
25.54541667	656
25.55583333	625
25.56606667	614
25.57701667	657
25.58751667	630
25.59831667	648
25.61043333	727
25.62241667	719
25.6339	689
25.64491667	661
25.65545	632
25.66571667	616
25.67575	602
25.68543333	581
25.69481667	563
25.70411667	558
25.71345	560
25.72341667	598
25.73326667	591
25.74315	593
25.75373333	635
25.76503333	678
25.77723333	732
25.78793333	642
25.79871667	647
25.81031667	696
25.82175	686
25.83278333	662
25.84358333	648
25.85441667	650
25.86478333	622
25.87485	604
25.88471667	592
25.89441667	582
25.90386667	567
25.91323333	562
25.92253333	558
25.93235	589
25.94313333	647
25.9534	616
25.96346667	604
25.97441667	657
25.98736667	777
25.99976667	744
26.01078333	661
26.02185	664
26.03323333	683
26.04483333	696
26.05566667	650
26.06616667	630
26.0766	626
26.08711667	631
26.09751667	624
26.1074	593
26.11716667	586
26.12725	605
26.13776667	631
26.1491	680
26.15973333	638
26.17018333	627
26.18105	652
26.19205	660
26.2025	627
26.21281667	619
26.22325	626
26.23408333	650
26.24465	634
26.25528333	638
26.26625	658
26.27716667	655
26.28745	617
26.29743333	599
26.30738333	597
26.31728333	594
26.32718333	594
26.33701667	590
26.3474	623
26.35748333	605
26.36876667	677
26.38038333	697
26.39176667	683
26.40278333	661
26.41306667	617
26.42336667	618
26.43363333	616
26.44416667	632
26.45466667	630
26.46465	599
26.47476667	607
26.48508333	619
26.49568333	636
26.50618333	630
26.51623333	603
26.52645	613
26.53705	636
26.54836667	679
26.55896667	636
26.56945	629
26.58041667	658
26.59125	650
26.60178333	632
26.61255	646
26.62303333	629
26.63346667	626
26.64371667	615
26.65378333	604
26.6639	607
26.67406667	610
26.68411667	603
26.694	593
26.70381667	589
26.71381667	600
26.72376667	597
26.73358333	589
26.74358333	600
26.75381667	614
26.76433333	631
26.7746	616
26.78466667	604
26.79476667	606
26.80493333	610
26.81518333	615
26.82541667	614
26.83521667	588
26.84486667	579
26.8546	584
26.86453333	596
26.8747	610
26.88466667	598
26.8944	584
26.90416667	586
26.9142	602
26.924	588
26.93381667	589
26.94391667	606
26.95416667	615
26.96451667	621
26.97475	614
26.9848	603
26.99528333	629
27.00628333	660
27.01766667	683
27.02845	647
27.03896667	631
27.0495	632
27.05983333	620
27.06985	601
27.07993333	605
27.09038333	627
27.10091667	632
27.11121667	618
27.12171667	630
27.13271667	660
27.14415	686
27.15495	648
27.16538333	626
27.17596667	635
27.18688333	655
27.19786667	659
27.20811667	615
27.2183	611
27.22835	603
27.23823333	593
27.24865	625
27.25955	654
27.27016667	637
27.28033333	610
27.29086667	632
27.30151667	639
27.3122	641
27.32261667	625
27.33283333	613
27.34281667	599
27.35255	584
27.3623	585
27.37208333	587
27.38188333	588
27.39141667	572
27.40128333	592
27.41153333	615
27.42156667	602
27.43185	617
27.4428	657
27.45503333	734
27.46705	721
27.47785	648
27.4887	651
27.49996667	676
27.51123333	676
27.52201667	647
27.53241667	624
27.54286667	627
27.55333333	628
27.56401667	641
27.57441667	624
27.5845	605
27.59471667	613
27.60623333	691
27.61758333	681
27.62861667	662
27.63885	614
27.64896667	607
27.6592	614
27.66953333	620
27.67995	625
27.69006667	607
27.70023333	610
27.71056667	620
27.72081667	615
27.73076667	597
27.7406	590
27.75056667	598
27.76083333	616
27.77155	643
27.78211667	634
27.79288333	646
27.80343333	633
27.81381667	623
27.82395	608
27.83381667	592
27.8436	587
27.85328333	581
27.86296667	581
27.87255	575
27.88188333	560
27.8912	559
27.90053333	560
27.90991667	563
27.91931667	564
27.92906667	585
27.93936667	618
27.95075	683
27.96118333	626
27.97201667	650
27.9831	665
27.99455	687
28.00585	678
28.01628333	626
28.02676667	629
28.03701667	615
28.04723333	613
28.05746667	614
28.06741667	597
28.07735	596
28.08738333	602
28.09736667	599
28.10723333	592
28.11746667	614
28.12825	647
28.14011667	712
28.15211667	720
28.1638	701
28.1744	636
28.18495	633
28.19558333	638
28.20618333	636
28.2164	613
28.22635	597
28.23643333	605
28.24665	613
28.25703333	623
28.26746667	626
28.27756667	606
28.28798333	625
28.29873333	645
28.30968333	657
28.3206	655
28.33113333	632
28.3416	628
28.35205	627
28.36243333	623
28.3728	622
28.38285	603
28.39305	612
28.40378333	644
28.4141	619
28.42408333	599
28.43435	616
28.44463333	617
28.45513333	630
28.46531667	611
28.47531667	600
28.48558333	616
28.49608333	630
28.5069	649
28.51776667	652
28.52843333	640
28.53953333	666
28.55096667	686
28.56233333	682
28.57345	667
28.58375	618
28.59378333	602
28.60395	610
28.61448333	632
28.625	631
28.63511667	607
28.64545	620
28.65611667	640
28.6675	683
28.67875	675
28.68923333	629
28.69975	631
28.71076667	661
28.72146667	642
28.73175	617
28.74205	618
28.75245	624
28.76306667	637
28.77361667	633
28.78401667	624
28.7948	647
28.80563333	650
28.81641667	647
28.82691667	630
28.83813333	673
28.8494	676
28.86011667	643
28.87066667	633
28.8807	602
28.8907	600
28.9007	600
28.91078333	605
28.92113333	621
28.93131667	611
28.94201667	642
28.95295	656
28.96556667	757
28.97648333	655
28.98706667	635
28.9977	638
29.00815	627
29.01818333	602
29.02808333	594
29.0379	589
29.04783333	596
29.05778333	597
29.06751667	584
29.07725	584
29.08713333	593
29.09756667	626
29.10806667	630
29.11806667	600
29.12805	599
29.13811667	604
29.14835	614
29.15833333	599
29.1684	604
29.1785	606
29.18865	609
29.19898333	620
29.20916667	611
29.21905	593
29.22878333	584
29.23876667	599
29.24886667	606
29.2588	596
29.26855	585
29.27845	594
29.28843333	599
29.29903333	636
29.30913333	606
29.3191	598
29.32915	603
29.34035	672
29.35156667	673
29.36196667	624
29.37243333	628
29.38295	631
29.3934	627
29.40383333	626
29.41408333	615
29.42415	604
29.4339	585
29.4436	582
29.45335	585
29.46301667	580
29.47263333	577
29.4824	586
29.49208333	581
29.50168333	576
29.51156667	593
29.52175	611
29.53228333	632
29.54256667	617
29.55283333	616
29.56295	607
29.57305	606
29.58308333	602
29.59308333	600
29.60383333	645
29.61431667	629
29.62471667	624
29.63466667	597
29.6442	572
29.65375	573
29.66328333	572
29.67286667	575
29.68298333	607
29.69345	628
29.70416667	643
29.71431667	609
29.72448333	610
29.7349	625
29.74598333	665
29.75688333	654
29.76745	634
29.77795	630
29.78855	636
29.79926667	643
29.81006667	648
29.82023333	610
29.83041667	611
29.8409	629
29.85165	645
29.86213333	629
29.87216667	602
29.8824	614
29.89336667	658
29.90531667	717
29.91611667	648
29.92691667	648
29.93836667	687
29.95055	731
29.96296667	745
29.97476667	708
29.98601667	675
29.99646667	627
30.00703333	634
30.0175	628
30.02808333	635
30.03833333	615
30.0483	598
30.05841667	607
30.07041667	720
30.083	755
30.09388333	653
30.10486667	659
30.11578333	655
30.12706667	677
30.13775	641
30.14836667	637
30.15936667	660
30.17085	689
30.1825	699
30.19343333	656
30.20423333	648
30.21515	655
30.22628333	668
30.23698333	642
30.24746667	629
30.25801667	633
30.26916667	669
30.27976667	636
30.2903	632
30.30151667	673
30.31283333	679
30.32331667	629
30.3339	635
30.34521667	679
30.3572	719
30.36886667	700
30.38111667	735
30.39213333	661
30.40298333	651
30.41418333	672
30.42526667	665
30.4362	656
30.44651667	619
30.45688333	622
30.46723333	621
30.4779	640
30.4882	618
30.49828333	605
30.50875	628
30.52045	702
30.53138333	656
30.5423	655
30.55251667	613
30.5626	605
30.57258333	599
30.5822	577
30.59178333	575
30.6015	583
30.61175	615
30.62191667	610
30.6318	593
30.64173333	596
30.6519	610
30.66238333	629
30.67241667	602
30.68266667	615
30.69323333	634
30.70373333	630
30.71571667	719
30.72826667	753
30.73958333	679
30.75116667	695
30.7633	728
30.77465	681
30.7857	663
30.7969	672
30.80808333	671
30.81928333	672
30.82975	628
30.84035	636
30.85103333	641
30.86136667	620
30.8716	614
30.88225	639
30.89288333	638
30.90493333	723
30.91726667	740
30.92838333	667
30.93951667	668
30.95073333	673
30.9617	658
30.9721	624
30.9823	612
30.99245	609
31.00275	618
31.0129	609
31.0228	594
31.03295	609
31.04383333	653
31.05475	655
31.0652	627
31.07658333	683
31.08796667	683
31.10001667	723
31.11081667	648
31.12135	632
31.13178333	626
31.14215	622
31.15256667	625
31.16261667	603
31.17266667	603
31.18261667	597
31.1925	593
31.2023	588
31.21235	603
31.2226	615
31.23335	645
31.24548333	728
31.25795	748
31.26988333	716
31.28095	664
31.29158333	638
31.30211667	632
31.31241667	618
31.32256667	609
31.33255	599
31.3425	597
31.35208333	575
31.36163333	573
31.3712	574
31.38108333	593
31.3911	601
31.40076667	580
31.41058333	589
31.42088333	618
31.43236667	689
31.44346667	666
31.45396667	630
31.4648	650
31.47591667	667
31.48685	656
31.49743333	635
31.50768333	615
31.51805	622
31.52861667	634
31.53916667	633
31.54938333	613
31.55933333	597
31.56951667	611
31.57991667	624
31.59013333	613
31.60048333	621
31.61161667	668
31.62301667	684
31.6337	641
31.64476667	664
31.65615	683
31.66735	672
31.67806667	643
31.68813333	604
31.69816667	602
31.70805	593
31.71776667	583
31.72728333	571
31.73665	562
31.74616667	571
31.75595	587
31.76606667	607
31.77611667	603
31.78615	602
31.79663333	629
31.80721667	635
31.81723333	601
31.82705	589
31.83753333	629
31.8481	634
31.85833333	614
31.86873333	624
31.87908333	621
31.88948333	624
31.8996	607
31.90978333	611
31.91996667	611
31.93041667	627
31.94065	614
31.9509	615
31.96143333	632
31.97211667	641
31.98233333	613
31.99258333	615
