0.013783333	807
0.02845	827
0.042183333	880
0.05585	824
0.0695	820
0.083666667	819
0.0971	850
0.110216667	806
0.123883333	787
0.137816667	820
0.152016667	836
0.16545	852
0.179683333	806
0.1939	854
0.208316667	853
0.2233	865
0.23835	899
0.253483333	903
0.267666667	908
0.2823	851
0.296383333	878
0.3102	845
0.323583333	829
0.3374	803
0.351516667	829
0.366116667	847
0.380083333	876
0.393916667	838
0.4076	830
0.4213	821
0.434466667	822
0.44815	790
0.476183333	821
0.489	0
0.502133333	769
0.515233333	788
0.528216667	786
0.541233333	779
0.554816667	781
0.568633333	815
0.583033333	829
0.597316667	864
0.6111	857
0.625016667	827
0.63865	835
0.651783333	818
0.665133333	788
0.678916667	801
0.693133333	827
0.707383333	853
0.720966667	855
0.7346	815
0.748483333	818
0.762166667	833
0.775816667	821
0.788716667	819
0.801183333	774
0.81415	748
0.827366667	778
0.84095	793
0.8545	815
0.86735	813
0.88075	771
0.893966667	804
0.90715	793
0.9198	791
0.932533333	759
0.945816667	764
0.959083333	797
0.9724	796
0.98495	799
0.9979	753
1.011633333	777
1.025783333	824
1.0394	849
1.052916667	817
1.0669	811
1.0805	839
1.094116667	816
1.107133333	817
1.12	781
1.133166667	772
1.146933333	790
1.1606	826
1.173416667	820
1.1869	769
1.200666667	809
1.214733333	826
1.22785	844
1.240483333	787
1.252966667	758
1.2657	749
1.278266667	764
1.29055	754
1.303216667	737
1.315966667	760
1.329666667	765
1.34345	822
1.356616667	827
1.370416667	790
1.384433333	828
1.39855	841
1.412716667	847
1.42595	850
1.439666667	794
1.453483333	823
1.468516667	829
1.483616667	902
1.498316667	906
1.512833333	882
1.527016667	871
1.5411	851
1.556133333	845
1.5707	902
1.5853	874
1.600316667	876
1.6151	901
1.629333333	887
1.643083333	854
1.656416667	825
1.669283333	800
1.68175	772
1.694016667	748
1.706116667	736
1.718283333	726
1.73	730
1.741466667	703
1.752866667	688
1.7645	684
1.7766	698
1.788783333	726
1.80055	731
1.8125	706
1.82475	717
1.83705	735
1.848716667	738
1.8599	700
1.8708	671
1.881666667	654
1.892816667	652
1.904383333	669
1.91585	694
1.926866667	688
1.9384	661
1.949933333	692
1.961233333	692
1.972983333	678
1.985183333	705
1.99765	732
2.010116667	748
2.02305	748
2.03535	776
2.047583333	738
2.059933333	734
2.073016667	741
2.085733333	785
2.098283333	763
2.111433333	753
2.1253	789
2.138983333	832
2.15235	821
2.165916667	802
2.179833333	814
2.194116667	835
2.207466667	857
2.22015	801
2.231933333	761
2.243583333	707
2.2557	699
2.269283333	727
2.283416667	815
2.296966667	848
2.3095	813
2.321816667	752
2.333916667	739
2.346266667	726
2.358483333	741
2.370233333	733
2.381733333	705
2.39315	690
2.404366667	685
2.415166667	673
2.425933333	648
2.436733333	646
2.4478	648
2.459466667	664
2.47055	700
2.481366667	665
2.492283333	649
2.503383333	655
2.515	666
2.52655	697
2.5377	693
2.54885	669
2.56025	669
2.572383333	684
2.5845	728
2.596316667	727
2.607766667	709
2.619316667	687
2.630683333	693
2.642366667	682
2.653616667	701
2.66475	675
2.67645	668
2.6891	702
2.701983333	759
2.715533333	773
2.727783333	813
2.739433333	735
2.750633333	699
2.761783333	672
2.772633333	669
2.783416667	651
2.7942	647
2.80515	647
2.8166	657
2.8292	687
2.843666667	756
2.872066667	868
2.8849	0
2.898066667	770
2.911316667	790
2.924166667	795
2.93625	771
2.947883333	725
2.9599	698
2.972416667	721
2.986366667	751
3.00025	837
3.01335	833
3.027533333	786
3.0409	851
3.053883333	802
3.0661	779
3.077983333	733
3.089816667	713
3.102	710
3.11405	731
3.126116667	723
3.138683333	724
3.151666667	754
3.164866667	779
3.177283333	792
3.189566667	745
3.2019	737
3.214183333	740
3.226233333	737
3.238716667	723
3.251966667	749
3.264866667	795
3.277783333	774
3.290366667	775
3.3029	755
3.3161	752
3.328566667	792
3.340783333	748
3.353233333	733
3.366216667	747
3.379533333	779
3.393666667	799
3.408066667	848
3.422516667	864
3.436316667	867
3.449866667	828
3.463166667	813
3.476866667	798
3.49	822
3.50215	788
3.513583333	729
3.525083333	686
3.5371	690
3.549766667	721
3.561966667	760
3.574416667	732
3.5878	747
3.601683333	803
3.615633333	833
3.628266667	837
3.6411	758
3.654	770
3.666566667	774
3.678866667	754
3.69085	738
3.703133333	719
3.716116667	737
3.730116667	779
3.744533333	840
3.759166667	865
3.773233333	878
3.787633333	844
3.80195	864
3.816283333	859
3.830533333	860
3.844483333	855
3.8586	837
3.872333333	847
3.885716667	824
3.8984	803
3.910883333	761
3.92375	749
3.936983333	772
3.9502	794
3.963066667	793
3.975466667	772
3.988066667	744
4.00045	756
4.012	743
4.022833333	693
4.033683333	650
4.045133333	651
4.057233333	687
4.06945	726
4.081133333	733
4.093116667	701
4.105716667	719
4.119133333	756
4.1335	805
4.146683333	862
4.1591	791
4.171316667	745
4.184066667	733
4.197516667	765
4.210533333	807
4.2237	781
4.236333333	790
4.248433333	758
4.26025	726
4.2715	709
4.282216667	675
4.29275	643
4.303833333	632
4.314933333	665
4.325816667	666
4.337116667	653
4.350716667	678
4.364166667	816
4.390283333	807
4.402166667	0
4.4142	713
4.425683333	722
4.43715	689
4.44855	688
4.459583333	684
4.470516667	662
4.4822	656
4.493983333	701
4.50555	707
4.51775	694
4.530483333	732
4.542666667	764
4.554266667	731
4.565383333	696
4.57675	667
4.588283333	682
4.599666667	692
4.611	683
4.623116667	680
4.635883333	727
4.6481	766
4.65975	733
4.67105	699
4.682316667	678
4.69345	676
4.7041	668
4.71455	639
4.72535	627
4.737833333	648
4.751616667	749
4.766316667	827
4.780383333	882
4.793783333	844
4.809083333	804
4.825116667	918
4.84145	962
4.85725	980
4.869733333	948
4.885183333	749
4.897933333	927
4.9098	765
4.92225	712
4.935716667	747
4.949383333	808
4.964483333	820
4.97985	906
4.995166667	922
5.01	919
5.025083333	890
5.03975	905
5.053983333	880
5.068	854
5.097083333	841
5.112016667	0
5.127566667	896
5.142766667	933
5.155616667	912
5.170666667	771
5.18335	903
5.198916667	761
5.2136	934
5.22875	881
5.244183333	909
5.25915	926
5.273533333	898
5.288933333	863
5.3044	924
5.319983333	928
5.335016667	935
5.349366667	902
5.363266667	861
5.376566667	834
5.39015	798
5.4034	815
5.417116667	795
5.430833333	823
5.444983333	823
5.459166667	849
5.473783333	851
5.488916667	877
5.503133333	908
5.516383333	853
5.530316667	795
5.544516667	836
5.558833333	852
5.57305	859
5.58805	853
5.603533333	900
5.618733333	929
5.63375	912
5.6483	901
5.662466667	873
5.67675	850
5.691716667	857
5.706416667	898
5.720683333	882
5.733933333	856
5.746616667	795
5.758866667	761
5.770833333	735
5.782283333	718
5.794083333	687
5.806133333	708
5.817883333	723
5.829233333	705
5.840733333	681
5.853383333	690
5.865983333	759
5.878883333	756
5.892266667	774
5.905716667	803
5.920183333	807
5.93545	868
5.950533333	916
5.9647	905
5.979033333	850
5.99365	860
6.007566667	877
6.0216	835
6.035933333	842
6.04985	860
6.063533333	835
6.077016667	821
6.090233333	809
6.103233333	793
6.1165	780
6.129383333	796
6.142516667	773
6.15605	788
6.16965	812
6.18255	816
6.195883333	774
6.21025	800
6.2251	862
6.239833333	891
6.254433333	884
6.26875	876
6.283233333	859
6.297683333	869
6.31205	867
6.3259	862
6.339783333	831
6.353966667	833
6.368233333	851
6.382766667	856
6.39645	872
6.409066667	821
6.422383333	757
6.436366667	799
6.45085	839
6.465883333	869
6.4806	902
6.49535	883
6.510033333	885
6.5245	881
6.538016667	868
6.55065	811
6.563	758
6.575033333	741
6.5872	722
6.599366667	730
6.6118	730
6.62445	746
6.638616667	759
6.653883333	850
6.667016667	916
6.679583333	788
6.694166667	754
6.709683333	875
6.723616667	931
6.736116667	836
6.7483	750
6.760216667	731
6.771766667	715
6.783	693
6.794233333	674
6.805466667	674
6.817183333	674
6.830533333	703
6.84385	801
6.856066667	799
6.868316667	733
6.880366667	735
6.891933333	723
6.9028	694
6.913283333	652
6.923616667	629
6.933883333	620
6.944466667	616
6.955666667	635
6.966616667	672
6.977416667	657
6.989633333	648
7.002633333	733
7.016416667	780
7.030166667	827
7.043933333	825
7.058683333	826
7.073633333	885
7.087016667	897
7.099566667	803
7.111733333	753
7.12405	730
7.136533333	739
7.148883333	749
7.16095	741
7.1723	724
7.183616667	681
7.195316667	679
7.206633333	702
7.217566667	679
7.22845	656
7.239216667	653
7.2497	646
7.259816667	629
7.270033333	607
7.2803	613
7.290883333	616
7.3015	635
7.311966667	637
7.322833333	628
7.334016667	652
7.345783333	671
7.358066667	706
7.370266667	737
7.383183333	732
7.396	775
7.408	769
7.420033333	720
7.431983333	722
7.4435	717
7.45445	691
7.46545	657
7.476633333	660
7.48805	671
7.4992	685
7.510166667	669
7.522016667	658
7.534066667	711
7.545833333	723
7.557716667	706
7.57035	713
7.5835	758
7.59645	789
7.608533333	777
7.620383333	725
7.6316	711
7.642583333	673
7.65425	659
7.66575	700
7.67665	690
7.6885	654
7.700183333	711
7.711283333	701
7.722733333	666
7.734233333	687
7.74615	690
7.757816667	715
7.769166667	700
7.781233333	681
7.79395	724
7.805666667	763
7.817166667	703
7.829383333	690
7.841683333	733
7.85385	738
7.86605	730
7.879133333	732
7.892833333	785
7.90595	822
7.91835	787
7.931316667	744
7.94455	778
7.957616667	794
7.969916667	784
7.9824	738
7.995666667	749
8.008533333	796
8.02035	772
8.032266667	709
8.0444	715
8.056733333	728
8.068933333	740
8.08125	732
8.093533333	739
8.105533333	737
8.1172	720
8.129366667	700
8.1422	730
8.155516667	770
8.168	799
8.18	749
8.192416667	720
8.206166667	745
8.219383333	825
8.231933333	793
8.24515	753
8.25835	793
8.271983333	792
8.284666667	818
8.297283333	761
8.310216667	757
8.322866667	776
8.334916667	759
8.346933333	723
8.359933333	721
8.372983333	780
8.385083333	783
8.396616667	726
8.409416667	692
8.423033333	768
8.436566667	817
8.4498	812
8.462583333	794
8.475616667	767
8.489	782
8.501783333	803
8.514483333	767
8.527866667	762
8.54135	803
8.554766667	809
8.567266667	805
8.57965	750
8.59235	743
8.605616667	762
8.618083333	796
8.630283333	748
8.64345	732
8.656633333	790
8.66925	791
8.681466667	757
8.6942	733
8.70675	764
8.718716667	753
8.730266667	718
8.742166667	693
8.75495	714
8.76765	767
8.779666667	762
8.7924	721
8.805916667	764
8.8192	811
8.83135	797
8.843233333	729
8.85535	713
8.8679	727
8.880566667	753
8.89255	760
8.904916667	719
8.918116667	742
8.931516667	792
8.94405	804
8.956483333	752
8.969233333	746
8.981866667	765
8.994033333	758
9.005883333	730
9.017683333	711
9.02945	708
9.040633333	706
9.051833333	671
9.063966667	672
9.077133333	728
9.089033333	790
9.101316667	714
9.11375	737
9.12575	746
9.13795	720
9.150233333	732
9.162016667	737
9.1735	707
9.18495	689
9.196016667	687
9.206866667	664
9.21765	651
9.22835	647
9.238733333	642
9.249	623
9.259216667	616
9.26935	613
9.27935	608
9.289233333	600
9.299016667	593
9.3089	587
9.318633333	593
9.328333333	584
9.3382	582
9.348216667	592
9.3582	601
9.36795	599
9.377583333	585
9.387166667	578
9.396666667	575
9.406133333	570
9.415683333	568
9.425183333	573
9.434533333	570
9.44375	561
9.45285	553
9.462066667	546
9.4713	553
9.480766667	554
9.490066667	568
9.499283333	558
9.508433333	553
9.5177	549
9.5272	556
9.536733333	570
9.546133333	572
9.5554	564
9.564716667	556
9.574016667	559
9.583266667	558
9.592466667	555
9.601716667	552
9.611066667	555
9.6204	561
9.6297	560
9.638833333	558
9.6479	548
9.656916667	544
9.666016667	541
9.675116667	546
9.6841	546
9.693	539
9.701866667	534
9.710666667	532
9.719433333	528
9.728166667	526
9.7368	524
9.745416667	518
9.754	517
9.762583333	515
9.7713	515
9.7801	523
9.788716667	528
9.797316667	517
9.805933333	516
9.81465	517
9.823516667	523
9.832433333	532
9.8414	535
9.850483333	538
9.859666667	545
9.868883333	551
9.8779	553
9.886883333	541
9.8958	539
9.90475	535
9.91365	537
9.9224	534
9.9311	525
9.939666667	522
9.948183333	514
9.956566667	511
9.964866667	503
9.973133333	498
9.981316667	496
9.989483333	491
9.9977	490
10.00608333	493
10.0145	503
10.02283333	505
10.03113333	500
10.03943333	498
10.04786667	498
10.05628333	506
10.0647	505
10.07308333	505
10.08148333	503
10.09	504
10.09861667	511
10.10718333	517
10.11571667	514
10.12416667	512
10.13268333	507
10.14138333	511
10.15023333	522
10.159	531
10.1677	526
10.1765	522
10.18543333	528
10.19456667	536
10.20361667	548
10.21251667	543
10.22133333	534
10.2301	529
10.23886667	526
10.24765	526
10.25635	527
10.26498333	522
10.27353333	518
10.2821	513
10.29061667	514
10.29918333	511
10.3077	514
10.31611667	511
10.32453333	505
10.33306667	505
10.34165	512
10.35035	515
10.35895	522
10.36751667	516
10.37605	514
10.38456667	512
10.39308333	511
10.40163333	511
10.41011667	513
10.41855	509
10.42696667	506
10.43538333	505
10.44383333	505
10.45236667	507
10.46085	512
10.46931667	509
10.47776667	508
10.48623333	507
10.49473333	508
10.5033	510
10.51173333	514
10.52015	506
10.52853333	505
10.53693333	503
10.54545	504
10.554	511
10.56243333	513
10.5709	506
10.57933333	508
10.58783333	506
10.59628333	510
10.60471667	507
10.61311667	506
10.6216	504
10.63031667	509
10.639	523
10.64761667	521
10.65616667	517
10.66466667	513
10.67321667	510
10.68193333	513
10.69063333	523
10.69921667	522
10.70775	515
10.71625	512
10.72485	510
10.73346667	516
10.7421	517
10.75056667	518
10.75898333	508
10.76733333	505
10.77566667	501
10.78406667	500
10.79248333	504
10.80083333	505
10.80913333	501
10.81751667	498
10.82605	503
10.83461667	512
10.84305	514
10.85148333	506
10.85986667	506
10.86821667	503
10.87663333	501
10.88508333	505
10.8935	507
10.90188333	505
10.9102	503
10.91853333	499
10.9268	500
10.935	496
10.94316667	492
10.95131667	490
10.95951667	489
10.9677	492
10.97585	491
10.98393333	489
10.99201667	485
11.00015	485
11.0085	488
11.01696667	501
11.0253	508
11.0336	500
11.04193333	498
11.05043333	500
11.05926667	510
11.06801667	530
11.0766	525
11.08513333	515
11.09376667	512
11.1025	518
11.11113333	524
11.1197	518
11.12818333	514
11.13666667	509
11.1452	509
11.15361667	512
11.16195	505
11.17026667	500
11.17863333	499
11.18713333	502
11.19571667	510
11.20418333	515
11.21258333	508
11.22105	504
11.2297	508
11.23846667	519
11.24716667	526
11.2558	522
11.26436667	518
11.27301667	514
11.28175	519
11.29043333	524
11.29903333	521
11.30756667	516
11.31611667	512
11.32471667	513
11.33333333	516
11.34183333	517
11.35026667	510
11.35863333	506
11.3669	502
11.3751	496
11.38325	492
11.3913	489
11.39931667	483
11.40726667	481
11.4153	477
11.42366667	482
11.43216667	502
11.4405	510
11.44868333	500
11.45691667	491
11.46536667	494
11.4738	507
11.48206667	506
11.49036667	496
11.49866667	498
11.50705	498
11.51558333	503
11.52398333	512
11.53231667	504
11.54068333	500
11.54913333	502
11.55761667	507
11.56608333	509
11.5745	508
11.58286667	505
11.5913	502
11.59981667	506
11.60833333	511
11.61673333	511
11.6251	504
11.63345	502
11.64193333	501
11.65035	509
11.65865	505
11.66695	498
11.67533333	498
11.68383333	503
11.69228333	510
11.70061667	507
11.7089	500
11.71708333	497
11.72525	491
11.7334	490
11.74145	489
11.74943333	483
11.75736667	479
11.76533333	476
11.7734	478
11.78151667	484
11.78955	487
11.7975	482
11.80548333	477
11.8135	479
11.82165	481
11.8298	489
11.8379	489
11.84598333	486
11.85405	485
11.8622	484
11.87041667	489
11.87856667	493
11.8867	489
11.89483333	488
11.90296667	488
11.91126667	488
11.91975	498
11.92815	509
11.9365	504
11.9449	501
11.9533	504
11.96161667	504
11.9699	499
11.97815	497
11.98638333	495
11.99476667	494
12.00321667	503
12.01155	507
12.01986667	500
12.02825	499
12.03681667	503
12.04541667	514
12.0539	516
12.06235	509
12.07068333	507
12.07906667	500
12.0875	503
12.09595	506
12.10425	507
12.11253333	498
12.1208	497
12.12918333	496
12.13773333	503
12.1462	513
12.15458333	508
12.1631	503
12.17178333	511
12.18033333	521
12.18881667	513
12.19726667	509
12.20585	507
12.2145	515
12.2231	519
12.23165	516
12.24015	513
12.2488	510
12.2575	519
12.26608333	522
12.2746	515
12.28311667	511
12.29175	511
12.30033333	518
12.30876667	515
12.31715	506
12.32558333	503
12.33408333	506
12.34256667	510
12.35095	509
12.35928333	503
12.36776667	500
12.37638333	509
12.38511667	517
12.39368333	524
12.4022	514
12.41085	511
12.41951667	519
12.42805	520
12.43648333	512
12.44493333	506
12.45336667	507
12.46166667	506
12.46986667	498
12.4781	492
12.48631667	494
12.49458333	493
12.5028	496
12.51091667	493
12.51906667	487
12.52741667	489
12.53595	501
12.54441667	512
12.55276667	508
12.56103333	501
12.56943333	496
12.57786667	504
12.58616667	506
12.59445	498
12.6027	497
12.61106667	495
12.61948333	502
12.62771667	505
12.63596667	494
12.64416667	495
12.65238333	492
12.66066667	493
12.66898333	497
12.67726667	499
12.68548333	497
12.69385	493
12.70225	502
12.71055	504
12.71878333	498
12.72696667	494
12.73521667	491
12.74355	495
12.75183333	500
12.75998333	497
12.7681	489
12.77621667	487
12.78435	487
12.7924	488
12.8004	483
12.80836667	480
12.8163	478
12.82428333	476
12.83236667	479
12.84045	485
12.84841667	485
12.85636667	478
12.86433333	477
12.87243333	478
12.88075	486
12.889	499
12.8971	495
12.90513333	486
12.91321667	482
12.92136667	485
12.92951667	489
12.93756667	489
12.94555	483
12.95351667	479
12.96146667	478
12.96943333	477
12.97731667	478
12.98515	473
12.99296667	470
13.00078333	469
13.00863333	469
13.01651667	471
13.02433333	473
13.03211667	469
13.03998333	467
13.0479	472
13.05591667	475
13.06391667	481
13.07188333	480
13.07981667	478
13.08783333	476
13.09596667	481
13.10405	488
13.11205	485
13.12006667	480
13.12806667	481
13.13615	480
13.1442	485
13.1522	483
13.16013333	480
13.16801667	476
13.17585	473
13.18376667	470
13.1917	475
13.19951667	476
13.20733333	469
13.21513333	469
13.22303333	468
13.23096667	474
13.23888333	476
13.24678333	475
13.25461667	474
13.26245	470
13.27021667	470
13.27801667	466
13.28578333	468
13.2936	466
13.30141667	469
13.30921667	469
13.317	468
13.32483333	467
13.33275	470
13.34066667	475
13.3485	475
13.35635	470
13.36416667	471
13.37193333	469
13.37963333	466
13.3873	462
13.39498333	460
13.40266667	461
13.41033333	461
13.418	460
13.42566667	460
13.43331667	460
13.44096667	459
13.44871667	459
13.4565	465
13.4643	467
13.47206667	468
13.47985	466
13.4878	467
13.49583333	477
13.50388333	482
13.51186667	483
13.51985	479
13.52785	479
13.53595	480
13.54401667	486
13.55201667	484
13.56	480
13.56808333	479
13.57611667	485
13.58408333	482
13.59201667	478
13.59991667	476
13.60783333	474
13.61601667	475
13.6244	491
13.63273333	503
13.64108333	500
13.64963333	501
13.65861667	513
13.66766667	539
13.67641667	543
13.68526667	525
13.69431667	531
13.70348333	543
13.71233333	550
13.7211	531
13.7299	526
13.73873333	528
13.74753333	530
13.75611667	528
13.76463333	515
13.77311667	511
13.7816	509
13.78993333	509
13.7982	500
13.80638333	496
13.81455	491
13.82285	490
13.83116667	498
13.83933333	499
13.84746667	490
13.85555	488
13.86373333	485
13.8722	491
13.88048333	508
13.88873333	497
13.89693333	495
13.90526667	492
13.91368333	500
13.922	505
13.93025	499
13.93846667	495
13.94671667	493
13.95513333	495
13.9635	505
13.97176667	502
13.98001667	496
13.98826667	495
13.99666667	495
14.00513333	504
14.01343333	508
14.0217	498
14.02998333	496
14.03841667	497
14.04693333	506
14.0553	511
14.0636	502
14.0719	498
14.08028333	498
14.08856667	503
14.09678333	497
14.10496667	493
14.11313333	491
14.12141667	490
14.12968333	497
14.13786667	496
14.146	491
14.15425	488
14.16253333	495
14.17073333	497
14.17886667	492
14.187	488
14.19523333	488
14.20348333	494
14.21161667	495
14.21971667	488
14.2278	486
14.23598333	485
14.24425	491
14.25238333	496
14.26053333	488
14.26875	489
14.27701667	493
14.28538333	496
14.29365	502
14.3019	496
14.31026667	495
14.31873333	502
14.3271	508
14.3354	502
14.34361667	498
14.3518	493
14.36001667	491
14.36828333	493
14.37656667	496
14.38473333	497
14.39286667	490
14.40093333	488
14.40906667	484
14.41721667	488
14.42528333	489
14.43328333	484
14.44126667	480
14.44928333	479
14.45738333	481
14.46555	486
14.47363333	490
14.48165	485
14.48965	481
14.49765	480
14.50563333	480
14.51355	479
14.52145	475
14.52935	474
14.53731667	474
14.54521667	478
14.55305	474
14.56086667	470
14.56868333	469
14.57661667	469
14.58446667	476
14.59225	471
14.60006667	467
14.60791667	469
14.61596667	471
14.62393333	483
14.63183333	478
14.63976667	474
14.64786667	476
14.6562	486
14.66461667	500
14.67291667	505
14.68116667	498
14.68941667	495
14.69778333	495
14.70623333	502
14.7145	507
14.72268333	496
14.73093333	491
14.73925	495
14.74771667	499
14.7563	508
14.7649	515
14.7733	516
14.78163333	504
14.79003333	500
14.7985	504
14.80708333	508
14.81551667	515
14.82385	506
14.83226667	500
14.84075	505
14.84938333	509
14.85785	518
14.86625	508
14.87465	504
14.8831	504
14.8914	507
14.89958333	498
14.90773333	491
14.91586667	489
14.92401667	488
14.93218333	489
14.94023333	490
14.9483	483
14.95631667	484
14.96441667	481
14.97255	486
14.98061667	488
14.98865	484
14.9967	482
15.00481667	483
15.01298333	487
15.02106667	490
15.02915	485
15.03728333	485
15.04543333	488
15.05353333	489
15.06158333	486
15.06956667	483
15.07756667	479
15.08551667	480
15.0935	477
15.1014	479
15.10933333	474
15.11731667	476
15.12538333	479
15.13351667	484
15.14151667	488
15.14948333	480
15.15743333	478
15.16538333	477
15.17346667	477
15.18148333	485
15.18946667	481
15.19743333	479
15.20551667	478
15.21368333	485
15.22178333	490
15.22983333	486
15.2379	483
15.24606667	484
15.25438333	490
15.26276667	499
15.27103333	503
15.27926667	496
15.28746667	494
15.29571667	492
15.30403333	495
15.31225	499
15.32043333	493
15.32856667	491
15.33671667	488
15.3448	489
15.35283333	485
15.3608	482
15.36883333	478
15.37686667	482
15.38485	482
15.39283333	479
15.40078333	479
15.40881667	477
15.41686667	482
15.42485	483
15.43286667	479
15.44105	481
15.44936667	491
15.45766667	499
15.46585	498
15.474	491
15.48231667	489
15.49071667	499
15.499	504
15.50723333	497
15.51545	494
15.52365	493
15.53186667	492
15.53998333	493
15.54811667	487
15.55625	488
15.56446667	488
15.57266667	493
15.58081667	492
15.58896667	489
15.59706667	489
15.60528333	486
15.61345	493
15.62155	490
15.62965	486
15.63776667	486
15.64586667	487
15.65388333	486
15.66186667	481
15.66986667	479
15.67785	480
15.68585	479
15.69376667	480
15.70166667	475
15.70958333	474
15.71763333	475
15.72571667	483
15.7337	485
15.74165	479
15.7497	477
15.75783333	483
15.76608333	488
15.7743	495
15.78241667	493
15.79051667	487
15.79868333	486
15.8069	490
15.81498333	493
15.82303333	485
15.83106667	483
15.83916667	482
15.84728333	486
15.85533333	487
15.86328333	483
15.87128333	477
15.87938333	480
15.88761667	486
15.89575	494
15.90381667	488
15.9119	484
15.9201	485
15.92831667	492
15.9364	493
15.94446667	485
15.95253333	484
15.96066667	484
15.96885	488
15.97693333	491
15.985	485
15.99311667	484
16.0012	487
16.00923333	485
16.01723333	482
16.0252	480
16.03318333	478
16.04121667	479
16.0493	482
16.05738333	485
16.06536667	485
16.0734	479
16.08148333	482
16.08958333	485
16.09758333	486
16.10551667	480
16.11338333	476
16.12126667	472
16.12916667	473
16.13701667	474
16.1448	471
16.15258333	467
16.16043333	467
16.16841667	471
16.17645	479
16.1844	482
16.19231667	477
16.20031667	475
16.20843333	480
16.21658333	487
16.2247	489
16.23276667	487
16.24086667	484
16.249	486
16.25716667	488
16.26523333	490
16.27331667	484
16.28136667	485
16.28945	483
16.29755	485
16.3056	486
16.31365	483
16.32166667	483
16.32971667	481
16.33786667	483
16.34613333	489
16.35431667	496
16.36243333	491
16.37055	487
16.37868333	487
16.38683333	488
16.39493333	489
16.40296667	486
16.41096667	482
16.41896667	480
16.427	480
16.435	482
16.44298333	480
16.45091667	479
16.45885	476
16.46691667	476
16.47516667	484
16.48341667	495
16.49175	495
16.50018333	500
16.50878333	506
16.51746667	516
16.526	521
16.53445	512
16.543	507
16.55158333	513
16.56001667	515
16.56843333	506
16.57683333	505
16.58533333	504
16.59393333	510
16.60251667	516
16.61113333	515
16.6197	517
16.62833333	514
16.63701667	518
16.64558333	521
16.65411667	514
16.66263333	512
16.67126667	511
16.67988333	518
16.68836667	517
16.69681667	509
16.70528333	507
16.71381667	508
16.72231667	512
16.7308	510
16.73925	509
16.7478	507
16.7565	513
16.76506667	522
16.77355	514
16.78213333	509
16.791	515
16.79995	532
16.8088	537
16.81758333	531
16.82656667	527
16.83561667	539
16.84451667	543
16.85333333	534
16.86225	529
16.87133333	535
16.88031667	545
16.88915	539
16.898	530
16.90696667	531
16.91593333	538
16.92481667	538
16.93356667	533
16.9424	525
16.95133333	530
16.96011667	536
16.96878333	527
16.97753333	520
16.98631667	525
16.99503333	527
17.00371667	523
17.01231667	521
17.02093333	516
17.02958333	517
17.03831667	519
17.04691667	524
17.05538333	516
17.06385	508
17.07245	508
17.08111667	516
17.08991667	520
17.09858333	528
17.10733333	520
17.11626667	525
17.1253	536
17.13421667	542
17.14301667	535
17.15171667	528
17.16056667	522
17.1695	531
17.17818333	536
17.1868	521
17.1953	517
17.20385	510
17.2124	513
17.22081667	513
17.22921667	505
17.23756667	504
17.24591667	501
17.25443333	501
17.26303333	511
17.27161667	516
17.28011667	515
17.28878333	510
17.29768333	520
17.30673333	534
17.31555	543
17.32426667	529
17.333	523
17.34188333	524
17.3508	533
17.35951667	535
17.36816667	523
17.3768	519
17.38556667	518
17.39428333	526
17.40283333	523
17.41131667	513
17.41978333	509
17.42821667	508
17.4366	506
17.44481667	503
17.45293333	493
17.46111667	487
17.46956667	491
17.47806667	507
17.48643333	510
17.49481667	502
17.5033	503
17.5121	509
17.5209	528
17.5295	528
17.53805	516
17.5468	513
17.55556667	525
17.56416667	526
17.57268333	516
17.58125	511
17.58998333	514
17.5987	524
17.60733333	523
17.61588333	518
17.62453333	513
17.63318333	519
17.64183333	519
17.65036667	519
17.6589	512
17.66753333	512
17.67623333	518
17.68486667	522
17.69343333	518
17.70213333	514
17.71096667	522
17.7197	530
17.72833333	524
17.73688333	518
17.74553333	513
17.75421667	519
17.76278333	521
17.7713	514
17.77981667	511
17.78845	511
17.79713333	518
17.8057	521
17.8142	514
17.82281667	510
17.83141667	517
17.83985	516
17.8483	506
17.85686667	507
17.86548333	514
17.874	517
17.88243333	511
17.89101667	506
17.89975	515
17.9085	524
17.91708333	525
17.92563333	515
17.93426667	513
17.94295	518
17.95165	521
17.96025	522
17.96893333	516
17.97771667	521
17.98638333	527
17.99493333	520
18.00356667	513
18.0122	518
18.02086667	518
18.02941667	520
18.03791667	513
18.04651667	510
18.05513333	516
18.06366667	517
18.07213333	512
18.08075	508
18.08948333	517
18.09818333	524
18.10678333	522
18.11548333	516
18.12426667	522
18.13305	527
18.14171667	527
18.1503	520
18.15895	515
18.16763333	519
18.1762	521
18.18471667	514
18.19341667	511
18.20225	522
18.21096667	530
18.21958333	523
18.2282	517
18.23693333	517
18.24565	524
18.25425	523
18.2628	516
18.27136667	513
18.27995	514
18.28845	515
18.29688333	510
18.30525	506
18.3136	502
18.32208333	501
18.33066667	509
18.33916667	515
18.34763333	510
18.35615	508
18.36488333	511
18.37388333	524
18.38275	540
18.39143333	532
18.39996667	521
18.40838333	512
18.41693333	505
18.42583333	513
18.43491667	534
18.44408333	545
18.45316667	550
18.46213333	545
18.47108333	538
18.48001667	537
18.48881667	536
18.4975	528
18.50626667	521
18.51508333	526
18.52376667	529
18.53246667	521
18.54126667	522
18.54996667	528
18.55856667	522
18.56713333	516
18.57575	514
18.58436667	517
18.5929	517
18.60136667	512
18.60978333	508
18.61821667	505
18.6266	506
18.6349	503
18.64315	498
18.65145	495
18.65986667	498
18.6685	505
18.67713333	518
18.68573333	518
18.69445	516
18.70333333	523
18.71213333	533
18.72081667	528
18.72945	521
18.73816667	518
18.74681667	523
18.75535	519
18.76383333	512
18.77225	509
18.78063333	505
18.78891667	503
18.79716667	497
18.80541667	495
18.8137	495
18.82198333	497
18.8302	497
18.83846667	493
18.8468	496
18.85516667	500
18.86351667	502
18.87186667	501
18.88028333	501
18.8888	505
18.89723333	511
18.9056	506
18.91405	502
18.92256667	507
18.93103333	511
18.93945	508
18.94786667	505
18.95636667	505
18.96483333	510
18.97326667	508
18.98161667	506
18.99	501
18.99836667	503
19.00673333	502
19.01496667	502
19.0232	494
19.03146667	494
19.03985	496
19.04813333	503
19.05636667	497
19.06463333	494
19.07308333	496
19.08158333	507
19.08991667	510
19.09823333	500
19.1066	499
19.11496667	502
19.1233	502
19.13158333	500
19.13985	497
19.14825	496
19.15658333	504
19.16486667	500
19.17311667	497
19.1814	495
19.18973333	497
19.19798333	500
19.20616667	495
19.21433333	491
19.22251667	490
19.23068333	491
19.2389	490
19.24713333	493
19.2553	494
19.26341667	490
19.27165	487
19.27993333	494
19.28823333	497
19.2965	498
19.30473333	496
19.31305	494
19.32136667	499
19.32961667	499
19.33783333	495
19.346	493
19.3542	490
19.36233333	492
19.37043333	488
19.37845	486
19.38645	481
19.39441667	480
19.40248333	478
19.41045	484
19.41836667	478
19.42628333	475
19.43426667	475
19.44231667	479
19.45036667	483
19.45833333	483
19.46626667	478
19.47421667	476
19.48216667	477
19.49005	477
19.4979	473
19.50578333	471
19.51363333	473
19.52148333	471
19.52931667	471
19.5372	470
19.54518333	473
19.55321667	479
19.5612	482
19.56913333	479
19.57705	476
19.58503333	475
19.59303333	479
19.601	480
19.60891667	478
19.61683333	475
19.62475	475
19.63275	475
19.64078333	480
19.64878333	482
19.65671667	480
19.66465	476
19.67265	476
19.68071667	480
19.68878333	484
19.69678333	484
19.70475	480
19.71275	478
19.72085	480
19.72891667	486
19.73696667	484
19.745	483
19.75305	482
19.76116667	483
19.76925	487
19.77728333	485
19.78531667	482
19.79336667	482
19.80143333	483
19.80943333	484
19.8174	480
19.82533333	478
19.83326667	476
19.84126667	476
19.84933333	480
19.8573	484
19.86526667	478
19.8732	478
19.88111667	476
19.88906667	475
19.89706667	477
19.905	480
19.91291667	476
19.92088333	475
19.92891667	478
19.93693333	482
19.94496667	481
19.95295	482
19.96096667	479
19.96903333	481
19.97715	484
19.98518333	487
19.99318333	482
20.00121667	480
20.00931667	482
20.01741667	486
20.02543333	486
20.03345	481
20.04148333	481
20.0496	482
20.05771667	487
20.0658	487
20.07385	485
20.082	483
20.09033333	489
20.09865	500
20.1069	499
20.11513333	495
20.12351667	494
20.13208333	503
20.14061667	514
20.14905	512
20.15746667	506
20.16588333	505
20.17436667	505
20.18276667	509
20.19113333	504
20.19951667	502
20.2079	503
20.2168	503
20.22595	534
20.23481667	549
20.24383333	532
20.25275	541
20.26151667	535
20.27031667	526
20.27925	528
20.2886	536
20.29853333	561
20.30818333	596
20.31746667	579
20.3266	557
20.33591667	548
20.34538333	559
20.35491667	568
20.36426667	572
20.37343333	561
20.3828	550
20.39221667	562
20.40156667	565
20.41065	561
20.4196	545
20.42855	537
20.43755	537
20.44656667	540
20.45546667	541
20.46455	534
20.47393333	545
20.4837	563
20.49325	586
20.5026	573
20.51215	561
20.52186667	573
20.53158333	583
20.54105	583
20.55058333	568
20.56053333	572
20.57063333	597
20.58033333	606
20.58956667	582
20.59891667	554
20.60836667	561
20.6179	567
20.62713333	572
20.63665	554
20.64625	571
20.65565	576
20.66516667	564
20.67513333	571
20.68523333	598
20.69548333	606
20.70585	615
20.71646667	622
20.72681667	637
20.73681667	621
20.74701667	600
20.75675	612
20.76636667	584
20.77581667	577
20.78555	567
20.79641667	584
20.8075	652
20.81833333	665
20.8285	650
20.83833333	610
20.84806667	590
20.85793333	584
20.86815	592
20.87851667	613
20.88881667	622
20.8993	618
20.91018333	629
20.92098333	653
20.9314	648
20.94165	625
20.95248333	615
20.96343333	650
20.97431667	657
20.98485	653
20.99495	632
21.00508333	606
21.01563333	608
21.02656667	633
21.0375	656
21.04801667	656
21.0583	631
21.06911667	617
21.08036667	649
21.09203333	675
21.10361667	700
21.11511667	695
21.12708333	690
21.13925	718
21.15128333	730
21.16371667	722
21.17648333	746
21.18943333	766
21.20233333	777
21.21466667	774
21.22666667	740
21.23863333	720
21.25086667	718
21.26345	734
21.276	755
21.28871667	753
21.3016	763
21.31405	773
21.32568333	747
21.33735	698
21.34903333	700
21.36103333	701
21.3726	720
21.3841	694
21.39618333	690
21.40871667	725
21.42126667	752
21.4333	753
21.44568333	722
21.45763333	743
21.4692	717
21.48113333	694
21.49301667	716
21.505	713
21.51668333	719
21.52891667	701
21.54145	734
21.55376667	752
21.5659	739
21.57843333	728
21.59141667	752
21.60473333	779
21.61791667	799
21.63053333	791
21.64386667	757
21.65706667	800
21.67076667	792
21.68418333	822
21.69768333	805
21.71113333	810
21.72365	807
21.73601667	751
21.74871667	742
21.7614	762
21.77405	761
21.78733333	759
21.8008	797
21.81421667	808
21.82706667	805
21.8399	771
21.85276667	770
21.86598333	772
21.87883333	793
21.89126667	771
21.90376667	746
21.9159	750
21.92755	728
21.93948333	699
21.95176667	716
21.96395	737
21.97561667	731
21.98718333	700
21.99876667	694
22.01056667	695
22.02218333	708
22.03381667	697
22.04566667	698
22.05735	711
22.06905	701
22.08058333	702
22.09183333	692
22.10331667	675
22.11483333	689
22.12613333	691
22.13751667	678
22.14898333	683
22.16073333	688
22.17231667	705
22.18378333	695
22.19555	688
22.20765	706
22.22003333	726
22.23196667	743
22.24341667	716
22.25478333	687
22.26623333	682
22.27818333	687
22.29001667	717
22.30208333	710
22.31438333	724
22.32671667	738
22.3386	740
22.35061667	713
22.36306667	721
22.37531667	747
22.38735	735
22.3989	722
22.4105	693
22.42215	696
22.43361667	699
22.4445	688
22.4559	653
22.46763333	684
22.4796	704
22.4918	718
22.50401667	732
22.51585	733
22.52726667	710
22.53836667	685
22.5491	666
22.55973333	644
22.57031667	638
22.5811	635
22.59255	647
22.60423333	687
22.61635	701
22.62801667	727
22.63913333	700
22.64998333	667
22.6605	651
22.671	631
22.68151667	630
22.69273333	631
22.70341667	673
22.71495	641
22.72711667	692
22.73915	730
22.75238333	722
22.76555	794
22.77831667	790
22.79133333	766
22.8042	781
22.81716667	772
22.82971667	778
22.8419	753
22.85368333	731
22.86551667	707
22.87731667	710
22.88943333	708
22.90175	727
22.91445	739
22.92723333	762
22.93916667	767
22.9518	716
22.96406667	758
22.97645	736
22.98888333	743
23.00076667	746
23.01228333	713
23.02348333	691
23.03433333	672
23.0449	651
23.05498333	634
23.06495	605
23.07491667	598
23.08596667	598
23.09921667	663
23.11281667	795
23.1254	816
23.13856667	755
23.15216667	790
23.16538333	816
23.17785	793
23.18986667	748
23.20216667	721
23.21505	738
23.22886667	773
23.24293333	829
23.25633333	844
23.26941667	804
23.28223333	785
23.29431667	769
23.30646667	725
23.31866667	729
23.33103333	732
23.34335	742
23.35528333	739
23.36678333	716
23.37806667	690
23.3892	677
23.40013333	668
23.4109	656
23.42188333	646
23.43321667	659
23.445	680
23.45665	707
23.4684	699
23.48011667	705
23.49148333	703
23.50303333	682
23.51465	693
23.52653333	697
23.53843333	713
23.5502	714
23.56195	706
23.57388333	705
23.58596667	716
23.59843333	725
23.61165	748
23.62528333	793
23.63915	818
23.65246667	832
23.66503333	799
23.67696667	754
23.68893333	716
23.70108333	718
23.71338333	729
23.72503333	738
23.73748333	699
23.75005	747
23.76273333	754
23.77535	761
23.78785	757
23.8003	750
23.81228333	747
23.82413333	719
23.83601667	711
23.84805	713
23.86021667	722
23.87241667	730
23.88471667	732
23.89765	738
23.91096667	776
23.92366667	799
23.93585	762
23.94815	731
23.96003333	738
23.9723	713
23.9846	736
23.99665	738
24.00901667	723
24.0217	742
24.03445	761
24.04736667	765
24.05985	775
24.07231667	749
24.08406667	748
24.09553333	705
24.1065	688
24.1172	658
24.1282	642
24.14006667	660
24.1515	712
24.16315	686
24.17508333	699
24.18738333	716
24.19973333	738
24.21168333	741
24.22336667	717
24.23445	701
24.2452	665
24.25598333	645
24.26705	647
24.27866667	664
24.29128333	697
24.30445	757
24.31751667	790
24.32945	784
24.3423	716
24.355	771
24.36846667	762
24.3817	808
24.39531667	794
24.40885	817
24.42223333	812
24.43581667	803
24.44938333	815
24.46265	814
24.47611667	796
24.48955	808
24.50241667	806
24.51508333	772
24.52788333	760
24.54096667	768
24.55346667	785
24.56575	750
24.57781667	737
24.58938333	724
24.6007	694
24.6117	679
24.62238333	660
24.6328	641
24.64305	625
24.65315	615
24.66311667	606
24.67298333	598
24.6834	592
24.69486667	625
24.70666667	688
24.71931667	708
24.73183333	759
24.74466667	751
24.75735	770
24.76973333	761
24.78125	743
24.79248333	691
24.80366667	674
24.81503333	671
24.82661667	682
24.83815	695
24.84915	692
24.85993333	660
24.87086667	647
24.8819	656
24.89318333	662
24.90488333	677
24.91691667	702
24.92891667	722
24.94055	720
24.95158333	698
24.96261667	662
24.97388333	662
24.9855	676
24.99683333	697
25.00798333	680
25.01896667	669
25.02951667	659
25.03995	633
25.05073333	626
25.06176667	647
25.07316667	662
25.0848	684
25.09628333	698
25.10741667	689
25.11866667	668
25.13021667	675
25.14218333	693
25.15398333	718
25.16581667	708
25.17745	710
25.18881667	698
25.20035	682
25.2126	692
25.22608333	735
25.24008333	809
25.2541	840
25.26798333	841
25.28146667	833
25.29405	809
25.3059	755
25.31768333	711
25.32978333	707
25.34193333	726
25.35415	729
25.36618333	733
25.37818333	722
25.39011667	720
25.40181667	716
25.41335	702
25.42515	692
25.43688333	708
25.44845	704
25.46061667	694
25.47285	730
25.48485	734
25.4967	720
25.50836667	711
25.52005	700
25.53148333	701
25.54278333	686
25.55383333	678
25.56468333	663
25.57583333	651
25.5875	669
25.60005	700
25.61225	753
25.62425	732
25.63686667	720
25.64995	757
25.66318333	785
25.67646667	794
25.6891	797
25.70155	758
25.71393333	747
25.7268	743
25.73995	772
25.75266667	789
25.76513333	763
25.77776667	748
25.79033333	758
25.80276667	754
25.81483333	746
25.82665	724
25.83868333	709
25.85135	722
25.86443333	760
25.87673333	785
25.88881667	738
25.90123333	725
25.9138	745
25.92606667	754
25.93788333	736
25.95006667	709
25.96235	731
25.9748	737
25.98686667	747
25.99883333	724
26.01116667	718
26.0238	740
26.03633333	758
26.0485	752
26.0613	730
26.07455	768
26.08758333	795
26.10016667	782
26.11288333	755
26.12556667	763
26.13813333	761
26.15055	754
26.16348333	745
26.17623333	776
26.1885	765
26.20071667	736
26.21251667	733
26.22411667	708
26.23578333	696
26.2478	700
26.26028333	721
26.27295	749
26.28595	760
26.29838333	780
26.31045	746
26.32241667	724
26.33451667	718
26.34661667	726
26.3589	726
26.3707	737
26.3828	708
26.39491667	726
26.40693333	727
26.41845	721
26.4303	691
26.44176667	711
26.45335	688
26.46548333	695
26.47818333	728
26.49133333	762
26.50381667	789
26.51681667	749
26.52971667	780
26.5427	774
26.5553	779
26.56768333	756
26.57966667	743
26.59163333	719
26.60341667	718
26.61511667	707
26.62733333	702
26.6404	733
26.65283333	784
26.66498333	746
26.67718333	729
26.68946667	732
26.7012	737
26.71301667	704
26.72501667	709
26.73693333	720
26.74856667	715
26.7603	698
26.7724	704
26.78486667	726
26.79705	748
26.80875	731
26.82063333	702
26.83281667	713
26.84526667	731
26.85696667	747
26.86835	702
26.87978333	683
26.89128333	686
26.9027	690
26.91373333	685
26.92456667	662
26.93551667	650
26.94661667	657
26.95795	666
26.96948333	680
26.98153333	692
26.99408333	723
27.00696667	753
27.01958333	773
27.03201667	757
27.04421667	746
27.05606667	732
27.06796667	711
27.07986667	714
27.09203333	714
27.10426667	730
27.11635	734
27.12881667	725
27.14135	748
27.15331667	752
27.1648	718
27.17621667	689
27.18746667	685
27.19875	675
27.2102	677
27.22235	687
27.23465	729
27.24755	738
27.26035	774
27.27333333	768
27.28678333	779
27.30041667	807
27.31323333	818
27.32588333	769
27.33818333	759
27.35055	738
27.36285	742
27.37603333	738
27.38985	791
27.40348333	829
27.41686667	818
27.43041667	803
27.44378333	813
27.45663333	802
27.46901667	771
27.48095	743
27.49251667	716
27.50398333	694
27.51518333	688
27.52601667	672
27.53695	650
27.54833333	656
27.56005	683
27.5718	703
27.58353333	705
27.5956	704
27.60801667	724
27.62033333	745
27.63236667	739
27.6442	722
27.65621667	710
27.668	721
27.67985	707
27.69166667	711
27.70378333	709
27.71553333	727
27.72756667	705
27.73976667	722
27.75221667	732
27.76418333	747
27.77648333	718
27.7891	738
27.80165	757
27.81411667	753
27.82613333	748
27.83805	721
27.8499	715
27.86155	711
27.87306667	699
27.88393333	691
27.89503333	652
27.90656667	666
27.91855	692
27.93048333	719
27.9423	716
27.95383333	709
27.96553333	692
27.97741667	702
27.9892	713
28.00131667	707
28.0136	727
28.02605	737
28.03866667	747
28.05103333	757
28.06358333	742
28.07595	753
28.08826667	742
28.09996667	739
28.11123333	702
28.12206667	676
28.13361667	650
28.14591667	693
28.15863333	738
28.17148333	763
28.18406667	771
28.19668333	755
28.20888333	757
28.22158333	732
28.23393333	762
28.24591667	741
28.2578	719
28.27011667	713
28.28226667	739
28.2942	729
28.3054	716
28.31626667	672
28.32683333	652
28.33725	634
28.34751667	625
28.35775	616
28.36803333	614
28.37878333	617
28.39055	645
28.40305	706
28.41545	750
28.42715	744
28.4388	702
28.45011667	699
28.46091667	679
28.4716	648
28.48221667	641
28.49285	637
28.50396667	638
28.51641667	667
28.52938333	747
28.54221667	778
28.55448333	770
28.56733333	736
28.58018333	771
28.59315	771
28.60558333	778
28.61753333	746
28.62975	717
28.64235	733
28.65491667	756
28.66721667	754
28.67896667	738
28.69068333	705
28.7032	703
28.71651667	751
28.72956667	799
28.74193333	783
28.75425	742
28.76698333	739
28.7796	764
28.79181667	757
28.80396667	733
28.8161	729
28.82818333	728
28.83986667	725
28.85131667	701
28.86311667	687
28.87546667	708
28.8879	741
28.9	746
28.91151667	726
28.9234	691
28.93588333	713
28.94845	749
28.96033333	754
28.97236667	713
28.98445	722
28.997	725
29.00958333	753
29.02176667	755
29.034	731
29.04645	734
29.05921667	747
29.07183333	766
29.0844	757
29.09675	754
29.10861667	741
29.1217	712
29.13528333	785
29.149	815
29.16283333	823
29.17691667	830
29.19083333	845
29.20438333	835
29.21818333	813
29.23208333	828
29.24608333	834
29.25991667	840
29.27276667	830
29.28586667	771
29.29906667	786
29.31261667	792
29.32548333	813
29.33851667	772
29.3508	782
29.36225	737
29.37358333	687
29.38528333	680
29.39711667	702
29.40901667	710
29.42108333	714
29.43311667	724
29.44475	722
29.45615	698
29.46745	684
29.47853333	678
29.48955	665
29.50036667	661
29.51143333	649
29.52333333	664
29.53608333	714
29.54941667	765
29.56346667	800
29.57718333	843
29.59086667	823
29.60411667	821
29.61683333	795
29.62948333	763
29.64253333	759
29.6564	783
29.6699	832
29.6827	810
29.6953	768
29.70773333	756
29.72005	746
29.73251667	739
29.74518333	748
29.75781667	760
29.77043333	758
29.78336667	757
29.7962	776
29.80885	770
29.82115	759
29.8333	738
29.84555	729
29.85731667	735
29.86945	706
29.88203333	728
29.89453333	755
29.90725	750
29.91988333	763
29.9327	758
29.94525	769
29.9582	753
29.9712	777
29.98421667	780
29.9966	781
30.00911667	743
30.02193333	751
30.03471667	769
30.04713333	767
30.05965	745
30.0725	751
30.08586667	771
30.09848333	802
30.11138333	757
30.12436667	774
30.13693333	779
30.1491	754
30.16076667	730
30.17296667	700
30.18543333	732
30.19838333	748
30.2115	777
30.23893333	787
30.25171667	0
30.26456667	767
30.27666667	771
30.2888	726
30.30128333	728
30.3143	749
30.32723333	781
30.34076667	776
30.3546	812
30.36821667	830
30.38135	817
30.39395	788
30.40661667	756
30.41885	760
30.43098333	734
30.44311667	728
30.45528333	728
30.4676	730
30.47951667	739
30.49148333	715
30.50335	718
30.51531667	712
30.52745	718
30.53953333	728
30.55166667	725
30.5642	728
30.5772	752
30.5907	780
30.60385	810
30.61713333	789
30.63036667	797
30.64346667	794
30.65625	786
30.66893333	767
30.68148333	761
30.69353333	753
30.70556667	723
30.71773333	722
30.72975	730
30.74173333	721
30.7533	719
30.76545	694
30.77778333	729
30.78981667	740
30.80161667	722
30.81345	708
30.82543333	710
30.83738333	719
30.84921667	717
30.861	710
30.87243333	707
30.8838	686
30.89523333	682
30.90673333	686
30.91831667	690
30.93031667	695
30.943	720
30.95561667	761
30.96858333	757
30.98143333	778
30.99446667	771
31.0068	782
31.01915	740
31.03168333	741
31.04441667	752
31.05725	764
31.06995	770
31.08205	762
31.09428333	726
31.10631667	734
31.11815	722
31.1304	710
31.14281667	735
31.15541667	745
31.16818333	756
31.18166667	766
31.19503333	809
31.2078	802
31.22005	766
31.23201667	735
31.2438	718
31.25566667	707
31.26788333	712
31.27995	733
31.29183333	724
31.30373333	713
31.3158	714
31.32788333	724
31.34008333	725
31.3529	732
31.36626667	769
31.37941667	802
31.39205	789
31.40513333	758
31.41821667	785
31.43123333	785
31.4437	781
31.45545	748
31.467	705
31.47851667	693
31.49011667	691
31.50208333	696
31.51425	718
31.52608333	730
31.53731667	710
31.54835	674
31.55955	662
31.57096667	672
31.58251667	685
31.59496667	693
31.60896667	747
31.62326667	840
31.63676667	858
31.65006667	810
31.66303333	798
31.67566667	778
31.68753333	758
31.69928333	712
31.71123333	705
31.7236	717
31.7368	742
31.75043333	792
31.76415	818
31.77796667	823
31.79163333	829
31.80603333	820
31.82021667	864
31.83478333	851
31.84781667	874
31.86065	782
31.87376667	770
31.88693333	787
31.89898333	790
31.91043333	723
31.92176667	687
31.9332	680
31.94505	686
31.95733333	711
31.96971667	737
31.98231667	743
31.99521667	756
