0.012833333	796
0.025966667	770
0.039666667	788
0.054383333	822
0.067833333	883
0.080966667	807
0.0951	788
0.109616667	848
0.1237	871
0.13715	845
0.151816667	807
0.166816667	880
0.181533333	900
0.195583333	883
0.210583333	843
0.22675	900
0.243883333	970
0.260166667	1028
0.275066667	977
0.289533333	894
0.305016667	868
0.321	929
0.33615	959
0.350583333	909
0.365833333	866
0.381683333	915
0.397	951
0.410566667	919
0.424316667	814
0.439283333	825
0.454116667	898
0.467733333	890
0.480916667	817
0.495233333	791
0.5102	859
0.525	898
0.53905	888
0.553783333	843
0.568583333	884
0.58315	888
0.597266667	874
0.6112	847
0.6254	836
0.63995	852
0.6543	873
0.667883333	861
0.6821	815
0.69655	853
0.711133333	867
0.7254	875
0.738516667	856
0.752316667	787
0.766866667	828
0.782	873
0.797233333	908
0.811733333	914
0.825283333	870
0.839883333	813
0.85485	876
0.869966667	898
0.884666667	907
0.898283333	882
0.912233333	817
0.926883333	837
0.942083333	879
0.956716667	912
0.97075	878
0.984383333	842
0.99795	818
1.011916667	814
1.024933333	838
1.0377	781
1.050433333	766
1.063633333	764
1.077116667	792
1.090016667	809
1.102633333	774
1.115383333	757
1.128666667	765
1.141483333	797
1.153783333	769
1.16575	738
1.178283333	718
1.191316667	752
1.20445	782
1.217083333	788
1.230133333	758
1.243316667	783
1.2568	791
1.270033333	809
1.2827	794
1.295666667	760
1.308883333	778
1.322133333	793
1.335216667	795
1.34775	785
1.360066667	752
1.372133333	739
1.384716667	724
1.3977	755
1.410383333	779
1.42255	761
1.434283333	730
1.44655	704
1.458816667	736
1.47165	736
1.484666667	770
1.4969	781
1.5095	734
1.522616667	756
1.536116667	787
1.548616667	810
1.56085	750
1.573283333	734
1.585866667	746
1.598766667	755
1.611816667	774
1.6253	783
1.639466667	809
1.654366667	850
1.669216667	894
1.683083333	891
1.7114	832
1.7252	0
1.73885	828
1.751916667	819
1.764516667	784
1.778333333	756
1.793	829
1.807716667	880
1.8224	883
1.836666667	881
1.851483333	856
1.86585	889
1.879716667	862
1.892933333	832
1.906066667	793
1.91985	788
1.933783333	827
1.948333333	836
1.962866667	873
1.976366667	872
1.989033333	810
2.001783333	760
2.0145	765
2.027383333	763
2.03985	773
2.051833333	748
2.06405	719
2.077	733
2.090216667	777
2.1029	793
2.115766667	761
2.1283	772
2.141066667	752
2.153283333	766
2.166283333	733
2.18005	780
2.194366667	826
2.208483333	859
2.2223	847
2.2366	829
2.250833333	858
2.264983333	854
2.27885	849
2.291583333	832
2.30375	764
2.3159	730
2.328616667	729
2.341283333	763
2.3539	760
2.367066667	757
2.381133333	790
2.395466667	844
2.409366667	860
2.423083333	834
2.43755	823
2.452166667	868
2.466983333	877
2.480616667	889
2.494283333	818
2.508233333	820
2.522283333	837
2.537033333	843
2.551433333	885
2.564516667	864
2.578	785
2.591766667	809
2.61805	826
2.63055	0
2.643416667	750
2.656283333	772
2.6689	772
2.681266667	757
2.694633333	742
2.7092	802
2.724116667	874
2.738366667	895
2.75165	855
2.765466667	797
2.77985	829
2.79425	863
2.808066667	864
2.82095	829
2.834066667	773
2.8476	787
2.861533333	812
2.875366667	836
2.888383333	830
2.902266667	781
2.9164	833
2.946233333	848
2.95945	0
2.97305	793
2.986716667	816
3.000733333	820
3.01505	841
3.02935	859
3.042666667	858
3.056516667	799
3.0706	831
3.085166667	845
3.099166667	874
3.11225	840
3.1249	785
3.137783333	759
3.151183333	773
3.163583333	804
3.175266667	744
3.186533333	701
3.197633333	676
3.208833333	666
3.2202	672
3.231716667	682
3.242916667	691
3.25385	672
3.264766667	656
3.275666667	655
3.286866667	654
3.298166667	672
3.309583333	678
3.320583333	685
3.3321	660
3.3447	691
3.356816667	756
3.369466667	727
3.382266667	759
3.395566667	768
3.408033333	798
3.420983333	748
3.434266667	777
3.4608	797
3.473566667	0
3.486983333	766
3.500916667	805
3.514783333	836
3.52915	832
3.544183333	862
3.559783333	902
3.574533333	936
3.589583333	885
3.604516667	903
3.618716667	896
3.632066667	852
3.66065	801
3.673833333	0
3.686316667	791
3.699016667	749
3.712116667	762
3.72645	786
3.741333333	860
3.755516667	893
3.768616667	851
3.782466667	786
3.796316667	831
3.8098	831
3.82275	809
3.83565	777
3.8495	774
3.862883333	831
3.87685	803
3.889883333	838
3.902416667	782
3.91595	752
3.930416667	812
3.944816667	868
3.958416667	864
3.97135	816
3.985016667	776
3.999116667	820
4.0144	846
4.028566667	917
4.0418	850
4.055333333	794
4.0695	812
4.084116667	850
4.0991	877
4.112766667	899
4.12595	820
4.139433333	791
4.153066667	809
4.1663	818
4.178983333	794
4.192566667	761
4.206	815
4.2192	806
4.231583333	792
4.244416667	743
4.2571	770
4.269466667	761
4.281333333	742
4.29345	712
4.305783333	727
4.3181	740
4.330333333	739
4.343216667	734
4.356	773
4.36855	767
4.380383333	753
4.392216667	710
4.404333333	710
4.417166667	727
4.4298	770
4.442216667	758
4.4555	745
4.4689	797
4.482316667	804
4.4948	805
4.50715	749
4.519516667	741
4.532066667	742
4.544216667	753
4.555866667	729
4.56735	699
4.5787	689
4.589766667	681
4.600616667	664
4.6115	651
4.623516667	653
4.636566667	721
4.650083333	783
4.664383333	811
4.67895	858
4.69335	874
4.706916667	864
4.721016667	814
4.73475	846
4.748166667	824
4.7609	805
4.774066667	764
4.787033333	790
4.8006	778
4.8149	814
4.830466667	858
4.845583333	934
4.859933333	907
4.87435	861
4.88875	865
4.902916667	864
4.916333333	850
4.928983333	805
4.94175	759
4.954816667	766
4.96815	784
4.981116667	800
4.994083333	778
5.007566667	778
5.021	809
5.033766667	806
5.046316667	766
5.05885	753
5.071483333	752
5.0838	758
5.09575	739
5.107816667	717
5.120016667	724
5.132766667	732
5.145266667	765
5.15715	750
5.169283333	713
5.181666667	728
5.194116667	743
5.20635	747
5.2182	734
5.23035	711
5.24325	729
5.256316667	774
5.26875	784
5.280866667	746
5.292916667	727
5.304733333	723
5.316083333	709
5.32775	681
5.339633333	700
5.351533333	713
5.36335	714
5.374916667	709
5.386616667	694
5.398416667	702
5.410533333	708
5.422383333	727
5.434433333	711
5.447283333	723
5.461016667	771
5.474916667	824
5.4887	834
5.502366667	827
5.516166667	820
5.52955	828
5.542683333	803
5.555283333	788
5.568083333	756
5.581133333	768
5.593833333	783
5.606483333	762
5.6192	759
5.63235	763
5.645566667	789
5.658216667	793
5.670283333	759
5.68235	724
5.694933333	724
5.708816667	755
5.722333333	833
5.735033333	811
5.747916667	762
5.761016667	773
5.773983333	786
5.786666667	778
5.79895	761
5.811416667	737
5.824133333	748
5.837083333	763
5.85035	777
5.8628	796
5.875116667	747
5.887883333	739
5.9011	766
5.914383333	793
5.926783333	797
5.939683333	744
5.95205	774
5.9643	742
5.9766	735
5.988916667	738
6.00135	739
6.0137	746
6.026566667	741
6.03925	772
6.05165	761
6.0635	744
6.074683333	711
6.085816667	671
6.096866667	668
6.107983333	663
6.1193	667
6.130516667	679
6.142483333	673
6.155033333	718
6.167333333	753
6.17925	738
6.191466667	715
6.204033333	733
6.216916667	754
6.229316667	773
6.241833333	744
6.25455	751
6.267333333	763
6.280083333	767
6.292466667	765
6.305083333	743
6.318616667	757
6.332216667	812
6.34585	816
6.358416667	818
6.371233333	754
6.38445	769
6.398016667	793
6.41175	814
6.424566667	824
6.4371	769
6.449616667	752
6.462016667	751
6.474333333	744
6.486266667	739
6.497666667	716
6.5089	684
6.520983333	674
6.533983333	725
6.54775	780
6.560466667	826
6.57265	763
6.586083333	731
6.599283333	806
6.613166667	792
6.62695	833
6.640183333	827
6.652933333	794
6.66645	765
6.681216667	811
6.696566667	886
6.7117	921
6.726116667	908
6.740133333	865
6.754666667	841
6.7698	872
6.78515	908
6.800316667	921
6.814583333	910
6.842283333	856
6.854266667	0
6.8657	719
6.877283333	686
6.8891	695
6.900816667	709
6.912766667	703
6.925216667	717
6.937783333	747
6.951783333	754
6.965133333	840
6.97945	801
6.993616667	859
7.006633333	850
7.01915	781
7.03185	751
7.0439	762
7.055466667	723
7.066916667	694
7.07875	687
7.08995	710
7.101033333	672
7.111966667	665
7.12315	656
7.13455	671
7.146216667	684
7.157483333	700
7.169033333	676
7.180766667	693
7.19235	704
7.203616667	695
7.2149	676
7.226133333	677
7.237083333	674
7.247866667	657
7.258616667	647
7.26905	645
7.27935	626
7.289616667	618
7.299833333	616
7.309983333	613
7.320083333	609
7.330166667	606
7.3402	605
7.350266667	602
7.360616667	604
7.371116667	621
7.38135	630
7.391683333	614
7.402166667	620
7.41315	629
7.424116667	659
7.43505	658
7.445616667	656
7.456333333	634
7.467283333	643
7.4784	657
7.489433333	667
7.500466667	662
7.511733333	662
7.52365	676
7.535383333	715
7.546816667	704
7.558133333	686
7.56955	679
7.580983333	685
7.5923	686
7.60335	679
7.614766667	663
7.626483333	685
7.638483333	703
7.649916667	720
7.66155	686
7.674266667	698
7.686916667	763
7.698766667	759
7.710366667	711
7.7224	696
7.734433333	722
7.746033333	722
7.757366667	696
7.768933333	680
7.780916667	694
7.7924	719
7.80365	689
7.815116667	675
7.826983333	688
7.83875	712
7.850266667	706
7.862416667	691
7.8749	729
7.88805	749
7.8998	789
7.91215	705
7.9252	741
7.93775	783
7.949416667	753
7.961233333	700
7.974116667	709
7.986816667	773
7.99895	762
8.01245	728
8.026666667	810
8.0406	853
8.053016667	836
8.066133333	745
8.079516667	787
8.092166667	803
8.10425	759
8.116383333	725
8.1294	728
8.143216667	781
8.156066667	829
8.1683	771
8.181316667	734
8.19495	781
8.2074	818
8.219166667	747
8.231883333	706
8.2451	763
8.255833333	793
8.27065	644
8.282366667	889
8.294616667	703
8.306783333	735
8.31865	730
8.33	712
8.342683333	681
8.35615	761
8.369333333	808
8.381383333	791
8.39355	723
8.4068	730
8.419833333	795
8.4319	782
8.44375	724
8.45605	711
8.468633333	738
8.480583333	755
8.491983333	717
8.504483333	684
8.517933333	750
8.5318	807
8.544533333	832
8.556783333	764
8.570283333	735
8.5842	810
8.597283333	835
8.60945	785
8.6221	730
8.635116667	759
8.648116667	781
8.66005	780
8.673166667	716
8.686933333	787
8.700416667	826
8.712733333	809
8.725733333	739
8.739083333	780
8.751833333	801
8.763783333	765
8.7771	717
8.790616667	799
8.803433333	811
8.815533333	769
8.829183333	726
8.84335	819
8.856433333	850
8.87015	785
8.8845	823
8.898283333	861
8.911033333	827
8.924133333	765
8.93735	786
8.949266667	793
8.961166667	715
8.973483333	714
8.985283333	739
8.997316667	708
9.010033333	722
9.022466667	763
9.034533333	746
9.047116667	724
9.059416667	755
9.071066667	738
9.082766667	699
9.094166667	702
9.105116667	684
9.115683333	657
9.126133333	634
9.136833333	627
9.14735	642
9.157683333	631
9.167966667	620
9.178233333	617
9.18855	616
9.19865	619
9.208516667	606
9.218416667	592
9.228466667	594
9.238566667	603
9.2484	606
9.258116667	590
9.2679	583
9.277866667	587
9.287683333	598
9.297316667	589
9.306716667	578
9.316083333	564
9.32545	562
9.334766667	562
9.344016667	559
9.353166667	555
9.362366667	549
9.371566667	552
9.380766667	552
9.3899	552
9.398933333	548
9.4079	542
9.416883333	538
9.426083333	539
9.435216667	552
9.444283333	548
9.4532	544
9.462133333	535
9.471216667	536
9.480266667	545
9.4894	543
9.498383333	548
9.5073	539
9.51635	535
9.525433333	543
9.534566667	545
9.54355	548
9.55245	539
9.561416667	534
9.570533333	538
9.579633333	547
9.5886	546
9.597516667	538
9.606416667	535
9.615433333	534
9.624466667	541
9.6334	542
9.642266667	536
9.6511	532
9.660016667	530
9.66885	535
9.677633333	530
9.686366667	527
9.695016667	524
9.70375	519
9.7126	524
9.72155	531
9.73045	537
9.739266667	534
9.748033333	529
9.75695	526
9.7661	535
9.775466667	549
9.78455	562
9.793466667	545
9.802333333	535
9.811166667	532
9.82005	530
9.82885	533
9.83755	528
9.846216667	522
9.854883333	520
9.863633333	520
9.872333333	525
9.881083333	522
9.889783333	525
9.898466667	522
9.907133333	521
9.915816667	520
9.924633333	521
9.933516667	529
9.9424	533
9.9512	533
9.96005	528
9.968966667	531
9.977883333	535
9.98675	535
9.995533333	532
10.00428333	527
10.01301667	525
10.0217	524
10.03036667	521
10.03891667	520
10.04746667	513
10.05596667	513
10.06446667	510
10.07296667	510
10.08146667	510
10.08993333	510
10.09833333	508
10.10683333	504
10.11548333	510
10.12418333	519
10.13275	522
10.14128333	514
10.14981667	512
10.15848333	512
10.16728333	520
10.17608333	528
10.18478333	528
10.1934	522
10.20196667	517
10.21051667	514
10.21906667	513
10.22755	513
10.23596667	509
10.24435	505
10.25271667	503
10.2611	502
10.2695	503
10.27786667	504
10.2862	502
10.29453333	500
10.30301667	500
10.31175	509
10.32048333	524
10.32918333	524
10.33785	522
10.34645	520
10.35506667	516
10.36373333	517
10.37256667	520
10.38136667	530
10.39008333	528
10.39871667	523
10.40731667	518
10.4159	516
10.42455	515
10.43316667	519
10.44166667	517
10.45016667	510
10.45861667	510
10.46715	507
10.47583333	512
10.4846	521
10.49321667	526
10.50178333	517
10.51031667	514
10.51888333	512
10.5274	514
10.53591667	511
10.54448333	511
10.5532	514
10.56188333	523
10.57066667	521
10.57941667	527
10.58805	525
10.59661667	518
10.60521667	514
10.61391667	516
10.62275	522
10.63143333	530
10.64003333	521
10.6486	516
10.65713333	514
10.66561667	512
10.6741	509
10.68253333	509
10.69095	506
10.69938333	505
10.70783333	506
10.7163	507
10.72478333	508
10.73316667	509
10.74156667	503
10.74996667	504
10.7585	504
10.7672	512
10.77593333	522
10.78453333	524
10.79305	516
10.80156667	511
10.81011667	511
10.8188	513
10.8276	521
10.83623333	528
10.84486667	518
10.85346667	518
10.86211667	516
10.87083333	519
10.87941667	523
10.88798333	515
10.89651667	514
10.90511667	512
10.91376667	516
10.9224	519
10.93091667	518
10.9394	511
10.94788333	509
10.95643333	509
10.96508333	513
10.97365	519
10.98215	514
10.99063333	510
10.99916667	509
11.00788333	512
11.01665	523
11.02528333	526
11.0339	518
11.04246667	517
11.05115	514
11.05988333	521
11.0685	524
11.07706667	517
11.08558333	514
11.09411667	511
11.10278333	512
11.11141667	520
11.12	518
11.12856667	515
11.13721667	514
11.14603333	519
11.15491667	529
11.16375	533
11.17245	530
11.18111667	522
11.18981667	520
11.19873333	522
11.20763333	535
11.21638333	534
11.22513333	525
11.23393333	525
11.24295	528
11.25243333	541
11.2617	569
11.27081667	556
11.28003333	547
11.28951667	553
11.29881667	569
11.30795	558
11.31711667	548
11.32645	550
11.33611667	560
11.34548333	580
11.35465	562
11.3637	550
11.3728	543
11.38206667	546
11.39105	556
11.39991667	539
11.40868333	532
11.4175	526
11.42651667	529
11.4355	541
11.44436667	539
11.4531	532
11.4618	524
11.47063333	522
11.4796	530
11.48836667	538
11.49703333	526
11.50568333	520
11.51441667	519
11.52308333	524
11.53166667	520
11.5402	515
11.54868333	512
11.55731667	509
11.56586667	518
11.57436667	513
11.5828	510
11.59131667	506
11.60001667	511
11.60873333	522
11.6173	523
11.62583333	514
11.63441667	512
11.6432	515
11.65198333	527
11.66055	527
11.6691	514
11.67765	513
11.6864	513
11.69521667	525
11.70386667	529
11.71245	519
11.72096667	515
11.72961667	511
11.73841667	519
11.747	528
11.7555	515
11.76396667	510
11.77253333	508
11.78113333	514
11.78956667	516
11.79793333	506
11.8063	502
11.8147	502
11.8233	504
11.83181667	516
11.84023333	511
11.84856667	505
11.85703333	500
11.86566667	508
11.87423333	518
11.88273333	514
11.89125	510
11.89993333	511
11.90873333	521
11.91738333	528
11.92596667	519
11.93453333	515
11.94318333	514
11.95183333	519
11.9604	519
11.96885	514
11.97743333	507
11.98611667	515
11.9948	521
12.00333333	521
12.01186667	512
12.02053333	512
12.02925	520
12.03786667	523
12.04641667	517
12.05491667	513
12.06358333	510
12.07246667	520
12.08116667	533
12.08975	522
12.09833333	515
12.10693333	515
12.1156	516
12.12428333	520
12.13285	521
12.14138333	514
12.15011667	512
12.15891667	524
12.16756667	528
12.17616667	519
12.1847	516
12.19333333	512
12.2021	518
12.21073333	526
12.21923333	518
12.22766667	510
12.23621667	506
12.24493333	513
12.25353333	523
12.26205	516
12.27048333	511
12.27901667	506
12.28763333	512
12.29613333	517
12.30456667	510
12.31306667	506
12.3217	510
12.33041667	518
12.33913333	523
12.3477	523
12.35628333	514
12.36498333	515
12.37376667	522
12.3824	527
12.39098333	518
12.39955	515
12.40815	514
12.41691667	516
12.42555	526
12.43408333	518
12.44268333	512
12.45136667	516
12.46031667	521
12.46906667	537
12.47771667	525
12.48638333	519
12.4951	520
12.50383333	523
12.51255	524
12.52118333	523
12.52975	518
12.53836667	514
12.5471	517
12.55575	524
12.56431667	519
12.57285	514
12.5815	512
12.59025	519
12.59885	525
12.60741667	516
12.61596667	514
12.62466667	513
12.63346667	522
12.6422	528
12.65081667	524
12.65943333	517
12.66823333	517
12.67711667	528
12.68591667	533
12.69455	528
12.7032	518
12.71198333	519
12.72085	527
12.72955	532
12.73815	522
12.74678333	516
12.7555	518
12.76426667	523
12.77278333	526
12.78128333	511
12.7898	510
12.7985	511
12.80723333	522
12.8158	524
12.82431667	514
12.83286667	511
12.84155	513
12.85015	521
12.85861667	516
12.86706667	508
12.87561667	507
12.88426667	513
12.89301667	519
12.90161667	525
12.91015	516
12.91893333	512
12.92786667	527
12.93663333	536
12.94526667	526
12.95391667	518
12.96273333	519
12.97161667	529
12.98028333	533
12.98886667	520
12.99738333	515
13.0059	511
13.01443333	511
13.02288333	512
13.03135	507
13.03998333	508
13.0487	518
13.0574	523
13.06596667	522
13.07451667	514
13.08318333	513
13.09205	520
13.10083333	532
13.10956667	527
13.11828333	524
13.12705	523
13.13581667	526
13.14455	526
13.15315	524
13.16168333	516
13.1702	512
13.17878333	511
13.18748333	515
13.19606667	522
13.20458333	515
13.21305	511
13.22153333	508
13.23001667	509
13.23846667	509
13.24685	507
13.25523333	503
13.26376667	503
13.27251667	512
13.28133333	525
13.29	529
13.29863333	520
13.3073	518
13.3162	520
13.32515	534
13.33391667	537
13.34258333	526
13.35125	520
13.36	520
13.36878333	525
13.37745	527
13.38605	520
13.39468333	516
13.40346667	518
13.41226667	527
13.42096667	528
13.42965	522
13.43855	521
13.44768333	534
13.4567	548
13.46556667	541
13.4744	532
13.48338333	530
13.49246667	539
13.50141667	545
13.51026667	537
13.51916667	531
13.5282	534
13.53726667	542
13.54615	544
13.55495	533
13.56381667	528
13.5728	532
13.58178333	539
13.59056667	539
13.59933333	527
13.60813333	526
13.61696667	528
13.6258	530
13.63448333	530
13.64315	521
13.65183333	520
13.6607	521
13.66943333	532
13.67805	524
13.68675	517
13.69563333	522
13.70456667	533
13.7133	536
13.72201667	524
13.7307	523
13.73951667	521
13.74838333	529
13.75711667	532
13.7657	524
13.77426667	515
13.78308333	514
13.79195	529
13.8007	532
13.80933333	525
13.81795	518
13.82668333	517
13.83531667	524
13.8439	518
13.85238333	515
13.8609	509
13.86955	511
13.87811667	519
13.8866	514
13.89501667	509
13.9035	505
13.91205	509
13.92058333	513
13.92903333	512
13.93745	507
13.94598333	505
13.95456667	512
13.96308333	515
13.97146667	511
13.97983333	503
13.98823333	502
13.99675	504
14.0053	511
14.01376667	513
14.02218333	508
14.0306	505
14.03918333	505
14.04781667	515
14.05633333	518
14.06483333	511
14.0733	510
14.08178333	508
14.09035	509
14.09893333	514
14.10736667	515
14.11576667	506
14.12415	504
14.13256667	503
14.14111667	505
14.1495	513
14.15781667	503
14.16606667	499
14.1744	495
14.18283333	500
14.19121667	506
14.19951667	503
14.20781667	498
14.21608333	498
14.22446667	496
14.23301667	503
14.24148333	513
14.24991667	508
14.25833333	506
14.26676667	505
14.2753	506
14.28373333	512
14.29211667	506
14.3005	503
14.30891667	503
14.31745	505
14.32603333	512
14.33448333	515
14.34291667	507
14.3514	506
14.36005	509
14.36876667	519
14.37728333	523
14.38576667	511
14.39421667	509
14.40273333	507
14.41116667	511
14.41951667	506
14.42781667	501
14.43601667	498
14.44423333	492
14.45241667	493
14.46053333	491
14.46865	487
14.47678333	487
14.4849	488
14.49301667	487
14.50131667	487
14.50981667	498
14.51823333	510
14.52653333	505
14.53485	498
14.54323333	499
14.55165	503
14.56001667	505
14.56833333	502
14.57665	499
14.58505	499
14.59358333	504
14.60221667	512
14.61086667	518
14.61941667	519
14.62788333	513
14.6366	508
14.64538333	523
14.65401667	527
14.66256667	518
14.67121667	513
14.67998333	519
14.6888	526
14.69751667	529
14.70618333	523
14.71495	520
14.72388333	526
14.73276667	536
14.7415	533
14.75021667	524
14.75903333	523
14.76786667	529
14.77655	530
14.78516667	521
14.79373333	517
14.80236667	514
14.81108333	518
14.81976667	523
14.82831667	521
14.83685	513
14.84538333	512
14.85398333	512
14.86258333	516
14.87111667	516
14.87955	512
14.88803333	506
14.8967	509
14.90551667	520
14.91433333	529
14.923	529
14.93178333	520
14.94073333	527
14.9497	537
14.95846667	538
14.96715	526
14.97583333	521
14.98461667	521
14.9933	527
15.00186667	521
15.01038333	514
15.01898333	511
15.02765	516
15.0364	520
15.04496667	525
15.0535	514
15.0621	512
15.07078333	516
15.07956667	521
15.08816667	527
15.09673333	516
15.1053	514
15.11386667	514
15.12246667	514
15.13098333	516
15.13941667	511
15.14788333	506
15.15636667	508
15.16496667	509
15.17345	516
15.18185	509
15.19018333	504
15.19855	500
15.20703333	502
15.21566667	509
15.22418333	518
15.2326	511
15.24098333	505
15.24946667	503
15.25806667	509
15.26666667	516
15.27513333	516
15.28355	508
15.29196667	505
15.30041667	505
15.30891667	507
15.3173	510
15.32568333	503
15.33401667	503
15.34241667	500
15.35078333	504
15.35908333	502
15.36735	498
15.37568333	496
15.3842	500
15.39281667	511
15.40135	517
15.4098	512
15.41828333	507
15.42708333	509
15.43603333	528
15.44485	537
15.45353333	529
15.4622	521
15.47101667	520
15.47983333	529
15.4885	529
15.49711667	520
15.50576667	517
15.51458333	519
15.52361667	529
15.53261667	542
15.54146667	540
15.55026667	531
15.5593	528
15.5685	542
15.57741667	552
15.58625	535
15.59526667	530
15.6045	541
15.61381667	554
15.62283333	559
15.63178333	541
15.64076667	537
15.64983333	539
15.6588	544
15.66761667	538
15.67636667	529
15.68521667	525
15.69401667	531
15.70281667	528
15.7115	528
15.72018333	521
15.7291	521
15.73806667	535
15.74686667	538
15.75563333	528
15.76431667	526
15.77313333	521
15.78206667	529
15.79088333	536
15.79953333	529
15.80815	519
15.8169	517
15.8257	525
15.83435	528
15.8429	519
15.8515	513
15.86015	516
15.86873333	519
15.87721667	515
15.88575	509
15.8945	512
15.90348333	525
15.91243333	539
15.92126667	537
15.93016667	530
15.93941667	534
15.94878333	555
15.95788333	562
15.96683333	546
15.97601667	537
15.98526667	551
15.9944	555
16.00336667	548
16.01228333	538
16.02128333	535
16.03036667	540
16.03925	545
16.04805	533
16.05685	528
16.06573333	528
16.0746	533
16.0834	532
16.09208333	528
16.10098333	521
16.11005	534
16.11903333	544
16.1279	539
16.13671667	532
16.14561667	529
16.1546	534
16.16343333	539
16.17216667	530
16.18095	524
16.18986667	527
16.19873333	535
16.20746667	532
16.21611667	524
16.22491667	519
16.23383333	528
16.24288333	535
16.2517	543
16.26038333	529
16.2691	521
16.278	523
16.28701667	534
16.29588333	541
16.30463333	532
16.31345	525
16.3224	529
16.33136667	537
16.3402	538
16.3489	530
16.35756667	522
16.3663	520
16.37501667	524
16.38361667	523
16.39211667	516
16.40068333	510
16.40935	514
16.41801667	520
16.42658333	520
16.4351	514
16.4438	511
16.45256667	522
16.46128333	526
16.46988333	523
16.47853333	516
16.48736667	519
16.49616667	530
16.50483333	528
16.51343333	520
16.5221	516
16.53095	520
16.53981667	531
16.54853333	532
16.55718333	523
16.56591667	519
16.57476667	524
16.58353333	531
16.59221667	526
16.60086667	521
16.60973333	519
16.61891667	532
16.62783333	551
16.63661667	535
16.64533333	527
16.6542	523
16.66316667	532
16.67186667	538
16.68053333	522
16.68923333	520
16.69808333	522
16.70698333	531
16.71571667	534
16.72443333	524
16.73323333	523
16.74215	528
16.75103333	535
16.7598	533
16.7685	526
16.77733333	522
16.78625	530
16.7951	535
16.80376667	531
16.81246667	520
16.8214	522
16.83041667	536
16.83931667	541
16.8481	534
16.85681667	527
16.86576667	523
16.8748	537
16.88371667	542
16.89243333	535
16.9012	523
16.90998333	526
16.91881667	527
16.92751667	530
16.93611667	522
16.94485	516
16.95371667	524
16.96263333	532
16.97145	535
16.98016667	529
16.98908333	523
16.99805	535
17.00716667	538
17.01611667	547
17.02498333	537
17.03405	532
17.04306667	544
17.05198333	541
17.06085	535
17.0698	532
17.07891667	537
17.08793333	547
17.0968	541
17.10553333	532
17.11431667	524
17.12321667	527
17.13218333	534
17.14105	538
17.14981667	532
17.15865	526
17.16765	530
17.1767	540
17.18556667	543
17.19431667	532
17.20323333	525
17.2123	535
17.22118333	544
17.22996667	533
17.23886667	527
17.24795	534
17.25701667	545
17.26598333	544
17.27478333	538
17.28376667	528
17.29286667	539
17.30195	546
17.31085	545
17.31965	534
17.32866667	528
17.33775	541
17.34663333	545
17.35541667	533
17.36441667	527
17.37356667	540
17.38275	549
17.39168333	551
17.40058333	536
17.40955	534
17.4186	538
17.42763333	543
17.43651667	542
17.44538333	533
17.45433333	532
17.46326667	537
17.47215	536
17.48088333	533
17.48966667	524
17.4985	527
17.50733333	530
17.51603333	530
17.52468333	522
17.5334	519
17.54218333	523
17.5509	527
17.55955	523
17.56813333	519
17.57683333	515
17.58556667	522
17.59415	524
17.60266667	515
17.61125	511
17.61991667	515
17.6286	520
17.63718333	521
17.64573333	515
17.65436667	513
17.66303333	518
17.67171667	520
17.68031667	521
17.68883333	516
17.6975	511
17.70626667	520
17.7152	526
17.72406667	536
17.73275	532
17.74136667	521
17.75011667	517
17.75905	525
17.76801667	536
17.77681667	538
17.78555	528
17.79443333	524
17.80328333	533
17.81201667	531
17.82068333	524
17.8294	520
17.83811667	523
17.84693333	523
17.85556667	529
17.86415	518
17.87271667	515
17.88138333	514
17.89015	520
17.89915	526
17.90805	540
17.9168	534
17.92546667	525
17.93423333	520
17.9431	526
17.952	532
17.96068333	534
17.9693	521
17.9779	517
17.98653333	516
17.9952	518
18.00376667	520
18.01228333	514
18.0208	511
18.02943333	511
18.03803333	518
18.04655	516
18.055	511
18.06353333	507
18.07215	512
18.0809	517
18.08951667	525
18.09808333	517
18.10671667	514
18.11551667	518
18.12441667	528
18.13315	534
18.14186667	524
18.15055	523
18.15923333	521
18.16801667	521
18.1768	527
18.18561667	527
18.19448333	529
18.20338333	532
18.2122	534
18.22096667	529
18.2297	526
18.23853333	524
18.24745	530
18.25623333	535
18.26493333	527
18.2736	522
18.28226667	520
18.29091667	520
18.2995	519
18.30806667	515
18.3167	514
18.3254	518
18.3342	522
18.34291667	528
18.35153333	523
18.36028333	517
18.36918333	525
18.3781	534
18.38695	535
18.3958	531
18.40473333	531
18.41381667	536
18.4227	545
18.43146667	533
18.44026667	526
18.44913333	528
18.45813333	532
18.46698333	540
18.47578333	531
18.48458333	528
18.4935	528
18.5024	535
18.51121667	534
18.51993333	529
18.52878333	523
18.53778333	531
18.54683333	540
18.55576667	543
18.56478333	536
18.57413333	541
18.5836	561
18.59291667	568
18.60201667	559
18.61103333	546
18.62026667	541
18.62973333	554
18.63911667	568
18.64815	563
18.65711667	542
18.66611667	538
18.67506667	540
18.68386667	537
18.69261667	528
18.7013	525
18.71015	521
18.71901667	531
18.72775	532
18.73638333	524
18.74505	518
18.75398333	520
18.76306667	536
18.77203333	545
18.78083333	538
18.78956667	528
18.79838333	524
18.80723333	529
18.81603333	531
18.82473333	528
18.83338333	522
18.84211667	519
18.85093333	524
18.85965	529
18.86826667	523
18.8769	517
18.88573333	518
18.89461667	530
18.9036	533
18.91238333	539
18.92133333	527
18.93051667	537
18.9398	551
18.94886667	557
18.9577	544
18.96668333	530
18.97585	539
18.98483333	550
18.99371667	539
19.00245	533
19.01126667	524
19.02026667	529
19.02911667	540
19.03783333	531
19.0466	523
19.05545	526
19.06456667	531
19.07355	547
19.08235	539
19.09111667	528
19.09995	526
19.10885	530
19.11756667	534
19.12621667	523
19.13485	519
19.14366667	518
19.15258333	529
19.16128333	535
19.16993333	522
19.1786	519
19.18748333	520
19.19653333	533
19.20546667	543
19.2142	536
19.22293333	524
19.23173333	524
19.24071667	528
19.24951667	539
19.25823333	528
19.26695	523
19.27588333	523
19.28496667	536
19.294	545
19.30288333	542
19.31165	533
19.32058333	526
19.3296	536
19.3386	541
19.3475	540
19.35645	534
19.3655	537
19.37456667	543
19.3835	544
19.39235	536
19.4014	531
19.41066667	543
19.41973333	556
19.42868333	544
19.43751667	537
19.44638333	530
19.45523333	532
19.464	531
19.4727	526
19.48145	522
19.49035	525
19.49928333	534
19.50813333	536
19.51688333	531
19.5257	525
19.53471667	529
19.5438	541
19.5527	545
19.56148333	534
19.57028333	527
19.57918333	528
19.58815	534
19.59701667	538
19.60573333	532
19.61448333	523
19.62336667	525
19.63238333	533
19.64133333	541
19.65015	537
19.65893333	529
19.66783333	527
19.67668333	534
19.6854	531
19.69406667	523
19.70263333	520
19.71133333	514
19.72016667	522
19.729	530
19.73771667	530
19.74633333	523
19.75511667	517
19.76401667	527
19.77298333	534
19.7818	538
19.79065	529
19.79971667	531
19.80891667	544
19.81813333	552
19.82715	553
19.83603333	541
19.8451	533
19.8542	544
19.86321667	546
19.87205	541
19.8808	530
19.88971667	525
19.89868333	535
19.90755	538
19.91626667	532
19.92511667	523
19.93428333	531
19.94398333	550
19.95375	582
19.96306667	586
19.97215	559
19.98171667	545
19.99165	574
20.0015	596
20.01103333	591
20.02078333	572
20.03123333	585
20.04156667	627
20.05141667	620
20.061	591
20.07076667	575
20.08095	586
20.09101667	611
20.10073333	604
20.11071667	583
20.12161667	599
20.13306667	654
20.14381667	687
20.15586667	645
20.16825	723
20.18021667	743
20.19245	718
20.2045	734
20.21553333	723
20.22673333	662
20.23838333	672
20.25055	699
20.26205	730
20.27315	690
20.28523333	666
20.29796667	725
20.31053333	764
20.32228333	754
20.33535	705
20.34865	784
20.36226667	798
20.3743	817
20.38595	722
20.39805	699
20.41038333	726
20.4226	740
20.43411667	733
20.44651667	691
20.45963333	744
20.47258333	787
20.48423333	777
20.49623333	699
20.50895	720
20.52098333	763
20.5322	722
20.54363333	673
20.55543333	686
20.56736667	708
20.57945	716
20.591	725
20.60181667	693
20.61266667	649
20.62331667	651
20.63391667	639
20.64503333	636
20.65683333	667
20.66913333	708
20.68043333	738
20.69221667	678
20.70438333	707
20.71636667	730
20.72823333	719
20.74185	712
20.75653333	817
20.77078333	881
20.78421667	855
20.79863333	806
20.81263333	865
20.82561667	840
20.83808333	779
20.85025	748
20.86193333	730
20.87411667	701
20.8858	731
20.89686667	701
20.90873333	664
20.92025	712
20.93108333	691
20.944	650
20.95788333	775
20.97193333	833
20.98513333	843
20.99741667	792
21.01083333	737
21.02483333	805
21.03816667	840
21.05023333	800
21.06256667	724
21.07498333	740
21.0872	745
21.0993	733
21.1118	726
21.12396667	750
21.13591667	730
21.14853333	717
21.1619	757
21.17575	802
21.18866667	831
21.20166667	775
21.21533333	780
21.2285	820
21.24148333	790
21.25393333	779
21.26786667	747
21.2821	836
21.29555	854
21.30863333	807
21.32231667	785
21.33615	821
21.34941667	830
21.36405	796
21.37956667	878
21.39488333	931
21.41031667	919
21.42593333	926
21.44213333	937
21.45785	972
21.47373333	943
21.4888	953
21.5029	904
21.5169	846
21.53186667	840
21.54633333	898
21.55948333	868
21.57173333	789
21.58415	735
21.59778333	745
21.61161667	818
21.6245	830
21.63833333	773
21.65226667	830
21.66653333	836
21.67978333	856
21.6924	795
21.7054	757
21.71891667	780
21.7328	811
21.74686667	833
21.76126667	844
21.77653333	864
21.79183333	916
21.82185	918
21.83511667	0
21.84913333	796
21.86336667	841
21.87785	854
21.89166667	869
21.90598333	829
21.91996667	859
21.93361667	839
21.94673333	819
21.96081667	787
21.97511667	845
21.9887	858
22.0018	815
22.01495	786
22.02875	789
22.04293333	828
22.05643333	851
22.06896667	810
22.08206667	752
22.10891667	786
22.12175	0
22.13493333	770
22.14856667	791
22.16268333	818
22.17651667	847
22.18936667	830
22.20226667	771
22.2292	774
22.24236667	0
22.25531667	790
22.2682	777
22.28241667	773
22.31238333	853
22.32596667	0
22.33921667	815
22.35313333	795
22.36703333	835
22.3815	834
22.3955	868
22.41003333	840
22.42456667	872
22.43888333	872
22.45241667	859
22.46546667	812
22.47918333	783
22.49293333	823
22.5069	825
22.5198	838
22.53288333	774
22.54625	785
22.56026667	802
22.57435	841
22.5882	845
22.60213333	831
22.61591667	836
22.62936667	827
22.64245	807
22.6561	785
22.66976667	819
22.68325	820
22.69618333	809
22.70881667	776
22.72216667	758
22.7359	801
22.74973333	824
22.76265	830
22.7758	775
22.789	789
22.80293333	792
22.81631667	836
22.8286	803
22.84108333	737
22.85378333	749
22.86655	762
22.87928333	766
22.89188333	764
22.90511667	756
22.91866667	794
22.93226667	813
22.94525	816
22.95825	779
22.97178333	780
22.98506667	812
22.99828333	797
23.01101667	793
23.02405	764
23.03785	782
23.05185	828
23.06555	840
23.0792	822
23.09306667	819
23.10711667	832
23.12076667	843
23.13386667	819
23.14763333	786
23.16156667	826
23.17531667	836
23.1889	825
23.20206667	815
23.21618333	790
23.23066667	847
23.24438333	869
23.25761667	823
23.27118333	794
23.28486667	814
23.29823333	821
23.31098333	802
23.32383333	765
23.33725	771
23.35145	805
23.36543333	852
23.37901667	839
23.39311667	815
23.40776667	846
23.42223333	879
23.4501	868
23.46335	0
23.4769	795
23.4909	813
23.5054	840
23.5198	870
23.53458333	864
23.5496	887
23.5642	901
23.57828333	876
23.59138333	845
23.60458333	786
23.61776667	792
23.63095	791
23.64336667	791
23.65515	745
23.66666667	707
23.67891667	691
23.69171667	735
23.70448333	768
23.71726667	766
23.73026667	767
23.74331667	780
23.75611667	783
23.76905	768
23.78126667	776
23.79391667	733
23.80675	759
23.81975	770
23.83291667	780
23.84575	790
23.85813333	770
23.87133333	743
23.88496667	792
23.89881667	818
23.91218333	831
23.92545	802
23.93905	796
23.95293333	816
23.9672	833
23.98115	856
23.9944	837
24.00788333	795
24.02201667	809
24.03643333	848
24.05056667	865
24.06393333	848
24.07695	802
24.08966667	781
24.10231667	763
24.11481667	759
24.12728333	750
24.13955	748
24.15125	736
24.16356667	702
24.17656667	739
24.18953333	780
24.20226667	778
24.21408333	764
24.22565	709
24.2389	694
24.25423333	795
24.26935	920
24.28371667	907
24.29751667	862
24.31051667	828
24.32296667	780
24.33541667	747
24.34783333	747
24.3598	745
24.3713	718
24.38265	690
24.39441667	681
24.40678333	706
24.42075	742
24.4351	838
24.44953333	861
24.4638	866
24.47781667	856
24.49118333	841
24.50455	802
24.51773333	802
24.53101667	791
24.54466667	797
24.55846667	819
24.57215	828
24.58518333	821
24.59786667	782
24.61073333	761
24.6237	772
24.636	778
24.64748333	738
24.65875	689
24.66998333	676
24.6813	674
24.69276667	679
24.70426667	688
24.71626667	690
24.72926667	720
24.74263333	780
24.75561667	802
24.76881667	779
24.78158333	792
24.79393333	766
24.8061	741
24.818	730
24.8302	714
24.84235	732
24.85436667	729
24.86655	721
24.87836667	731
24.89046667	709
24.90273333	726
24.91535	736
24.92746667	757
24.93955	727
24.95181667	725
24.96385	736
24.97561667	722
24.98713333	706
24.99861667	691
25.01005	689
25.0218	686
25.03358333	705
25.04526667	707
25.05731667	701
25.06978333	723
25.08236667	748
25.09518333	755
25.10723333	769
25.11938333	723
25.13201667	729
25.14511667	758
25.15833333	786
25.17118333	793
25.1839	771
25.19731667	763
25.21116667	805
25.22451667	831
25.23736667	801
25.25	771
25.263	758
25.27568333	780
25.28795	761
25.30031667	736
25.31311667	742
25.32655	768
25.34028333	806
25.35435	824
25.3678	844
25.38128333	807
25.39451667	809
25.40713333	794
25.4198	757
25.43225	760
25.44431667	747
25.45595	724
25.46751667	698
25.4796	694
25.4922	725
25.50495	756
25.51741667	765
25.5295	748
25.54175	725
25.55458333	735
25.56725	770
25.57936667	760
25.59125	727
25.6031	713
25.61503333	711
25.62751667	716
25.6399	749
25.6525	743
25.66563333	756
25.67923333	788
25.69238333	816
25.70496667	789
25.71778333	755
25.73021667	769
25.74281667	746
25.75516667	756
25.76705	741
25.77888333	713
25.79088333	710
25.8033	720
25.81585	745
25.82831667	753
25.84071667	748
25.85325	744
25.86591667	752
25.87893333	760
25.89116667	781
25.9029	734
25.91455	704
25.92625	699
25.93833333	702
25.9507	725
25.96261667	742
25.9748	715
25.98693333	731
25.99926667	728
26.0121	740
26.02513333	770
26.03845	782
26.05113333	799
26.06413333	761
26.07736667	780
26.09121667	794
26.10496667	831
26.11863333	825
26.13216667	820
26.14535	812
26.15791667	791
26.17071667	754
26.18363333	768
26.19665	775
26.20886667	781
26.22026667	733
26.23151667	684
26.2428	675
26.25436667	677
26.26586667	694
26.27718333	690
26.28823333	679
26.29951667	663
26.31108333	677
26.32303333	694
26.33483333	717
26.34648333	708
26.35833333	699
26.37021667	711
26.3821	713
26.39395	713
26.40585	711
26.41745	714
26.42958333	696
26.44203333	728
26.455	747
26.46795	778
26.48011667	777
26.49251667	730
26.50485	744
26.5172	740
26.53033333	741
26.54358333	788
26.55721667	795
26.57016667	818
26.5832	777
26.59681667	782
26.61073333	817
26.6246	835
26.63791667	832
26.65198333	799
26.66581667	844
26.6795	830
26.69278333	821
26.70521667	797
26.71788333	746
26.73078333	760
26.74366667	774
26.756	773
26.76823333	740
26.78075	734
26.79398333	751
26.80683333	794
26.81928333	771
26.83203333	747
26.84566667	765
26.85908333	818
26.88496667	805
26.89755	0
26.91038333	755
26.92376667	770
26.93688333	803
26.9491	787
26.96161667	733
26.97466667	751
26.98783333	783
27.00101667	790
27.01353333	791
27.02608333	751
27.03875	753
27.0512	760
27.06333333	747
27.07515	728
27.08698333	709
27.09878333	710
27.11103333	708
27.1235	735
27.13553333	748
27.14763333	722
27.16003333	726
27.17381667	744
27.18716667	827
27.20013333	801
27.2125	778
27.2249	742
27.23721667	744
27.24946667	739
27.26173333	735
27.27396667	736
27.2858	734
27.29758333	710
27.30991667	707
27.32248333	740
27.33491667	754
27.34728333	746
27.36013333	742
27.3729	771
27.38556667	766
27.39806667	760
27.41051667	750
27.4229	747
27.43568333	743
27.44846667	767
27.46071667	767
27.47255	735
27.4838	710
27.49458333	675
27.50508333	647
27.51543333	630
27.52553333	621
27.53566667	606
27.54636667	608
27.55743333	642
27.56811667	664
27.57898333	641
27.59096667	652
27.6037	719
27.61651667	764
27.62875	769
27.64116667	734
27.65333333	745
27.66528333	730
27.67691667	717
27.68808333	698
27.69916667	670
27.71058333	665
27.72241667	685
27.73411667	710
27.74618333	702
27.7582	724
27.76963333	721
27.78083333	686
27.7923	672
27.8041	688
27.81573333	708
27.82735	698
27.83911667	697
27.85095	706
27.86316667	710
27.87561667	733
27.88761667	747
27.89958333	720
27.91218333	718
27.92548333	756
27.93905	798
27.95245	814
27.96561667	804
27.97815	790
27.99038333	752
28.00288333	734
28.01578333	750
28.0291	774
28.042	799
28.0549	774
28.06786667	774
28.08088333	778
28.09355	781
28.10588333	760
28.11771667	740
28.12936667	710
28.14115	699
28.1537	707
28.1665	753
28.1792	768
28.19136667	762
28.20316667	730
28.21515	708
28.22801667	719
28.2409	772
28.25373333	773
28.26606667	770
28.2778	740
28.28918333	704
28.30088333	683
28.31311667	702
28.32593333	734
28.3388	769
28.3515	772
28.36348333	762
28.37566667	719
28.38835	731
28.4021	761
28.41601667	825
28.42976667	835
28.44298333	825
28.45576667	793
28.46905	767
28.48263333	797
28.49646667	815
28.51025	830
28.5233	827
28.53551667	783
28.54808333	733
28.56138333	754
28.575	798
28.58808333	817
28.60065	785
28.61248333	754
28.62456667	710
28.63631667	725
28.64796667	705
28.65948333	699
28.67068333	691
28.68201667	672
28.69346667	680
28.70515	687
28.71695	701
28.72871667	708
28.7405	706
28.75266667	707
28.76466667	730
28.77623333	720
28.78773333	694
28.79943333	690
28.81095	702
28.82271667	691
28.83463333	706
28.84631667	715
28.85841667	701
28.87051667	726
28.88296667	726
28.89516667	747
28.90676667	732
28.91836667	696
28.92963333	696
28.94128333	676
28.95271667	699
28.96403333	686
28.9761	679
28.98948333	724
29.00346667	803
29.01685	839
29.02995	803
29.04265	786
29.05568333	762
29.06888333	782
29.08228333	792
29.09593333	804
29.10961667	819
29.12316667	821
29.13653333	813
29.14903333	802
29.16068333	750
29.17248333	699
29.18531667	708
29.20028333	770
29.21586667	898
29.23036667	935
29.24441667	870
29.25815	843
29.27141667	824
29.28463333	796
29.29656667	793
29.30785	716
29.31905	677
29.3308	672
29.34478333	705
29.36026667	839
29.3755	929
29.3901	914
29.40513333	876
29.4197	902
29.4337	874
29.44641667	840
29.45833333	763
29.47003333	715
29.48221667	702
29.49533333	731
29.51175	787
29.52898333	985
29.54425	1034
29.55943333	916
29.57448333	911
29.58946667	903
29.60435	899
29.619	893
29.64721667	879
29.6613	0
29.67513333	845
29.68866667	830
29.70218333	812
29.71488333	811
29.72826667	762
29.74258333	803
29.75658333	859
29.76923333	840
29.78091667	759
29.79211667	701
29.80301667	672
29.81378333	654
29.82445	646
29.83505	640
29.84576667	636
29.85651667	643
29.8677	645
29.87863333	671
29.88966667	656
29.90151667	662
29.91401667	711
29.92675	750
29.93946667	764
29.95158333	763
29.96333333	727
29.97535	705
29.98808333	721
30.00151667	764
30.01465	806
30.02806667	788
30.05456667	805
30.06673333	0
30.07896667	730
30.09101667	734
30.10295	723
30.11535	716
30.1286	744
30.14181667	795
30.15626667	793
30.17108333	867
30.18595	889
30.19996667	892
30.21351667	841
30.2265	813
30.23905	779
30.25093333	753
30.26211667	713
30.27281667	671
30.28328333	642
30.29378333	628
30.30473333	630
30.31586667	657
30.32153333	668
30.3268	0
30.33786667	0
30.34881667	664
30.35955	657
30.37011667	644
30.38051667	634
30.39086667	624
30.40131667	621
30.4122	627
30.42418333	653
30.43668333	719
30.44915	750
30.4615	748
30.47375	741
30.48545	735
30.49721667	702
30.50948333	706
30.52113333	736
30.53315	699
30.5452	721
30.55741667	723
30.56915	733
30.58056667	704
30.5918	685
30.60275	674
30.61378333	657
30.6253	662
30.63703333	691
30.64878333	704
30.66018333	705
30.67151667	684
30.6838	680
30.6974	737
30.71076667	816
30.72331667	802
30.736	753
30.74845	761
30.76098333	747
30.77295	752
30.785	718
30.79721667	723
30.80965	733
30.8222	746
30.83461667	753
30.8472	745
30.86003333	755
30.8725	770
30.88505	748
30.8972	753
30.90921667	729
30.92171667	721
30.93471667	750
30.94773333	780
30.96023333	781
30.97241667	750
30.98428333	731
30.99621667	712
31.00846667	716
31.02073333	735
31.033	736
31.04593333	736
31.05945	776
31.07365	811
31.08715	852
31.09956667	810
31.1122	745
31.1247	758
31.13705	750
31.14868333	741
31.16043333	698
31.1726	705
31.1852	730
31.19873333	756
31.21215	812
31.22545	805
31.23851667	798
31.25075	784
31.26245	734
31.27405	702
31.28536667	696
31.2966	679
31.30786667	674
31.31903333	676
31.33031667	670
31.34221667	677
31.35456667	714
31.36683333	741
31.37863333	736
31.39026667	708
31.40208333	698
31.41378333	709
31.4251	702
31.43628333	679
31.44833333	671
31.46083333	723
31.4743	750
31.48725	808
31.50085	777
31.5147	816
31.52821667	831
31.54161667	811
31.555	804
31.56865	803
31.58263333	819
31.59636667	839
31.60953333	824
31.62225	790
31.6354	763
31.64923333	789
31.66293333	830
31.67585	822
31.68901667	775
31.70223333	790
31.71573333	793
31.7287	810
31.7413	778
31.75423333	756
31.767	776
31.7792	766
31.79121667	732
31.80276667	721
31.81406667	693
31.82503333	678
31.83578333	658
31.84658333	645
31.85781667	648
31.86978333	674
31.88196667	718
31.89368333	731
31.90551667	703
31.91828333	710
31.93051667	766
31.94201667	734
31.95303333	690
31.96338333	661
31.97341667	621
31.98356667	602
