0.015016667	844
0.0289	901
0.0424	833
0.0557	810
0.068966667	798
0.0816	796
0.093633333	758
0.106216667	722
0.118866667	755
0.1331	759
0.1485	854
0.163816667	924
0.177933333	919
0.192383333	847
0.207216667	867
0.221483333	890
0.2351	856
0.24935	817
0.263316667	855
0.277716667	838
0.292833333	864
0.307683333	907
0.321333333	891
0.335683333	819
0.350183333	861
0.363783333	870
0.377866667	816
0.39275	845
0.40705	893
0.420483333	858
0.43485	806
0.4488	862
0.462316667	837
0.475783333	811
0.488633333	808
0.5022	771
0.516366667	814
0.531283333	850
0.546616667	895
0.5613	920
0.5743	881
0.5869	780
0.599183333	756
0.61195	737
0.624883333	766
0.637266667	776
0.650183333	743
0.663716667	775
0.677883333	812
0.692033333	850
0.7072	849
0.723333333	910
0.738683333	968
0.75455	921
0.770866667	952
0.785366667	979
0.7995	870
0.8136	848
0.82665	846
0.839016667	783
0.854	742
0.868416667	899
0.882383333	865
0.89725	838
0.9127	892
0.927283333	927
0.941	875
0.955366667	823
0.968433333	862
0.981116667	784
0.9944	761
1.0084	797
1.023233333	840
1.0375	890
1.052883333	856
1.0685	923
1.084666667	937
1.0999	970
1.1159	914
1.1321	960
1.147583333	972
1.161916667	929
1.17655	860
1.1913	878
1.205516667	885
1.21905	853
1.233433333	812
1.248083333	863
1.262183333	879
1.276683333	846
1.291983333	870
1.3071	918
1.321416667	907
1.336816667	859
1.352583333	924
1.36815	946
1.382866667	934
1.397933333	883
1.41365	904
1.428283333	943
1.4424	878
1.456583333	847
1.470783333	851
1.484383333	852
1.4991	816
1.514416667	883
1.528216667	919
1.540666667	828
1.5522	747
1.565	692
1.577483333	768
1.590416667	749
1.60325	776
1.61685	770
1.632066667	816
1.647183333	913
1.662	907
1.676783333	889
1.690783333	887
1.703416667	840
1.715666667	758
1.727383333	735
1.738883333	703
1.750233333	690
1.76275	681
1.77525	751
1.7878	750
1.800066667	753
1.811583333	736
1.823416667	691
1.83615	710
1.84925	764
1.86265	786
1.87615	804
1.889366667	810
1.902133333	793
1.91605	766
1.930633333	835
1.945583333	875
1.959516667	897
1.974566667	836
1.990083333	903
2.004966667	931
2.018733333	893
2.033316667	826
2.04885	875
2.06345	932
2.077416667	876
2.092	838
2.107066667	875
2.1215	904
2.13575	866
2.150533333	855
2.1649	887
2.179433333	862
2.194883333	872
2.2103	927
2.224766667	925
2.240483333	868
2.2561	943
2.270883333	937
2.287266667	887
2.303283333	983
2.31795	961
2.33295	880
2.34805	900
2.362766667	906
2.377433333	883
2.392983333	880
2.40945	933
2.425433333	988
2.441766667	959
2.457816667	980
2.473033333	963
2.500783333	913
2.5132	0
2.525066667	745
2.537	712
2.550133333	716
2.564433333	788
2.577683333	858
2.59185	795
2.6072	850
2.622383333	921
2.63565	911
2.6475	796
2.659166667	711
2.672316667	700
2.6843	789
2.695733333	719
2.706733333	686
2.7175	660
2.728233333	646
2.739016667	644
2.7501	647
2.761516667	665
2.772733333	685
2.7843	673
2.7961	694
2.807333333	708
2.818433333	674
2.831883333	666
2.846	807
2.8599	847
2.8738	834
2.887716667	834
2.900983333	835
2.913716667	796
2.927266667	764
2.94065	813
2.95315	803
2.96665	750
2.981666667	810
2.996383333	901
3.0103	883
3.0252	835
3.03955	894
3.053533333	861
3.0679	839
3.08165	862
3.0956	825
3.109083333	837
3.122766667	809
3.1372	821
3.1519	866
3.16545	882
3.179566667	813
3.194683333	847
3.2116	907
3.2257	1015
3.238966667	846
3.252133333	796
3.264833333	790
3.277066667	762
3.2899	734
3.303483333	770
3.318	815
3.3324	871
3.346966667	864
3.36115	874
3.375116667	851
3.38915	838
3.403616667	842
3.417116667	868
3.42995	810
3.442966667	770
3.456216667	781
3.469333333	795
3.48295	787
3.496233333	817
3.509916667	797
3.522866667	821
3.53495	777
3.548116667	725
3.562116667	790
3.57565	840
3.589416667	812
3.6035	826
3.6176	845
3.6308	846
3.643983333	792
3.657516667	791
3.670883333	812
3.68365	802
3.696883333	766
3.710766667	794
3.724633333	833
3.73835	832
3.752833333	823
3.767066667	869
3.780966667	854
3.795116667	834
3.809633333	849
3.82405	871
3.83825	865
3.8523	852
3.86595	843
3.87965	819
3.893633333	822
3.907933333	839
3.921216667	858
3.93445	797
3.948283333	794
3.962416667	830
3.976633333	848
3.9906	853
4.005533333	838
4.020616667	896
4.035033333	905
4.049266667	865
4.06395	854
4.078933333	881
4.093933333	899
4.108116667	900
4.12265	851
4.137433333	872
4.151683333	887
4.165333333	855
4.179383333	819
4.1939	843
4.207933333	871
4.22275	842
4.237716667	889
4.251866667	898
4.266483333	849
4.2815	877
4.296233333	901
4.310383333	884
4.325183333	849
4.340266667	888
4.354966667	905
4.368583333	882
4.382616667	817
4.397133333	842
4.411916667	871
4.426283333	887
4.441333333	862
4.456816667	903
4.471066667	929
4.485616667	855
4.500233333	873
4.514266667	877
4.528166667	842
4.542916667	834
4.558216667	885
4.57245	918
4.58705	854
4.6015	876
4.615333333	867
4.628066667	830
4.64015	764
4.6523	725
4.664683333	729
4.677233333	743
4.690416667	753
4.703916667	791
4.718066667	810
4.7308	849
4.743783333	764
4.757016667	779
4.77015	794
4.7831	788
4.795866667	777
4.808166667	766
4.819866667	738
4.831816667	702
4.843733333	717
4.855316667	715
4.86785	695
4.881416667	752
4.8964	814
4.911166667	899
4.926466667	886
4.942	918
4.95705	932
4.972116667	903
4.986833333	904
5.00055	883
5.014516667	823
5.028916667	838
5.042766667	864
5.05605	831
5.06975	797
5.08255	822
5.095716667	768
5.109216667	790
5.12255	810
5.135766667	800
5.149416667	793
5.1636	819
5.178066667	851
5.192333333	868
5.205716667	856
5.219516667	803
5.2334	828
5.24685	833
5.2608	807
5.274266667	837
5.288016667	808
5.30215	825
5.316366667	848
5.330333333	853
5.34435	838
5.3586	841
5.371833333	855
5.3857	794
5.400133333	832
5.414116667	866
5.426883333	839
5.440083333	766
5.45325	792
5.466416667	790
5.478966667	790
5.4906	753
5.501666667	698
5.516766667	664
5.529966667	906
5.542533333	792
5.554333333	754
5.565633333	708
5.5766	678
5.587366667	658
5.598016667	646
5.608716667	639
5.620016667	642
5.63285	678
5.64535	770
5.657716667	750
5.670016667	742
5.682766667	738
5.696083333	765
5.70895	799
5.721266667	772
5.732683333	739
5.743766667	685
5.754383333	665
5.764766667	637
5.774983333	623
5.7857	613
5.797916667	643
5.8107	733
5.823483333	767
5.8368	767
5.850316667	799
5.864166667	811
5.878933333	831
5.892716667	886
5.90675	827
5.920116667	842
5.9325	802
5.945366667	743
5.959	772
5.97355	818
5.988383333	873
6.0017	890
6.01465	799
6.027783333	777
6.041366667	788
6.054766667	815
6.067983333	804
6.0819	793
6.096333333	835
6.111416667	866
6.125816667	905
6.139566667	864
6.15375	825
6.168516667	851
6.182416667	886
6.196783333	834
6.21175	862
6.226083333	898
6.2396	860
6.25335	811
6.267183333	825
6.281633333	830
6.295516667	867
6.3087	833
6.322116667	791
6.335933333	805
6.349333333	829
6.36285	804
6.3764	811
6.390233333	813
6.404633333	830
6.41895	864
6.432866667	859
6.447	835
6.461083333	848
6.47495	845
6.488266667	832
6.501733333	799
6.51505	808
6.528083333	799
6.5421	782
6.556216667	841
6.56965	847
6.582183333	806
6.5947	752
6.607416667	751
6.62065	763
6.633833333	794
6.647183333	791
6.660483333	801
6.67305	798
6.685183333	754
6.696566667	728
6.707733333	683
6.718633333	670
6.729216667	654
6.740083333	635
6.75235	652
6.765433333	736
6.777633333	785
6.790233333	732
6.803266667	756
6.816783333	782
6.829983333	811
6.843583333	792
6.857183333	816
6.870233333	816
6.883133333	783
6.8968	774
6.910116667	820
6.92345	799
6.936166667	800
6.948316667	763
6.9607	729
6.97365	743
6.9865	777
7.000666667	771
7.015216667	850
7.02905	873
7.041683333	830
7.054583333	758
7.067383333	774
7.07995	768
7.0922	754
7.104866667	735
7.117116667	760
7.12925	735
7.1409	728
7.152283333	699
7.1639	683
7.1758	697
7.187633333	714
7.199183333	710
7.2103	693
7.221383333	667
7.232516667	665
7.243583333	668
7.254366667	664
7.265216667	647
7.276616667	651
7.289383333	684
7.302233333	766
7.3144	771
7.326466667	730
7.338783333	724
7.350916667	739
7.3629	728
7.374283333	719
7.38655	683
7.3987	736
7.410583333	729
7.42245	713
7.434366667	712
7.446	715
7.45795	698
7.469716667	717
7.481216667	706
7.4928	690
7.504316667	695
7.51555	691
7.5266	674
7.537766667	663
7.549366667	670
7.561466667	696
7.57415	726
7.587183333	761
7.599766667	782
7.612083333	755
7.62415	739
7.635366667	724
7.6465	673
7.658033333	668
7.66945	692
7.681016667	685
7.69255	694
7.704466667	692
7.717066667	715
7.729733333	756
7.74145	760
7.7529	703
7.764266667	687
7.77565	682
7.787283333	683
7.798966667	698
7.81095	701
7.823366667	719
7.835616667	745
7.847783333	735
7.860233333	730
7.872633333	747
7.884916667	744
7.897366667	737
7.90955	747
7.921866667	731
7.933916667	739
7.945466667	723
7.956816667	693
7.968683333	681
7.980733333	712
7.993483333	723
8.006333333	765
8.018733333	771
8.03075	744
8.042983333	721
8.055083333	734
8.0675	726
8.0795	745
8.091066667	720
8.103016667	694
8.11555	717
8.127983333	752
8.139833333	746
8.152166667	711
8.164316667	740
8.176166667	729
8.188883333	711
8.201766667	763
8.214766667	773
8.228	780
8.2412	794
8.25455	792
8.2681	801
8.281716667	813
8.29525	817
8.308566667	812
8.32105	799
8.333016667	749
8.345166667	718
8.357566667	729
8.3705	744
8.382516667	776
8.395233333	721
8.409	763
8.423083333	826
8.4358	845
8.448766667	763
8.46135	778
8.474216667	755
8.4874	772
8.500766667	791
8.513933333	802
8.527066667	790
8.539833333	788
8.552116667	766
8.563816667	737
8.5757	702
8.587933333	713
8.60105	734
8.615016667	787
8.628233333	838
8.64075	793
8.6534	751
8.666433333	759
8.678766667	782
8.69075	740
8.70235	719
8.71415	696
8.72555	708
8.736516667	684
8.748066667	658
8.760116667	693
8.772066667	723
8.783666667	717
8.795166667	696
8.806333333	690
8.818333333	670
8.830683333	720
8.843783333	741
8.856783333	786
8.869283333	780
8.881083333	750
8.892383333	708
8.903383333	678
8.914433333	660
8.926316667	663
8.938783333	713
8.95165	748
8.96395	772
8.9756	738
8.98705	699
8.998766667	687
9.010883333	703
9.023433333	727
9.036033333	753
9.048083333	756
9.05895	723
9.0698	652
9.08085	651
9.0923	663
9.103633333	687
9.1148	680
9.126133333	670
9.137933333	680
9.149283333	708
9.16015	681
9.171066667	652
9.181966667	655
9.192866667	654
9.203383333	654
9.21405	631
9.2247	640
9.235133333	639
9.245383333	626
9.255516667	615
9.26565	608
9.2757	608
9.285566667	603
9.295416667	592
9.305133333	591
9.3148	583
9.324416667	580
9.334066667	577
9.343816667	579
9.3538	585
9.363916667	599
9.374133333	607
9.38415	613
9.394033333	601
9.403766667	593
9.413283333	584
9.4225	571
9.4318	553
9.443183333	558
9.455466667	683
9.466983333	737
9.477933333	691
9.488483333	657
9.4985	633
9.508383333	601
9.518216667	593
9.528	590
9.537566667	587
9.547033333	574
9.556483333	568
9.566	567
9.575383333	571
9.5847	563
9.593933333	559
9.60345	554
9.612866667	571
9.622133333	565
9.63145	556
9.6409	559
9.650583333	567
9.660133333	581
9.6696	573
9.679183333	568
9.688883333	575
9.698366667	582
9.707866667	569
9.717633333	570
9.72755	586
9.7378	595
9.747966667	615
9.7581	610
9.767916667	608
9.7775	589
9.7869	575
9.796283333	564
9.80545	563
9.814566667	550
9.8236	547
9.8328	542
9.84195	552
9.851016667	549
9.86	544
9.868966667	539
9.877966667	538
9.887083333	540
9.89615	547
9.905483333	544
9.91465	560
9.923783333	550
9.932883333	548
9.941866667	546
9.95075	539
9.9596	533
9.9684	531
9.977433333	528
9.98665	542
9.99585	553
10.00483333	552
10.01373333	539
10.02263333	534
10.03163333	534
10.04061667	540
10.04945	539
10.05828333	530
10.06736667	530
10.07658333	545
10.08561667	553
10.09468333	542
10.10386667	544
10.11316667	551
10.1223	558
10.13146667	548
10.1407	550
10.14993333	554
10.15908333	554
10.1682	549
10.17721667	547
10.1864	541
10.19555	551
10.20446667	549
10.2134	535
10.22235	536
10.23111667	537
10.23998333	526
10.2489	532
10.25791667	535
10.2669	541
10.27576667	539
10.28458333	532
10.29326667	529
10.30188333	521
10.31051667	517
10.31935	518
10.32865	530
10.33858333	558
10.3485	596
10.35796667	595
10.36736667	568
10.37688333	564
10.38635	571
10.3955	568
10.40463333	549
10.41368333	548
10.42265	543
10.4315	538
10.44028333	531
10.449	527
10.45786667	523
10.46665	532
10.47538333	527
10.48406667	524
10.49263333	521
10.50113333	514
10.50968333	510
10.51846667	513
10.52795	527
10.53785	569
10.5477	594
10.55705	591
10.56621667	561
10.57525	550
10.58423333	542
10.59336667	539
10.60256667	548
10.61166667	552
10.62061667	546
10.62951667	537
10.63831667	534
10.6472	528
10.65626667	533
10.66555	544
10.67451667	557
10.68358333	538
10.69241667	544
10.70118333	530
10.71001667	526
10.71906667	530
10.72855	543
10.73811667	569
10.74736667	574
10.75636667	555
10.76525	540
10.7741	533
10.78303333	531
10.79198333	536
10.80183333	537
10.81218333	591
10.82208333	621
10.83143333	594
10.84048333	561
10.84936667	543
10.85811667	533
10.86686667	525
10.87566667	525
10.8845	528
10.8931	530
10.90158333	516
10.90996667	509
10.9183	503
10.92666667	500
10.9352	502
10.94426667	512
10.95363333	544
10.96321667	562
10.97225	575
10.98121667	542
10.9903	538
10.99961667	545
11.00856667	559
11.01738333	537
11.02631667	529
11.03546667	536
11.04428333	549
11.05293333	529
11.0617	519
11.07046667	526
11.07905	526
11.08753333	515
11.09616667	509
11.10488333	518
11.11336667	523
11.12181667	509
11.13048333	507
11.13915	520
11.14768333	520
11.15623333	512
11.16476667	513
11.17343333	512
11.18206667	520
11.19063333	518
11.19916667	514
11.20805	512
11.21701667	533
11.2256	538
11.23425	515
11.243	519
11.25173333	525
11.26041667	524
11.26901667	521
11.2776	516
11.28628333	515
11.2948	521
11.30331667	511
11.31181667	511
11.32031667	510
11.32871667	510
11.33716667	504
11.34578333	507
11.3545	517
11.36306667	523
11.37176667	514
11.38051667	522
11.38926667	525
11.39795	525
11.40681667	521
11.41576667	532
11.4246	537
11.43331667	530
11.44201667	523
11.45083333	522
11.45958333	529
11.46838333	525
11.4772	528
11.48596667	529
11.49463333	526
11.50336667	520
11.51225	524
11.52125	533
11.53005	540
11.53898333	528
11.54803333	536
11.55701667	543
11.56598333	539
11.57501667	538
11.58425	542
11.5933	554
11.60236667	543
11.61141667	544
11.62061667	543
11.62963333	552
11.63866667	541
11.64775	542
11.65718333	545
11.66618333	566
11.67521667	540
11.68428333	542
11.69351667	544
11.7027	554
11.71166667	551
11.72073333	538
11.7299	544
11.73903333	550
11.7479	548
11.75685	532
11.76591667	537
11.77501667	544
11.7839	546
11.79283333	533
11.80201667	536
11.81115	551
11.82025	548
11.8294	546
11.8388	549
11.84785	564
11.85691667	543
11.86601667	544
11.87541667	546
11.88448333	564
11.89343333	544
11.90251667	537
11.91155	545
11.92043333	542
11.92955	533
11.93873333	547
11.94776667	551
11.9566	542
11.96546667	530
11.97438333	532
11.98321667	535
11.99195	530
12.00066667	524
12.00945	523
12.01836667	527
12.02701667	535
12.03581667	519
12.0448	528
12.05398333	539
12.06291667	551
12.07201667	536
12.08133333	546
12.09053333	559
12.09955	552
12.10853333	541
12.11758333	539
12.12676667	543
12.13561667	551
12.14451667	531
12.15368333	534
12.16276667	550
12.17173333	545
12.18063333	538
12.18973333	534
12.1988	546
12.20765	544
12.21648333	531
12.22526667	530
12.23428333	527
12.24313333	541
12.25185	531
12.26061667	523
12.26961667	526
12.27845	540
12.28715	530
12.2961	522
12.30525	537
12.31433333	549
12.32325	545
12.33208333	535
12.34111667	530
12.3502	542
12.35905	545
12.36818333	531
12.37745	548
12.38671667	556
12.3959	556
12.40486667	551
12.41381667	538
12.42286667	537
12.4318	543
12.44051667	536
12.4493	523
12.45828333	527
12.46735	539
12.47613333	544
12.48486667	527
12.49381667	524
12.50281667	537
12.51148333	540
12.52013333	520
12.52891667	519
12.53791667	527
12.5469	540
12.55583333	539
12.56505	536
12.5744	553
12.58346667	561
12.5925	544
12.60171667	542
12.611	553
12.6199	557
12.62881667	534
12.63781667	535
12.64695	540
12.65581667	548
12.66461667	532
12.67323333	528
12.68175	517
12.69018333	511
12.69843333	506
12.7071	495
12.71693333	520
12.72721667	590
12.73726667	617
12.7469	603
12.75618333	578
12.76528333	557
12.7742	546
12.783	535
12.79163333	528
12.80016667	518
12.80855	512
12.81686667	503
12.8252	499
12.83361667	500
12.84215	505
12.85056667	512
12.85906667	505
12.86775	510
12.87655	521
12.88516667	528
12.89403333	517
12.90298333	532
12.91205	537
12.9208	544
12.92983333	525
12.93903333	542
12.94816667	552
12.95708333	548
12.96608333	535
12.97521667	540
12.98443333	548
12.9933	553
13.00218333	532
13.01106667	533
13.0199	533
13.02851667	530
13.03718333	517
13.04596667	520
13.05455	527
13.06315	515
13.07195	516
13.0809	528
13.08968333	537
13.09865	527
13.1078	538
13.11695	549
13.12595	549
13.1351	540
13.1444	549
13.15373333	558
13.1628	560
13.1718	544
13.18085	540
13.18998333	543
13.19885	548
13.20791667	532
13.21688333	544
13.22581667	538
13.23461667	536
13.24343333	528
13.25235	529
13.26128333	535
13.27001667	536
13.27881667	524
13.28753333	528
13.29633333	523
13.30493333	528
13.31373333	516
13.32286667	528
13.3318	548
13.34071667	536
13.34983333	535
13.35921667	547
13.3681	563
13.37713333	533
13.3863	542
13.39551667	550
13.40445	553
13.41345	536
13.4225	540
13.43135	543
13.44018333	531
13.44908333	530
13.45788333	534
13.4666	528
13.4753	523
13.48413333	522
13.49291667	530
13.50195	527
13.51138333	542
13.5209	566
13.53056667	571
13.5404	580
13.54968333	590
13.55878333	557
13.56785	546
13.57691667	544
13.58605	544
13.5949	548
13.60383333	531
13.61296667	536
13.62196667	548
13.63086667	540
13.6399	534
13.64901667	542
13.6579	547
13.66683333	533
13.67576667	536
13.6847	536
13.69346667	536
13.70236667	526
13.7113	534
13.72011667	536
13.72893333	529
13.73788333	529
13.74693333	537
13.7558	543
13.76478333	532
13.77396667	539
13.78295	551
13.79183333	539
13.80063333	533
13.80943333	528
13.8184	528
13.82711667	538
13.83585	523
13.84473333	524
13.85378333	533
13.86245	543
13.87118333	520
13.88003333	524
13.88896667	531
13.89756667	536
13.90663333	516
13.91585	544
13.92505	553
13.9341	552
13.94326667	543
13.95246667	550
13.96145	552
13.97053333	539
13.97958333	545
13.9886	543
13.9974	541
14.00641667	528
14.01543333	541
14.02418333	541
14.03298333	525
14.04205	528
14.05113333	544
14.06003333	545
14.06906667	534
14.07831667	542
14.0875	555
14.0965	551
14.10566667	540
14.11495	550
14.12403333	557
14.13315	545
14.1423	547
14.15153333	549
14.16043333	554
14.16941667	534
14.17825	539
14.18698333	530
14.19573333	524
14.20475	525
14.21368333	541
14.2224	536
14.23135	523
14.24045	537
14.24936667	546
14.25833333	535
14.26751667	538
14.2768	551
14.28591667	557
14.29521667	547
14.30491667	558
14.3142	582
14.32326667	557
14.33238333	544
14.34176667	547
14.35105	563
14.36018333	557
14.36916667	548
14.37825	539
14.38731667	545
14.39625	544
14.4051	536
14.4139	531
14.42246667	528
14.43091667	514
14.43936667	507
14.44868333	507
14.46048333	559
14.47238333	708
14.4835	714
14.49376667	667
14.50338333	616
14.51273333	577
14.52221667	561
14.5316	569
14.54078333	563
14.54998333	551
14.55905	552
14.56816667	544
14.57705	547
14.58613333	533
14.59548333	545
14.60471667	561
14.61411667	554
14.62386667	564
14.63363333	585
14.64295	586
14.65238333	559
14.66198333	566
14.67126667	576
14.68053333	557
14.6899	556
14.69896667	562
14.70796667	544
14.71706667	540
14.72628333	546
14.73528333	553
14.74435	540
14.75358333	544
14.76283333	554
14.7718	555
14.7809	538
14.79023333	546
14.79935	560
14.80848333	547
14.81773333	548
14.82691667	555
14.83585	551
14.84481667	536
14.854	538
14.8628	551
14.8717	528
14.88061667	534
14.8896	535
14.89841667	539
14.90751667	529
14.9167	546
14.92558333	551
14.93486667	533
14.94401667	557
14.95296667	549
14.96198333	537
14.97113333	541
14.98031667	549
14.98921667	551
14.99831667	534
15.0074	546
15.01623333	545
15.02513333	530
15.03406667	534
15.04291667	536
15.05165	531
15.06055	524
15.06936667	534
15.07795	529
15.08673333	515
15.09558333	527
15.10428333	531
15.11286667	522
15.12156667	515
15.13033333	522
15.1389	526
15.14756667	514
15.15631667	520
15.1651	525
15.17381667	527
15.18265	523
15.19156667	530
15.20058333	535
15.2095	541
15.21831667	535
15.22738333	529
15.23648333	544
15.24526667	546
15.25416667	527
15.26313333	534
15.27196667	538
15.28065	530
15.28945	521
15.2984	528
15.30735	537
15.31601667	537
15.32485	520
15.33375	530
15.34251667	534
15.3513	526
15.36031667	527
15.3693	541
15.37803333	539
15.38686667	524
15.39576667	530
15.4046	534
15.41316667	530
15.42198333	514
15.43095	529
15.43978333	538
15.44848333	530
15.45738333	522
15.4664	534
15.47531667	541
15.4842	535
15.4933	533
15.50223333	546
15.5111	536
15.52001667	532
15.52911667	535
15.53806667	546
15.54696667	537
15.5558	534
15.56456667	530
15.57336667	526
15.58225	528
15.5911	533
15.59981667	531
15.60818333	523
15.6165	502
15.62488333	499
15.63343333	503
15.64193333	513
15.65035	510
15.65886667	505
15.66753333	511
15.67621667	520
15.68473333	521
15.69343333	511
15.70241667	522
15.71151667	539
15.72026667	546
15.72925	525
15.7384	539
15.7476	549
15.75648333	552
15.76553333	533
15.77468333	543
15.78356667	549
15.79258333	533
15.8017	541
15.8108	547
15.81953333	546
15.82825	524
15.83698333	523
15.8457	524
15.85431667	523
15.86293333	517
15.87166667	517
15.88041667	524
15.8891	525
15.89788333	521
15.90678333	527
15.91581667	534
15.92456667	542
15.9333	525
15.94226667	524
15.9514	538
15.9605	548
15.9694	546
15.97851667	534
15.98785	547
15.99701667	560
16.00596667	550
16.01516667	537
16.0244	552
16.03336667	554
16.04236667	538
16.05145	540
16.0603	545
16.06905	531
16.07793333	525
16.08671667	533
16.0954	527
16.1041	521
16.113	522
16.12211667	534
16.13111667	547
16.14001667	540
16.149	534
16.158	539
16.1669	540
16.1758	534
16.18501667	534
16.19431667	553
16.20375	558
16.21323333	566
16.22288333	569
16.23206667	579
16.24136667	551
16.25076667	558
16.26023333	564
16.2693	568
16.27855	544
16.28783333	555
16.297	557
16.3059	550
16.315	534
16.32425	546
16.33313333	555
16.34218333	533
16.35123333	543
16.36028333	543
16.36898333	543
16.37773333	522
16.38626667	525
16.3949	512
16.40383333	518
16.413	536
16.42246667	550
16.43148333	568
16.4406	541
16.4494	547
16.45816667	528
16.46678333	526
16.47558333	517
16.48661667	528
16.49843333	662
16.50933333	709
16.51943333	654
16.52886667	606
16.53803333	566
16.54711667	550
16.55606667	545
16.5648	537
16.57353333	524
16.58225	524
16.5908	523
16.59923333	513
16.60778333	506
16.61631667	513
16.62491667	512
16.63355	516
16.64245	518
16.65163333	534
16.6607	551
16.6701	544
16.67981667	564
16.68901667	583
16.69856667	552
16.708	573
16.71733333	566
16.72655	560
16.73598333	553
16.7452	566
16.75436667	553
16.76351667	550
16.77275	549
16.78173333	554
16.79073333	539
16.79981667	540
16.80873333	545
16.81748333	535
16.8264	525
16.83533333	535
16.84408333	536
16.853	525
16.86205	535
16.87101667	543
16.87981667	538
16.88861667	528
16.89756667	528
16.90661667	537
16.91551667	543
16.92468333	534
16.93375	550
16.94273333	544
16.95161667	539
16.96058333	533
16.96951667	538
16.97813333	536
16.98685	517
16.99571667	523
17.00448333	532
17.01328333	526
17.02221667	528
17.03108333	536
17.03976667	532
17.04873333	521
17.0577	538
17.06651667	538
17.07543333	529
17.0845	535
17.09353333	544
17.10231667	542
17.11118333	527
17.12015	532
17.12908333	538
17.138	536
17.1468	535
17.1558	528
17.1648	540
17.17348333	540
17.1824	521
17.19141667	535
17.20055	541
17.20938333	548
17.21851667	530
17.22765	548
17.23656667	548
17.2457	535
17.25483333	548
17.26386667	548
17.27273333	542
17.28168333	532
17.29076667	537
17.29966667	545
17.30861667	534
17.31755	537
17.32651667	536
17.33533333	538
17.34428333	529
17.35331667	537
17.36221667	542
17.37121667	534
17.38031667	540
17.38943333	546
17.39828333	547
17.40716667	531
17.4161	533
17.4252	536
17.43431667	546
17.44323333	547
17.45248333	535
17.46181667	555
17.47085	560
17.47998333	542
17.48916667	548
17.4984	551
17.50736667	554
17.51631667	538
17.52531667	537
17.53418333	540
17.54293333	532
17.5516	525
17.5603	520
17.56906667	522
17.57793333	526
17.58671667	532
17.59553333	527
17.60435	529
17.61348333	529
17.62236667	548
17.63133333	533
17.64048333	538
17.64976667	549
17.65873333	557
17.66791667	538
17.67718333	551
17.68633333	556
17.69535	549
17.70446667	541
17.71361667	547
17.7225	549
17.73151667	533
17.74063333	541
17.74965	547
17.75848333	541
17.7674	530
17.77638333	535
17.7852	539
17.79395	529
17.80286667	525
17.81173333	535
17.82068333	532
17.82948333	537
17.83843333	528
17.84746667	537
17.85638333	542
17.86543333	535
17.87455	543
17.88366667	547
17.89266667	547
17.90173333	540
17.91083333	544
17.9199	546
17.92891667	544
17.93798333	541
17.94705	544
17.95593333	544
17.96476667	533
17.97381667	530
17.9829	543
17.9919	545
18.00088333	540
18.01015	539
18.01936667	556
18.02848333	553
18.03771667	547
18.04701667	554
18.05608333	558
18.0653	544
18.07466667	553
18.08388333	562
18.09291667	553
18.10215	542
18.11146667	554
18.12046667	559
18.12941667	540
18.13841667	537
18.14753333	540
18.15633333	547
18.16535	528
18.17445	541
18.18373333	546
18.19255	557
18.20165	529
18.21068333	546
18.21965	542
18.22828333	538
18.23701667	518
18.24583333	524
18.25468333	529
18.26335	531
18.27233333	520
18.28123333	539
18.2901	534
18.29903333	532
18.30833333	536
18.31761667	558
18.32675	557
18.33581667	548
18.34495	544
18.35405	548
18.36288333	546
18.3717	530
18.38056667	529
18.38963333	532
18.39868333	544
18.4074	543
18.4163	523
18.4252	534
18.43411667	534
18.44276667	535
18.45166667	519
18.46071667	534
18.46968333	543
18.47853333	538
18.48765	531
18.49676667	547
18.50566667	547
18.5148	534
18.52391667	548
18.53283333	547
18.5417	535
18.55061667	532
18.55963333	535
18.56841667	541
18.57735	527
18.58631667	536
18.59533333	538
18.6041	541
18.61296667	526
18.62196667	532
18.63085	540
18.63973333	533
18.64875	533
18.65783333	541
18.66673333	545
18.67581667	534
18.685	545
18.69396667	551
18.7031	538
18.71228333	548
18.72143333	551
18.73035	549
18.73946667	535
18.74846667	547
18.75726667	540
18.76621667	528
18.7751	537
18.78396667	533
18.79271667	532
18.80161667	525
18.81056667	534
18.8194	537
18.8283	530
18.83725	534
18.84613333	537
18.85488333	533
18.86373333	525
18.87263333	531
18.88138333	534
18.89015	525
18.89891667	526
18.90776667	526
18.91646667	531
18.92516667	522
18.934	522
18.94281667	530
18.95153333	529
18.96011667	523
18.96886667	515
18.97761667	525
18.98626667	525
18.99486667	519
19.00345	516
19.01213333	515
19.02091667	521
19.02968333	527
19.0385	526
19.04741667	529
19.05641667	535
19.06523333	540
19.07406667	529
19.08295	530
19.09195	533
19.10085	540
19.1096	534
19.11855	525
19.12753333	537
19.13636667	539
19.14535	530
19.15435	539
19.16333333	540
19.17216667	539
19.18128333	530
19.19046667	547
19.1994	551
19.2083	536
19.21741667	534
19.22651667	547
19.23545	546
19.24455	536
19.25381667	546
19.26293333	556
19.27185	547
19.28095	535
19.28998333	546
19.29885	542
19.3079	532
19.31706667	543
19.3263	550
19.3352	554
19.34435	534
19.35358333	549
19.36266667	554
19.37161667	545
19.38073333	537
19.3899	547
19.39876667	550
19.40791667	532
19.41711667	549
19.42615	552
19.43505	542
19.4441	534
19.45316667	543
19.46196667	544
19.47101667	528
19.4802	543
19.48925	551
19.49818333	543
19.5073	536
19.51641667	547
19.52523333	547
19.53426667	529
19.54318333	542
19.55198333	535
19.56065	528
19.56963333	520
19.57845	539
19.5871	529
19.5958	519
19.60463333	522
19.61335	530
19.62193333	523
19.63083333	515
19.63985	534
19.64875	541
19.6577	534
19.66686667	537
19.67606667	550
19.68495	552
19.69413333	533
19.70331667	551
19.71225	551
19.72103333	536
19.7301	527
19.73913333	544
19.74798333	542
19.75686667	531
19.76593333	533
19.77495	544
19.78366667	541
19.79251667	523
19.80123333	531
19.80998333	523
19.81866667	525
19.82745	521
19.83636667	527
19.84528333	535
19.85401667	535
19.86286667	524
19.87198333	531
19.88078333	547
19.88973333	528
19.89885	537
19.9078	547
19.91675	537
19.92575	537
19.93483333	540
19.94366667	545
19.95243333	530
19.96138333	526
19.97026667	537
19.97886667	533
19.98776667	516
19.99691667	534
20.00631667	549
20.01526667	564
20.024	537
20.033	524
20.04236667	540
20.05196667	562
20.06146667	576
20.0706	570
20.07945	548
20.08821667	531
20.09698333	526
20.10678333	526
20.12125	588
20.1334	868
20.14516667	729
20.1563	706
20.16706667	668
20.17806667	646
20.18936667	660
20.2003	678
20.21073333	656
20.22083333	626
20.2313	606
20.24251667	628
20.25443333	673
20.26581667	715
20.27805	683
20.29038333	734
20.30251667	740
20.314	728
20.32525	689
20.33601667	675
20.34618333	646
20.35598333	610
20.36565	588
20.37693333	580
20.39233333	677
20.40565	924
20.41873333	799
20.43178333	785
20.44403333	783
20.45633333	735
20.4681	738
20.47968333	706
20.49155	695
20.503	712
20.51373333	687
20.5241	644
20.5346	622
20.5455	630
20.55693333	654
20.56845	686
20.57983333	691
20.59306667	683
20.60583333	794
20.61801667	766
20.63041667	731
20.64273333	744
20.65423333	739
20.66598333	690
20.67775	705
20.69003333	706
20.70223333	737
20.71375	732
20.72523333	691
20.73666667	689
20.74793333	686
20.759	676
20.77013333	664
20.78153333	668
20.79303333	684
20.80528333	690
20.81811667	735
20.83078333	770
20.84393333	760
20.85746667	789
20.87053333	812
20.88401667	784
20.8974	809
20.91103333	803
20.92468333	818
20.93801667	819
20.95028333	800
20.96263333	736
20.9745	741
20.9858	712
20.99706667	678
21.00805	676
21.01956667	659
21.03153333	691
21.04288333	718
21.05458333	681
21.06648333	702
21.07858333	714
21.09023333	726
21.10231667	699
21.1146	725
21.12676667	737
21.13928333	730
21.15216667	751
21.16498333	773
21.17826667	769
21.1916	797
21.20475	800
21.2172	789
21.22955	747
21.24193333	741
21.25438333	743
21.267	747
21.2806	757
21.294	816
21.3066	804
21.31893333	756
21.3311	740
21.34318333	730
21.3553	725
21.36688333	727
21.37798333	695
21.3887	666
21.39908333	643
21.40968333	623
21.42171667	636
21.4334	722
21.44433333	701
21.45618333	656
21.4688	711
21.48148333	757
21.49381667	761
21.50561667	740
21.51693333	708
21.5277	679
21.538	646
21.54823333	618
21.55886667	614
21.57208333	638
21.58566667	793
21.59933333	815
21.61186667	820
21.62368333	752
21.63541667	709
21.65531667	704
21.67071667	0
21.68383333	924
21.69588333	787
21.70713333	723
21.71805	675
21.72913333	655
21.74036667	665
21.75158333	674
21.76286667	673
21.77421667	677
21.78581667	681
21.79775	696
21.80971667	716
21.82173333	718
21.83391667	721
21.84613333	731
21.85831667	733
21.8708	731
21.88348333	749
21.89635	761
21.90906667	772
21.92113333	763
21.93281667	724
21.94428333	701
21.95593333	688
21.9681	699
21.9805	730
21.9925	744
22.00461667	720
22.01675	727
22.02895	728
22.04086667	732
22.05261667	715
22.06428333	705
22.07576667	700
22.08728333	689
22.09871667	691
22.11038333	686
22.12223333	700
22.13521667	711
22.14893333	779
22.16295	823
22.1766	841
22.18933333	819
22.20173333	764
22.2139	744
22.22613333	730
22.23795	734
22.24948333	709
22.26095	692
22.27246667	688
22.28385	691
22.29568333	683
22.308	710
22.32186667	739
22.33653333	832
22.3516	880
22.36628333	904
22.38075	881
22.39418333	868
22.40616667	806
22.41798333	719
22.42911667	709
22.44075	668
22.45378333	698
22.46841667	782
22.48315	878
22.49713333	884
22.511	839
22.5247	832
22.53771667	822
22.55008333	781
22.56215	742
22.57363333	724
22.58491667	689
22.59585	677
22.60618333	656
22.61625	620
22.62636667	604
22.63643333	607
22.64666667	604
22.65831667	614
22.67115	699
22.6835	770
22.69511667	741
22.70623333	697
22.7175	667
22.72831667	676
22.739	649
22.74941667	641
22.75963333	625
22.76965	613
22.77971667	601
22.78983333	604
22.80005	607
22.80996667	613
22.81963333	595
22.82905	580
22.83845	565
22.84788333	564
22.85751667	566
22.86763333	578
22.87758333	607
22.88738333	597
22.89735	588
22.90748333	598
22.9179	608
22.9292	625
22.94208333	678
22.95503333	773
22.96798333	777
22.98041667	777
22.99188333	746
23.00295	688
23.01375	664
23.02468333	648
23.03638333	656
23.04803333	702
23.05943333	699
23.07078333	684
23.08223333	681
23.09423333	687
23.10686667	720
23.11916667	758
23.13118333	738
23.14333333	721
23.15575	729
23.16866667	745
23.18085	775
23.19316667	731
23.2056	739
23.21833333	746
23.23075	764
23.24328333	745
23.25601667	752
23.26905	764
23.28201667	782
23.29491667	778
23.30795	774
23.32125	782
23.33436667	798
23.34695	787
23.35973333	755
23.3723	767
23.38485	754
23.39695	753
23.40888333	726
23.42053333	716
23.4324	699
23.44413333	712
23.45546667	704
23.46621667	680
23.47685	645
23.48731667	638
23.49753333	628
23.50758333	613
23.51755	603
23.52741667	598
23.53733333	592
23.54785	595
23.55901667	631
23.57085	670
23.58213333	710
23.5931	677
23.6039	658
23.61425	648
23.62436667	621
23.63425	607
23.64381667	593
23.65325	574
23.6628	566
23.67273333	573
23.68331667	596
23.69395	635
23.70456667	638
23.71553333	637
23.72848333	658
23.74255	777
23.7564	844
23.7698	831
23.78273333	804
23.79525	776
23.81798333	751
23.82883333	0
23.84036667	651
23.8527	692
23.86525	740
23.87735	753
23.88873333	726
23.89961667	683
23.9111	653
23.92358333	689
23.93716667	749
23.95166667	815
23.96718333	870
23.98228333	931
23.997	906
24.01151667	883
24.02591667	871
24.03985	864
24.05288333	836
24.06518333	782
24.07698333	738
24.08838333	708
24.09991667	684
24.11153333	692
24.12326667	697
24.13623333	704
24.15008333	778
24.163	831
24.1761	775
24.18835	786
24.20026667	735
24.21133333	715
24.22193333	664
24.23238333	636
24.24245	627
24.2523	604
24.26206667	591
24.27226667	586
24.28315	612
24.2943	653
24.30548333	669
24.31618333	671
24.32648333	642
24.33645	618
24.3462	598
24.35596667	585
24.36613333	586
24.37828333	610
24.39145	729
24.40333333	790
24.41695	713
24.43148333	817
24.44546667	872
24.45915	839
24.47303333	821
24.48661667	833
24.49903333	815
24.5103	745
24.52098333	676
24.53126667	641
24.54183333	617
24.55583333	634
24.56945	840
24.58438333	817
24.59916667	896
24.61456667	887
24.6301	924
24.64536667	932
24.66	916
24.67363333	878
24.68666667	818
24.69956667	782
24.71238333	774
24.7246	769
24.7369	733
24.74881667	738
24.76056667	715
24.77201667	705
24.784	687
24.79618333	719
24.80908333	731
24.82186667	774
24.83411667	767
24.8466	735
24.85973333	749
24.87403333	788
24.88816667	858
24.9013	848
24.91403333	788
24.92601667	764
24.93735	719
24.94801667	680
24.95835	640
24.9683	620
24.97808333	597
24.98768333	587
24.99773333	576
25.01261667	603
25.0263	893
25.03995	821
25.05358333	819
25.06658333	818
25.07838333	780
25.08978333	708
25.1006	684
25.11096667	649
25.121	622
25.1311	602
25.1432	606
25.15843333	726
25.17405	914
25.18961667	937
25.20531667	934
25.22133333	942
25.23661667	961
25.25115	917
25.26428333	872
25.27723333	788
25.29023333	777
25.3032	780
25.31586667	778
25.3295	760
25.34373333	818
25.3584	854
25.37208333	880
25.38628333	821
25.39971667	852
25.4126	806
25.42568333	773
25.43895	785
25.45221667	796
25.46503333	796
25.47773333	769
25.49028333	762
25.50276667	753
25.51565	749
25.52895	773
25.54185	798
25.55481667	774
25.56808333	778
25.58098333	796
25.59345	774
25.60575	748
25.61763333	738
25.6293	713
25.64061667	700
25.6516	679
25.66263333	659
25.6753	662
25.68991667	760
25.70541667	877
25.72068333	930
25.73568333	916
25.75021667	900
25.76433333	872
25.77716667	847
25.7899	770
25.80243333	764
25.81478333	752
25.82656667	741
25.83796667	707
25.84943333	684
25.86118333	688
25.87361667	705
25.886	746
25.89935	743
25.91256667	801
25.9256	793
25.93965	782
25.95405	843
25.96848333	864
25.98241667	866
25.99635	836
26.01016667	836
26.02331667	829
26.03643333	789
26.04943333	787
26.06248333	780
26.07523333	783
26.08726667	765
26.0995	722
26.11161667	734
26.12318333	727
26.13493333	694
26.14635	705
26.15866667	685
26.17203333	739
26.18623333	802
26.20013333	852
26.21473333	834
26.22928333	876
26.24366667	873
26.25683333	863
26.26978333	790
26.28261667	777
26.29511667	770
26.30705	750
26.31923333	716
26.3315	731
26.34375	736
26.35566667	735
26.36805	715
26.38055	743
26.39353333	750
26.40626667	779
26.41941667	764
26.43281667	789
26.44635	804
26.45935	812
26.47278333	780
26.48631667	806
26.50001667	812
26.5131	822
26.52656667	785
26.53998333	808
26.55356667	805
26.56716667	815
26.5802	816
26.59353333	782
26.60716667	800
26.62083333	818
26.63393333	820
26.64668333	786
26.6598	765
26.6732	787
26.68681667	804
26.69925	817
26.71155	746
26.72361667	738
26.7365	724
26.75058333	773
26.76445	845
26.7788	832
26.79345	861
26.80828333	879
26.82273333	890
26.83706667	867
26.85061667	860
26.86388333	813
26.87685	796
26.88943333	778
26.90125	755
26.9132	709
26.92538333	717
26.93916667	731
26.95355	827
26.9678	863
26.98271667	855
26.99786667	895
27.0128	909
27.02736667	896
27.04165	874
27.05475	857
27.06675	786
27.0778	720
27.08838333	663
27.09893333	635
27.11396667	633
27.12818333	902
27.14288333	853
27.1568	882
27.17161667	835
27.18658333	889
27.20096667	898
27.21408333	863
27.22675	787
27.23848333	760
27.24991667	704
27.26111667	686
27.27196667	672
27.28295	651
27.2939	659
27.30493333	657
27.31568333	662
27.32626667	645
27.33663333	635
27.34695	622
27.35738333	619
27.36815	626
27.37886667	646
27.38963333	643
27.40088333	646
27.41271667	675
27.42446667	710
27.4358	705
27.44705	680
27.45805	675
27.46965	660
27.48095	696
27.49251667	678
27.50363333	694
27.5149	667
27.52626667	676
27.53786667	682
27.54921667	696
27.55988333	681
27.5703	640
27.58056667	625
27.59123333	616
27.60231667	640
27.61335	665
27.6249	662
27.63656667	693
27.64916667	700
27.66243333	756
27.67506667	796
27.68725	758
27.699	731
27.71018333	705
27.72115	671
27.7319	658
27.74341667	645
27.75496667	691
27.76576667	693
27.77671667	648
27.78773333	657
27.79865	661
27.80966667	655
27.82128333	661
27.834	697
27.84716667	763
27.8594	790
27.87076667	734
27.88206667	682
27.89286667	678
27.90343333	648
27.9138	634
27.92403333	622
27.93423333	614
27.94423333	612
27.95415	600
27.96448333	595
27.9764	620
27.98928333	715
28.00231667	773
28.01481667	782
28.02673333	750
28.038	715
28.04918333	676
28.06041667	671
28.07231667	674
28.08523333	714
28.09808333	775
28.11128333	771
28.12495	792
28.13901667	820
28.15306667	844
28.16643333	843
28.17941667	802
28.19196667	779
28.20408333	753
28.21603333	727
28.22766667	717
28.23875	698
28.24978333	665
28.26186667	662
28.27586667	725
28.28996667	840
28.30313333	846
28.31731667	790
28.33211667	851
28.34643333	888
28.36066667	859
28.37526667	854
28.38975	876
28.40326667	869
28.41735	811
28.43143333	845
28.44513333	845
28.45821667	822
28.47096667	785
28.48346667	765
28.496	750
28.50871667	752
28.52116667	763
28.53446667	747
28.54836667	798
28.56183333	834
28.57498333	808
28.58851667	789
28.60251667	812
28.61638333	840
28.6297	832
28.6427	799
28.6562	780
28.66988333	810
28.68308333	821
28.69586667	792
28.7079	767
28.71948333	722
28.73098333	695
28.7423	690
28.75321667	679
28.76393333	655
28.77436667	643
28.78485	626
28.79648333	629
28.80916667	698
28.82375	761
28.83883333	875
28.85288333	905
28.86708333	843
28.88171667	852
28.89638333	878
28.91056667	880
28.92426667	851
28.9369	822
28.94865	758
28.96043333	705
28.97166667	707
28.98266667	674
28.99381667	660
29.00493333	669
29.01581667	667
29.0265	653
29.03706667	641
29.04738333	634
29.05771667	619
29.07048333	620
29.08418333	766
29.0973	822
29.1101	787
29.12245	768
29.1345	741
29.14643333	723
29.15858333	716
29.17066667	729
29.18208333	725
29.19275	685
29.20328333	640
29.21365	632
29.22405	622
29.23446667	624
29.24465	625
29.25475	611
29.26553333	606
29.2794	647
29.2929	832
29.30653333	810
29.32083333	818
29.33581667	858
29.35106667	899
29.36635	915
29.38138333	917
29.39596667	902
29.41005	875
29.42398333	845
29.43743333	836
29.45118333	807
29.46498333	825
29.47876667	828
29.4924	827
29.50455	818
29.5159	729
29.52871667	681
29.54356667	769
29.5584	891
29.57201667	890
29.58585	817
29.59865	830
29.61116667	768
29.62266667	751
29.63385	690
29.64461667	671
29.65516667	646
29.66735	633
29.67985	731
29.69218333	750
29.70408333	740
29.71591667	714
29.72771667	710
29.73981667	708
29.75186667	726
29.76355	723
29.7753	701
29.78706667	705
29.79873333	706
29.8101	700
29.8212	682
29.83168333	666
29.84196667	629
29.85221667	617
29.86281667	615
29.87375	636
29.88681667	656
29.90193333	784
29.91788333	907
29.93433333	957
29.95081667	987
29.96688333	989
29.98171667	964
29.99563333	890
30.00963333	835
30.02338333	840
30.0357	825
30.04796667	739
30.05975	736
30.0714	707
30.08265	699
30.09433333	675
30.10728333	701
30.1217	777
30.13656667	865
30.15165	892
30.16615	905
30.17926667	870
30.192	787
30.20423333	764
30.21626667	734
30.229	722
30.2422	764
30.25621667	792
30.27046667	841
30.28445	855
30.29806667	839
30.31146667	817
30.32458333	804
30.33816667	787
30.35175	815
30.36485	815
30.37766667	786
30.38973333	769
30.40231667	724
30.41521667	755
30.42953333	774
30.44366667	859
30.4574	848
30.47111667	824
30.48463333	823
30.49783333	811
30.5109	792
30.52378333	784
30.53641667	773
30.54846667	758
30.5609	723
30.57325	746
30.58503333	741
30.5967	707
30.60776667	700
30.61883333	664
30.63011667	664
30.6421	677
30.65393333	719
30.66591667	710
30.6782	719
30.69058333	737
30.703	743
30.71576667	745
30.72953333	766
30.74325	826
30.75631667	823
30.76896667	784
30.7818	759
30.79525	770
30.80908333	807
30.82265	830
30.83555	814
30.84881667	774
30.86215	796
30.87545	800
30.88896667	798
30.90286667	811
30.917	834
30.93125	848
30.94416667	855
30.95721667	775
30.96975	783
30.9835	752
30.99693333	825
31.01056667	806
31.02315	818
31.03573333	755
31.04831667	755
31.0614	755
31.07551667	785
31.09013333	847
31.10458333	877
31.11791667	867
31.13118333	800
31.14385	796
31.1563	760
31.16828333	747
31.1806	719
31.1935	739
31.20651667	774
31.21935	781
31.23238333	770
31.24551667	782
31.25773333	788
31.2702	733
31.28181667	748
31.293	697
31.30393333	671
31.31488333	656
31.32575	657
31.33643333	652
31.34681667	641
31.35703333	623
31.36715	613
31.37741667	607
31.38788333	616
31.39808333	628
31.4081	612
31.41823333	601
31.42893333	608
31.43986667	642
31.45058333	656
31.46083333	643
31.47108333	615
31.48161667	615
31.49451667	632
31.50818333	774
31.52275	820
31.5378	874
31.5524	903
31.56628333	876
31.58026667	833
31.59373333	839
31.60638333	808
31.61813333	759
31.62883333	705
31.63926667	642
31.65058333	626
31.66251667	679
31.67621667	716
31.69085	822
31.70661667	878
31.72223333	946
31.737	937
31.75125	886
31.76511667	855
31.77896667	832
31.79228333	831
31.80546667	799
31.81781667	791
31.82958333	741
31.84131667	706
31.85278333	704
31.86436667	688
31.8761	695
31.88803333	704
31.90103333	716
31.91425	780
31.92781667	793
31.94061667	814
31.95215	768
31.96391667	692
31.9758	706
31.98756667	713
31.98756667	706
