0.013666667	788
0.027166667	820
0.039616667	810
0.051566667	747
0.0637	717
0.076816667	728
0.090966667	787
0.10415	849
0.1184	791
0.1333	855
0.147416667	894
0.1612	847
0.175983333	827
0.1909	887
0.204533333	895
0.2184	818
0.233033333	832
0.247366667	878
0.26195	860
0.27695	875
0.291316667	900
0.306033333	862
0.321	883
0.335316667	898
0.349866667	859
0.365433333	873
0.381083333	934
0.396366667	939
0.412283333	917
0.428083333	955
0.443066667	948
0.45885	899
0.474383333	947
0.48825	932
0.5024	832
0.5169	849
0.5305	870
0.544316667	816
0.559516667	829
0.57575	912
0.590983333	974
0.6074	914
0.624266667	985
0.640166667	1012
0.6565	954
0.67215	980
0.687633333	939
0.7034	929
0.718983333	946
0.733916667	935
0.7494	896
0.76515	929
0.7799	945
0.795	885
0.81	906
0.823966667	900
0.838533333	838
0.854266667	874
0.868783333	944
0.883416667	871
0.898483333	878
0.913183333	904
0.92825	882
0.942766667	904
0.955933333	871
0.968833333	790
0.98235	774
0.995666667	811
1.008016667	799
1.0208	741
1.0348	767
1.049133333	840
1.063483333	860
1.077316667	861
1.090333333	830
1.1033	781
1.117283333	778
1.132583333	839
1.146366667	918
1.1603	827
1.174666667	836
1.189066667	862
1.203733333	864
1.218433333	880
1.231933333	882
1.245216667	810
1.259116667	797
1.274	834
1.28905	893
1.3042	903
1.317983333	909
1.331866667	827
1.346366667	833
1.361	870
1.374366667	878
1.38785	802
1.40185	809
1.416566667	840
1.4313	883
1.444933333	884
1.45935	818
1.474983333	865
1.49105	938
1.507283333	964
1.522266667	974
1.536333333	899
1.54975	844
1.563633333	805
1.578383333	833
1.59385	885
1.609	928
1.6238	909
1.63825	888
1.653633333	867
1.669466667	923
1.684816667	950
1.7	921
1.715966667	911
1.7314	958
1.74655	926
1.762133333	909
1.7776	935
1.79215	928
1.806883333	873
1.822116667	884
1.836966667	914
1.8518	891
1.867416667	890
1.882566667	937
1.897916667	909
1.9139	921
1.929983333	959
1.9449	965
1.960466667	895
1.976266667	934
1.992366667	948
2.007483333	966
2.02235	907
2.037416667	892
2.052133333	904
2.0671	883
2.08265	898
2.097533333	933
2.11275	893
2.127583333	913
2.14115	890
2.15505	814
2.169633333	834
2.184883333	875
2.19955	915
2.21335	880
2.227583333	828
2.242383333	854
2.25735	888
2.272016667	898
2.2871	880
2.302866667	905
2.318716667	946
2.333766667	951
2.349083333	903
2.3648	919
2.380466667	943
2.394983333	940
2.4099	871
2.4238	895
2.4371	834
2.452583333	798
2.467766667	929
2.482316667	911
2.497333333	873
2.512366667	901
2.527066667	902
2.541666667	882
2.557266667	876
2.57195	936
2.586583333	881
2.601616667	878
2.617266667	902
2.63205	939
2.647233333	887
2.66335	911
2.679516667	967
2.695233333	970
2.7114	943
2.726983333	970
2.7429	935
2.758583333	955
2.773116667	941
2.7875	872
2.802116667	863
2.816783333	877
2.832533333	880
2.848216667	945
2.863416667	941
2.878716667	912
2.894633333	918
2.90995	955
2.92525	919
2.940866667	918
2.956133333	937
2.970466667	916
2.9855	860
3.000983333	902
3.015516667	929
3.02955	872
3.044283333	842
3.059133333	884
3.0728	891
3.086533333	820
3.10155	824
3.117083333	901
3.131866667	932
3.146466667	887
3.16155	876
3.17695	905
3.191916667	924
3.20665	898
3.22185	884
3.2369	912
3.250933333	903
3.26505	842
3.279283333	847
3.292916667	854
3.30675	818
3.320566667	830
3.333933333	829
3.348566667	802
3.3645	878
3.380016667	956
3.394633333	931
3.408833333	877
3.4235	852
3.43825	880
3.452233333	885
3.466066667	839
3.480083333	830
3.494266667	841
3.507933333	851
3.52195	820
3.536733333	841
3.550966667	887
3.565433333	854
3.58035	868
3.595966667	895
3.6107	937
3.6243	884
3.6388	816
3.6533	870
3.66815	870
3.682666667	891
3.696966667	871
3.711433333	858
3.72625	868
3.741233333	889
3.755383333	899
3.769616667	849
3.78415	854
3.79765	872
3.8117	810
3.826416667	843
3.841216667	883
3.856416667	888
3.87235	912
3.887566667	956
3.902	913
3.916816667	866
3.931283333	889
3.945316667	868
3.959683333	842
3.972533333	862
3.985933333	771
3.99955	804
4.01285	817
4.026483333	798
4.041066667	818
4.055966667	875
4.0714	894
4.0867	926
4.101933333	918
4.117833333	914
4.13405	954
4.149483333	973
4.164366667	926
4.179033333	893
4.1932	880
4.207133333	850
4.221116667	836
4.23435	839
4.247916667	794
4.262016667	814
4.276966667	846
4.291716667	897
4.307266667	885
4.322733333	933
4.338666667	928
4.354983333	956
4.371916667	979
4.387183333	1016
4.40255	916
4.418383333	922
4.433066667	950
4.447783333	881
4.4629	883
4.47755	907
4.492183333	879
4.5053	878
4.518916667	787
4.533766667	817
4.547733333	891
4.561916667	838
4.576666667	851
4.5919	885
4.607833333	914
4.6227	956
4.63595	892
4.648133333	795
4.6597	731
4.67455	694
4.689683333	891
4.705433333	908
4.721733333	945
4.738	978
4.754366667	976
4.770683333	982
4.7868	979
4.802366667	967
4.817966667	934
4.833616667	936
4.848633333	939
4.8631	901
4.878066667	868
4.893566667	898
4.909266667	930
4.92465	942
4.9404	923
4.95715	945
4.9736	1005
4.989383333	987
5.00455	947
5.020016667	910
5.035566667	928
5.050633333	933
5.065433333	904
5.081066667	888
5.096666667	938
5.111883333	936
5.127416667	913
5.1425	932
5.156483333	905
5.171333333	839
5.186483333	891
5.20165	909
5.216116667	910
5.23105	868
5.246166667	896
5.26105	907
5.27565	893
5.290633333	876
5.3053	899
5.31985	880
5.334966667	873
5.349733333	907
5.36435	886
5.379883333	877
5.3948	932
5.409283333	895
5.423616667	869
5.437883333	860
5.451683333	856
5.465666667	828
5.479	839
5.492433333	800
5.504866667	806
5.516966667	746
5.529166667	726
5.5422	732
5.555716667	782
5.570133333	811
5.584733333	865
5.59865	876
5.612516667	835
5.62585	832
5.639633333	800
5.65425	827
5.6677	877
5.681283333	807
5.693966667	815
5.705833333	761
5.718116667	712
5.731216667	737
5.744233333	786
5.758466667	781
5.774333333	854
5.7898	952
5.804833333	928
5.8204	902
5.836383333	934
5.851533333	959
5.865766667	909
5.8799	854
5.894233333	848
5.908833333	860
5.9222	876
5.935233333	802
5.948133333	782
5.961366667	774
5.9738	794
5.986466667	746
5.999833333	760
6.0139	802
6.0279	844
6.0422	840
6.05675	858
6.070566667	873
6.083833333	829
6.097133333	796
6.110766667	798
6.124616667	818
6.13805	831
6.150883333	806
6.163816667	770
6.1774	776
6.1901	815
6.2032	762
6.216983333	786
6.230883333	827
6.244733333	834
6.257333333	831
6.270133333	756
6.283466667	768
6.296533333	800
6.309516667	784
6.322583333	779
6.336033333	784
6.34975	807
6.3637	823
6.377166667	837
6.390633333	808
6.405066667	808
6.421166667	866
6.438366667	966
6.454033333	1032
6.469383333	940
6.485466667	921
6.501183333	965
6.5155	943
6.528916667	859
6.5431	805
6.557916667	851
6.572	889
6.5865	845
6.60195	870
6.616383333	927
6.629416667	866
6.643016667	782
6.65705	816
6.671066667	842
6.685683333	841
6.70085	877
6.716566667	910
6.732866667	943
6.74875	978
6.764	953
6.7797	915
6.795266667	942
6.810783333	934
6.826283333	931
6.8426	930
6.858933333	979
6.874833333	980
6.890816667	954
6.906433333	959
6.92205	937
6.936883333	937
6.952183333	890
6.96825	918
6.983333333	964
6.99805	905
7.013783333	883
7.02875	944
7.04355	898
7.059316667	888
7.075466667	946
7.090166667	969
7.103983333	882
7.11775	829
7.1302	826
7.142916667	747
7.156083333	763
7.168766667	790
7.181133333	761
7.1943	742
7.20715	790
7.219483333	771
7.23165	740
7.243783333	730
7.255766667	728
7.268133333	719
7.27985	742
7.291866667	703
7.304166667	721
7.31625	738
7.32805	725
7.340283333	708
7.35275	734
7.366266667	748
7.379183333	811
7.392266667	775
7.406433333	785
7.42055	850
7.433533333	847
7.446783333	779
7.460266667	795
7.47355	809
7.4864	797
7.4991	771
7.512	762
7.525633333	774
7.539333333	818
7.552033333	822
7.564966667	762
7.578316667	776
7.5916	801
7.604666667	797
7.617833333	784
7.630466667	790
7.643183333	758
7.65595	763
7.6696	766
7.68345	819
7.6973	831
7.71055	831
7.72295	795
7.735483333	744
7.748666667	752
7.761616667	791
7.7738	777
7.78705	731
7.80125	795
7.814966667	852
7.827366667	823
7.840333333	744
7.853716667	778
7.867483333	803
7.880533333	826
7.892583333	783
7.90515	723
7.917983333	754
7.93135	770
7.944183333	802
7.956516667	770
7.970216667	740
7.984133333	822
7.9976	835
8.01105	808
8.0252	807
8.039683333	849
8.053183333	869
8.066733333	810
8.080366667	813
8.093316667	818
8.10595	777
8.1187	758
8.131	765
8.143383333	738
8.155716667	743
8.168866667	740
8.1821	789
8.19475	794
8.2075	759
8.220416667	765
8.233033333	775
8.24565	757
8.257766667	757
8.27015	727
8.282683333	743
8.29455	752
8.306033333	712
8.318066667	689
8.329583333	722
8.341333333	691
8.352983333	705
8.36415	699
8.374983333	670
8.386316667	650
8.397783333	680
8.40955	688
8.422233333	706
8.435816667	761
8.448983333	815
8.4617	790
8.473816667	763
8.485683333	727
8.4982	712
8.51225	751
8.52645	843
8.539966667	852
8.552966667	811
8.565233333	780
8.577333333	736
8.589783333	726
8.601783333	747
8.614183333	720
8.62675	744
8.638683333	754
8.650116667	716
8.66185	686
8.67405	704
8.688	732
8.702416667	837
8.716866667	865
8.730283333	867
8.74355	805
8.757616667	796
8.771816667	844
8.78515	852
8.797516667	800
8.81	742
8.822516667	749
8.835066667	751
8.847466667	753
8.8599	744
8.87175	746
8.882966667	711
8.894233333	673
8.9063	676
8.917916667	724
8.929833333	697
8.9412	715
8.952883333	682
8.9665	701
8.980416667	817
8.994583333	835
9.00775	850
9.020366667	790
9.033466667	757
9.046366667	786
9.0592	774
9.0717	770
9.084633333	750
9.098116667	776
9.1113	809
9.123333333	791
9.135783333	722
9.148816667	747
9.162183333	782
9.174383333	802
9.18685	732
9.200316667	748
9.213916667	808
9.2269	816
9.239433333	779
9.2523	752
9.265283333	772
9.277466667	779
9.289783333	731
9.302333333	739
9.314733333	753
9.327083333	744
9.338733333	741
9.350383333	699
9.36225	699
9.374283333	712
9.386466667	722
9.398083333	731
9.40995	697
9.421833333	712
9.43345	713
9.4454	697
9.45775	717
9.469833333	741
9.48125	725
9.49265	685
9.5043	684
9.516466667	699
9.52835	730
9.5397	713
9.551216667	681
9.563133333	691
9.574866667	715
9.586183333	704
9.597633333	679
9.609233333	687
9.620366667	696
9.631483333	668
9.6429	667
9.654683333	685
9.666066667	707
9.677133333	683
9.688433333	664
9.700383333	678
9.7122	717
9.723366667	709
9.734583333	670
9.746033333	673
9.7577	687
9.768616667	700
9.77945	655
9.790533333	650
9.802	665
9.813633333	688
9.824816667	698
9.836033333	671
9.84775	673
9.85915	703
9.870283333	684
9.881733333	668
9.894083333	687
9.905433333	741
9.916433333	681
9.927516667	660
9.938933333	665
9.950433333	685
9.96155	690
9.972466667	667
9.98375	655
9.996416667	677
10.00903333	760
10.02061667	757
10.0319	695
10.04323333	677
10.05483333	680
10.06596667	696
10.07675	668
10.0881	647
10.1001	681
10.11158333	720
10.12295	689
10.13568333	682
10.14753333	764
10.15911667	711
10.17025	695
10.18153333	668
10.19356667	677
10.2049	722
10.21575	680
10.22668333	651
10.23838333	656
10.25006667	702
10.2614	701
10.27265	680
10.28471667	675
10.29805	724
10.31125	800
10.32331667	792
10.33493333	724
10.34666667	697
10.35803333	704
10.3697	682
10.3809	700
10.39146667	672
10.40203333	634
10.41293333	634
10.42383333	654
10.43443333	654
10.44491667	636
10.45598333	629
10.46821667	664
10.47938333	734
10.4901	670
10.50101667	643
10.51246667	655
10.52375	687
10.53448333	677
10.54503333	644
10.55571667	633
10.56673333	641
10.5779	661
10.58856667	670
10.59915	640
10.61023333	635
10.62255	665
10.6346	739
10.64571667	723
10.65706667	667
10.66953333	681
10.68173333	748
10.69313333	732
10.70461667	684
10.71608333	689
10.72743333	688
10.73823333	681
10.74898333	648
10.76011667	645
10.77188333	668
10.78285	706
10.79376667	658
10.80491667	655
10.81706667	669
10.82841667	729
10.83918333	681
10.84936667	646
10.8591	611
10.8722	584
10.88795	786
10.90201667	945
10.91516667	844
10.92746667	789
10.9392	738
10.95021667	704
10.96111667	661
10.97198333	654
10.98311667	652
10.99468333	668
11.006	694
11.01776667	679
11.02981667	706
11.04206667	723
11.05415	735
11.0656	725
11.07726667	687
11.08913333	700
11.10045	712
11.11106667	679
11.12151667	637
11.13226667	627
11.14255	645
11.15291667	617
11.16351667	622
11.17466667	636
11.18536667	669
11.19628333	642
11.20755	655
11.2188	676
11.22988333	675
11.24151667	665
11.25315	698
11.26425	698
11.27541667	666
11.28673333	670
11.29761667	679
11.30826667	653
11.31903333	639
11.33	646
11.34073333	658
11.35128333	644
11.36195	633
11.37303333	640
11.38376667	665
11.39425	644
11.40496667	629
11.41625	643
11.42681667	677
11.4373	634
11.44803333	629
11.45925	644
11.46996667	673
11.48055	643
11.49126667	635
11.50231667	643
11.5133	663
11.52393333	659
11.53451667	638
11.54558333	635
11.557	664
11.56776667	685
11.57843333	646
11.5893	640
11.60021667	652
11.61086667	655
11.62141667	639
11.63206667	633
11.64318333	639
11.65395	667
11.66446667	646
11.67521667	631
11.6865	645
11.69765	677
11.70838333	669
11.71955	644
11.73091667	670
11.7416	682
11.75203333	641
11.76245	626
11.77303333	625
11.78365	635
11.79396667	637
11.80443333	619
11.81558333	628
11.82675	669
11.8376	670
11.84906667	651
11.8607	688
11.8717	698
11.88255	660
11.8936	651
11.90491667	663
11.91576667	679
11.92685	651
11.93831667	665
11.94945	688
11.96023333	668
11.97141667	647
11.98305	671
11.99406667	698
12.00486667	661
12.01593333	648
12.02728333	664
12.03843333	681
12.04933333	669
12.06098333	654
12.07281667	699
12.08403333	710
12.09488333	673
12.10546667	651
12.11646667	635
12.1285	660
12.13943333	722
12.15008333	656
12.161	639
12.17215	655
12.18325	669
12.19401667	666
12.20503333	646
12.21668333	661
12.2279	699
12.23863333	673
12.24958333	644
12.2608	657
12.27168333	673
12.2822	653
12.29298333	631
12.30396667	647
12.3145	659
12.32478333	632
12.33533333	617
12.346	633
12.35645	640
12.36676667	627
12.37748333	619
12.38865	643
12.3996	670
12.41056667	657
12.42271667	658
12.4348	729
12.44595	725
12.45711667	669
12.46838333	670
12.47985	676
12.49055	688
12.50131667	642
12.51235	646
12.52336667	662
12.53391667	661
12.54445	633
12.55535	632
12.56638333	654
12.57696667	662
12.58738333	635
12.59796667	625
12.60878333	635
12.6193	649
12.62963333	631
12.64046667	620
12.65183333	650
12.66301667	682
12.67356667	671
12.68418333	633
12.69511667	637
12.70623333	656
12.7167	667
12.72695	628
12.73733333	615
12.74803333	623
12.75876667	642
12.76921667	644
12.78033333	627
12.79151667	667
12.80231667	671
12.81303333	648
12.82385	643
12.83478333	649
12.8452	656
12.85538333	625
12.86568333	611
12.8763	618
12.88686667	637
12.89735	634
12.90821667	629
12.91995	652
12.93086667	704
12.94196667	655
12.96418333	666
12.97493333	0
12.98563333	645
12.99643333	642
13.0071	648
13.01726667	640
13.02746667	610
13.03793333	612
13.04801667	628
13.05793333	605
13.06803333	595
13.07851667	606
13.08956667	629
13.09988333	663
13.11015	619
13.12086667	616
13.13238333	643
13.14318333	691
13.15371667	648
13.16441667	632
13.17586667	642
13.18681667	687
13.19733333	657
13.20745	631
13.21725	607
13.22688333	588
13.23713333	578
13.25418333	615
13.26795	1023
13.2806	826
13.29251667	759
13.3043	715
13.31601667	707
13.32736667	703
13.3387	681
13.35003333	680
13.3614	680
13.3727	682
13.38358333	678
13.3944	653
13.40536667	649
13.41666667	658
13.42753333	678
13.43825	652
13.45006667	643
13.46183333	709
13.47323333	706
13.48491667	684
13.4967	701
13.50823333	707
13.51901667	692
13.53035	647
13.54158333	680
13.55253333	674
13.56328333	657
13.57423333	645
13.5854	657
13.5958	670
13.60646667	624
13.61755	640
13.62871667	665
13.63916667	670
13.6497	627
13.6605	632
13.67143333	648
13.68183333	656
13.69243333	624
13.70355	636
13.71465	667
13.72523333	666
13.7361	635
13.7474	652
13.75805	678
13.7685	639
13.77931667	627
13.79033333	649
13.80103333	661
13.8116	642
13.82256667	634
13.83356667	658
13.84405	660
13.85448333	629
13.86521667	626
13.87626667	644
13.88683333	663
13.89755	634
13.90878333	643
13.92033333	674
13.93101667	693
13.94183333	641
13.9532	649
13.9642	682
13.97478333	660
13.98561667	635
13.99663333	650
14.00735	661
14.01765	643
14.02823333	618
14.03915	635
14.04978333	655
14.06045	638
14.07125	640
14.08241667	648
14.09318333	670
14.10403333	646
14.11511667	651
14.12596667	665
14.13653333	651
14.14718333	634
14.15811667	639
14.16861667	656
14.17915	630
14.19008333	632
14.20116667	656
14.21165	665
14.22258333	629
14.23368333	656
14.2451	666
14.25583333	685
14.26673333	644
14.27778333	654
14.28858333	663
14.29948333	648
14.31101667	654
14.32288333	692
14.33431667	712
14.34561667	686
14.35723333	678
14.3699	697
14.38133333	760
14.39263333	686
14.40531667	678
14.41688333	761
14.4277	694
14.43848333	649
14.44955	647
14.46098333	664
14.47183333	686
14.48253333	651
14.49356667	642
14.50508333	662
14.51626667	691
14.52746667	671
14.54048333	672
14.55425	781
14.56596667	826
14.5779	703
14.58958333	716
14.60065	701
14.6119	664
14.6235	675
14.63485	696
14.64565	681
14.65678333	648
14.66813333	668
14.67965	681
14.69078333	691
14.70231667	668
14.71368333	692
14.72498333	682
14.73561667	678
14.74596667	638
14.75611667	621
14.7665	609
14.77746667	623
14.78885	658
14.79931667	683
14.80971667	628
14.82043333	624
14.83116667	643
14.84113333	644
14.85086667	598
14.86076667	584
14.87016667	594
14.87956667	564
14.88973333	564
14.9006	610
14.91101667	652
14.92135	625
14.93218333	620
14.94293333	650
14.95323333	645
14.96318333	618
14.97341667	597
14.98395	614
14.99421667	632
15.00415	616
15.01465	596
15.0256	630
15.03618333	657
15.04678333	635
15.0577	636
15.06865	655
15.07921667	657
15.0904	634
15.10153333	671
15.11231667	668
15.12273333	647
15.13346667	625
15.14476667	644
15.15558333	678
15.16608333	649
15.17685	630
15.1879	646
15.19898333	663
15.20956667	665
15.22015	635
15.23095	635
15.2425	648
15.25318333	693
15.26401667	641
15.27523333	650
15.28648333	673
15.29701667	675
15.30773333	632
15.3188	643
15.32978333	664
15.3403	659
15.35098333	631
15.36211667	641
15.37286667	668
15.38326667	645
15.39378333	624
15.40471667	631
15.4158	656
15.4265	665
15.43761667	642
15.44866667	667
15.45983333	663
15.47035	670
15.48113333	631
15.49218333	647
15.50281667	663
15.51341667	638
15.52431667	636
15.53525	654
15.54575	656
15.55593333	630
15.56625	611
15.57675	619
15.58711667	630
15.59728333	622
15.60776667	610
15.61865	629
15.62935	653
15.63975	642
15.65033333	624
15.6614	635
15.67236667	664
15.68271667	658
15.69286667	621
15.70325	609
15.71368333	623
15.72403333	626
15.7344	621
15.74493333	622
15.75565	632
15.76608333	643
15.77678333	626
15.78765	642
15.79833333	652
15.80861667	641
15.81891667	617
15.82968333	618
15.84046667	646
15.85085	647
15.86103333	623
15.87133333	611
15.88175	618
15.89228333	625
15.90255	632
15.91276667	616
15.92335	613
15.93375	635
15.94378333	624
15.95368333	602
15.96385	594
15.97428333	610
15.98481667	626
15.99506667	632
16.00538333	615
16.016	619
16.02636667	637
16.0364	622
16.04648333	602
16.05681667	605
16.06716667	620
16.07731667	621
16.08745	609
16.0978	608
16.10848333	621
16.11885	641
16.1294	622
16.14016667	633
16.15071667	646
16.16091667	633
16.17105	612
16.18118333	608
16.19145	608
16.20128333	616
16.21096667	590
16.22083333	581
16.23105	592
16.24173333	613
16.25218333	641
16.26373333	627
16.27566667	693
16.2872	716
16.29845	692
16.31036667	675
16.32215	715
16.33328333	707
16.34425	668
16.3551	658
16.36585	651
16.37626667	645
16.3873	625
16.3981	662
16.40885	648
16.41956667	645
16.43061667	643
16.44241667	663
16.45361667	708
16.46483333	672
16.47605	673
16.4879	673
16.49893333	711
16.51003333	662
16.5216	666
16.53286667	694
16.54355	676
16.5545	641
16.56558333	657
16.57655	665
16.5872	658
16.5982	639
16.60965	660
16.62078333	687
16.63151667	668
16.64271667	644
16.65406667	672
16.66513333	681
16.67613333	664
16.68781667	660
16.69958333	701
16.71061667	706
16.7217	662
16.733	665
16.74455	678
16.75553333	693
16.76661667	659
16.7778	665
16.78905	671
16.79995	675
16.81108333	654
16.8224	668
16.83375	679
16.84463333	681
16.85561667	653
16.86675	659
16.87768333	668
16.88831667	656
16.89891667	638
16.90965	636
16.92043333	644
16.9314	647
16.94286667	658
16.95443333	688
16.9658	694
16.97728333	682
16.98913333	689
17.00083333	711
17.0117	702
17.02321667	652
17.03438333	691
17.04538333	670
17.056	660
17.06668333	637
17.07751667	641
17.08831667	650
17.09901667	648
17.11003333	642
17.12126667	661
17.13216667	674
17.14321667	654
17.15416667	663
17.1654	657
17.17598333	674
17.1869	635
17.1981	655
17.20905	672
17.21943333	657
17.22985	623
17.24033333	625
17.25073333	629
17.26098333	624
17.27195	615
17.2833	658
17.29478333	681
17.30576667	689
17.31798333	659
17.33008333	733
17.34155	726
17.35268333	688
17.36433333	668
17.376	699
17.38681667	700
17.39781667	649
17.40881667	660
17.41971667	660
17.43013333	654
17.44126667	625
17.45238333	668
17.46326667	667
17.47438333	653
17.48595	667
17.49731667	694
17.508	682
17.51878333	641
17.52998333	647
17.54161667	672
17.55218333	698
17.56371667	634
17.57475	692
17.58593333	662
17.59661667	671
17.60773333	641
17.61896667	667
17.62975	674
17.64036667	647
17.6513	637
17.66295	656
17.67386667	699
17.68468333	655
17.69593333	649
17.7072	675
17.71783333	676
17.72835	638
17.73911667	631
17.75046667	646
17.76101667	681
17.77175	633
17.78276667	644
17.79425	661
17.80496667	689
17.81656667	643
17.82783333	696
17.83896667	676
17.84978333	668
17.86078333	649
17.87243333	660
17.8836	699
17.89426667	670
17.90501667	640
17.91615	645
17.92735	668
17.93776667	672
17.94806667	625
17.95876667	618
17.96991667	642
17.98063333	669
17.9918	643
18.00348333	670
18.0152	701
18.02616667	703
18.0368	658
18.04685	638
18.0566	603
18.06755	585
18.0794	657
18.09131667	711
18.1035	715
18.11605	731
18.12796667	753
18.13936667	715
18.15066667	684
18.16191667	678
18.17325	675
18.18466667	680
18.19538333	685
18.20588333	643
18.21596667	630
18.22601667	605
18.23603333	603
18.2461	601
18.25706667	604
18.26873333	658
18.28005	700
18.29136667	679
18.30316667	679
18.31513333	708
18.32625	718
18.33766667	667
18.34898333	685
18.36021667	679
18.3709	674
18.38163333	641
18.39248333	644
18.40318333	651
18.4136	642
18.42438333	625
18.43578333	647
18.44723333	684
18.45893333	687
18.4711	702
18.48321667	730
18.49481667	727
18.50653333	696
18.51825	703
18.52986667	703
18.54101667	697
18.55236667	669
18.56401667	681
18.57531667	699
18.58685	678
18.59891667	692
18.61075	724
18.62201667	710
18.6338	676
18.6456	707
18.65703333	708
18.66828333	686
18.6796	675
18.69103333	679
18.70183333	686
18.71273333	648
18.7239	654
18.73525	670
18.74625	681
18.75793333	660
18.7699	701
18.78163333	718
18.79316667	704
18.80506667	692
18.81683333	714
18.82818333	706
18.83921667	681
18.85046667	662
18.86161667	675
18.87221667	669
18.88306667	636
18.89408333	651
18.90528333	661
18.91605	672
18.927	646
18.9382	657
18.94925	672
18.95998333	663
18.97115	644
18.98256667	670
18.99355	685
19.00441667	659
19.01571667	652
19.0272	678
19.03815	689
19.04918333	657
19.06033333	662
19.07231667	669
19.08356667	719
19.09485	675
19.10611667	677
19.11725	676
19.1281	668
19.13911667	651
19.15046667	661
19.16161667	681
19.17256667	669
19.18405	657
19.19568333	689
19.2068	698
19.21796667	667
19.22918333	670
19.24016667	673
19.25088333	659
19.26168333	643
19.27241667	648
19.28281667	644
19.29311667	624
19.30366667	618
19.3147	633
19.325	662
19.33561667	618
19.34636667	637
19.35775	645
19.3684	683
19.37951667	639
19.3909	667
19.40195	683
19.41276667	663
19.42445	649
19.43573333	701
19.44641667	677
19.4571	641
19.46785	641
19.47845	645
19.48871667	636
19.49925	616
19.5104	632
19.52146667	669
19.53206667	664
19.54358333	636
19.55565	691
19.56696667	724
19.57848333	679
19.59041667	691
19.60146667	716
19.61205	663
19.62306667	635
19.63405	661
19.64453333	659
19.65486667	629
19.6656	620
19.67643333	644
19.68711667	650
19.69826667	641
19.71036667	669
19.72193333	726
19.73315	694
19.7444	673
19.75585	675
19.76666667	687
19.77731667	649
19.78841667	639
19.79938333	666
19.8098	658
19.8203	625
19.83111667	630
19.84236667	649
19.85298333	675
19.86398333	637
19.87511667	660
19.88623333	668
19.8971	667
19.9086	652
19.92013333	690
19.93071667	692
19.94118333	635
19.95185	628
19.96276667	640
19.97313333	655
19.9834	622
19.99415	616
20.00495	645
20.01536667	648
20.02628333	625
20.03713333	655
20.04811667	651
20.05926667	659
20.07093333	669
20.08285	700
20.09378333	715
20.10463333	656
20.1155	651
20.12655	652
20.13801667	663
20.15016667	688
20.1621	729
20.1736	716
20.18545	690
20.19708333	711
20.2083	698
20.21891667	673
20.2292	637
20.23938333	617
20.25091667	611
20.26335	692
20.2754	746
20.28746667	723
20.29933333	724
20.31128333	712
20.32318333	717
20.33505	714
20.3468	712
20.35856667	705
20.36988333	706
20.38108333	679
20.39246667	672
20.40385	683
20.41495	683
20.42628333	666
20.43811667	680
20.45031667	710
20.4623	732
20.47483333	719
20.48748333	752
20.49948333	759
20.5115	720
20.52303333	721
20.5342	692
20.5447	670
20.55488333	630
20.56508333	611
20.57563333	612
20.5862	633
20.5966	634
20.60711667	624
20.61901667	631
20.63185	714
20.64406667	770
20.65735	733
20.6715	797
20.6856	849
20.69928333	846
20.71341667	821
20.7276	848
20.74101667	851
20.75423333	805
20.7677	793
20.78105	808
20.79365	801
20.80676667	756
20.82001667	787
20.83241667	795
20.8454	744
20.85893333	779
20.87285	812
20.88625	835
20.89995	804
20.9138	822
20.92761667	831
20.94063333	829
20.95363333	781
20.96616667	780
20.97871667	752
20.99113333	753
21.00443333	745
21.01861667	798
21.03346667	851
21.04768333	891
21.0627	853
21.0783	901
21.09286667	936
21.10738333	874
21.12158333	871
21.14721667	852
21.15966667	0
21.17225	747
21.18451667	755
21.19748333	736
21.21135	778
21.22553333	832
21.23906667	851
21.25306667	812
21.26718333	840
21.28038333	847
21.29346667	792
21.30655	785
21.31901667	785
21.33106667	748
21.34276667	723
21.35436667	702
21.36681667	696
21.38015	747
21.39363333	800
21.40665	809
21.42	781
21.43325	801
21.44606667	795
21.45841667	769
21.47106667	741
21.48408333	759
21.49755	781
21.51026667	808
21.5231	763
21.53606667	770
21.54918333	778
21.56156667	787
21.57341667	743
21.5855	711
21.5983	725
21.61183333	768
21.62521667	812
21.63791667	803
21.65106667	762
21.66411667	789
21.67633333	783
21.68846667	733
21.69998333	728
21.71146667	691
21.72281667	689
21.73396667	681
21.7456	669
21.75755	698
21.7698	717
21.78196667	735
21.7934	730
21.80405	686
21.81528333	639
21.82755	674
21.84025	736
21.85435	762
21.86871667	846
21.88295	862
21.8969	854
21.9108	837
21.92453333	834
21.93776667	824
21.9503	794
21.96245	752
21.97391667	729
21.98503333	688
21.99588333	667
22.00658333	651
22.01828333	642
22.03265	702
22.04745	862
22.06161667	888
22.07516667	850
22.08921667	813
22.10423333	843
22.11981667	901
22.13445	935
22.14735	878
22.15983333	774
22.17223333	749
22.18466667	744
22.19685	746
22.20901667	731
22.22101667	730
22.23285	720
22.24571667	710
22.25795	772
22.26986667	734
22.28158333	715
22.29311667	703
22.30446667	692
22.31558333	681
22.32646667	667
22.33725	653
22.34813333	647
22.35851667	653
22.36875	623
22.37933333	614
22.40095	635
22.41195	0
22.42351667	660
22.436	694
22.44903333	749
22.46248333	782
22.47526667	807
22.48853333	767
22.50251667	796
22.51675	839
22.53025	854
22.54316667	810
22.55581667	775
22.56886667	759
22.583	783
22.59751667	848
22.61133333	871
22.62581667	829
22.64053333	869
22.65515	883
22.66886667	877
22.68276667	823
22.6969	834
22.71035	848
22.72276667	807
22.73466667	745
22.74655	714
22.75821667	713
22.76971667	700
22.78086667	690
22.79181667	669
22.80251667	657
22.81316667	642
22.82365	639
22.83403333	629
22.84543333	623
22.85846667	684
22.87193333	782
22.8852	808
22.89876667	796
22.91223333	814
22.92546667	808
22.93828333	794
22.94998333	769
22.96068333	702
22.97093333	642
22.9809	615
22.99088333	598
23.00648333	599
23.02086667	936
23.03553333	863
23.05001667	880
23.0633	869
23.07766667	797
23.09326667	862
23.10706667	936
23.12083333	828
23.13401667	826
23.14748333	791
23.16073333	808
23.17401667	795
23.18775	797
23.2012	824
23.21408333	807
23.22661667	773
23.23888333	752
23.251	736
23.26293333	727
23.27393333	716
23.2842	660
23.29438333	616
23.30481667	611
23.31836667	626
23.33351667	813
23.34906667	909
23.36528333	933
23.3814	973
23.39621667	967
23.4101	889
23.42311667	833
23.43516667	781
23.44666667	723
23.45751667	690
23.46796667	651
23.47826667	627
23.4905	618
23.50585	734
23.52035	921
23.53541667	870
23.5508	904
23.56631667	923
23.58175	931
23.59673333	926
23.61035	899
23.62253333	817
23.63476667	731
23.64765	734
23.66146667	773
23.676	829
23.68998333	872
23.70555	839
23.72131667	934
23.73666667	946
23.75235	921
23.76766667	941
23.78226667	919
23.7966	876
23.81016667	860
23.82326667	814
23.83565	786
23.84741667	743
23.85883333	706
23.86971667	685
23.88081667	653
23.89336667	666
23.90593333	753
23.91888333	754
23.93276667	777
23.9471	833
23.96105	860
23.97373333	837
23.98631667	761
23.99878333	755
24.01133333	748
24.02353333	753
24.036	732
24.04915	748
24.06313333	789
24.07746667	839
24.09145	860
24.10566667	839
24.11958333	853
24.13311667	835
24.14675	812
24.16126667	818
24.17646667	871
24.19083333	912
24.20373333	862
24.21576667	774
24.22755	722
24.23943333	707
24.25248333	713
24.2661	783
24.27888333	817
24.29091667	767
24.30253333	722
24.31553333	697
24.3327	780
24.34625	1030
24.3587	813
24.37026667	747
24.38115	694
24.39168333	653
24.4021	632
24.41236667	625
24.42251667	616
24.4326	609
24.44271667	605
24.45288333	607
24.46376667	610
24.47548333	653
24.48783333	703
24.49985	741
24.51146667	721
24.52263333	697
24.53358333	670
24.54398333	657
24.5541	624
24.56455	607
24.57616667	627
24.5888	697
24.60215	758
24.61613333	801
24.63048333	839
24.6443	861
24.65791667	829
24.67256667	817
24.68803333	879
24.70281667	928
24.71701667	887
24.73176667	852
24.74748333	885
24.76311667	943
24.7777	938
24.79281667	875
24.8077	907
24.82228333	893
24.83595	875
24.84988333	820
24.86403333	836
24.87745	849
24.89101667	805
24.90475	814
24.93391667	824
24.94845	0
24.9757	872
24.98943333	0
25.00388333	824
25.01868333	867
25.0331	888
25.04668333	865
25.0596	815
25.07198333	775
25.08381667	743
25.09518333	710
25.106	682
25.11638333	649
25.1265	623
25.13635	607
25.14606667	591
25.15591667	583
25.17653333	591
25.19363333	1237
25.20966667	1026
25.22611667	962
25.24115	987
25.25493333	902
25.26888333	827
25.28205	837
25.29471667	790
25.30656667	760
25.31771667	711
25.32861667	669
25.3399	654
25.35255	677
25.36608333	759
25.3787	812
25.39156667	757
25.40425	772
25.41713333	761
25.42901667	773
25.4409	713
25.45396667	713
25.46665	784
25.47936667	761
25.49215	763
25.50448333	767
25.51626667	740
25.52773333	707
25.53915	688
25.55071667	685
25.5623	694
25.57441667	695
25.58785	727
25.60258333	806
25.61721667	884
25.63143333	878
25.64571667	853
25.6601	857
25.67398333	863
25.68725	833
25.69976667	796
25.71196667	751
25.72383333	732
25.73533333	712
25.74676667	690
25.75826667	686
25.76918333	690
25.77985	655
25.79038333	640
25.80086667	632
25.8118	629
25.82483333	656
25.8399	782
25.85523333	904
25.87031667	920
25.88436667	905
25.8981	843
25.91145	824
25.92388333	801
25.93553333	746
25.94636667	699
25.957	650
25.96746667	638
25.97991667	628
25.99401667	747
26.00806667	846
26.02145	843
26.0351	803
26.04886667	819
26.06236667	826
26.07581667	810
26.08845	807
26.10061667	758
26.11201667	730
26.12285	684
26.13358333	650
26.14418333	644
26.15496667	636
26.16641667	647
26.17933333	687
26.19235	775
26.2048	781
26.21756667	747
26.23086667	766
26.24546667	798
26.259	876
26.27288333	812
26.28688333	833
26.30056667	840
26.3132	821
26.32535	758
26.33686667	729
26.3479	691
26.35878333	662
26.36996667	653
26.38165	671
26.39403333	701
26.40673333	743
26.41923333	762
26.43255	750
26.44663333	799
26.46111667	845
26.47486667	869
26.48836667	825
26.50216667	810
26.51571667	828
26.52848333	813
26.54041667	766
26.55151667	716
26.56261667	666
26.57338333	666
26.58386667	646
26.59411667	629
26.60441667	615
26.61651667	618
26.6336	726
26.6492	1025
26.66433333	936
26.67935	908
26.69328333	901
26.70715	836
26.72008333	832
26.73258333	776
26.74486667	750
26.75658333	737
26.76771667	703
26.77856667	668
26.789	651
26.79976667	626
26.81173333	646
26.82431667	718
26.83716667	755
26.84945	771
26.86198333	737
26.8746	752
26.8871	757
26.8995	750
26.91138333	744
26.92368333	713
26.93698333	738
26.95161667	798
26.96523333	878
26.97913333	817
26.99368333	834
27.00833333	873
27.02223333	879
27.03618333	834
27.04996667	837
27.06356667	827
27.07633333	816
27.089	766
27.10106667	760
27.11251667	724
27.12416667	687
27.13633333	699
27.1501	730
27.16413333	826
27.17785	842
27.193	823
27.20748333	909
27.22096667	869
27.23495	809
27.24891667	839
27.26263333	838
27.27511667	823
27.28738333	749
27.2995	736
27.3117	727
27.32465	732
27.33821667	777
27.3516	814
27.36503333	803
27.37835	806
27.39088333	799
27.40376667	752
27.41751667	773
27.43178333	825
27.44601667	856
27.45943333	854
27.47306667	805
27.4867	818
27.50031667	818
27.51345	817
27.5262	788
27.53933333	765
27.55318333	788
27.56711667	831
27.58088333	836
27.59495	826
27.60878333	844
27.62285	830
27.63723333	844
27.65223333	863
27.66731667	900
27.68206667	905
27.69613333	885
27.7106	844
27.72513333	868
27.7396	872
27.7533	868
27.76638333	822
27.77981667	785
27.79378333	806
27.80791667	838
27.82166667	848
27.83668333	825
27.85206667	901
27.86693333	923
27.88038333	892
27.8937	807
27.90681667	799
27.91973333	787
27.93216667	775
27.94473333	746
27.9577	754
27.97191667	778
27.98628333	853
28.00161667	862
28.01706667	920
28.03273333	927
28.0481	940
28.06311667	922
28.078	901
28.09251667	893
28.10645	871
28.1197	836
28.13278333	795
28.14616667	785
28.16003333	803
28.17375	832
28.18675	823
28.20048333	780
28.21511667	824
28.22933333	878
28.243	853
28.25758333	820
28.27265	875
28.28713333	904
28.3008	869
28.31461667	820
28.3285	829
28.34226667	833
28.35533333	826
28.36848333	784
28.38236667	789
28.39676667	833
28.41121667	864
28.42543333	867
28.43971667	853
28.45435	857
28.46911667	878
28.48388333	886
28.49751667	886
28.51116667	818
28.52511667	819
28.53935	837
28.55271667	854
28.56586667	802
28.5803	789
28.59588333	866
28.61065	935
28.62411667	886
28.63763333	808
28.65103333	811
28.66451667	804
28.67766667	809
28.69008333	789
28.70201667	745
28.7134	716
28.7248	683
28.7364	684
28.74895	696
28.76228333	753
28.77575	800
28.78863333	808
28.80205	773
28.81548333	805
28.82876667	806
28.84235	797
28.85565	815
28.86823333	798
28.87991667	755
28.8909	701
28.90243333	659
28.91653333	692
28.93043333	846
28.94383333	834
28.95698333	804
28.96946667	789
28.98125	749
28.99335	707
29.00651667	726
29.01985	790
29.033	800
29.04565	789
29.0582	759
29.07091667	753
29.08368333	763
29.09676667	766
29.10951667	785
29.12181667	765
29.13433333	738
29.14735	751
29.16108333	781
29.17508333	824
29.18866667	840
29.20265	815
29.21736667	839
29.23216667	883
29.24635	888
29.26033333	851
29.27383333	839
29.28735	810
29.30113333	811
29.3151	827
29.32863333	838
29.34133333	812
29.35425	762
29.36733333	775
29.38111667	785
29.39431667	827
29.40655	792
29.4187	734
29.43166667	729
29.44578333	778
29.45971667	847
29.47393333	836
29.48888333	853
29.50411667	897
29.51883333	914
29.53336667	883
29.54795	872
29.56195	875
29.57493333	840
29.599	779
29.61036667	0
29.62198333	682
29.63438333	697
29.64675	744
29.65905	742
29.67186667	738
29.68528333	769
29.69891667	805
29.71196667	818
29.72518333	783
29.73908333	793
29.75326667	834
29.76748333	851
29.78138333	853
29.79535	834
29.80888333	838
29.822	812
29.834	787
29.84566667	720
29.85713333	700
29.87003333	688
29.88275	774
29.89668333	763
29.91156667	836
29.9273	893
29.94285	944
29.958	933
29.9733	909
29.98726667	918
30.00021667	838
30.01293333	777
30.026	763
30.03936667	784
30.05281667	802
30.06568333	807
30.07863333	772
30.09151667	777
30.10435	773
30.11685	770
30.12958333	750
30.14231667	764
30.15471667	764
30.16673333	744
30.17891667	721
30.19093333	731
30.20321667	721
30.21526667	737
30.22785	723
30.24146667	755
30.25586667	817
30.2701	864
30.2848	854
30.2994	882
30.31363333	876
30.3269	854
30.34016667	796
30.3528	796
30.36538333	758
30.3774	755
30.38923333	721
30.40143333	710
30.41426667	732
30.42693333	770
30.44046667	760
30.4547	812
30.46896667	854
30.48286667	856
30.4975	834
30.51238333	878
30.52603333	893
30.53895	819
30.55188333	775
30.56446667	776
30.57676667	755
30.58926667	738
30.6017	750
30.61443333	746
30.62686667	764
30.63936667	746
30.6526	750
30.66665	794
30.68126667	843
30.69541667	877
30.70991667	849
30.72423333	870
30.73765	859
30.75013333	805
30.76165	749
30.7737	691
30.78748333	723
30.80228333	827
30.81673333	888
30.8307	867
30.84503333	838
30.85906667	860
30.87275	842
30.886	821
30.89953333	795
30.91358333	812
30.92733333	843
30.94005	825
30.95245	763
30.96508333	744
30.97855	758
30.99276667	808
31.00621667	853
31.01998333	807
31.03443333	826
31.04783333	867
31.0615	804
31.07463333	820
31.0874	788
31.09965	766
31.11163333	735
31.12371667	719
31.13628333	725
31.14925	754
31.16253333	778
31.17425	797
31.18656667	703
31.20038333	739
31.21463333	829
31.22891667	855
31.24298333	857
31.25665	844
31.27003333	820
31.28311667	803
31.29603333	785
31.30893333	775
31.32105	774
31.33295	727
31.34488333	714
31.35831667	716
31.37166667	806
31.38453333	801
31.39858333	772
31.41331667	843
31.42741667	884
31.44143333	846
31.45588333	841
31.4707	867
31.48543333	889
31.49898333	884
31.51171667	813
31.52405	764
31.53635	740
31.54885	738
31.56101667	750
31.5728	730
31.58481667	707
31.59753333	721
31.61083333	763
31.62341667	798
31.63556667	755
31.64723333	729
31.65831667	700
31.67068333	665
31.68288333	742
31.69533333	732
31.70855	747
31.72201667	793
31.73545	808
31.74878333	806
31.76156667	800
31.77403333	767
31.78616667	748
31.79798333	728
31.80968333	709
31.82141667	702
31.83275	704
31.84371667	680
31.85495	658
31.8663	674
31.87786667	681
31.8902	694
31.90311667	740
31.91651667	775
31.93035	804
31.94355	830
31.95683333	792
31.97035	797
31.98396667	811
31.98396667	817
