0.010916667	655
0.014616667	0
0.0345	0
0.057166667	0
0.067833333	640
0.0789	664
0.0897	648
0.100833333	668
0.111366667	632
0.121516667	609
0.1318	617
0.142383333	635
0.163166667	0
0.173416667	615
0.183983333	634
0.194916667	656
0.206133333	673
0.216633333	630
0.22785	673
0.239216667	682
0.25005	650
0.261716667	700
0.273316667	696
0.296616667	0
0.307983333	682
0.318833333	651
0.330683333	711
0.342333333	699
0.354083333	705
0.365133333	663
0.37775	757
0.3902	747
0.40165	687
0.41415	750
0.4272	783
0.439666667	748
0.45125	695
0.4636	741
0.4756	720
0.487033333	686
0.499316667	737
0.511483333	730
0.522883333	684
0.53515	736
0.548016667	772
0.560966667	777
0.573016667	723
0.585483333	748
0.597933333	747
0.611066667	788
0.623883333	769
0.635966667	725
0.64795	719
0.672383333	0
0.683916667	692
0.695933333	721
0.708316667	743
0.7202	713
0.731416667	673
0.7442	767
0.7569	762
0.769383333	749
0.780733333	681
0.791666667	656
0.802816667	669
0.81505	734
0.8278	765
0.840033333	734
0.851416667	683
0.86345	722
0.875033333	695
0.886833333	708
0.898416667	695
0.909433333	661
0.9218	742
0.93455	765
0.946816667	736
0.9585	701
0.9715	780
0.984183333	761
0.996866667	761
1.00915	737
1.020833333	701
1.0329	724
1.059833333	0
1.0732	802
1.085083333	713
1.096583333	690
1.108183333	696
1.120316667	728
1.1344	845
1.147216667	769
1.1601	773
1.173433333	800
1.186133333	762
1.199483333	801
1.2126	787
1.226283333	821
1.240033333	825
1.25345	805
1.2667	795
1.291966667	0
1.30355	695
1.315716667	730
1.328016667	738
1.34025	734
1.352116667	712
1.363	653
1.3735	630
1.383766667	616
1.3938	602
1.404116667	619
1.4151	659
1.428216667	787
1.440866667	759
1.452666667	708
1.465933333	796
1.478466667	752
1.490133333	700
1.5017	694
1.5141	744
1.526466667	742
1.538633333	730
1.550066667	686
1.562333333	736
1.574333333	720
1.58685	751
1.599216667	742
1.610883333	700
1.62215	676
1.634116667	718
1.645933333	709
1.658066667	728
1.669416667	681
1.68035	656
1.691633333	677
1.702916667	677
1.714566667	699
1.726683333	727
1.737933333	675
1.748916667	659
1.760416667	690
1.7719	689
1.783	666
1.793816667	649
1.8049	665
1.816	666
1.827183333	671
1.838283333	666
1.849283333	660
1.859983333	642
1.870933333	657
1.881883333	657
1.893	667
1.904383333	683
1.915366667	659
1.926816667	687
1.938516667	702
1.9501	695
1.96185	705
1.984666667	0
2.006533333	0
2.01755	661
2.027916667	622
2.038033333	607
2.04795	595
2.057533333	575
2.066783333	555
2.075983333	552
2.0856	577
2.095966667	622
2.106316667	621
2.116733333	625
2.12665	595
2.157716667	0
2.16975	722
2.1933	0
2.205766667	748
2.218116667	741
2.22975	698
2.240916667	670
2.253066667	729
2.264566667	690
2.2751	632
2.285566667	628
2.295966667	624
2.306266667	618
2.316383333	607
2.326816667	626
2.338466667	699
2.350616667	729
2.36295	740
2.3752	735
2.387033333	710
2.398366667	680
2.409216667	651
2.420366667	669
2.431716667	681
2.4438	725
2.453916667	607
2.465833333	715
2.4776	706
2.48915	693
2.500083333	656
2.510966667	653
2.522083333	667
2.554133333	0
2.585516667	0
2.595916667	624
2.607083333	670
2.617916667	650
2.629216667	678
2.64005	650
2.650716667	640
2.661283333	634
2.671916667	638
2.682816667	654
2.69335	632
2.703983333	638
2.714733333	645
2.725583333	651
2.736033333	627
2.7463	616
2.756533333	614
2.76675	613
2.777033333	617
2.78745	625
2.7976	609
2.808283333	641
2.8288	0
2.838966667	610
2.849566667	636
2.859733333	610
2.87005	619
2.880033333	599
2.889883333	591
2.899916667	602
2.910033333	607
2.920366667	620
2.93085	629
2.94135	630
2.952333333	659
2.963633333	678
2.97505	685
2.986183333	668
2.9967	631
3.007033333	620
3.0173	616
3.0272	594
3.037016667	589
3.046683333	580
3.056316667	578
3.065916667	576
3.07595	602
3.086233333	617
3.097066667	650
3.1077	638
3.11925	693
3.130533333	677
3.1422	700
3.15375	693
3.165383333	698
3.1771	703
3.188816667	703
3.20065	710
3.2125	711
3.224266667	706
3.235866667	696
3.247183333	679
3.258483333	678
3.269516667	662
3.2814	713
3.294233333	770
3.307583333	801
3.3194	709
3.3313	714
3.3436	738
3.355466667	712
3.3668	680
3.379033333	734
3.39105	721
3.402666667	697
3.4143	698
3.438833333	0
3.450266667	686
3.461466667	672
3.47305	695
3.4847	699
3.496033333	680
3.507966667	716
3.5194	686
3.53065	675
3.54235	702
3.55355	672
3.56425	642
3.574616667	622
3.584966667	621
3.595466667	630
3.606316667	651
3.617616667	678
3.628866667	675
3.639983333	667
3.651683333	702
3.663833333	729
3.676033333	732
3.688433333	744
3.7001	700
3.711466667	682
3.7233	710
3.735083333	707
3.74805	778
3.7589	651
3.77075	711
3.782216667	688
3.79395	704
3.805766667	709
3.816966667	672
3.828466667	690
3.840466667	720
3.852283333	709
3.86375	688
3.8766	771
3.88895	741
3.900666667	703
3.925533333	0
3.9379	742
3.94955	699
3.961633333	725
3.9733	700
3.985183333	713
3.996633333	687
4.007983333	681
4.019583333	696
4.031433333	711
4.04325	709
4.054333333	665
4.066766667	746
4.078616667	711
4.0903	701
4.101316667	661
4.112733333	685
4.124433333	702
4.135933333	690
4.146783333	651
4.157866667	665
4.169316667	687
4.1807	683
4.191666667	658
4.203333333	700
4.215216667	713
4.227516667	738
4.23895	686
4.25145	750
4.2634	717
4.275166667	706
4.2867	692
4.298533333	710
4.310483333	717
4.322183333	702
4.3335	679
4.3451	696
4.356416667	679
4.367383333	658
4.378883333	690
4.390666667	707
4.40185	671
4.413183333	680
4.425566667	743
4.437866667	738
4.4496	704
4.46205	747
4.47465	756
4.486483333	710
4.498716667	734
4.51115	746
4.52295	708
4.53435	684
4.546383333	722
4.557933333	693
4.568883333	657
4.579933333	663
4.591116667	671
4.6018	641
4.612366667	634
4.622783333	625
4.633	613
4.643083333	605
4.653033333	597
4.6747	0
4.6862	690
4.6979	702
4.721333333	0
4.733066667	704
4.744433333	682
4.756083333	699
4.767833333	705
4.7794	694
4.790966667	694
4.80165	641
4.812616667	658
4.82325	638
4.83415	654
4.84475	636
4.855133333	623
4.865516667	623
4.875866667	621
4.886816667	657
4.898083333	676
4.9092	667
4.920066667	652
4.9313	674
4.942683333	683
4.954333333	699
4.965216667	653
4.976466667	675
4.988016667	693
4.999683333	700
5.010666667	659
5.0225	710
5.035533333	782
5.046033333	630
5.057333333	678
5.068116667	647
5.0794	677
5.090583333	671
5.124083333	0
5.135616667	692
5.1473	701
5.1585	672
5.169783333	677
5.1814	697
5.1931	702
5.203933333	650
5.2152	676
5.22645	675
5.237683333	674
5.248566667	653
5.259566667	660
5.27075	671
5.282083333	680
5.293433333	681
5.304383333	657
5.3157	679
5.327266667	694
5.338566667	678
5.349283333	643
5.360516667	674
5.3715	659
5.3825	660
5.3931	636
5.414766667	0
5.425283333	631
5.43585	634
5.446766667	655
5.457583333	649
5.467966667	623
5.478433333	628
5.48895	631
5.499366667	625
5.509866667	630
5.520533333	640
5.530916667	623
5.540933333	601
5.551266667	620
5.561816667	633
5.57255	644
5.583	627
5.592983333	599
5.6029	595
5.612616667	583
5.622183333	574
5.63195	586
5.641933333	599
5.6522	616
5.662233333	602
5.672416667	611
5.6943	0
5.705516667	673
5.728266667	0
5.739316667	663
5.75105	704
5.763016667	718
5.775033333	721
5.78595	655
5.798	723
5.80825	615
5.819416667	670
5.83	635
5.84085	651
5.8523	687
5.863533333	674
5.8747	670
5.885916667	673
5.8979	719
5.909866667	718
5.921583333	703
5.932783333	672
5.943333333	633
5.953766667	626
5.964183333	625
5.974583333	624
5.985233333	639
5.99665	685
6.008616667	718
6.01965	662
6.030166667	631
6.040716667	633
6.05175	662
6.062283333	632
6.07265	622
6.083283333	638
6.095066667	707
6.1068	704
6.11895	729
6.131433333	749
6.143616667	731
6.155183333	694
6.166916667	704
6.1785	695
6.19015	699
6.201433333	677
6.213266667	710
6.224316667	663
6.235516667	672
6.24655	662
6.257666667	667
6.26875	665
6.279466667	643
6.290516667	663
6.3139	0
6.325916667	721
6.338233333	739
6.349866667	698
6.361916667	723
6.374266667	741
6.386633333	742
6.398883333	735
6.410733333	711
6.42185	667
6.433033333	671
6.4447	700
6.4568	726
6.4689	726
6.481016667	727
6.492783333	706
6.504333333	693
6.516366667	722
6.52825	713
6.539433333	671
6.563183333	0
6.574733333	693
6.585683333	657
6.597216667	692
6.608566667	681
6.62035	707
6.6314	663
6.642233333	650
6.65305	649
6.6636	633
6.67385	615
6.68405	612
6.6942	609
6.704333333	608
6.714416667	605
6.7251	641
6.735516667	625
6.74595	626
6.757366667	685
6.768316667	657
6.778933333	637
6.7894	628
6.800283333	653
6.811483333	672
6.8231	697
6.83515	723
6.846616667	688
6.857516667	654
6.8682	641
6.879066667	652
6.89085	707
6.9033	747
6.915483333	731
6.927683333	732
6.940566667	773
6.953283333	763
6.96585	754
6.97855	762
6.991033333	749
7.00335	739
7.01515	708
7.0266	687
7.037766667	670
7.048716667	657
7.0594	641
7.07005	639
7.081166667	667
7.1032	0
7.11375	633
7.1241	621
7.134716667	637
7.1455	647
7.1557	612
7.165833333	608
7.175916667	605
7.185966667	603
7.195666667	582
7.205533333	592
7.215616667	605
7.225783333	610
7.23595	610
7.24665	642
7.257966667	679
7.2689	656
7.279716667	649
7.291166667	687
7.302233333	664
7.31305	649
7.3241	663
7.334766667	640
7.345283333	631
7.3554	607
7.3656	612
7.3757	606
7.3861	624
7.39705	657
7.407633333	635
7.418366667	644
7.428583333	613
7.438866667	617
7.44965	647
7.46055	654
7.471683333	668
7.482533333	651
7.493066667	632
7.50365	635
7.514416667	646
7.5255	665
7.536716667	673
7.547733333	661
7.559266667	692
7.570516667	675
7.581016667	630
7.592066667	663
7.6033	674
7.613983333	641
7.624366667	623
7.634483333	607
7.644866667	623
7.65505	611
7.665816667	646
7.676866667	663
7.6878	656
7.698783333	659
7.709566667	647
7.72055	659
7.731483333	656
7.742316667	650
7.752883333	634
7.76325	622
7.773683333	626
7.784533333	651
7.7949	622
7.805733333	650
7.8161	622
7.826633333	632
7.83695	619
7.847616667	640
7.85755	596
7.867766667	613
7.878466667	642
7.889	632
7.899083333	605
7.908766667	581
7.918983333	613
7.9293	619
7.9397	624
7.9495	588
7.9606	666
7.9709	618
7.9815	636
7.9916	606
8.00235	645
8.013266667	655
8.044	0
8.055033333	662
8.065283333	615
8.075666667	623
8.086116667	627
8.09645	620
8.106283333	590
8.1158	571
8.12575	597
8.135883333	608
8.14665	646
8.1565	591
8.167633333	668
8.178066667	626
8.189333333	676
8.2008	688
8.212216667	685
8.22395	704
8.235183333	674
8.24595	646
8.257383333	686
8.268966667	695
8.280283333	679
8.290733333	627
8.300666667	596
8.311116667	627
8.3215	623
8.333116667	697
8.34385	644
8.354833333	659
8.366416667	695
8.3784	719
8.3896	672
8.400883333	677
8.41275	712
8.424316667	694
8.43515	650
8.446066667	655
8.457133333	664
8.479366667	0
8.489866667	630
8.500716667	651
8.5119	671
8.523216667	679
8.5338	635
8.545033333	674
8.556133333	666
8.566983333	651
8.578366667	683
8.589383333	661
8.600316667	656
8.61105	644
8.622283333	674
8.632916667	638
8.64345	632
8.654233333	647
8.66465	625
8.674833333	611
8.6852	622
8.69565	627
8.71675	0
8.727366667	637
8.7378	626
8.748283333	629
8.7584	607
8.768683333	617
8.7787	601
8.78845	585
8.798183333	584
8.808	589
8.817966667	598
8.827666667	582
8.837766667	606
8.847916667	609
8.858366667	627
8.8682	590
8.878966667	646
8.889283333	619
8.89965	622
8.909433333	587
8.91975	619
8.9299	609
8.94005	609
8.950133333	605
8.960083333	597
8.970616667	632
8.980933333	619
8.991133333	612
9.001283333	609
9.01205	646
9.021966667	595
9.0321	608
9.042083333	599
9.05235	616
9.062183333	590
9.071666667	569
9.082016667	621
9.09245	626
9.102566667	607
9.112816667	615
9.124083333	676
9.134983333	654
9.1457	643
9.156333333	638
9.167183333	651
9.17785	640
9.188166667	619
9.198966667	648
9.209616667	639
9.220216667	636
9.231533333	679
9.242733333	672
9.253383333	639
9.26435	658
9.274683333	620
9.284716667	602
9.29445	584
9.304666667	613
9.315416667	645
9.32535	596
9.335583333	614
9.346216667	638
9.356366667	609
9.366266667	594
9.37625	599
9.386166667	595
9.3961	596
9.405516667	565
9.414716667	552
9.423783333	544
9.433233333	567
9.4429	580
9.4525	576
9.4619	564
9.471033333	548
9.480383333	561
9.490233333	591
9.5003	604
9.5102	594
9.519533333	560
9.528833333	558
9.538366667	572
9.548166667	588
9.557533333	562
9.566783333	555
9.57635	574
9.585733333	563
9.594933333	552
9.604066667	548
9.613483333	565
9.622983333	570
9.632183333	552
9.641183333	540
9.65025	544
9.65975	570
9.669116667	562
9.678266667	549
9.6872	536
9.696166667	538
9.705916667	585
9.715716667	588
9.725233333	571
9.7343	544
9.743466667	550
9.752816667	561
9.762266667	567
9.771366667	546
9.780366667	540
9.789516667	549
9.798733333	553
9.8082	568
9.817166667	538
9.826333333	550
9.83575	565
9.8457	597
9.85495	555
9.86395	540
9.869016667	0
9.8729	0
9.88205	549
9.891533333	569
9.900933333	564
9.910116667	551
9.919133333	541
9.928566667	566
9.947233333	0
9.956483333	555
9.965933333	567
9.9759	598
9.985683333	587
9.994983333	558
10.00423333	555
10.01381667	575
10.03291667	0
10.04205	548
10.05115	546
10.06025	546
10.06955	558
10.07871667	550
10.08771667	540
10.09663333	535
10.106	562
10.11523333	554
10.12445	553
10.1334	537
10.14241667	541
10.15198333	574
10.16156667	575
10.17068333	547
10.1798	547
10.18926667	568
10.19835	545
10.20751667	550
10.21651667	540
10.22576667	555
10.23528333	571
10.24456667	557
10.25341667	531
10.26221667	528
10.27148333	556
10.28086667	563
10.2899	542
10.29881667	535
10.30795	548
10.31745	570
10.32671667	556
10.33568333	538
10.34458333	534
10.35393333	561
10.36375	589
10.37283333	545
10.38185	541
10.391	549
10.40026667	556
10.40925	539
10.41816667	535
10.42696667	528
10.43618333	553
10.44563333	567
10.45478333	549
10.46378333	540
10.47273333	537
10.48205	559
10.49116667	547
10.50018333	541
10.50911667	536
10.51831667	552
10.52743333	547
10.53635	535
10.5453	537
10.55453333	554
10.5638	556
10.57273333	536
10.58176667	542
10.5911	560
10.60023333	548
10.60915	535
10.61808333	536
10.62726667	551
10.63646667	552
10.64565	551
10.65486667	553
10.6639	542
10.67323333	560
10.68248333	555
10.69151667	542
10.70046667	537
10.70978333	559
10.71908333	558
10.72818333	546
10.73721667	542
10.75566667	0
10.76476667	546
10.77375	539
10.78275	540
10.79223333	569
10.80158333	561
10.81066667	545
10.81971667	543
10.82891667	552
10.83836667	567
10.84763333	556
10.8566	538
10.86553333	536
10.87473333	552
10.88408333	561
10.8934	559
10.90236667	538
10.91151667	549
10.92111667	576
10.93056667	567
10.93966667	546
10.94903333	562
10.9586	574
10.96796667	562
10.97696667	540
10.98583333	532
10.99503333	552
11.00418333	549
11.01338333	552
11.02231667	536
11.03116667	531
11.03998333	529
11.04953333	573
11.05886667	560
11.06783333	538
11.07663333	528
11.08568333	543
11.09486667	551
11.1039	542
11.11275	531
11.12181667	544
11.13113333	559
11.14025	547
11.14906667	529
11.15786667	528
11.16696667	546
11.17601667	543
11.18471667	522
11.1936	533
11.20253333	536
11.21173333	552
11.22075	541
11.22965	534
11.2389	555
11.24838333	569
11.25838333	600
11.26761667	554
11.27665	542
11.28565	540
11.29498333	560
11.30448333	570
11.31348333	540
11.3223	529
11.33136667	544
11.34051667	549
11.34946667	537
11.35835	533
11.36713333	527
11.37646667	560
11.38575	557
11.3947	537
11.40361667	535
11.4128	551
11.42208333	557
11.43103333	537
11.43988333	531
11.44911667	554
11.45825	548
11.46723333	539
11.47613333	534
11.48501667	533
11.49416667	549
11.50335	551
11.51218333	530
11.52093333	525
11.53005	547
11.53913333	545
11.548	532
11.55671667	523
11.56565	536
11.57475	546
11.58383333	545
11.59255	523
11.60133333	527
11.61033333	540
11.61913333	528
11.62798333	531
11.63675	526
11.64571667	538
11.65458333	532
11.66363333	543
11.67238333	525
11.68115	526
11.69025	546
11.69925	540
11.70816667	535
11.71701667	531
11.72613333	547
11.73563333	570
11.74483333	552
11.75371667	533
11.7715	0
11.78063333	548
11.78981667	551
11.79866667	531
11.80811667	567
11.81693333	529
11.82566667	524
11.83436667	522
11.84313333	526
11.85205	535
11.8608	525
11.8696	528
11.8784	528
11.88746667	544
11.89661667	549
11.90543333	529
11.91423333	528
11.9231	532
11.93211667	541
11.94118333	544
11.94998333	528
11.95886667	533
11.96833333	568
11.97836667	602
11.9882	590
11.99793333	584
12.00826667	620
12.01811667	591
12.02746667	561
12.03668333	553
12.04655	592
12.05603333	569
12.07451667	0
12.08413333	577
12.09353333	564
12.1027	550
12.11178333	545
12.12125	568
12.13105	588
12.14035	558
12.14961667	556
12.15921667	576
12.1686	563
12.1777	546
12.18658333	533
12.1955	535
12.2047	552
12.21418333	569
12.22355	562
12.23246667	535
12.24125	527
12.2504	549
12.25991667	571
12.26921667	558
12.27801667	528
12.28685	530
12.29601667	550
12.30546667	567
12.3145	542
12.32333333	530
12.33238333	543
12.34183333	567
12.3513	568
12.36023333	536
12.36916667	536
12.37896667	588
12.38838333	565
12.3974	541
12.4066	552
12.41598333	563
12.42536667	563
12.43433333	538
12.44323333	534
12.4524	550
12.46188333	569
12.48868333	0
12.49813333	567
12.5075	562
12.51655	543
12.52586667	559
12.53523333	562
12.54466667	566
12.5536	536
12.56258333	539
12.57203333	567
12.58138333	561
12.59041667	542
12.59941667	540
12.6087	557
12.61805	561
12.62703333	539
12.63586667	530
12.64506667	552
12.65446667	564
12.6634	536
12.6723	534
12.68116667	532
12.69925	0
12.70811667	532
12.71685	524
12.72588333	542
12.73483333	537
12.74356667	524
12.75228333	523
12.76131667	542
12.77043333	547
12.77936667	536
12.78803333	520
12.79718333	549
12.80633333	549
12.81553333	552
12.82443333	534
12.83343333	540
12.84251667	545
12.85136667	531
12.8601	524
12.8688	522
12.87785	543
12.88681667	538
12.8956	527
12.90418333	515
12.9129	523
12.9217	528
12.9308	546
12.93993333	548
12.94863333	522
12.95726667	518
12.96596667	522
12.9749	536
12.99288333	0
13.00161667	524
13.0103	521
13.01916667	532
13.02795	527
13.03656667	517
13.04511667	513
13.05378333	520
13.06283333	543
13.07161667	527
13.08023333	517
13.08888333	519
13.10723333	0
13.11628333	543
13.12515	532
13.1347	573
13.14406667	562
13.15296667	534
13.16183333	532
13.17073333	534
13.18885	0
13.1976	525
13.20623333	518
13.22403333	0
13.23278333	525
13.2415	523
13.2504	534
13.25943333	542
13.26823333	528
13.27691667	521
13.2856	521
13.29446667	532
13.30321667	525
13.31185	518
13.32048333	518
13.32901667	512
13.33796667	537
13.34701667	543
13.35593333	535
13.3646	520
13.37326667	520
13.38196667	522
13.39083333	532
13.3999	544
13.40871667	529
13.4174	521
13.42613333	524
13.4352	544
13.44451667	559
13.45366667	549
13.46236667	522
13.47123333	532
13.48045	553
13.48955	546
13.49836667	529
13.5071	524
13.51626667	550
13.52548333	553
13.53445	538
13.54328333	530
13.552	523
13.56991667	0
13.5786	521
13.58728333	521
13.59618333	534
13.61456667	0
13.62341667	531
13.63238333	538
13.64175	562
13.65131667	574
13.66061667	558
13.6695	533
13.67845	537
13.6878	561
13.69716667	562
13.70625	545
13.71521667	538
13.72441667	552
13.73376667	561
13.74353333	586
13.75256667	542
13.76163333	544
13.77108333	567
13.78048333	564
13.78993333	567
13.799	544
13.80798333	539
13.82661667	0
13.83566667	543
13.84456667	534
13.85371667	549
13.86288333	550
13.87175	532
13.88066667	535
13.88975	545
13.89905	558
13.90841667	562
13.91735	536
13.92626667	535
13.94488333	0
13.95406667	551
13.96296667	534
13.97246667	570
13.98188333	565
13.99115	556
14.00013333	539
14.00901667	533
14.01806667	543
14.02736667	558
14.03655	551
14.04531667	526
14.0541	527
14.0723	0
14.08118333	533
14.08993333	525
14.09885	535
14.10801667	550
14.11738333	562
14.12651667	548
14.13545	536
14.14495	570
14.15473333	587
14.164	556
14.17293333	536
14.1821	550
14.19145	561
14.20103333	575
14.21036667	560
14.21921667	531
14.2281	533
14.23735	555
14.24675	564
14.25576667	541
14.26465	533
14.27368333	542
14.2832	571
14.29295	585
14.3021	549
14.31161667	571
14.32126667	579
14.33105	587
14.34031667	556
14.34935	542
14.35855	552
14.36796667	565
14.37733333	562
14.38621667	533
14.39508333	532
14.4042	547
14.41351667	559
14.42283333	559
14.43173333	534
14.44061667	533
14.44973333	547
14.45895	553
14.46798333	542
14.47683333	531
14.48578333	537
14.49503333	555
14.504	538
14.51281667	529
14.53056667	0
14.53948333	535
14.5482	523
14.55673333	512
14.56571667	539
14.57493333	553
14.58386667	536
14.59261667	525
14.60131667	522
14.6106	557
14.61981667	553
14.62853333	523
14.63723333	522
14.6463	544
14.65533333	542
14.66415	529
14.67285	522
14.6908	0
14.69956667	526
14.71748333	0
14.72663333	549
14.73543333	528
14.7442	526
14.75325	543
14.76235	546
14.77135	540
14.7801	525
14.78891667	529
14.79791667	540
14.807	545
14.81586667	532
14.8246	524
14.83341667	529
14.84248333	544
14.8518	559
14.86088333	545
14.86976667	533
14.87891667	549
14.88815	554
14.8973	549
14.9061	528
14.91498333	533
14.92416667	551
14.93353333	562
14.94246667	536
14.95125	527
14.96025	540
14.96968333	566
14.97903333	561
14.98795	535
14.99685	534
15.00611667	556
15.01548333	562
15.02456667	545
15.03366667	546
15.043	560
15.05226667	556
15.0613	542
15.07025	537
15.07916667	535
15.08856667	564
15.09791667	561
15.10686667	537
15.11585	539
15.12506667	553
15.13446667	564
15.14366667	552
15.15258333	535
15.16185	556
15.17123333	563
15.18048333	555
15.1895	541
15.19846667	538
15.20781667	561
15.21735	572
15.22648333	548
15.23536667	533
15.24436667	540
15.25366667	558
15.26283333	550
15.2716	526
15.2816	600
15.29008333	509
15.29943333	561
15.30833333	534
15.31711667	527
15.326	533
15.33493333	536
15.34356667	518
15.35206667	510
15.3605	506
15.3693	528
15.3787	564
15.39761667	0
15.40703333	565
15.41618333	549
15.4251	535
15.4344	558
15.44416667	586
15.4545	620
15.46451667	601
15.4744	593
15.48506667	640
15.49496667	594
15.50446667	570
15.51406667	576
15.5239	590
15.5332	558
15.54225	543
15.55145	552
15.56086667	565
15.57035	569
15.57951667	550
15.58866667	549
15.59846667	588
15.60843333	598
15.61765	553
15.62688333	554
15.63636667	569
15.64616667	588
15.65568333	571
15.66481667	548
15.67436667	573
15.68436667	600
15.69405	581
15.70313333	545
15.7127	574
15.72216667	568
15.73153333	562
15.74051667	539
15.74963333	547
15.75961667	599
15.76928333	580
15.77881667	572
15.78795	548
15.79756667	577
15.80716667	576
15.81648333	559
15.82585	562
15.83525	564
15.84501667	586
15.8546	575
15.86395	561
15.87325	558
15.8834	609
15.89365	615
15.90325	576
15.91281667	574
15.9228	599
15.93265	591
15.94201667	562
15.95161667	576
15.96178333	610
15.97138333	576
15.98058333	552
15.99931667	0
16.0088	569
16.0179	546
16.02711667	553
16.03656667	567
16.05541667	0
16.06463333	553
16.07443333	588
16.0839	568
16.09333333	566
16.10248333	549
16.11198333	570
16.12138333	564
16.13056667	551
16.13965	545
16.14893333	557
16.15823333	558
16.16721667	539
16.17643333	553
16.18586667	566
16.19553333	580
16.20483333	558
16.21413333	558
16.22396667	590
16.23371667	585
16.24296667	555
16.25205	545
16.2613	555
16.27071667	565
16.2807	599
16.29	558
16.29958333	575
16.30928333	582
16.31876667	569
16.32796667	552
16.3374	566
16.34685	567
16.35638333	572
16.366	577
16.37555	573
16.3942	0
16.40333333	548
16.41223333	534
16.42106667	530
16.43058333	571
16.43971667	548
16.45825	0
16.47735	0
16.48638333	542
16.49541667	542
16.50411667	522
16.5129	527
16.52188333	539
16.53116667	557
16.5404	554
16.54943333	542
16.55866667	554
16.56773333	544
16.57678333	543
16.58593333	549
16.59475	529
16.60331667	514
16.61183333	511
16.6207	532
16.63028333	575
16.6405	613
16.65055	603
16.66148333	656
16.67321667	704
16.68371667	630
16.69488333	670
16.71566667	0
16.7263	638
16.73746667	670
16.74788333	625
16.75896667	665
16.76978333	649
16.78036667	635
16.79043333	604
16.8007	616
16.81086667	610
16.82073333	592
16.83055	589
16.8402	579
16.84991667	583
16.85931667	564
16.8689	575
16.879	606
16.88888333	593
16.89833333	567
16.90818333	591
16.91801667	590
16.92823333	613
16.93803333	588
16.94755	571
16.95731667	586
16.97731667	0
16.98653333	553
17.00605	0
17.01548333	566
17.02486667	563
17.03538333	631
17.05603333	0
17.07568333	0
17.08553333	591
17.09486667	560
17.10453333	580
17.11403333	570
17.12336667	560
17.1326	554
17.14203333	566
17.151	538
17.16005	543
17.1694	561
17.17908333	581
17.18846667	563
17.1978	560
17.20746667	580
17.21716667	582
17.22653333	562
17.23585	559
17.24561667	586
17.25535	584
17.26456667	553
17.27411667	573
17.2838	581
17.29348333	581
17.30263333	549
17.31225	577
17.32188333	578
17.33165	586
17.34098333	560
17.35005	544
17.35916667	547
17.3686	566
17.37793333	560
17.38705	547
17.39621667	550
17.40565	566
17.41506667	565
17.4241	542
17.43315	543
17.44251667	562
17.45188333	562
17.46098333	546
17.4702	553
17.4797	570
17.48916667	568
17.49825	545
17.50735	546
17.51671667	562
17.52601667	558
17.53495	536
17.54383333	533
17.5529	544
17.5618	534
17.57051667	523
17.57913333	517
17.58795	529
17.59693333	539
17.60601667	545
17.61491667	534
17.62385	536
17.63321667	562
17.64248333	556
17.65148333	540
17.66073333	555
17.67058333	591
17.6798	553
17.68886667	544
17.69811667	555
17.70746667	561
17.71653333	544
17.72556667	542
17.73491667	561
17.74428333	562
17.75338333	546
17.76236667	539
17.77121667	531
17.78033333	547
17.78948333	549
17.79891667	566
17.80791667	540
17.81675	530
17.82571667	538
17.83451667	528
17.84325	524
17.85176667	511
17.86013333	502
17.8686	508
17.87708333	509
17.88586667	527
17.89436667	510
17.91195	0
17.92118333	554
17.93006667	533
17.93983333	586
17.94993333	606
17.95971667	587
17.96918333	568
17.97936667	611
17.98963333	616
17.99943333	588
18.00945	601
18.02031667	652
18.03071667	624
18.0406	593
18.05135	645
18.06181667	628
18.07156667	585
18.08151667	597
18.09215	638
18.10211667	598
18.11168333	574
18.12141667	584
18.13136667	597
18.14106667	582
18.15046667	564
18.16095	629
18.18098333	0
18.19071667	584
18.20086667	609
18.2105	578
18.21988333	563
18.2297	589
18.23953333	590
18.24906667	572
18.2584	560
18.26843333	602
18.27838333	597
18.28775	562
18.29728333	572
18.30698333	582
18.3164	565
18.32546667	544
18.33471667	555
18.34438333	580
18.35393333	573
18.36318333	555
18.37286667	581
18.38283333	598
18.39223333	564
18.40185	577
18.41195	606
18.42203333	605
18.43145	565
18.44128333	590
18.45156667	617
18.46108333	571
18.4705	565
18.48013333	578
18.48981667	581
18.49906667	555
18.50825	551
18.51786667	577
18.52751667	579
18.53673333	553
18.54611667	563
18.55601667	594
18.56561667	576
18.57486667	555
18.58473333	592
18.59505	619
18.6047	579
18.61406667	562
18.624	596
18.63391667	595
18.64323333	559
18.65296667	584
18.66256667	576
18.6721	572
18.68128333	551
18.69108333	588
18.7011	601
18.71058333	569
18.71998333	564
18.7297	583
18.73928333	575
18.74843333	549
18.75775	559
18.76728333	572
18.77665	562
18.78571667	544
18.7951	563
18.80465	573
18.81423333	575
18.82338333	549
18.83265	556
18.8421	567
18.85178333	581
18.861	553
18.87015	549
18.87981667	580
18.88958333	586
18.89903333	567
18.90838333	561
18.91848333	606
18.92811667	578
18.93733333	553
18.94731667	599
18.95715	590
18.96636667	553
18.97566667	558
18.98536667	582
18.99486667	570
19.00413333	556
19.01386667	584
19.0238	596
19.03311667	559
19.04255	566
19.06218333	0
19.07143333	555
19.0811	580
19.09066667	574
19.09985	551
19.10886667	541
19.11831667	567
19.12775	566
19.13698333	554
19.14616667	551
19.15556667	564
19.16516667	576
19.1744	554
19.19293333	0
19.20208333	549
19.21105	538
19.22036667	559
19.22975	563
19.23875	540
19.24785	546
19.25756667	583
19.26711667	573
19.27646667	561
19.28548333	541
19.29466667	551
19.304	560
19.31348333	569
19.32261667	548
19.33178333	550
19.34131667	572
19.35083333	571
19.36003333	552
19.3692	550
19.37898333	587
19.38901667	602
19.40828333	0
19.41813333	591
19.42853333	624
19.43835	589
19.44773333	563
19.45733333	576
19.46755	613
19.47733333	587
19.48683333	570
19.49675	595
19.50651667	586
19.51588333	562
19.52543333	573
19.53551667	605
19.54518333	580
19.55451667	560
19.56415	578
19.57396667	589
19.5835	572
19.59265	549
19.60211667	568
19.61196667	591
19.62225	617
19.63188333	578
19.64133333	567
19.65108333	585
19.66095	592
19.6705	573
19.67976667	556
19.6898	602
19.70005	615
19.70998333	596
19.7193	559
19.72898333	581
19.73886667	593
19.74848333	577
19.7579	565
19.76766667	586
19.77806667	624
19.79886667	0
19.80886667	600
19.82003333	670
19.83111667	665
19.84133333	613
19.85113333	588
19.86183333	642
19.87183333	600
19.88135	571
19.891	579
19.90143333	626
19.91136667	596
19.92085	569
19.9305	579
19.94048333	599
19.95048333	600
19.96015	580
19.97028333	608
19.98055	616
19.9914	651
20.0014	600
20.01135	597
20.02201667	640
20.0325	629
20.04246667	598
20.05263333	610
20.06386667	674
20.07421667	621
20.08405	590
20.09421667	610
20.10478333	634
20.1262	0
20.13666667	628
20.14741667	645
20.15738333	598
20.1671	583
20.17668333	575
20.18618333	570
20.19545	556
20.20456667	547
20.21353333	538
20.22316667	578
20.23265	569
20.24233333	581
20.26256667	0
20.27235	587
20.28205	582
20.29183333	587
20.30176667	596
20.31183333	604
20.32163333	588
20.3314	586
20.3413	594
20.35103333	584
20.36073333	582
20.37021667	569
20.37996667	585
20.38966667	582
20.39903333	562
20.4082	550
20.41745	555
20.42671667	556
20.43588333	550
20.4448	535
20.45388333	545
20.46313333	555
20.47275	577
20.48236667	577
20.49211667	585
20.50243333	619
20.51308333	639
20.52391667	650
20.53443333	631
20.5446	610
20.55443333	590
20.5644	598
20.57558333	671
20.58618333	636
20.59675	634
20.60738333	638
20.61805	640
20.62868333	638
20.63935	640
20.65048333	668
20.66165	670
20.67301667	682
20.68401667	660
20.69498333	658
20.70598333	660
20.7173	679
20.72841667	667
20.73915	644
20.74975	636
20.76053333	647
20.77125	643
20.78151667	616
20.79178333	616
20.80203333	615
20.81213333	606
20.82228333	609
20.8326	619
20.84296667	622
20.85303333	604
20.86328333	615
20.87406667	647
20.88456667	630
20.89496667	624
20.90538333	625
20.91586667	629
20.92686667	660
20.9373	626
20.9478	630
20.95878333	659
20.97041667	698
20.9818	683
20.993	672
21.00418333	671
21.0153	667
21.0267	684
21.0375	648
21.04806667	634
21.05883333	646
21.0707	712
21.08185	669
21.09265	648
21.10343333	647
21.11373333	618
21.12373333	600
21.13356667	590
21.14346667	594
21.15355	605
21.16386667	619
21.17475	653
21.186	675
21.19728333	677
21.20896667	701
21.22035	683
21.23151667	670
21.2422	641
21.25275	633
21.26323333	629
21.27406667	650
21.28535	677
21.29658333	674
21.30758333	660
21.31893333	681
21.3311	730
21.34398333	773
21.35671667	764
21.36911667	744
21.3809	707
21.3927	708
21.40496667	736
21.41776667	768
21.43025	749
21.44243333	731
21.45376667	680
21.46506667	678
21.4761	662
21.487	654
21.49783333	650
21.50931667	689
21.52085	692
21.532	669
21.54306667	664
21.55466667	696
21.566	680
21.57706667	664
21.58865	695
21.59996667	679
21.61066667	642
21.62138333	643
21.63288333	690
21.64443333	693
21.65675	739
21.68143333	0
21.693	694
21.70423333	674
21.71568333	687
21.7282	751
21.73998333	707
21.7514	685
21.76236667	658
21.77345	665
21.78411667	640
21.7945	623
21.80448333	599
21.81441667	596
21.82471667	618
21.83486667	609
21.84505	611
21.85571667	640
21.86655	650
21.87765	666
21.88861667	658
21.89938333	646
21.90966667	617
21.91986667	612
21.92983333	598
21.93975	595
21.94961667	592
21.95935	584
21.96895	576
21.97848333	572
21.98803333	573
21.9976	574
22.00726667	580
22.01723333	598
22.02716667	596
22.03733333	610
22.04835	661
22.05921667	652
22.06973333	631
22.08033333	636
22.09091667	635
22.10118333	616
22.11155	622
22.12193333	623
22.13235	625
22.1425	609
22.15251667	601
22.16251667	600
22.17243333	595
22.18251667	605
22.19248333	598
22.20221667	584
22.21176667	573
22.22106667	558
22.2303	554
22.23958333	557
22.24973333	609
22.26	616
22.2703	618
22.28035	603
22.29025	594
22.3002	597
22.30986667	580
22.31935	569
22.32888333	572
22.33833333	567
22.34833333	600
22.359	640
22.37	660
22.38111667	667
22.39236667	675
22.40356667	672
22.41475	671
22.42553333	647
22.43595	625
22.44608333	608
22.4561	601
22.46583333	584
22.47541667	575
22.48501667	576
22.4946	575
22.50431667	583
22.51426667	597
22.52453333	616
22.53483333	618
22.54515	619
22.55548333	620
22.56616667	641
22.57725	665
22.58836667	667
22.59928333	655
22.61011667	650
22.62063333	631
22.63135	643
22.64203333	641
22.66278333	0
22.67281667	602
22.68273333	595
22.69265	595
22.70236667	583
22.7122	590
22.72245	615
22.73251667	604
22.74266667	609
22.75281667	609
22.76303333	613
22.77335	619
22.78376667	625
22.7946	650
22.80566667	664
22.81681667	669
22.82768333	652
22.83816667	629
22.84856667	624
22.85865	605
22.86855	594
22.8781	573
22.8873	552
22.89638333	545
22.90541667	542
22.91521667	588
22.925	587
22.93448333	569
22.94403333	573
22.95506667	662
22.96613333	664
22.97685	643
22.98778333	656
22.99913333	681
23.01096667	710
23.02323333	736
23.03473333	690
23.04601667	677
23.05751667	690
23.06958333	724
23.08213333	753
23.09451667	743
23.10646667	717
23.11781667	681
23.12935	692
23.1423	777
23.15638333	845
23.16983333	807
23.18311667	797
23.19515	722
23.20723333	725
23.21931667	725
23.2311	707
23.24233333	674
23.25361667	677
23.26523333	697
23.27728333	723
23.28926667	719
23.30103333	706
23.31306667	722
23.32486667	708
23.3361	674
23.34693333	650
23.35766667	644
23.36815	629
23.37846667	619
23.38861667	609
23.39856667	597
23.40868333	607
23.41886667	611
23.429	608
23.43918333	611
23.44951667	620
23.45985	620
23.47005	612
23.48021667	610
23.49021667	600
23.50013333	595
23.50983333	582
23.51933333	570
23.52856667	554
23.53766667	546
23.54655	533
23.55533333	527
23.56406667	524
23.57311667	543
23.58281667	582
23.59336667	633
23.60401667	639
23.61441667	624
23.62466667	615
23.63513333	628
23.64548333	621
23.65581667	620
23.66591667	606
23.67601667	606
23.68601667	600
23.69581667	588
23.70573333	595
23.71578333	603
23.72631667	632
23.7372	653
23.74808333	653
23.75898333	654
23.78046667	0
23.7911	638
23.80171667	637
23.81236667	639
23.8231	644
23.83398333	653
23.84493333	657
23.85558333	639
23.86641667	650
23.87723333	649
23.88795	643
23.89858333	638
23.90915	634
23.92026667	667
23.93131667	663
23.9423	659
23.95313333	650
23.96348333	621
23.97358333	606
23.98373333	609
23.99363333	594
24.00366667	602
24.01415	629
24.0252	663
24.03661667	685
24.0479	677
24.05888333	659
24.06968333	648
24.08048333	648
24.09135	652
24.10236667	661
24.11373333	682
24.12481667	665
24.13568333	652
24.14653333	651
24.15775	673
24.16896667	673
24.18016667	672
24.19163333	688
24.20281667	671
24.2135	641
24.22435	651
24.23528333	656
24.24645	670
24.25783333	683
24.26871667	653
24.27941667	642
24.29016667	645
24.30078333	637
24.31168333	654
24.32221667	632
24.33295	644
24.34381667	652
24.35476667	657
24.36535	635
24.37621667	652
24.38748333	676
24.39861667	668
24.41006667	687
24.42118333	667
24.43218333	660
24.44328333	666
24.4547	685
24.4661	684
24.47736667	676
24.48835	659
24.499	639
24.51013333	668
24.5214	676
24.53278333	683
24.544	673
24.55533333	680
24.56678333	687
24.57835	694
24.58968333	680
24.60156667	713
24.61395	743
24.62605	726
24.63768333	698
24.64913333	687
24.66061667	689
24.67173333	667
24.68255	649
24.69333333	647
24.7044	664
24.71568333	677
24.72691667	674
24.73815	674
24.74911667	658
24.76026667	669
24.7714	668
24.78253333	668
24.79373333	672
24.80466667	656
24.8151	626
24.82561667	631
24.83596667	621
24.84636667	624
24.85648333	607
24.8665	601
24.87633333	590
24.88615	589
24.89651667	622
24.90676667	615
24.91716667	624
24.92753333	622
24.93808333	633
24.94865	634
24.95921667	634
24.96995	644
24.98063333	641
24.99106667	626
25.00128333	613
25.01121667	596
25.02128333	604
25.0311	589
25.04068333	575
25.05005	562
25.05956667	571
25.06943333	592
25.07935	595
25.08928333	596
25.09921667	596
25.109	587
25.11883333	590
25.12858333	585
25.13826667	581
25.14806667	588
25.1579	590
25.1677	588
25.17736667	580
25.18708333	583
25.19645	562
25.20581667	562
25.2152	563
25.22458333	563
25.23388333	558
25.24318333	558
25.25301667	590
25.2645	689
25.27646667	718
25.28816667	702
25.2993	668
25.3109	696
25.3226	702
25.33423333	698
25.34561667	683
25.35655	656
25.36736667	649
25.37785	629
25.3884	633
25.40038333	719
25.41266667	737
25.42461667	717
25.43626667	699
25.44738333	667
25.45831667	656
25.4692	653
25.47948333	617
25.48971667	614
25.5001	623
25.51053333	626
25.52085	619
25.5314	633
25.5417	618
25.55191667	613
25.56215	614
25.57231667	610
25.58245	608
25.59255	606
25.60266667	607
25.61263333	598
25.62263333	600
25.63253333	594
25.64235	589
25.6519	573
25.66148333	575
25.6711	577
25.68063333	572
25.69008333	567
25.69941667	560
25.709	575
25.71868333	581
25.72841667	584
25.73843333	601
25.74901667	635
25.76006667	663
25.7715	686
25.78223333	644
25.79285	637
25.8036	645
25.8144	648
25.82556667	670
25.83681667	675
25.84776667	657
25.85903333	676
25.8703	676
25.88141667	667
25.89203333	637
25.90268333	639
25.91328333	636
25.92431667	662
25.93491667	636
25.94586667	657
25.95713333	676
25.96873333	696
25.98011667	683
25.99118333	664
26.00191667	644
26.01305	668
26.0257	759
26.03833333	758
26.05071667	743
26.06281667	726
26.07468333	712
26.08653333	711
26.09861667	725
26.10996667	681
26.12098333	661
26.13251667	692
26.14418333	700
26.15625	724
26.16856667	739
26.18135	767
26.19401667	760
26.20666667	759
26.21898333	739
26.231	721
26.2425	690
26.25383333	680
26.26496667	668
26.27615	671
26.28728333	668
26.29866667	683
26.30991667	675
26.32101667	666
26.33278333	706
26.34418333	684
26.35545	676
26.36688333	686
26.37835	688
26.38905	642
26.39985	648
26.4107	651
26.42168333	659
26.4329	673
26.44386667	658
26.45466667	648
26.46523333	634
26.47558333	621
26.48603333	627
26.49648333	627
26.50698333	630
26.51735	622
26.52741667	604
26.53746667	603
26.54741667	597
26.55716667	585
26.56686667	582
26.57651667	579
26.58613333	577
26.59588333	585
26.60618333	618
26.61771667	692
26.62943333	703
26.641	694
26.65196667	658
26.66295	659
26.67426667	679
26.6858	692
26.69755	705
26.70916667	697
26.7204	674
26.7313	654
26.74243333	668
26.75351667	665
26.76475	674
26.77606667	679
26.78706667	660
26.79795	653
26.80898333	662
26.82025	676
26.83198333	704
26.84338333	684
26.85478333	684
26.86606667	677
26.87763333	694
26.88916667	692
26.89995	647
26.9107	645
26.92131667	637
26.93166667	621
26.94171667	603
26.9516	593
26.96156667	598
26.97153333	598
26.9816	604
26.99171667	607
27.00166667	597
27.01166667	600
27.02181667	609
27.03235	632
27.04343333	665
27.05436667	656
27.06526667	654
27.07613333	652
27.08715	661
27.0982	663
27.10973333	692
27.12153333	708
27.1334	712
27.14446667	664
27.1556	668
27.16646667	652
27.17763333	670
27.19015	751
27.20208333	716
27.21386667	707
27.22593333	724
27.23778333	711
27.2495	703
27.26131667	709
27.27315	710
27.28486667	703
27.29633333	688
27.30736667	662
27.31868333	679
27.33	679
27.34128333	677
27.35283333	693
27.36341667	635
27.37446667	663
27.38528333	649
27.39603333	645
27.40698333	657
27.41756667	635
27.42818333	637
27.43896667	647
27.44973333	646
27.46076667	662
27.47203333	676
27.48373333	702
27.49511667	683
27.50615	662
27.51743333	677
27.5287	676
27.53996667	676
27.55141667	687
27.56285	686
27.57408333	674
27.58485	646
27.59581667	658
27.6069	665
27.61813333	674
27.62925	667
27.64048333	674
27.65203333	693
27.66363333	696
27.67455	655
27.68581667	676
27.6972	683
27.70851667	679
27.71926667	645
27.73088333	697
27.74238333	690
27.75386667	689
27.76476667	654
27.7754	638
27.7862	648
27.79721667	661
27.80806667	651
27.81903333	658
27.83051667	689
27.84173333	673
27.85306667	680
27.86393333	652
27.87561667	701
27.88725	698
27.8991	711
27.91046667	682
27.92201667	693
27.93361667	696
27.94518333	694
27.95623333	663
27.96685	637
27.97758333	644
27.98861667	662
27.99971667	666
28.01093333	673
28.0227	706
28.03463333	716
28.04618333	693
28.05825	724
28.0701	711
28.08156667	688
28.09315	695
28.10461667	688
28.11568333	664
28.12645	646
28.13721667	646
28.14776667	633
28.15795	611
28.16791667	598
28.17836667	627
28.18863333	616
28.1987	604
28.20901667	619
28.21931667	618
28.22976667	627
28.2401	620
28.25051667	625
28.26106667	633
28.27216667	666
28.28303333	652
28.29371667	641
28.30421667	630
28.31455	620
28.32536667	649
28.33611667	645
28.34723333	667
28.35863333	684
28.37028333	699
28.38168333	684
28.39301667	680
28.40368333	640
28.41443333	645
28.42545	661
28.43681667	682
28.44826667	687
28.45981667	693
28.47065	650
28.48143333	647
28.49185	625
28.50225	624
28.51276667	631
28.52313333	622
28.5333	610
28.54366667	622
28.55398333	619
28.56473333	645
28.57546667	644
28.58618333	643
28.59713333	657
28.60826667	668
28.61871667	627
28.62918333	628
28.63953333	621
28.65	628
28.6608	648
28.6717	654
28.68245	645
28.69296667	631
28.70335	623
28.71385	630
28.72456667	643
28.73518333	637
28.74588333	642
28.75655	640
28.7674	651
28.77803333	638
28.78853333	630
28.79898333	627
28.80983333	651
28.82068333	651
28.83151667	650
28.8422	641
28.85285	639
28.8636	645
28.87403333	626
28.884	598
28.89415	609
28.9042	603
28.91441667	613
28.92463333	613
28.93486667	614
28.94521667	621
28.95646667	675
28.9683	710
28.97975	687
28.99136667	697
29.00321667	711
29.01491667	702
29.02623333	679
29.03695	643
29.04778333	650
29.05843333	639
29.06921667	647
29.08015	656
29.09095	648
29.1019	657
29.11276667	652
29.12325	629
29.13353333	617
29.14398333	627
29.15431667	620
29.16461667	618
29.17516667	633
29.1859	644
29.19703333	668
29.20791667	653
29.2187	647
29.22936667	640
29.24083333	688
29.25231667	689
29.26395	698
29.27473333	647
29.28595	673
29.29695	660
29.30768333	644
29.31803333	621
29.32818333	609
29.33793333	585
29.34776667	590
29.3576	590
29.36791667	619
29.37833333	625
29.3895	670
29.40165	729
29.41395	738
29.42688333	776
29.43866667	707
29.45081667	729
29.46233333	691
29.47438333	723
29.48621667	710
29.49758333	682
29.50888333	678
29.5204	691
29.5318	684
29.54346667	700
29.55503333	694
29.56676667	704
29.57791667	669
29.58868333	646
29.59958333	654
29.61126667	701
29.62486667	816
29.63838333	811
29.65008333	702
29.66223333	729
29.67415	715
29.6858	699
29.69663333	650
29.70768333	663
29.71853333	651
29.72906667	632
29.73983333	646
29.75106667	674
29.76288333	709
29.77458333	702
29.7862	697
29.79735	669
29.80878333	686
29.82011667	680
29.8316	689
29.84293333	680
29.85356667	638
29.86393333	622
29.87451667	635
29.8853	647
29.89611667	649
29.90675	638
29.91721667	628
29.92795	644
29.93921667	676
29.95095	704
29.96293333	719
29.97513333	732
29.98726667	728
29.99913333	712
30.01073333	696
30.02235	697
30.03406667	703
30.04586667	708
30.05751667	699
30.06915	698
30.0809	705
30.09233333	686
30.10396667	698
30.11543333	688
30.12663333	672
30.13796667	680
30.14948333	691
30.16121667	704
30.17253333	679
30.18381667	677
30.1967	773
30.20975	783
30.2216	711
30.234	744
30.24663333	758
30.25968333	783
30.27201667	740
30.28365	698
30.29553333	713
30.30715	697
30.31908333	716
30.33035	676
30.34113333	647
30.35175	637
30.36228333	632
30.37245	610
30.3826	609
30.39246667	592
30.40233333	592
30.41253333	612
30.42256667	602
30.43258333	601
30.44296667	623
30.453	602
30.46281667	589
30.47263333	589
30.48273333	606
30.49276667	602
30.50293333	610
30.51346667	632
30.5238	620
30.53418333	623
30.54491667	644
30.55548333	634
30.56605	634
30.57666667	637
30.5874	644
30.598	636
30.6087	642
30.6197	660
30.63103333	680
30.64243333	684
30.65363333	672
30.66495	679
30.67638333	686
30.6877	679
30.69875	663
30.71065	714
30.72213333	689
30.7334	676
30.7455	726
30.75835	771
30.77128333	776
30.78381667	752
30.79531667	690
30.80626667	657
30.81756667	678
30.82873333	670
30.83958333	651
30.85031667	644
30.86095	638
30.87141667	628
30.88211667	642
30.893	653
30.9036	636
30.91391667	619
30.92428333	622
30.93451667	614
30.94453333	601
30.95425	583
30.96378333	572
30.97301667	554
30.98208333	544
30.99138333	558
31.00103333	579
31.01133333	618
31.0216	616
31.03166667	604
31.0416	596
31.05171667	607
31.06216667	627
31.07268333	631
31.08315	628
31.09365	630
31.10406667	625
31.11443333	622
31.12465	613
31.13493333	617
31.14523333	618
31.15543333	612
31.16528333	591
31.17528333	600
31.18535	604
31.19538333	602
31.20558333	612
31.2157	607
31.22548333	587
31.2355	601
31.24578333	617
31.25603333	615
31.26631667	617
31.27661667	618
31.28678333	610
31.29683333	603
31.3068	598
31.31665	591
31.32643333	587
31.33633333	594
31.34661667	617
31.3571	629
31.36758333	629
31.37821667	638
31.38863333	625
31.39886667	614
31.40895	605
31.41876667	589
31.42841667	579
31.43801667	576
31.4479	593
31.45781667	595
31.46788333	604
31.47813333	615
31.48803333	594
31.4976	574
31.50736667	586
31.51725	593
31.52755	618
31.53788333	620
31.54796667	605
31.55788333	595
31.5676	583
31.57735	585
31.58736667	601
31.5973	596
31.6071	588
31.61693333	590
31.62703333	606
31.63738333	621
31.64805	640
31.65921667	670
31.67103333	709
31.68266667	698
31.69425	695
31.7059	699
31.71743333	692
31.7289	688
31.74026667	682
31.75136667	666
31.76233333	658
31.7733	658
31.7839	636
31.79425	621
31.80485	636
31.8153	627
31.82673333	686
31.83771667	659
31.84818333	628
31.8585	619
31.8687	612
31.87848333	587
31.88831667	590
31.89826667	597
31.9086	620
31.91876667	610
31.92918333	625
31.93943333	615
31.94931667	593
31.95911667	588
31.96908333	598
31.9791	601
31.98915	603
31.99886667	583
