0.013466667	823
0.027283333	808
0.040316667	829
0.051966667	782
0.063516667	699
0.074683333	693
0.085733333	670
0.097733333	663
0.110466667	720
0.12375	764
0.136283333	797
0.149533333	752
0.16315	795
0.176533333	817
0.1893	803
0.202233333	766
0.2157	776
0.2286	808
0.2406	774
0.252866667	720
0.265366667	736
0.27725	750
0.2897	713
0.30265	747
0.316366667	777
0.329533333	823
0.3433	790
0.357166667	826
0.37095	832
0.38425	827
0.3981	798
0.411916667	831
0.425266667	829
0.438816667	801
0.452583333	813
0.466316667	826
0.4794	824
0.493133333	785
0.507483333	824
0.5212	861
0.534833333	823
0.54885	818
0.561666667	841
0.573616667	769
0.58585	717
0.598216667	734
0.610416667	742
0.623133333	732
0.636566667	763
0.650116667	806
0.6631	813
0.6769	779
0.690466667	828
0.70335	814
0.7167	773
0.73	801
0.742366667	798
0.755233333	742
0.768366667	772
0.7813	788
0.793416667	776
0.806366667	727
0.819783333	777
0.8332	805
0.845866667	805
0.85955	760
0.873733333	821
0.886933333	851
0.900166667	792
0.913833333	794
0.928033333	820
0.941366667	852
0.9535	800
0.966266667	728
0.979416667	766
0.992766667	789
1.005066667	801
1.01755	738
1.030433333	749
1.043333333	773
1.05595	774
1.0675	757
1.079683333	693
1.09175	731
1.103933333	724
1.115666667	731
1.126916667	704
1.138366667	675
1.149783333	687
1.160983333	685
1.171916667	672
1.18335	656
1.195116667	686
1.207233333	706
1.21875	727
1.23125	691
1.24405	750
1.257166667	768
1.269566667	787
1.282383333	744
1.295233333	769
1.307533333	771
1.319233333	738
1.331566667	702
1.344166667	740
1.35625	756
1.368566667	725
1.381266667	739
1.393933333	762
1.406116667	760
1.418833333	731
1.431633333	763
1.443633333	768
1.455866667	720
1.4684	734
1.480616667	752
1.4923	733
1.5049	701
1.517683333	756
1.529433333	767
1.5414	705
1.553466667	718
1.565416667	724
1.57675	717
1.58885	680
1.60125	726
1.612783333	744
1.625266667	692
1.6381	749
1.650666667	770
1.662683333	754
1.6754	721
1.688466667	763
1.701033333	784
1.7134	754
1.726166667	742
1.738533333	766
1.750133333	742
1.762716667	696
1.775183333	755
1.787716667	748
1.799433333	752
1.812066667	703
1.824933333	758
1.837966667	772
1.85045	782
1.863783333	749
1.877416667	800
1.890566667	818
1.90315	789
1.916016667	755
1.929	772
1.941033333	779
1.953116667	722
1.96595	725
1.978533333	770
1.990316667	755
2.003133333	707
2.015933333	769
2.028233333	768
2.040733333	738
2.05365	750
2.0662	775
2.077933333	753
2.090233333	704
2.102683333	738
2.11455	747
2.126683333	712
2.13985	728
2.153283333	790
2.16595	806
2.17925	760
2.192666667	798
2.205633333	805
2.217766667	778
2.2309	728
2.244116667	788
2.256383333	793
2.268483333	736
2.28125	726
2.2943	766
2.30655	783
2.3188	735
2.331533333	735
2.344	764
2.355866667	748
2.368516667	712
2.381366667	759
2.394133333	771
2.4064	766
2.41925	736
2.432333333	771
2.445033333	785
2.45685	762
2.4694	709
2.481866667	753
2.493833333	748
2.5054	718
2.5177	694
2.530116667	738
2.541566667	745
2.55315	687
2.565283333	695
2.577316667	728
2.58915	722
2.600616667	710
2.612716667	688
2.62515	726
2.637666667	746
2.649433333	751
2.661333333	706
2.673766667	714
2.686283333	746
2.698166667	751
2.710066667	713
2.722283333	714
2.734816667	733
2.746966667	752
2.75965	729
2.772816667	761
2.786	790
2.798633333	791
2.81205	758
2.825316667	805
2.837833333	796
2.850666667	751
2.863433333	770
2.8754	766
2.8876	718
2.9	732
2.91275	744
2.924866667	765
2.937833333	727
2.951233333	778
2.964266667	804
2.9776	782
2.99115	800
3.00415	813
3.016866667	780
3.030066667	763
3.043183333	792
3.0556	787
3.068466667	745
3.081483333	772
3.093883333	781
3.106166667	744
3.119316667	737
3.132283333	789
3.14465	778
3.157216667	742
3.1702	754
3.183166667	779
3.19535	778
3.208083333	731
3.22115	764
3.23335	784
3.2456	732
3.258416667	735
3.27125	769
3.283533333	770
3.296433333	737
3.309533333	774
3.321933333	786
3.334216667	744
3.34715	737
3.3597	776
3.371266667	753
3.383583333	694
3.396083333	739
3.408433333	750
3.419966667	741
3.432483333	692
3.44505	751
3.45745	754
3.46935	744
3.481816667	714
3.49455	748
3.507483333	764
3.519833333	776
3.532433333	741
3.5453	756
3.558066667	772
3.570216667	766
3.5826	729
3.595183333	743
3.607483333	755
3.619083333	738
3.631333333	696
3.64385	735
3.6561	751
3.667983333	735
3.6805	713
3.693066667	751
3.705183333	754
3.716766667	727
3.72905	695
3.741316667	737
3.75325	736
3.7647	716
3.777366667	687
3.790466667	760
3.80295	786
3.8152	749
3.828016667	735
3.840866667	769
3.852766667	771
3.86505	714
3.877766667	737
3.890666667	763
3.902783333	774
3.91465	727
3.927483333	712
3.940433333	770
3.9528	777
3.965033333	742
3.977816667	734
3.99035	767
4.0026	752
4.015616667	735
4.027966667	781
4.03915	741
4.051266667	671
4.0635	727
4.075883333	734
4.088116667	743
4.099866667	734
4.111	705
4.1217	668
4.132016667	642
4.14205	619
4.151833333	602
4.16155	587
4.17115	583
4.1808	576
4.190866667	579
4.20165	604
4.213116667	647
4.224566667	688
4.236166667	687
4.24885	696
4.26185	761
4.274566667	780
4.2871	763
4.300416667	752
4.3138	799
4.326516667	803
4.339133333	763
4.35185	757
4.364416667	763
4.376383333	754
4.388133333	718
4.400716667	705
4.414016667	755
4.426433333	798
4.438416667	745
4.4513	719
4.46505	773
4.47815	825
4.490333333	786
4.503283333	731
4.516733333	777
4.52965	807
4.542433333	775
4.5562	767
4.57005	826
4.583266667	831
4.5966	793
4.610416667	800
4.624116667	829
4.637083333	822
4.6507	778
4.664433333	817
4.677466667	824
4.690833333	782
4.704583333	802
4.717766667	825
4.730766667	791
4.744416667	780
4.758033333	819
4.771183333	817
4.785016667	789
4.798983333	830
4.81215	838
4.825916667	790
4.8399	826
4.853116667	839
4.866783333	793
4.880666667	820
4.8937	833
4.906816667	782
4.919533333	787
4.9314	763
4.94375	712
4.956716667	741
4.969916667	778
4.982066667	792
4.995416667	729
5.009333333	801
5.02285	835
5.03595	811
5.04965	786
5.06355	822
5.0768	834
5.090333333	795
5.103966667	812
5.117233333	818
5.129733333	796
5.14285	750
5.1559	787
5.168583333	783
5.1804	761
5.193116667	709
5.206833333	763
5.220216667	823
5.233233333	803
5.247	781
5.26075	826
5.27385	825
5.287233333	786
5.3	803
5.311433333	766
5.323	686
5.335466667	694
5.348516667	748
5.360683333	783
5.372033333	730
5.383316667	681
5.394933333	677
5.4088	697
5.42225	832
5.435883333	807
5.449766667	818
5.463733333	833
5.477066667	838
5.49065	800
5.503783333	815
5.5161	788
5.52805	739
5.539383333	717
5.550816667	680
5.562566667	686
5.574666667	705
5.5875	726
5.600833333	770
5.613766667	800
5.627283333	776
5.641283333	811
5.655066667	840
5.667966667	827
5.6811	774
5.69385	788
5.705866667	765
5.717483333	721
5.730016667	697
5.742966667	752
5.75535	777
5.768766667	743
5.7831	805
5.797283333	860
5.811033333	851
5.825866667	825
5.840966667	890
5.855066667	906
5.8697	846
5.884233333	878
5.897683333	872
5.910666667	807
5.923816667	779
5.936583333	789
5.948566667	766
5.961966667	719
5.975916667	804
5.988916667	837
6.00295	780
6.017316667	842
6.030783333	862
6.04435	808
6.05815	814
6.0717	828
6.084283333	813
6.097666667	755
6.111416667	803
6.12405	825
6.1368	758
6.150216667	765
6.163866667	805
6.17665	819
6.19	767
6.203616667	801
6.216883333	817
6.229966667	796
6.243566667	785
6.2571	816
6.2702	812
6.283533333	786
6.296133333	800
6.308066667	756
6.321283333	716
6.3345	793
6.346883333	793
6.358516667	743
6.370416667	698
6.38255	714
6.394383333	728
6.405433333	710
6.416816667	663
6.4279	683
6.439283333	665
6.45035	683
6.4608	664
6.471233333	627
6.48155	626
6.491533333	619
6.501616667	599
6.511633333	605
6.521616667	601
6.53145	599
6.541283333	590
6.551066667	590
6.560733333	587
6.570283333	580
6.5798	573
6.589316667	571
6.598933333	571
6.60875	577
6.619033333	589
6.62925	617
6.6395	613
6.64995	615
6.660983333	627
6.672366667	662
6.683366667	683
6.6943	660
6.70615	656
6.718716667	711
6.731633333	754
6.7439	775
6.756116667	736
6.7687	733
6.781733333	755
6.794116667	782
6.806	743
6.818116667	713
6.8305	727
6.8424	743
6.853983333	714
6.866416667	695
6.8792	746
6.891333333	767
6.903516667	728
6.916316667	731
6.929183333	768
6.9413	772
6.953733333	727
6.966216667	746
6.978616667	749
6.990466667	744
7.00215	711
7.014383333	701
7.026266667	734
7.037766667	713
7.050966667	690
7.063583333	792
7.0752	757
7.087116667	697
7.10035	715
7.112316667	794
7.1244	718
7.137466667	725
7.150016667	784
7.161666667	753
7.173316667	699
7.18485	699
7.1958	692
7.206866667	657
7.218	664
7.2287	668
7.239683333	642
7.250516667	659
7.261383333	650
7.272283333	652
7.283183333	654
7.294016667	654
7.30465	650
7.3156	638
7.3264	657
7.337166667	648
7.34755	646
7.358033333	623
7.368466667	629
7.378733333	626
7.388916667	616
7.399233333	611
7.409533333	619
7.4199	618
7.430016667	622
7.440116667	607
7.4504	606
7.4607	617
7.470933333	618
7.481133333	614
7.4915	612
7.501783333	622
7.5119	617
7.522016667	607
7.532433333	607
7.542783333	625
7.5531	621
7.563233333	619
7.573583333	608
7.5838	621
7.5941	613
7.604066667	618
7.613766667	598
7.623383333	582
7.63315	577
7.642966667	586
7.652816667	589
7.6626	591
7.672716667	587
7.682883333	607
7.693083333	610
7.703216667	612
7.71365	608
7.7242	626
7.734816667	633
7.745483333	637
7.756516667	640
7.767483333	662
7.778266667	658
7.789333333	647
7.8004	664
7.811433333	664
7.82215	662
7.833116667	643
7.844083333	658
7.855016667	658
7.865783333	656
7.87675	646
7.888016667	658
7.898933333	676
7.91035	655
7.921616667	685
7.932966667	676
7.9439	681
7.95505	656
7.966666667	669
7.977583333	697
7.988716667	655
8.000116667	668
8.011683333	684
8.022716667	694
8.033766667	662
8.04505	663
8.05625	677
8.066983333	672
8.078	644
8.088816667	661
8.099916667	649
8.110816667	666
8.121516667	654
8.132583333	642
8.143583333	664
8.154483333	660
8.165183333	654
8.175966667	642
8.187016667	647
8.197583333	663
8.208116667	634
8.218966667	632
8.229966667	651
8.240966667	660
8.2518	660
8.2628	650
8.274083333	660
8.2849	677
8.296016667	649
8.307216667	667
8.318516667	672
8.329616667	678
8.340583333	666
8.351566667	658
8.362716667	659
8.37345	669
8.384283333	644
8.395283333	650
8.4062	660
8.41685	655
8.42785	639
8.438583333	660
8.449466667	644
8.46015	653
8.470833333	641
8.481733333	641
8.492316667	654
8.5027	635
8.513283333	623
8.523833333	635
8.534416667	633
8.5449	635
8.555316667	629
8.566233333	625
8.57715	655
8.5879	655
8.599233333	645
8.610916667	680
8.621833333	701
8.63325	655
8.644483333	685
8.655316667	674
8.666283333	650
8.6771	658
8.687766667	649
8.698366667	640
8.70895	636
8.7196	635
8.729783333	639
8.739983333	611
8.750416667	612
8.760766667	626
8.771016667	621
8.781633333	615
8.792366667	637
8.803116667	644
8.8137	645
8.824183333	635
8.835083333	629
8.845683333	654
8.8561	636
8.8669	625
8.877833333	648
8.888383333	656
8.899216667	633
8.909883333	650
8.92065	640
8.93115	646
8.941583333	630
8.95225	626
8.96305	640
8.973483333	648
8.984383333	626
8.995283333	654
9.006133333	654
9.016866667	651
9.0275	644
9.038833333	638
9.049666667	680
9.06055	650
9.071433333	653
9.082333333	653
9.0928	654
9.103033333	628
9.113383333	614
9.123733333	621
9.13375	621
9.143716667	601
9.153783333	598
9.1638	604
9.173716667	601
9.18365	595
9.193716667	596
9.203883333	604
9.21375	610
9.223516667	592
9.233266667	586
9.242866667	585
9.25235	576
9.261916667	569
9.2715	574
9.280966667	575
9.290433333	568
9.299933333	568
9.309366667	570
9.318616667	566
9.328016667	555
9.337433333	564
9.346866667	565
9.35625	566
9.365783333	563
9.375416667	572
9.38485	578
9.394416667	566
9.40405	574
9.413733333	578
9.423183333	581
9.432666667	567
9.442166667	569
9.45145	570
9.460683333	557
9.470066667	554
9.479466667	563
9.48875	564
9.498	557
9.507433333	555
9.516916667	566
9.526333333	569
9.535733333	565
9.545283333	564
9.554916667	573
9.5645	578
9.57405	575
9.583816667	573
9.59355	586
9.60315	584
9.612816667	576
9.6227	580
9.6325	593
9.6422	588
9.65195	582
9.661633333	585
9.67105	581
9.680433333	565
9.689966667	563
9.6995	572
9.708916667	572
9.71825	565
9.727733333	560
9.73725	569
9.746683333	571
9.756166667	566
9.76575	569
9.775366667	575
9.784833333	577
9.794316667	568
9.803983333	569
9.81375	580
9.82335	586
9.832933333	576
9.842533333	575
9.852183333	576
9.86165	579
9.871116667	568
9.880533333	568
9.889866667	565
9.8991	560
9.908333333	554
9.917666667	554
9.927016667	560
9.9362	561
9.945383333	551
9.9547	551
9.9643	559
9.973783333	576
9.983316667	569
9.993066667	572
10.003	585
10.01275	596
10.02238333	585
10.0322	578
10.04195	589
10.0515	585
10.06095	573
10.07033333	567
10.0796	563
10.08868333	556
10.0979	545
10.1072	553
10.11631667	558
10.12536667	547
10.13448333	543
10.14376667	547
10.15293333	557
10.16205	550
10.17135	547
10.18086667	558
10.19028333	571
10.19968333	565
10.20926667	564
10.21871667	575
10.22795	567
10.23723333	554
10.24665	557
10.25595	565
10.26513333	558
10.2744	551
10.28365	556
10.29281667	555
10.30203333	550
10.31145	553
10.32086667	565
10.33011667	565
10.33933333	555
10.34873333	553
10.35815	564
10.36736667	565
10.3765	553
10.38573333	548
10.39491667	554
10.40398333	551
10.41306667	544
10.42223333	545
10.43135	550
10.44053333	547
10.44981667	551
10.45915	557
10.46841667	560
10.47758333	556
10.4869	550
10.49615	559
10.5052	555
10.51433333	543
10.52353333	548
10.5326	552
10.54163333	544
10.5507	542
10.55983333	544
10.56886667	548
10.5779	542
10.58695	542
10.59616667	543
10.6053	553
10.6144	548
10.62356667	546
10.63286667	550
10.64208333	558
10.65128333	553
10.66045	552
10.6698	550
10.6791	561
10.6883	558
10.69755	552
10.7068	555
10.71606667	555
10.72533333	556
10.7346	556
10.74401667	556
10.75341667	565
10.76268333	564
10.7719	556
10.78126667	553
10.79076667	562
10.80011667	570
10.80941667	561
10.81883333	558
10.82828333	565
10.83763333	567
10.84693333	561
10.85641667	558
10.8659	569
10.87521667	569
10.88445	559
10.89375	554
10.90311667	558
10.91231667	562
10.92141667	552
10.93051667	546
10.93958333	546
10.9486	544
10.95753333	541
10.96655	536
10.97555	541
10.98443333	540
10.9933	533
11.00225	532
11.01151667	537
11.02071667	556
11.03	552
11.0392	557
11.04848333	552
11.05758333	557
11.06641667	546
11.07521667	530
11.084	528
11.09285	527
11.1019	531
11.11075	543
11.11976667	531
11.12916667	541
11.13883333	564
11.14835	580
11.15793333	571
11.16761667	575
11.1772	581
11.18673333	575
11.1965	572
11.20628333	586
11.2158	587
11.22543333	571
11.23506667	578
11.24453333	578
11.25395	568
11.26341667	565
11.27291667	568
11.28233333	570
11.29171667	565
11.30123333	563
11.31066667	571
11.32005	566
11.32956667	563
11.3392	571
11.34868333	578
11.3582	569
11.36785	571
11.37756667	579
11.38716667	583
11.39678333	576
11.4066	577
11.41646667	589
11.42608333	592
11.4356	577
11.44506667	571
11.4546	568
11.46415	572
11.4735	573
11.48283333	561
11.49226667	560
11.50165	566
11.51083333	563
11.52005	551
11.52935	553
11.53856667	558
11.54778333	553
11.55716667	553
11.56665	563
11.57601667	569
11.58531667	562
11.59465	558
11.60416667	560
11.6136	571
11.62295	566
11.63235	561
11.64178333	564
11.65115	566
11.66041667	562
11.66968333	556
11.679	556
11.68838333	559
11.6976	563
11.70675	553
11.71596667	549
11.72511667	553
11.73426667	549
11.74343333	549
11.7527	550
11.76201667	556
11.77115	559
11.78026667	548
11.78953333	547
11.79905	556
11.8085	571
11.81786667	567
11.82741667	562
11.83693333	573
11.84626667	571
11.85565	560
11.8651	563
11.87441667	567
11.88361667	559
11.89288333	552
11.90216667	556
11.91131667	557
11.9204	549
11.92955	545
11.93885	549
11.94801667	558
11.95728333	550
11.96671667	556
11.97626667	566
11.9857	573
11.99511667	566
12.0046	565
12.01395	569
12.02321667	561
12.03258333	556
12.04196667	562
12.05125	563
12.06038333	557
12.06961667	548
12.07891667	554
12.08813333	558
12.09716667	553
12.10638333	542
12.11553333	553
12.12463333	549
12.13381667	546
12.1432	551
12.15285	563
12.16221667	579
12.17155	562
12.1811	560
12.19065	573
12.20003333	573
12.20935	563
12.21876667	559
12.22808333	565
12.23718333	559
12.24635	546
12.25555	550
12.26473333	552
12.27378333	551
12.28281667	543
12.29198333	542
12.30113333	550
12.31015	549
12.31913333	541
12.32815	539
12.3371	541
12.34601667	537
12.35493333	535
12.36396667	535
12.37286667	542
12.38168333	534
12.39055	529
12.39956667	532
12.40851667	541
12.41738333	537
12.42633333	532
12.43535	537
12.44423333	541
12.45313333	533
12.46206667	534
12.4711	536
12.47998333	542
12.48881667	533
12.4977	530
12.50663333	533
12.51546667	536
12.52431667	530
12.53323333	531
12.54215	535
12.55093333	535
12.5597	527
12.56853333	526
12.57725	530
12.58591667	523
12.59458333	520
12.60333333	520
12.61208333	525
12.62075	525
12.6294	520
12.63813333	519
12.64681667	524
12.65551667	521
12.6642	522
12.67303333	521
12.68191667	530
12.69071667	533
12.6995	528
12.7084	527
12.71741667	534
12.72643333	541
12.73541667	541
12.7445	539
12.75363333	545
12.76261667	548
12.77156667	539
12.78058333	537
12.7896	541
12.79851667	541
12.80738333	535
12.81636667	532
12.8255	539
12.83453333	548
12.84351667	542
12.85263333	539
12.8619	547
12.87143333	556
12.8808	572
12.89013333	562
12.89961667	560
12.90923333	569
12.91868333	577
12.9281	567
12.93765	565
12.94728333	573
12.95673333	578
12.96613333	567
12.97558333	564
12.98515	567
12.9945	574
13.00378333	561
13.01305	557
13.02238333	556
13.03163333	560
13.04075	555
13.04986667	547
13.059	547
13.06821667	548
13.07741667	553
13.0866	552
13.0958	551
13.10523333	552
13.11471667	566
13.124	569
13.13328333	557
13.14273333	557
13.15228333	567
13.1617	573
13.17105	565
13.18058333	561
13.1901	572
13.19953333	571
13.20896667	566
13.21855	566
13.22816667	575
13.2376	577
13.24708333	566
13.25663333	569
13.26618333	573
13.27563333	573
13.28516667	567
13.29485	572
13.30466667	581
13.31426667	589
13.32385	576
13.33351667	575
13.3432	580
13.35273333	581
13.36235	572
13.372	577
13.3816	579
13.39108333	576
13.40063333	569
13.41035	573
13.41995	583
13.42945	576
13.43903333	570
13.4487	575
13.45823333	580
13.46768333	572
13.4772	567
13.4868	571
13.49635	576
13.50573333	573
13.51518333	563
13.5248	567
13.53425	577
13.54363333	567
13.55308333	563
13.56261667	567
13.57201667	572
13.5814	564
13.5908	563
13.60043333	564
13.6099	578
13.61925	568
13.62873333	561
13.63826667	569
13.6476	572
13.65688333	560
13.66626667	557
13.67565	563
13.6849	563
13.69408333	555
13.70341667	551
13.71281667	560
13.72215	564
13.73141667	560
13.74086667	556
13.75046667	567
13.75991667	576
13.76933333	567
13.77893333	565
13.78853333	576
13.79791667	576
13.80725	563
13.8166	560
13.82603333	561
13.83533333	566
13.84463333	558
13.85401667	558
13.86338333	563
13.87265	562
13.88195	556
13.89136667	558
13.90068333	565
13.91	559
13.9194	559
13.92908333	564
13.93871667	581
13.9482	578
13.95773333	569
13.96718333	572
13.97645	567
13.98561667	556
13.99485	550
14.0041	554
14.01331667	555
14.02248333	553
14.03168333	550
14.04093333	552
14.05013333	555
14.0593	552
14.06848333	550
14.07773333	551
14.08698333	555
14.09611667	555
14.10526667	548
14.11451667	549
14.1237	555
14.13273333	551
14.14173333	542
14.15085	540
14.1599	547
14.16888333	543
14.17795	539
14.18708333	544
14.19608333	548
14.20501667	540
14.21395	536
14.22301667	536
14.23228333	544
14.24145	556
14.25055	550
14.25973333	546
14.26896667	551
14.27811667	554
14.28731667	549
14.29663333	552
14.30596667	559
14.3152	560
14.32435	554
14.33356667	549
14.34296667	553
14.35255	564
14.36206667	575
14.37163333	571
14.38148333	574
14.39121667	591
14.40073333	584
14.41025	571
14.41973333	571
14.429	569
14.43823333	556
14.44751667	554
14.45676667	557
14.46588333	555
14.47501667	547
14.48436667	548
14.49351667	561
14.50266667	549
14.51205	549
14.52161667	563
14.53116667	574
14.54073333	573
14.5505	574
14.5601	586
14.56963333	576
14.57915	572
14.5886	571
14.59801667	567
14.60753333	565
14.61708333	571
14.62648333	573
14.63581667	564
14.64528333	560
14.65475	568
14.66405	568
14.67326667	558
14.68263333	553
14.69213333	562
14.70151667	570
14.7109	563
14.7204	563
14.72981667	570
14.73915	565
14.74858333	560
14.7581	566
14.76756667	571
14.77686667	568
14.78621667	558
14.79553333	561
14.80483333	559
14.81411667	558
14.82345	557
14.8329	560
14.84215	567
14.85135	555
14.86061667	552
14.87	556
14.87938333	563
14.88868333	563
14.89806667	558
14.90763333	563
14.91705	574
14.92635	565
14.93566667	558
14.945	559
14.95433333	560
14.9635	560
14.97276667	550
14.98203333	556
14.99106667	556
14.99988333	542
15.00865	529
15.01758333	526
15.02665	536
15.03573333	544
15.04481667	545
15.05403333	545
15.06348333	553
15.0728	567
15.08206667	559
15.09143333	556
15.10093333	562
15.11021667	570
15.11953333	557
15.12893333	559
15.13841667	564
15.14771667	569
15.15696667	558
15.1663	555
15.17575	560
15.1851	567
15.19436667	561
15.20375	556
15.21326667	563
15.22268333	571
15.23213333	565
15.24166667	567
15.25113333	572
15.26055	568
15.27	565
15.2796	567
15.28903333	576
15.29838333	566
15.30785	561
15.31736667	568
15.3267	571
15.33603333	560
15.34545	560
15.355	565
15.36436667	573
15.3737	562
15.3832	560
15.39283333	570
15.40235	578
15.41181667	571
15.42125	568
15.4307	566
15.44006667	567
15.44928333	562
15.45848333	553
15.46776667	552
15.47681667	557
15.48588333	543
15.49501667	544
15.50423333	548
15.51341667	553
15.52246667	551
15.53165	543
15.5409	551
15.55011667	555
15.55928333	553
15.56848333	550
15.57773333	552
15.58681667	555
15.59591667	545
15.60505	546
15.6143	548
15.6237	555
15.63286667	564
15.64205	550
15.65131667	551
15.66081667	556
15.67033333	570
15.67971667	571
15.68911667	563
15.69866667	564
15.70805	573
15.71736667	563
15.72673333	559
15.73625	562
15.74556667	571
15.75476667	559
15.76393333	552
15.77315	550
15.78226667	553
15.79138333	547
15.80063333	547
15.80993333	555
15.8191	558
15.82818333	550
15.83741667	545
15.84678333	554
15.85611667	562
15.86536667	560
15.8747	555
15.8842	560
15.89361667	570
15.90298333	565
15.91231667	562
15.92181667	560
15.93111667	570
15.94031667	558
15.94951667	552
15.95881667	552
15.96796667	558
15.97705	549
15.98621667	545
15.99545	550
16.0046	554
16.0138	549
16.02313333	552
16.03266667	560
16.04223333	572
16.05175	574
16.06133333	571
16.0711	575
16.08076667	586
16.09031667	580
16.09978333	573
16.10935	568
16.11891667	574
16.12835	574
16.13783333	566
16.14746667	569
16.15713333	578
16.16661667	580
16.17615	569
16.18581667	572
16.19565	580
16.20523333	590
16.21478333	575
16.22446667	573
16.23426667	581
16.24395	588
16.25361667	581
16.26333333	580
16.27315	583
16.28266667	589
16.29213333	571
16.3017	568
16.31128333	574
16.3208	575
16.33036667	571
16.34013333	574
16.34976667	586
16.35921667	578
16.36868333	567
16.37823333	568
16.38776667	573
16.3972	572
16.40663333	566
16.41623333	566
16.42586667	576
16.43528333	578
16.44461667	565
16.45395	560
16.46328333	560
16.47253333	560
16.48175	555
16.49111667	553
16.50048333	562
16.50981667	562
16.51911667	560
16.52853333	558
16.53808333	565
16.5475	573
16.55696667	565
16.56665	568
16.57613333	581
16.5855	569
16.59488333	562
16.60438333	563
16.61373333	570
16.623	561
16.6324	556
16.64188333	564
16.65121667	569
16.66056667	560
16.67008333	561
16.6797	571
16.68913333	577
16.69856667	566
16.70808333	566
16.71773333	571
16.72723333	579
16.73668333	570
16.74626667	567
16.75588333	575
16.76535	577
16.77476667	568
16.78418333	565
16.79371667	565
16.80308333	572
16.81243333	562
16.82176667	561
16.83128333	560
16.84063333	571
16.84991667	561
16.85931667	557
16.86878333	564
16.87811667	568
16.88741667	560
16.8968	558
16.90623333	563
16.9156	566
16.92495	562
16.93448333	561
16.94401667	572
16.95343333	572
16.9628	565
16.97235	562
16.98188333	573
16.9913	572
17.00075	565
17.01025	567
17.01971667	570
17.02901667	568
17.03831667	558
17.0477	558
17.05718333	563
17.06648333	569
17.0758	558
17.08525	559
17.09475	567
17.10413333	570
17.11353333	563
17.12303333	564
17.13258333	570
17.142	573
17.1515	565
17.16113333	570
17.1708	578
17.1803	580
17.18978333	570
17.19943333	569
17.20895	579
17.21838333	571
17.22791667	566
17.23748333	572
17.24685	574
17.25618333	562
17.26556667	560
17.27506667	563
17.2846	570
17.29405	572
17.30353333	567
17.31308333	569
17.32246667	573
17.33178333	563
17.34108333	559
17.35048333	558
17.35975	564
17.36901667	556
17.37835	556
17.38785	560
17.39711667	570
17.40643333	556
17.41595	559
17.42555	571
17.435	576
17.44445	567
17.45403333	567
17.4635	575
17.47285	568
17.4823	561
17.4919	567
17.50138333	576
17.51085	569
17.52041667	568
17.53001667	574
17.53938333	576
17.5488	562
17.55828333	565
17.56776667	569
17.57721667	569
17.58671667	567
17.59628333	570
17.60573333	574
17.6151	567
17.6246	562
17.63401667	570
17.64338333	565
17.65283333	562
17.66251667	567
17.67206667	581
17.68165	573
17.69143333	575
17.7011	587
17.71065	580
17.72031667	573
17.73008333	580
17.73966667	586
17.74916667	575
17.75858333	570
17.76805	565
17.77731667	568
17.78655	556
17.79586667	554
17.8053	559
17.81466667	566
17.82406667	562
17.83368333	564
17.84321667	577
17.85266667	572
17.86215	567
17.87175	569
17.88115	576
17.8906	564
17.90015	567
17.9096	573
17.91886667	567
17.92808333	556
17.9374	553
17.94665	559
17.95588333	555
17.96516667	554
17.97458333	557
17.98386667	565
17.993	557
18.00218333	548
18.01125	551
18.02021667	544
18.02915	538
18.03816667	536
18.04711667	541
18.0561	537
18.06521667	539
18.0745	547
18.08375	557
18.09305	555
18.10261667	558
18.11225	574
18.12163333	578
18.1311	563
18.14061667	568
18.15023333	571
18.15968333	577
18.16918333	567
18.1788	570
18.18821667	577
18.19766667	565
18.2072	567
18.21683333	572
18.22635	578
18.23591667	571
18.24561667	574
18.25511667	582
18.26463333	570
18.27423333	571
18.28398333	576
18.29355	585
18.30298333	574
18.31251667	566
18.3222	572
18.33181667	581
18.34136667	577
18.35101667	573
18.36075	579
18.3703	584
18.37973333	573
18.38898333	566
18.39848333	555
18.40841667	570
18.41866667	596
18.42905	615
18.43908333	623
18.44905	602
18.45911667	598
18.46911667	604
18.47893333	600
18.48855	589
18.4982	577
18.50793333	579
18.51763333	584
18.52728333	582
18.53708333	579
18.547	588
18.5567	595
18.5664	582
18.57608333	582
18.58558333	581
18.59501667	570
18.60453333	566
18.61406667	571
18.62351667	572
18.6329	567
18.64241667	563
18.65213333	571
18.66166667	583
18.67116667	572
18.68078333	570
18.69043333	577
18.69986667	579
18.7093	566
18.71881667	566
18.72826667	571
18.7376	567
18.74695	560
18.75635	561
18.76571667	564
18.77493333	562
18.78426667	553
18.79363333	560
18.80291667	562
18.81218333	557
18.82158333	556
18.83111667	564
18.84056667	572
18.84996667	567
18.85945	564
18.86908333	569
18.8786	578
18.88811667	571
18.89771667	571
18.90731667	576
18.91675	576
18.92613333	566
18.93551667	563
18.94491667	563
18.95415	564
18.96341667	554
18.9727	556
18.98203333	557
18.9912	560
19.00033333	550
19.00958333	548
19.0188	555
19.02796667	553
19.03706667	550
19.04626667	546
19.05565	552
19.065	563
19.07435	561
19.08378333	561
19.09326667	566
19.10253333	569
19.11178333	556
19.12116667	555
19.13048333	563
19.1397	559
19.14886667	553
19.15811667	550
19.1672	555
19.1763	545
19.1854	546
19.1946	546
19.20376667	552
19.21288333	550
19.22205	547
19.2313	550
19.24048333	555
19.2497	551
19.25905	553
19.26848333	561
19.27776667	566
19.28696667	557
19.29631667	552
19.30555	561
19.3147	554
19.3239	549
19.3332	552
19.34231667	558
19.35148333	547
19.36075	550
19.37006667	556
19.37926667	559
19.38841667	552
19.39756667	549
19.40681667	549
19.41595	555
19.42506667	548
19.43428333	547
19.44351667	553
19.4526	554
19.4617	545
19.47086667	546
19.48006667	550
19.4891	552
19.49816667	542
19.50731667	544
19.51653333	549
19.52561667	553
19.53468333	545
19.54388333	544
19.55311667	552
19.56238333	554
19.57165	556
19.5811	556
19.59043333	567
19.59966667	560
19.60896667	554
19.61823333	558
19.62728333	556
19.63628333	543
19.64523333	540
19.6542	537
19.66305	538
19.6719	531
19.68085	531
19.68981667	537
19.69873333	538
19.70766667	535
19.71673333	536
19.7257	544
19.73468333	538
19.74366667	539
19.75271667	539
19.76163333	543
19.77043333	535
19.77926667	528
19.78805	530
19.79673333	527
19.80546667	521
19.8142	524
19.82298333	524
19.83166667	527
19.84041667	521
19.84925	525
19.85815	530
19.86701667	534
19.87586667	532
19.88478333	531
19.89373333	535
19.90263333	537
19.91163333	534
19.92063333	540
19.92968333	540
19.93856667	543
19.94743333	533
19.95625	532
19.96515	529
19.97395	534
19.98271667	528
19.99151667	526
20.00035	528
20.00911667	530
20.01791667	526
20.02683333	528
20.03586667	535
20.04496667	542
20.05406667	546
20.0634	546
20.07308333	560
20.08273333	581
20.09238333	579
20.10058333	579
20.11183333	492
20.12133333	675
20.13065	570
20.13995	559
20.14953333	558
20.15926667	575
20.16893333	584
20.17858333	580
20.188	579
20.19736667	565
20.20675	562
20.21605	563
20.22523333	558
20.23425	551
20.24328333	541
20.25225	542
20.26115	538
20.27005	534
20.27878333	534
20.2875	524
20.29618333	523
20.30478333	521
20.31331667	516
20.32183333	512
20.33035	511
20.3389	511
20.3476	513
20.35671667	522
20.36625	547
20.3761	572
20.38611667	591
20.39605	601
20.40565	596
20.41493333	576
20.42421667	557
20.43368333	557
20.44348333	568
20.45375	588
20.46455	616
20.47491667	648
20.4852	622
20.49588333	617
20.50723333	641
20.5188	681
20.52978333	694
20.54111667	659
20.55305	680
20.56488333	716
20.57646667	710
20.58838333	695
20.6005	715
20.61251667	727
20.62438333	721
20.63663333	712
20.64903333	735
20.66118333	744
20.67321667	729
20.68556667	722
20.69795	741
20.70991667	743
20.72188333	718
20.73395	718
20.746	724
20.75751667	723
20.76916667	691
20.78065	699
20.79173333	689
20.80235	665
20.81276667	637
20.82321667	625
20.83351667	627
20.84361667	618
20.85365	606
20.86363333	602
20.87358333	599
20.88365	597
20.89358333	604
20.90353333	596
20.91341667	597
20.92328333	593
20.933	592
20.94285	583
20.95281667	591
20.96293333	598
20.97323333	607
20.98393333	618
20.99506667	642
21.00666667	668
21.01828333	696
21.03055	697
21.0431	736
21.0552	753
21.06768333	726
21.0801	749
21.09205	745
21.10375	717
21.11573333	702
21.12793333	719
21.13986667	732
21.1526	716
21.1656	764
21.17801667	780
21.19103333	745
21.20403333	781
21.21658333	780
21.22935	753
21.24208333	766
21.25426667	764
21.26685	731
21.27951667	755
21.29168333	760
21.3038	730
21.31633333	727
21.32873333	752
21.34061667	744
21.35375	713
21.3667	788
21.37925	777
21.3922	753
21.40513333	777
21.41733333	776
21.42995	732
21.44245	757
21.45396667	750
21.46618333	691
21.47843333	733
21.49021667	735
21.50223333	707
21.51466667	721
21.52671667	746
21.53861667	723
21.55086667	714
21.56293333	735
21.57428333	724
21.58633333	681
21.59823333	723
21.6095	714
21.62148333	676
21.63338333	719
21.64485	714
21.65625	688
21.66885	684
21.6808	756
21.69275	717
21.70506667	717
21.7165	739
21.72791667	686
21.73946667	685
21.75148333	693
21.76303333	721
21.77596667	693
21.7893	776
21.8022	800
21.8155	774
21.82926667	798
21.84233333	826
21.85545	784
21.86868333	787
21.88113333	794
21.89255	747
21.90438333	685
21.91608333	710
21.92735	702
21.93906667	676
21.95168333	703
21.96383333	757
21.97616667	729
21.98883333	740
22.00146667	760
22.01341667	758
22.0257	717
22.03786667	737
22.04953333	730
22.06113333	700
22.07321667	696
22.08466667	725
22.09618333	687
22.1087	691
22.121	751
22.1329	738
22.14523333	714
22.1581	740
22.1709	772
22.18358333	768
22.1966	761
22.20963333	781
22.2224	782
22.2355	766
22.24828333	786
22.26058333	767
22.27296667	738
22.28548333	743
22.29751667	751
22.30875	722
22.32008333	674
22.33091667	680
22.34158333	650
22.35188333	640
22.36191667	618
22.37181667	602
22.38165	594
22.39153333	590
22.40145	593
22.41171667	595
22.42175	616
22.432	602
22.4425	615
22.4536	630
22.4644	666
22.4752	648
22.48643333	648
22.4981	674
22.50943333	700
22.5208	680
22.53231667	682
22.54415	691
22.55563333	710
22.56723333	689
22.57911667	696
22.59068333	713
22.6021	694
22.61433333	685
22.62696667	734
22.6392	758
22.65166667	734
22.6644	748
22.67695	764
22.68951667	753
22.70255	754
22.71568333	782
22.72841667	788
22.74153333	764
22.75471667	787
22.76738333	791
22.78025	760
22.7932	772
22.80558333	777
22.81771667	743
22.83055	728
22.84333333	770
22.85598333	767
22.86911667	759
22.88238333	788
22.89533333	796
22.9089	777
22.92241667	814
22.93541667	811
22.94881667	780
22.96228333	804
22.97513333	808
22.98836667	771
23.0014	794
23.01363333	782
23.02645	734
23.03995	769
23.05298333	810
23.06628333	782
23.07975	798
23.0925	808
23.105	765
23.1179	750
23.13018333	774
23.14221667	737
23.15496667	722
23.16821667	765
23.18058333	795
23.19311667	742
23.20638333	752
23.2198	796
23.23263333	805
23.24598333	770
23.25945	801
23.27261667	808
23.28575	790
23.29913333	788
23.31231667	803
23.32496667	791
23.33803333	759
23.35116667	784
23.36351667	788
23.37576667	741
23.38888333	735
23.40198333	787
23.41438333	786
23.42725	744
23.44033333	772
23.45335	785
23.4657	781
23.4784	741
23.49105	762
23.50405	759
23.51638333	780
23.52936667	740
23.54268333	779
23.55643333	799
23.56946667	825
23.58306667	782
23.5964	816
23.60938333	800
23.62281667	779
23.63608333	806
23.64883333	796
23.66201667	765
23.67503333	791
23.6876	781
23.7002	754
23.71286667	756
23.72546667	760
23.73768333	756
23.75061667	733
23.7637	776
23.77626667	785
23.78943333	754
23.80281667	790
23.81593333	803
23.82875	787
23.84185	769
23.85453333	786
23.8665	761
23.87906667	718
23.89196667	754
23.90411667	774
23.91666667	729
23.92953333	753
23.94218333	772
23.95453333	759
23.96741667	741
23.98055	773
23.99351667	788
24.0058	778
24.01861667	737
24.03163333	769
24.0441	781
24.05598333	748
24.06866667	713
24.08145	761
24.09388333	767
24.10635	746
24.11926667	748
24.132	775
24.14401667	764
24.15618333	721
24.16863333	730
24.18088333	747
24.1925	735
24.20501667	697
24.21726667	751
24.22858333	735
24.24046667	679
24.25318333	713
24.26518333	763
24.27661667	720
24.28891667	686
24.30138333	738
24.31388333	748
24.32595	750
24.3383	724
24.35076667	741
24.36265	748
24.37465	713
24.38663333	720
24.39825	719
24.40943333	697
24.4209	671
24.43266667	688
24.44431667	706
24.45598333	699
24.46833333	700
24.48111667	741
24.49345	767
24.50595	740
24.51868333	750
24.531	764
24.5429	739
24.55508333	714
24.5673	731
24.57925	733
24.59063333	717
24.60311667	683
24.61603333	749
24.6286	775
24.64116667	754
24.65406667	754
24.6668	774
24.6787	764
24.69141667	714
24.70396667	763
24.71553333	753
24.72755	694
24.74018333	721
24.7525	758
24.76418333	739
24.77681667	701
24.78955	758
24.80166667	764
24.81391667	727
24.82645	735
24.83881667	752
24.85053333	742
24.8625	703
24.87443333	718
24.88626667	716
24.897	710
24.90745	644
24.9178	627
24.92843333	621
24.93988333	638
24.95231667	687
24.96476667	746
24.977	747
24.98868333	734
25.00073333	701
25.013	723
25.0253	736
25.03746667	738
25.05	730
25.0627	752
25.0752	762
25.08766667	750
25.10041667	748
25.11318333	765
25.12556667	766
25.13828333	743
25.15113333	763
25.16368333	771
25.17576667	753
25.18835	725
25.20105	755
25.21345	762
25.2259	744
25.2389	747
25.25208333	780
25.26483333	791
25.27793333	765
25.29138333	786
25.30446667	807
25.31733333	785
25.33065	772
25.34398333	799
25.35673333	800
25.36991667	765
25.38315	791
25.3961	794
25.4087	777
25.42168333	756
25.43471667	779
25.44771667	782
25.46021667	780
25.47325	750
25.48626667	782
25.49896667	781
25.5117	762
25.52493333	764
25.53813333	794
25.55091667	792
25.56425	767
25.5776	800
25.59038333	801
25.60358333	767
25.61683333	792
25.62953333	795
25.64196667	762
25.6545	746
25.66613333	752
25.67806667	698
25.69083333	716
25.70375	766
25.71601667	775
25.72856667	736
25.74135	753
25.75435	767
25.76718333	780
25.77996667	770
25.79301667	767
25.80595	783
25.81841667	776
25.83105	748
25.84358333	758
25.85605	752
25.86821667	748
25.88051667	730
25.89296667	738
25.90556667	747
25.91775	756
25.9301	731
25.94261667	741
25.95505	751
25.96686667	746
25.97861667	709
25.99023333	705
26.00131667	697
26.01231667	665
26.0232	660
26.0344	653
26.04603333	672
26.05741667	698
26.06868333	683
26.08013333	676
26.09161667	687
26.10278333	689
26.11326667	670
26.12371667	629
26.13423333	627
26.14463333	631
26.15476667	624
26.16478333	608
26.17473333	601
26.18468333	597
26.19468333	597
26.20471667	600
26.21463333	602
26.2247	595
26.23521667	604
26.24618333	631
26.25708333	658
26.26766667	654
26.27865	635
26.2895	659
26.30046667	651
26.31125	658
26.32215	647
26.33263333	654
26.34286667	629
26.35286667	614
26.36301667	600
26.37363333	609
26.38438333	637
26.39558333	645
26.40718333	672
26.41916667	696
26.43085	719
26.44253333	701
26.45416667	701
26.46548333	698
26.4763	679
26.48683333	649
26.49733333	632
26.50775	630
26.51788333	625
26.52808333	608
26.53858333	612
26.54908333	630
26.55921667	630
26.56946667	608
26.58	615
26.59046667	632
26.60068333	628
26.61228333	613
26.62395	696
26.6356	700
26.64701667	699
26.65893333	685
26.67096667	715
26.68305	722
26.69496667	725
26.70675	715
26.7189	707
26.73093333	729
26.74278333	722
26.75433333	711
26.76615	693
26.77786667	709
26.7896	703
26.80131667	704
26.81348333	703
26.82605	730
26.83876667	754
26.85133333	763
26.86433333	754
26.8775	780
26.89031667	790
26.90331667	769
26.9164	780
26.92958333	785
26.94216667	791
26.95475	755
26.96731667	755
26.9797	754
26.9913	743
27.00361667	696
27.01611667	739
27.02856667	750
27.04108333	747
27.05328333	751
27.06596667	732
27.07866667	761
27.09126667	762
27.10375	756
27.11676667	749
27.13011667	781
27.14316667	801
27.1566	783
27.17035	806
27.18411667	825
27.19753333	826
27.21098333	805
27.22385	807
27.23638333	772
27.24891667	752
27.26118333	752
27.273	736
27.28521667	709
27.2981	733
27.31123333	773
27.32401667	788
27.33746667	767
27.35101667	807
27.36401667	813
27.37686667	780
27.38978333	771
27.40263333	775
27.41535	771
27.42758333	763
27.44003333	734
27.45276667	747
27.4654	764
27.47756667	758
27.49045	730
27.50375	773
27.51743333	798
27.53075	821
27.54496667	799
27.55918333	853
27.57261667	853
27.58631667	806
27.60008333	822
27.61323333	826
27.62641667	789
27.6397	791
27.65291667	797
27.66585	793
27.67945	776
27.6933	816
27.70683333	831
27.72058333	812
27.73445	825
27.7478	832
27.7611	801
27.7746	798
27.78811667	810
27.8012	811
27.81506667	785
27.82888333	832
27.84181667	829
27.85513333	776
27.86866667	799
27.88183333	812
27.89471667	790
27.90841667	773
27.92215	822
27.93521667	824
27.94888333	784
27.96265	820
27.97595	826
27.98916667	798
28.00271667	793
28.01621667	813
28.02866667	810
28.04128333	747
28.05398333	757
28.067	762
28.07936667	781
28.09223333	742
28.10521667	772
28.11768333	779
28.13016667	748
28.14266667	749
28.15448333	750
28.1657	709
28.17721667	673
28.189	691
28.2012	707
28.21306667	732
28.22525	712
28.23833333	731
28.25151667	785
28.26418333	791
28.27735	760
28.29068333	790
28.30366667	800
28.31625	779
28.32906667	755
28.34183333	769
28.35415	766
28.36655	739
28.37873333	744
28.39026667	731
28.40116667	692
28.41235	654
28.42398333	671
28.43523333	698
28.44676667	675
28.45968333	692
28.47296667	775
28.48575	797
28.49861667	767
28.51191667	772
28.52543333	798
28.53848333	811
28.55186667	783
28.5652	803
28.57791667	800
28.59073333	763
28.60266667	769
28.61421667	716
28.62531667	693
28.63751667	666
28.6497	732
28.66176667	731
28.67393333	724
28.68706667	730
28.70048333	788
28.71325	805
28.72655	766
28.74	798
28.75285	807
28.76586667	771
28.77906667	781
28.79155	792
28.80363333	749
28.81583333	725
28.8278	732
28.83906667	718
28.85133333	676
28.86363333	736
28.87565	738
28.88766667	721
28.90023333	721
28.91223333	754
28.92316667	720
28.93416667	656
28.945	660
28.95546667	650
28.96563333	628
28.97568333	610
28.98565	603
28.99575	598
29.00608333	606
29.01675	620
29.02718333	640
29.03766667	626
29.04868333	629
29.06013333	661
29.07145	687
29.08261667	679
29.09393333	670
29.10545	679
29.11728333	691
29.12903333	710
29.14061667	705
29.15245	695
29.16441667	710
29.17648333	718
29.18823333	724
29.20028333	705
29.21255	723
29.22468333	736
29.23653333	728
29.24876667	711
29.26098333	734
29.27293333	733
29.28493333	717
29.29725	720
29.3096	739
29.32148333	741
29.3335	713
29.34561667	721
29.3579	727
29.36985	737
29.38226667	717
29.39505	745
29.40818333	767
29.42093333	788
29.43403333	765
29.44725	786
29.4604	793
29.47328333	789
29.48665	773
29.50018333	802
29.51326667	812
29.52648333	785
29.54011667	793
29.55376667	818
29.5666	819
29.57985	770
29.59306667	795
29.60621667	793
29.61908333	789
29.63248333	772
29.6461	804
29.65928333	817
29.67226667	791
29.68553333	779
29.69881667	796
29.71133333	797
29.72396667	751
29.73693333	758
29.75001667	778
29.76235	785
29.77505	740
29.78798333	762
29.80083333	776
29.81308333	771
29.82585	735
29.83898333	766
29.85203333	788
29.86445	783
29.87728333	745
29.89008333	770
29.9022	768
29.91465	727
29.92763333	747
29.9405	779
29.95298333	772
29.96616667	749
29.9795	791
29.99223333	800
30.00498333	764
30.01818333	765
30.0314	792
30.04406667	793
30.05671667	760
30.06956667	759
30.08231667	771
30.09451667	765
30.10711667	732
30.11998333	756
30.13278333	772
30.14485	768
30.15746667	724
30.1701	757
30.18211667	758
30.1941	721
30.20655	719
30.21896667	747
30.23121667	745
30.2441	735
30.25735	773
30.26996667	795
30.28236667	757
30.29516667	744
30.30758333	768
30.31893333	745
30.33031667	681
30.3422	683
30.35563333	713
30.36846667	806
30.38135	770
30.3944	773
30.40743333	783
30.41985	782
30.43258333	745
30.44481667	764
30.45646667	734
30.4675	699
30.47841667	662
30.48943333	655
30.50058333	661
30.51183333	669
30.5233	675
30.53445	688
30.54595	669
30.55783333	690
30.57046667	713
30.58346667	758
30.59635	780
30.60943333	773
30.62288333	785
30.63641667	807
30.64925	812
30.66228333	770
30.67523333	782
30.6879	777
30.69988333	760
30.71138333	719
30.72365	690
30.73586667	736
30.74798333	733
30.76	727
30.77271667	721
30.78563333	763
30.79798333	775
30.81038333	741
30.8231	744
30.83576667	763
30.84811667	760
30.86068333	741
30.87356667	754
30.8867	773
30.8995	788
30.91273333	768
30.92625	794
30.93943333	811
30.9524	791
30.96568333	778
30.97886667	797
30.99141667	791
31.00433333	753
31.01745	775
31.03001667	787
31.04251667	754
31.05553333	750
31.06825	781
31.08048333	763
31.09326667	734
31.10561667	767
31.11741667	741
31.12961667	708
31.14228333	732
31.15475	760
31.16671667	748
31.17928333	718
31.19181667	754
31.20451667	752
31.21665	762
31.22915	728
31.24188333	750
31.25431667	764
31.26618333	746
31.27836667	712
31.29066667	731
31.30305	738
31.31503333	743
31.32765	719
31.3401	757
31.35183333	747
31.36383333	704
31.37595	720
31.38765	727
31.3989	702
31.41108333	675
31.42341667	731
31.43535	740
31.44741667	716
31.46025	724
31.47291667	770
31.48511667	760
31.49751667	732
31.50993333	744
31.52223333	745
31.53401667	738
31.5458	707
31.55811667	707
31.57015	739
31.58176667	722
31.59358333	697
31.60571667	709
31.61786667	728
31.62978333	729
31.64191667	715
31.65435	728
31.66681667	746
31.67883333	748
31.6912	721
31.70365	742
31.7161	747
31.7281	747
31.74013333	720
31.75221667	722
31.76445	725
31.77615	734
31.78803333	702
31.80006667	713
31.81211667	722
31.8237	723
31.83536667	695
31.84748333	700
31.85996667	727
31.87221667	749
31.88423333	735
31.89681667	721
31.90968333	755
31.92253333	772
31.93521667	771
31.94845	761
31.96145	794
31.97375	780
31.9859	738
31.9859	729
