0.0122	732
0.023766667	694
0.034983333	673
0.046666667	701
0.058966667	738
0.071916667	777
0.0842	737
0.09605	711
0.120266667	0
0.1319	698
0.1438	714
0.156116667	739
0.169416667	798
0.183233333	829
0.19695	823
0.211166667	853
0.22495	827
0.23895	840
0.253766667	889
0.268283333	871
0.282866667	875
0.297516667	879
0.31025	764
0.323366667	787
0.338383333	901
0.35405	940
0.368383333	860
0.385	997
0.401516667	991
0.415933333	865
0.429916667	839
0.443766667	831
0.4583	872
0.473233333	896
0.487083333	831
0.501966667	893
0.5172	914
0.531216667	841
0.546083333	892
0.56105	898
0.575516667	868
0.58115	0
0.58855	0
0.612216667	0
0.623766667	693
0.6351	680
0.646633333	692
0.658366667	704
0.669883333	691
0.7048	0
0.716233333	686
0.727466667	674
0.738366667	654
0.749733333	682
0.76165	715
0.774383333	764
0.787666667	797
0.801533333	832
0.814683333	789
0.82795	796
0.830766667	0
0.842466667	702
0.84745	0
0.856483333	0
0.871083333	876
0.886066667	899
0.899566667	810
0.913716667	849
0.927483333	826
0.941883333	864
0.9567	889
0.970866667	850
0.986066667	912
1.000216667	849
1.01535	908
1.03115	948
1.045783333	878
1.06105	916
1.074933333	833
1.089316667	863
1.10365	860
1.11785	852
1.132883333	902
1.14695	844
1.162066667	907
1.17615	845
1.191533333	923
1.205333333	828
1.21965	859
1.2336	837
1.246616667	781
1.260733333	847
1.274866667	848
1.288816667	837
1.3053	989
1.320433333	908
1.336133333	942
1.352183333	963
1.366666667	869
1.381683333	901
1.396866667	911
1.411066667	852
1.4257	878
1.4392	810
1.453733333	872
1.469083333	921
1.48255	808
1.496833333	857
1.510166667	800
1.522533333	742
1.534666667	728
1.546833333	730
1.559716667	773
1.572066667	741
1.584066667	720
1.59615	725
1.607816667	700
1.6189	665
1.630366667	688
1.642816667	747
1.65725	866
1.672383333	908
1.68705	880
1.699566667	751
1.711483333	715
1.723966667	749
1.736916667	777
1.752	905
1.768033333	962
1.78385	949
1.799	909
1.812733333	824
1.8254	760
1.837583333	731
1.849483333	714
1.862483333	780
1.878883333	984
1.896166667	1037
1.912633333	988
1.926633333	840
1.9398	790
1.9532	804
1.96785	879
1.98295	906
1.9976	879
2.012633333	902
2.0275	892
2.041683333	851
2.055866667	851
2.070483333	877
2.08585	922
2.10095	906
2.115533333	875
2.1302	880
2.143783333	815
2.157983333	852
2.172983333	900
2.187133333	849
2.201966667	890
2.217016667	903
2.230616667	816
2.245366667	885
2.260566667	912
2.27395	803
2.287983333	842
2.302616667	878
2.3163	821
2.328383333	725
2.340966667	755
2.3541	788
2.369683333	935
2.385316667	938
2.39815	770
2.411616667	808
2.426333333	883
2.441966667	938
2.456116667	849
2.470366667	855
2.484883333	871
2.49795	784
2.51005	726
2.52255	750
2.53585	798
2.550516667	880
2.565333333	889
2.58025	895
2.595016667	886
2.6099	893
2.624216667	859
2.638733333	871
2.653216667	869
2.667366667	849
2.68075	803
2.69375	780
2.706383333	758
2.719416667	782
2.73285	806
2.747333333	869
2.761683333	861
2.776633333	897
2.790966667	860
2.817683333	0
2.8309	793
2.843683333	767
2.855833333	729
2.867866667	722
2.880033333	730
2.89205	721
2.904083333	722
2.91615	724
2.9279	705
2.940233333	740
2.95415	835
2.966966667	769
2.97995	779
2.99305	786
3.0057	759
3.01825	753
3.0312	777
3.045	828
3.059	840
3.073116667	847
3.087216667	846
3.1005	797
3.114116667	817
3.127683333	814
3.140716667	782
3.153766667	783
3.167283333	811
3.193416667	0
3.206883333	808
3.221783333	894
3.237816667	962
3.251716667	834
3.267616667	954
3.283166667	933
3.299583333	985
3.315266667	941
3.33025	899
3.344033333	827
3.35675	763
3.36885	726
3.3806	705
3.392416667	709
3.405066667	759
3.419233333	850
3.433616667	863
3.44745	830
3.46165	852
3.476466667	889
3.490216667	825
3.5048	875
3.51955	885
3.533433333	833
3.547316667	833
3.560333333	781
3.573866667	812
3.588	848
3.601616667	817
3.615783333	850
3.6304	877
3.644116667	823
3.657833333	823
3.672	850
3.6862	852
3.70075	873
3.716166667	925
3.744716667	0
3.758866667	849
3.77255	821
3.786616667	844
3.800916667	858
3.828433333	0
3.842783333	861
3.85735	874
3.871616667	856
3.88635	884
3.90105	882
3.915233333	851
3.9296	862
3.943433333	830
3.957233333	828
3.970383333	789
3.984383333	840
3.999683333	918
4.0133	817
4.027816667	871
4.041283333	808
4.0553	841
4.070083333	887
4.08345	802
4.0981	879
4.1135	924
4.127183333	821
4.141866667	881
4.157433333	934
4.17165	853
4.18675	906
4.20135	876
4.21365	738
4.225016667	682
4.237183333	730
4.251483333	858
4.268816667	1040
4.2867	1073
4.30405	1041
4.32085	1008
4.336766667	955
4.351816667	903
4.366783333	898
4.380883333	846
4.39495	844
4.408733333	827
4.422283333	813
4.447966667	0
4.46155	815
4.474466667	775
4.486966667	750
4.499516667	753
4.512683333	790
4.526633333	837
4.540716667	845
4.553783333	784
4.567266667	809
4.581016667	825
4.595316667	858
4.608733333	805
4.623516667	887
4.638133333	877
4.65135	793
4.665883333	872
4.681783333	954
4.696466667	881
4.712083333	937
4.726716667	878
4.74085	848
4.756433333	935
4.784966667	0
4.7996	878
4.81295	801
4.826833333	833
4.8419	904
4.856916667	901
4.8716	881
4.88615	873
4.900116667	838
4.914216667	846
4.928416667	852
4.94195	812
4.956283333	860
4.971366667	905
4.985783333	865
4.999783333	840
5.013816667	842
5.0272	803
5.040316667	787
5.0537	803
5.06735	819
5.0801	765
5.093733333	818
5.1078	844
5.121016667	793
5.134466667	807
5.147	752
5.160283333	797
5.173583333	798
5.185833333	735
5.1989	784
5.212083333	791
5.22465	754
5.237866667	793
5.2517	830
5.2793	0
5.29315	831
5.3071	837
5.320466667	802
5.3345	842
5.348483333	839
5.36105	754
5.37445	804
5.388233333	827
5.401	766
5.414716667	823
5.429116667	864
5.443066667	837
5.457383333	859
5.472133333	885
5.485083333	777
5.498033333	777
5.51095	775
5.52455	816
5.5381	813
5.552133333	842
5.5669	886
5.58245	933
5.597283333	890
5.613	943
5.628533333	932
5.64295	865
5.658066667	907
5.672916667	891
5.686333333	805
5.7008	868
5.7162	924
5.7301	834
5.745033333	896
5.760433333	924
5.7738	802
5.78805	855
5.803016667	898
5.8165	809
5.830983333	869
5.845966667	899
5.859433333	808
5.87455	907
5.889966667	925
5.904216667	855
5.9192	899
5.93335	849
5.947183333	830
5.961616667	866
5.97585	854
5.98925	804
6.003416667	850
6.0171	821
6.029816667	763
6.04275	776
6.055666667	775
6.092866667	0
6.1371	0
6.1474	618
6.1574	600
6.2331	0
6.242166667	544
6.251216667	543
6.260116667	534
6.26915	542
6.27825	546
6.295883333	1058
6.3134	1051
6.330966667	1054
6.339933333	538
6.348916667	539
6.357966667	543
6.37595	1079
6.385016667	544
6.431616667	0
6.44125	578
6.451083333	590
6.461216667	608
6.471466667	615
6.481766667	618
6.492083333	619
6.502166667	605
6.512383333	613
6.5227	619
6.564733333	0
6.5757	658
6.586716667	661
6.597816667	666
6.6092	683
6.620383333	671
6.631716667	680
6.642916667	672
6.653883333	658
6.664833333	657
6.675683333	651
6.686383333	642
6.696966667	635
6.707733333	646
6.71855	649
6.72965	666
6.740566667	655
6.75165	665
6.762733333	665
6.774083333	681
6.78555	688
6.796866667	679
6.808083333	673
6.818883333	648
6.829866667	659
6.840716667	651
6.85105	620
6.861516667	628
6.871933333	625
6.882183333	615
6.892366667	611
6.90255	611
6.912816667	616
6.93305	0
6.94335	618
6.953333333	599
6.963333333	600
6.973566667	614
6.983883333	619
6.9944	631
7.004733333	620
7.0151	622
7.02545	621
7.035966667	631
7.046866667	654
7.05815	677
7.069916667	706
7.081316667	684
7.0924	665
7.103733333	680
7.114966667	674
7.12625	677
7.1373	663
7.148533333	674
7.159866667	680
7.170716667	651
7.18135	638
7.19185	630
7.2024	633
7.213133333	644
7.22395	649
7.234816667	652
7.245783333	658
7.2568	661
7.2781	0
7.288666667	634
7.298933333	616
7.30895	601
7.319033333	605
7.328916667	593
7.348766667	0
7.3588	602
7.369016667	613
7.379516667	630
7.389916667	624
7.40045	632
7.411066667	637
7.421983333	655
7.432533333	633
7.443383333	651
7.454216667	650
7.465166667	657
7.475766667	636
7.486366667	636
7.497133333	646
7.508033333	654
7.529616667	0
7.5402	635
7.5509	642
7.561466667	634
7.572016667	633
7.582566667	633
7.592766667	612
7.603316667	633
7.6246	0
7.635466667	652
7.646366667	654
7.657333333	658
7.66845	667
7.679766667	679
7.691	674
7.701916667	655
7.71305	668
7.724083333	662
7.735083333	660
7.745883333	648
7.75695	664
7.768033333	665
7.7791	664
7.7904	678
7.801766667	682
7.813233333	688
7.8246	682
7.836033333	686
7.847466667	686
7.858616667	669
7.86955	656
7.880266667	643
7.890766667	630
7.90125	629
7.911983333	644
7.922683333	642
7.933516667	650
7.94435	650
7.95535	660
7.966316667	658
7.977233333	655
7.9882	658
7.999266667	664
8.010516667	675
8.021733333	673
8.033166667	686
8.044916667	705
8.05675	710
8.06835	696
8.079916667	694
8.09145	692
8.102966667	691
8.114533333	694
8.125966667	686
8.13705	665
8.148133333	665
8.159116667	659
8.1697	635
8.18045	645
8.19125	648
8.201883333	638
8.212683333	648
8.223733333	663
8.234933333	672
8.245666667	644
8.2568	668
8.267883333	665
8.278983333	666
8.290216667	674
8.3016	683
8.31285	675
8.323966667	667
8.335383333	685
8.346616667	674
8.3576	659
8.368966667	682
8.380216667	675
8.391316667	666
8.40245	668
8.413566667	667
8.424783333	673
8.435966667	671
8.44725	677
8.458766667	691
8.470066667	678
8.481	656
8.491783333	647
8.502316667	632
8.512916667	636
8.523533333	637
8.5346	664
8.54555	657
8.556483333	656
8.567333333	651
8.589533333	0
8.600516667	659
8.611783333	676
8.62305	676
8.633983333	656
8.645166667	671
8.6565	680
8.667316667	649
8.67835	662
8.689266667	655
8.700533333	676
8.712183333	699
8.724016667	710
8.735966667	717
8.758616667	0
8.769733333	667
8.780783333	663
8.791883333	666
8.802966667	665
8.813716667	645
8.825066667	681
8.83625	671
8.847016667	646
8.858116667	666
8.869216667	666
8.8801	653
8.890966667	652
8.9019	656
8.912716667	649
8.923283333	634
8.9338	631
8.944033333	614
8.954516667	629
8.9651	635
8.975783333	641
8.9864	637
8.9969	630
9.00765	645
9.0186	657
9.03005	687
9.041966667	715
9.053933333	718
9.065983333	723
9.07755	694
9.0892	699
9.100433333	674
9.111833333	684
9.12335	691
9.13455	672
9.146	687
9.157466667	688
9.168883333	685
9.180416667	692
9.191733333	679
9.202916667	671
9.21415	674
9.2252	663
9.2359	642
9.24675	651
9.25745	642
9.26835	654
9.278966667	637
9.289816667	651
9.300766667	657
9.3116	650
9.32245	651
9.33325	648
9.3442	657
9.354866667	640
9.365816667	657
9.376733333	655
9.38725	631
9.3981	651
9.408883333	647
9.419466667	635
9.430016667	633
9.44055	632
9.451016667	628
9.461383333	622
9.471466667	605
9.481716667	615
9.49195	614
9.5022	615
9.51245	615
9.52265	612
9.532566667	595
9.542383333	589
9.55195	574
9.562183333	614
9.57245	616
9.583183333	644
9.5946	685
9.60565	663
9.616333333	641
9.6268	628
9.637016667	613
9.6473	617
9.657566667	616
9.667833333	616
9.678216667	623
9.688516667	618
9.698633333	607
9.70875	607
9.7188	603
9.728766667	598
9.738516667	585
9.748383333	592
9.75835	598
9.768483333	608
9.77905	634
9.7905	687
9.802166667	700
9.8134	674
9.824833333	686
9.836783333	717
9.848533333	705
9.859866667	680
9.87125	683
9.88255	678
9.8935	657
9.904366667	652
9.91505	641
9.92575	642
9.936133333	623
9.946783333	639
9.957466667	641
9.968566667	666
9.97945	653
9.990366667	655
10.00146667	666
10.01273333	676
10.02355	649
10.03461667	664
10.0454	647
10.05593333	632
10.06648333	633
10.07715	640
10.08778333	638
10.09821667	626
10.10881667	636
10.1195	641
10.1301	636
10.14045	621
10.15096667	631
10.16151667	633
10.17225	644
10.1826	621
10.19308333	629
10.20355	628
10.21415	636
10.22453333	623
10.2351	634
10.24556667	628
10.25603333	628
10.26606667	602
10.2763	614
10.28648333	611
10.29671667	614
10.30661667	594
10.31676667	609
10.32693333	610
10.33721667	617
10.34728333	604
10.3574	607
10.3675	606
10.3777	612
10.38806667	622
10.39853333	628
10.40878333	615
10.41905	616
10.4295	627
10.44001667	631
10.45058333	634
10.46091667	620
10.47135	626
10.48176667	625
10.49218333	625
10.50238333	612
10.51243333	603
10.52273333	618
10.533	616
10.54328333	617
10.55363333	621
10.5638	610
10.57403333	614
10.5841	604
10.59401667	595
10.60393333	595
10.6139	598
10.62403333	608
10.63408333	603
10.64401667	596
10.65406667	603
10.66418333	607
10.67415	598
10.68385	582
10.6937	591
10.70361667	595
10.71371667	606
10.72348333	586
10.73348333	600
10.7436	607
10.7539	618
10.76395	603
10.77423333	617
10.79553333	0
10.80595	625
10.81646667	631
10.82688333	625
10.83696667	605
10.84713333	610
10.85708333	597
10.86703333	597
10.87673333	582
10.88646667	584
10.89636667	594
10.90635	599
10.91605	582
10.92616667	607
10.93655	623
10.94678333	614
10.95706667	617
10.9674	620
10.97796667	634
10.98836667	624
10.99885	629
11.00936667	631
11.01975	623
11.0301	621
11.04056667	628
11.0511	632
11.0614	618
11.07183333	626
11.08225	625
11.0925	615
11.10273333	614
11.11303333	618
11.12341667	623
11.13368333	616
11.1441	625
11.15468333	635
11.16515	628
11.17535	612
11.1854	603
11.1953	594
11.20515	591
11.215	591
11.22493333	596
11.23518333	615
11.24563333	627
11.25605	625
11.27578333	0
11.28555	586
11.29525	582
11.30495	582
11.31485	594
11.32473333	593
11.3346	592
11.34466667	604
11.35478333	607
11.36483333	603
11.37473333	594
11.3847	598
11.39465	597
11.4047	603
11.41466667	598
11.42443333	586
11.43435	595
11.44426667	595
11.45428333	601
11.46426667	599
11.47423333	598
11.48428333	603
11.49461667	620
11.50485	614
11.5149	603
11.52498333	605
11.53525	616
11.54533333	605
11.55518333	591
11.56505	592
11.57483333	587
11.58461667	587
11.59435	584
11.60395	576
11.61361667	580
11.62346667	591
11.63348333	601
11.64348333	600
11.65328333	588
11.6633	601
11.67345	609
11.68358333	608
11.69346667	593
11.7034	596
11.71306667	580
11.72268333	577
11.73205	562
11.7413	555
11.75038333	545
11.75951667	548
11.76866667	549
11.7781	566
11.78743333	560
11.79683333	564
11.8062	562
11.81588333	581
11.82551667	578
11.83518333	580
11.84506667	593
11.85493333	592
11.86478333	591
11.87475	598
11.88471667	598
11.8945	587
11.90446667	598
11.91438333	595
11.92426667	593
11.93403333	586
11.94375	583
11.95351667	586
11.96331667	588
11.97328333	598
11.98313333	591
11.99288333	585
12.00276667	593
12.0127	596
12.02266667	598
12.03235	581
12.042	579
12.05183333	590
12.06155	583
12.07121667	580
12.08093333	583
12.09041667	569
12.10005	578
12.1099	591
12.11993333	602
12.13035	625
12.14086667	631
12.1511	614
12.16135	615
12.17155	612
12.18168333	608
12.19163333	597
12.20183333	612
12.21183333	600
12.22176667	596
12.23188333	607
12.242	607
12.25186667	592
12.26175	593
12.27163333	593
12.28141667	587
12.29098333	574
12.30058333	576
12.31021667	578
12.32005	590
12.33026667	613
12.3406	620
12.3509	618
12.3608	594
12.37065	591
12.3807	603
12.3909	612
12.4014	630
12.412	636
12.4223	618
12.43241667	607
12.44238333	598
12.45208333	582
12.46216667	605
12.47205	593
12.48213333	605
12.49246667	620
12.50275	617
12.51296667	613
12.5231	608
12.54265	0
12.55198333	560
12.5614	565
12.57068333	557
12.57996667	557
12.58936667	564
12.59875	563
12.60826667	571
12.62838333	0
12.63865	616
12.64868333	602
12.65863333	597
12.66835	583
12.67795	576
12.68763333	581
12.69756667	596
12.70758333	601
12.71786667	617
12.72826667	624
12.73866667	624
12.74868333	601
12.75856667	593
12.76848333	595
12.77816667	581
12.78791667	585
12.79771667	588
12.80781667	606
12.81773333	595
12.82745	583
12.8371	579
12.84685	585
12.85665	588
12.86673333	605
12.877	616
12.88705	603
12.89691667	592
12.90683333	595
12.91671667	593
12.92661667	594
12.93653333	595
12.9462	580
12.956	588
12.96578333	587
12.97566667	593
12.98551667	591
12.9953	587
13.00515	591
13.01498333	590
13.02475	586
13.03435	576
13.0439	573
13.0534	570
13.06266667	556
13.07223333	574
13.08175	571
13.09128333	572
13.10065	562
13.11008333	566
13.11956667	569
13.1291	572
13.13885	585
13.14876667	595
13.15855	587
13.16838333	590
13.1782	589
13.18803333	590
13.19766667	578
13.20725	575
13.21681667	574
13.22643333	577
13.23611667	581
13.24568333	574
13.25511667	566
13.26455	566
13.27406667	571
13.28371667	579
13.29363333	595
13.30335	583
13.31305	582
13.3228	585
13.33268333	593
13.34268333	600
13.35241667	584
13.36225	590
13.37218333	596
13.38213333	597
13.3919	586
13.4018	594
13.41165	591
13.42173333	605
13.43168333	597
13.44158333	594
13.46148333	0
13.4713	589
13.48115	591
13.50096667	0
13.51076667	588
13.52065	593
13.5307	603
13.54073333	602
13.55063333	594
13.56066667	602
13.57076667	606
13.58096667	612
13.59091667	597
13.60098333	604
13.61115	610
13.62118333	602
13.63128333	606
13.64145	610
13.65146667	601
13.66126667	588
13.67121667	597
13.68113333	595
13.69088333	585
13.70048333	576
13.71018333	582
13.71993333	585
13.72988333	597
13.73965	586
13.74968333	602
13.75971667	602
13.76988333	610
13.77981667	596
13.7899	605
13.79993333	602
13.80996667	602
13.81973333	586
13.82953333	588
13.83933333	588
13.84908333	585
13.85875	580
13.86855	588
13.87828333	584
13.88836667	605
13.89835	599
13.90828333	596
13.91846667	611
13.93851667	0
13.94863333	607
13.95858333	597
13.96846667	593
13.97813333	580
13.98788333	585
14.00686667	0
14.01635	569
14.02563333	557
14.03488333	555
14.04443333	573
14.05423333	588
14.06431667	605
14.07473333	625
14.0854	640
14.09576667	622
14.10608333	619
14.11636667	617
14.13645	0
14.14628333	590
14.15595	580
14.16545	570
14.17508333	578
14.18493333	591
14.19521667	617
14.2059	641
14.21643333	632
14.22693333	630
14.23746667	632
14.24813333	640
14.25821667	605
14.26818333	598
14.27813333	597
14.28796667	590
14.29775	587
14.30783333	605
14.31855	643
14.32901667	628
14.33948333	628
14.34986667	623
14.35986667	600
14.36976667	594
14.37966667	594
14.38955	593
14.39986667	619
14.40983333	598
14.41963333	588
14.42956667	596
14.4395	596
14.44986667	622
14.46076667	654
14.47146667	642
14.48166667	612
14.49198333	619
14.50236667	623
14.51293333	634
14.5234	628
14.53358333	611
14.54358333	600
14.55351667	596
14.56353333	601
14.57375	613
14.58423333	629
14.5945	616
14.6047	612
14.615	618
14.62548333	629
14.63576667	617
14.6462	626
14.65658333	623
14.66661667	602
14.67653333	595
14.68645	595
14.69653333	605
14.70646667	596
14.71633333	592
14.72623333	594
14.73638333	609
14.74683333	627
14.75696667	608
14.7672	614
14.7775	618
14.78788333	623
14.79786667	599
14.80813333	616
14.81825	607
14.82826667	601
14.83813333	592
14.84806667	596
14.85805	599
14.86793333	593
14.87768333	585
14.8875	589
14.89736667	592
14.90733333	598
14.91718333	591
14.92693333	585
14.93658333	579
14.94626667	581
14.95603333	586
14.96546667	566
14.97498333	571
14.98471667	584
14.99453333	589
15.00425	583
15.01431667	604
15.02435	602
15.03433333	599
15.04413333	588
15.05401667	593
15.0639	593
15.07376667	592
15.08333333	574
15.09325	595
15.10311667	592
15.11303333	595
15.12285	589
15.1327	591
15.14268333	599
15.15265	598
15.16233333	581
15.17211667	587
15.1819	587
15.20151667	0
15.2115	599
15.2215	600
15.23151667	601
15.24126667	585
15.25125	599
15.26115	594
15.27076667	577
15.28038333	577
15.28988333	570
15.29926667	563
15.30873333	568
15.32771667	0
15.33705	560
15.34653333	569
15.35615	577
15.36588333	584
15.37565	586
15.3857	603
15.39573333	602
15.40588333	609
15.41583333	597
15.42558333	585
15.43525	580
15.44491667	580
15.45458333	580
15.4643	583
15.47395	579
15.48336667	565
15.49316667	588
15.50298333	589
15.51301667	602
15.52333333	619
15.53333333	600
15.54323333	594
15.55301667	587
15.5629	593
15.57298333	605
15.58361667	638
15.59475	668
15.606	675
15.6169	654
15.62736667	628
15.63783333	628
15.64818333	621
15.65833333	609
15.66855	613
15.67825	582
15.68796667	583
15.69761667	579
15.70731667	582
15.71718333	592
15.72745	616
15.73828333	650
15.74931667	662
15.75985	632
15.77023333	623
15.78053333	618
15.79073333	612
15.80081667	605
15.81071667	594
15.82046667	585
15.83005	575
15.83965	576
15.84938333	584
15.85906667	581
15.86866667	576
15.87845	587
15.88826667	589
15.89838333	607
15.90825	592
15.91806667	589
15.92785	587
15.93788333	602
15.95818333	0
15.9682	601
15.9784	612
15.98876667	622
15.99885	605
16.00893333	605
16.01903333	606
16.02935	619
16.03966667	619
16.04986667	612
16.06	608
16.07023333	614
16.08063333	624
16.09086667	614
16.10096667	606
16.11108333	607
16.12136667	617
16.13193333	634
16.14215	613
16.15245	618
16.16285	624
16.17343333	635
16.18378333	621
16.1941	619
16.2043	612
16.21456667	616
16.2248	614
16.23476667	598
16.24491667	609
16.25536667	627
16.2659	632
16.27626667	622
16.28666667	624
16.29725	635
16.3075	615
16.31661667	547
16.3177	0
16.328	618
16.33848333	629
16.34911667	638
16.35995	650
16.37065	642
16.38113333	629
16.39158333	627
16.40206667	629
16.4123	614
16.42228333	599
16.43211667	590
16.44213333	601
16.45236667	614
16.46255	611
16.47336667	649
16.48395	635
16.49458333	638
16.50548333	654
16.51685	682
16.52775	654
16.53876667	661
16.54978333	661
16.56071667	656
16.57116667	627
16.5814	614
16.59166667	616
16.60181667	609
16.61173333	595
16.62168333	597
16.63145	586
16.6412	585
16.65126667	604
16.66126667	600
16.67116667	594
16.6808	578
16.69061667	589
16.70043333	589
16.71045	601
16.72083333	623
16.73091667	605
16.74106667	609
16.75133333	616
16.76183333	630
16.77198333	609
16.78221667	614
16.79251667	618
16.80298333	628
16.81313333	609
16.8234	616
16.83381667	625
16.84426667	627
16.85431667	603
16.86456667	615
16.87476667	612
16.89481667	0
16.90471667	594
16.91453333	589
16.9246	604
16.93465	603
16.94451667	592
16.9545	599
16.96451667	601
16.9746	605
16.9845	594
16.99451667	601
17.00466667	609
17.01498333	619
17.02495	598
17.0352	615
17.04536667	610
17.05563333	616
17.06558333	597
17.07571667	608
17.08578333	604
17.09586667	605
17.10583333	598
17.11588333	603
17.12595	604
17.13618333	614
17.14648333	618
17.1567	613
17.16715	627
17.17775	636
17.1881	621
17.19851667	625
17.20906667	633
17.21961667	633
17.22988333	616
17.2404	631
17.25103333	638
17.26141667	623
17.27188333	628
17.2824	631
17.29288333	629
17.30305	610
17.31331667	616
17.32365	620
17.33425	636
17.34461667	622
17.35543333	649
17.36633333	654
17.37705	643
17.38798333	656
17.39903333	663
17.40968333	639
17.42046667	647
17.43123333	646
17.44193333	642
17.4522	616
17.46276667	634
17.47321667	627
17.48348333	616
17.49376667	617
17.50421667	627
17.5147	629
17.52506667	622
17.5355	626
17.54595	627
17.55633333	623
17.5666	616
17.57676667	610
17.58693333	610
17.59705	607
17.6071	603
17.61671667	577
17.62656667	591
17.63616667	576
17.6456	566
17.66445	0
17.67433333	593
17.68478333	627
17.69571667	656
17.70651667	648
17.71686667	621
17.7273	626
17.738	642
17.74863333	638
17.75906667	626
17.76921667	609
17.77928333	604
17.78945	610
17.79943333	599
17.80931667	593
17.81906667	585
17.82876667	582
17.83858333	589
17.84848333	594
17.85833333	591
17.8683	598
17.87851667	613
17.88891667	624
17.89911667	612
17.90921667	606
17.9194	611
17.92968333	617
17.9398	607
17.94993333	608
17.96001667	605
17.97013333	607
17.98006667	596
17.99003333	598
18.00001667	599
18.01015	608
18.0202	603
18.0301	594
18.0402	606
18.0506	624
18.061	624
18.07143333	626
18.08213333	642
18.09306667	656
18.10336667	618
18.11351667	609
18.12493333	685
18.13611667	671
18.14676667	639
18.15705	617
18.16758333	632
18.1783	643
18.18893333	638
18.19915	613
18.20941667	616
18.21971667	618
18.22995	614
18.23993333	599
18.24993333	600
18.2598	592
18.26975	597
18.27978333	602
18.28956667	587
18.29941667	591
18.3094	599
18.31951667	607
18.32951667	600
18.33961667	606
18.34995	620
18.36028333	620
18.37038333	606
18.38066667	617
18.3909	614
18.40133333	626
18.41145	607
18.42168333	614
18.43195	616
18.44226667	619
18.45225	599
18.4625	615
18.47271667	613
18.48308333	622
18.49321667	608
18.50353333	619
18.51381667	617
18.52395	608
18.53395	600
18.5438	591
18.55363333	590
18.56351667	593
18.57338333	592
18.58323333	591
18.59291667	581
18.60265	584
18.61246667	589
18.62248333	601
18.63273333	615
18.64278333	603
18.65305	616
18.66338333	620
18.67401667	638
18.68441667	624
18.69493333	631
18.70553333	636
18.71606667	632
18.72628333	613
18.73668333	624
18.74716667	629
18.75755	623
18.76763333	605
18.77788333	615
18.7881	613
18.79828333	611
18.80815	592
18.81818333	602
18.82823333	603
18.8381	592
18.84795	591
18.85795	600
18.86825	618
18.87918333	656
18.89061667	686
18.902	683
18.91256667	634
18.92345	653
18.93426667	649
18.945	644
18.95535	621
18.96576667	625
18.97616667	624
18.98656667	624
18.99671667	609
19.00706667	621
19.0176	632
19.02793333	620
19.03815	613
19.04838333	614
19.05868333	618
19.06876667	605
19.07865	593
19.0887	603
19.09868333	599
19.10885	610
19.11915	618
19.12921667	604
19.14901667	0
19.15888333	592
19.16873333	591
19.17878333	603
19.18901667	614
19.19908333	604
19.20895	592
19.21883333	593
19.22893333	606
19.239	604
19.249	600
19.25881667	589
19.2687	593
19.27861667	595
19.2885	593
19.29826667	586
19.30795	581
19.31773333	587
19.32751667	587
19.33725	584
19.34688333	578
19.3566	583
19.36663333	602
19.37648333	591
19.38618333	582
19.39595	586
19.40621667	616
19.41631667	606
19.42628333	598
19.43628333	600
19.44641667	608
19.4564	599
19.46621667	589
19.47611667	594
19.48593333	589
19.49578333	591
19.50528333	570
19.51495	580
19.5246	579
19.53445	591
19.54415	582
19.55003333	0
19.55403333	0
19.5638	586
19.5737	594
19.58336667	580
19.59303333	580
19.6028	586
19.61253333	584
19.6222	580
19.63191667	583
19.6417	587
19.6514	582
19.66091667	571
19.67043333	571
19.67986667	566
19.69826667	0
19.7071	530
19.71596667	532
19.72503333	544
19.7341	544
19.74325	549
19.7522	537
19.7614	552
19.77055	549
19.78005	570
19.78955	570
19.79883333	557
19.80828333	567
19.8178	571
19.82736667	574
19.83695	575
19.84655	576
19.85631667	586
19.8663	599
19.87626667	598
19.88611667	591
19.89598333	592
19.90606667	605
19.916	596
19.92571667	583
19.93551667	588
19.94536667	591
19.955	578
19.96455	573
19.9742	579
19.98395	585
19.99378333	590
20.00358333	588
20.01333333	585
20.0231	586
20.03323333	608
20.04295	583
20.0529	597
20.06301667	607
20.07351667	630
20.0838	617
20.09415	621
20.10465	630
20.11546667	649
20.12598333	631
20.13605	604
20.14593333	593
20.15551667	575
20.16533333	589
20.17511667	587
20.18503333	595
20.19523333	612
20.20571667	629
20.21613333	625
20.22636667	614
20.23631667	597
20.2461	587
20.25571667	577
20.26516667	567
20.27445	557
20.28371667	556
20.29318333	568
20.30361667	626
20.3186	899
20.333	864
20.34681667	829
20.36025	806
20.373	765
20.38591667	775
20.39871667	768
20.41083333	727
20.42186667	662
20.43243333	634
20.44285	625
20.45348333	638
20.46986667	983
20.48505	911
20.5008	945
20.51676667	958
20.5326	950
20.5479	918
20.56235	867
20.57585	810
20.58838333	752
20.60011667	704
20.61133333	673
20.62213333	648
20.63276667	638
20.64358333	649
20.6555	715
20.67145	957
20.6873	951
20.70346667	970
20.72008333	997
20.73673333	999
20.7522	928
20.76675	873
20.78023333	809
20.79285	757
20.81563333	0
20.82643333	648
20.8374	658
20.85005	759
20.86758333	1052
20.88475	1030
20.90045	942
20.91516667	883
20.94045	0
20.95178333	680
20.96281667	662
20.97383333	661
20.9853	688
20.99893333	818
21.01268333	825
21.02558333	774
21.03758333	720
21.04946667	713
21.06165	731
21.08431667	0
21.09515	650
21.10591667	646
21.11721667	678
21.13315	956
21.15046667	1039
21.16733333	1012
21.18338333	963
21.19863333	915
21.213	862
21.22636667	802
21.23936667	780
21.2522	770
21.26471667	751
21.27683333	727
21.28841667	695
21.30018333	706
21.31243333	735
21.3251	760
21.33805	777
21.35013333	725
21.36221667	725
21.37478333	754
21.38811667	800
21.40128333	790
21.41455	796
21.42841667	832
21.44206667	819
21.45526667	792
21.4688	812
21.48198333	791
21.49486667	773
21.50795	785
21.52086667	775
21.53313333	736
21.54535	733
21.55813333	767
21.57151667	803
21.5843	767
21.59753333	794
21.61085	799
21.62396667	787
21.6369	776
21.65008333	791
21.66348333	804
21.66861667	0
21.6766	0
21.68933333	764
21.70213333	768
21.71526667	788
21.7278	752
21.74068333	773
21.75393333	795
21.76706667	788
21.7812	848
21.79553333	860
21.80993333	864
21.82451667	875
21.83885	860
21.85225	804
21.86486667	757
21.87681667	717
21.88826667	687
21.89926667	660
21.91003333	646
21.9205	628
21.9307	612
21.94093333	614
21.95191667	659
21.96676667	891
21.98286667	966
21.99925	983
22.01488333	938
22.02883333	837
22.04238333	813
22.05555	790
22.06808333	752
22.08056667	749
22.09298333	745
22.10521667	734
22.11686667	699
22.1281	674
22.13883333	644
22.14953333	642
22.16043333	654
22.172	694
22.187	900
22.20208333	905
22.21653333	867
22.23141667	893
22.24606667	879
22.26006667	840
22.27381667	825
22.28706667	795
22.2997	758
22.31205	741
22.32421667	730
22.33616667	717
22.34791667	705
22.35975	710
22.37181667	724
22.38463333	769
22.39731667	761
22.4099	755
22.42266667	766
22.43558333	775
22.44785	736
22.45933333	689
22.48125	0
22.4918	633
22.50238333	635
22.5134	661
22.52455	669
22.53628333	704
22.54888333	756
22.56211667	794
22.57508333	778
22.58841667	800
22.60216667	825
22.61525	785
22.62783333	755
22.64003333	732
22.65215	727
22.66406667	715
22.67586667	708
22.68765	707
22.69948333	710
22.71105	694
22.72313333	725
22.73611667	779
22.74921667	786
22.76268333	808
22.77723333	873
22.79235	907
22.80575	804
22.81836667	757
22.83098333	757
22.84416667	791
22.85745	797
22.87035	774
22.88293333	755
22.89518333	735
22.9071	715
22.91866667	694
22.92993333	676
22.94165	703
22.95316667	691
22.96461667	687
22.97586667	675
22.9875	698
23.0001	756
23.0132	786
23.02565	747
23.03886667	793
23.0521	794
23.06533333	794
23.07853333	792
23.0917	790
23.1152	0
23.12681667	697
23.13871667	714
23.15183333	787
23.16661667	887
23.18191667	918
23.1974	929
23.21316667	946
23.22791667	885
23.24126667	801
23.25425	779
23.26671667	748
23.2787	719
23.29031667	697
23.30155	674
23.31228333	644
23.33346667	0
23.34526667	708
23.35996667	882
23.37553333	934
23.39143333	954
23.40706667	938
23.42185	887
23.43488333	782
23.44676667	713
23.45838333	697
23.46988333	690
23.4829	781
23.4984	930
23.5135	906
23.52858333	905
23.54301667	866
23.55688333	832
23.56938333	750
23.58086667	689
23.59238333	691
23.60391667	692
23.61683333	775
23.63161667	887
23.6471	929
23.66226667	910
23.67598333	823
23.68838333	744
23.70078333	744
23.71308333	738
23.7258	763
23.7391	798
23.75286667	826
23.76581667	777
23.77853333	763
23.79151667	779
23.8046	785
23.81713333	752
23.83005	775
23.84326667	793
23.85678333	811
23.87025	808
23.88348333	794
23.89616667	761
23.90893333	766
23.92116667	734
23.93356667	744
23.94605	749
23.95848333	746
23.97118333	762
23.98381667	758
23.9961	737
24.00808333	719
24.02045	742
24.03361667	790
24.04713333	811
24.06051667	803
24.0736	785
24.0866	780
24.0994	768
24.11195	753
24.12458333	758
24.13763333	783
24.15093333	798
24.16443333	810
24.17786667	806
24.19035	749
24.20306667	763
24.21586667	768
24.2294	812
24.2429	810
24.25531667	745
24.26726667	717
24.27921667	717
24.29106667	711
24.30271667	699
24.31415	686
24.32546667	679
24.33655	665
24.34746667	655
24.35835	653
24.37991667	0
24.39085	656
24.4023	687
24.41481667	751
24.43808333	0
24.449	655
24.45973333	644
24.47036667	638
24.48078333	625
24.49096667	611
24.50091667	597
24.51075	590
24.52061667	592
24.53035	584
24.54003333	581
24.55021667	611
24.56208333	712
24.57508333	780
24.58795	772
24.60126667	799
24.61475	809
24.62793333	791
24.64093333	780
24.65363333	762
24.6662	754
24.6783	726
24.68978333	689
24.70136667	695
24.71375	743
24.72888333	908
24.7445	937
24.75908333	875
24.77366667	875
24.7885	890
24.80286667	862
24.81738333	871
24.83143333	843
24.84485	805
24.85711667	736
24.86966667	753
24.88235	761
24.8951	765
24.90751667	745
24.92071667	792
24.93551667	888
24.94953333	841
24.96485	919
24.97963333	887
24.99455	895
25.0095	897
25.02376667	856
25.0381	860
25.05143333	800
25.065	814
25.07921667	853
25.09273333	811
25.1064	820
25.11983333	806
25.13261667	767
25.14608333	808
25.15945	802
25.17273333	797
25.18611667	803
25.19928333	790
25.21161667	740
25.22443333	769
25.23798333	813
25.25088333	774
25.2648	835
25.27925	867
25.2929	819
25.30645	813
25.32001667	814
25.33316667	789
25.3461	776
25.35961667	811
25.37306667	807
25.38581667	765
25.3993	809
25.41253333	794
25.42601667	809
25.43966667	819
25.45368333	841
25.46725	814
25.47966667	745
25.49235	761
25.50538333	782
25.51811667	764
25.53111667	780
25.54516667	843
25.55985	881
25.574	849
25.5884	864
25.60163333	794
25.61476667	788
25.62765	773
25.63971667	724
25.65233333	757
25.66555	793
25.67771667	730
25.69098333	796
25.7045	811
25.7175	780
25.73131667	829
25.74523333	835
25.75788333	759
25.7709	781
25.78355	759
25.79543333	713
25.80795	751
25.82105	786
25.83418333	788
25.84758333	804
25.86138333	828
25.8757	859
25.8885	768
25.90183333	800
25.91545	817
25.92838333	776
25.94165	796
25.9544	765
25.96708333	761
25.98031667	794
25.99315	770
26.00471667	694
26.01683333	727
26.02915	739
26.0413	729
26.05363333	740
26.06571667	725
26.07715	686
26.08876667	697
26.10055	707
26.1126	723
26.12441667	709
26.13523333	649
26.14658333	681
26.158	685
26.17073333	764
26.18548333	885
26.20011667	878
26.21268333	754
26.22505	742
26.23791667	772
26.2517	827
26.26493333	794
26.27735	745
26.28963333	737
26.30211667	749
26.31436667	735
26.3257	680
26.33685	669
26.34768333	650
26.35845	646
26.37055	726
26.38668333	968
26.403	979
26.41786667	892
26.4319	842
26.44451667	757
26.45685	740
26.469	729
26.4813	738
26.49361667	739
26.5064	767
26.51976667	802
26.5336	830
26.5471	810
26.56066667	814
26.57431667	819
26.58701667	762
26.60051667	810
26.61386667	801
26.62763333	826
26.64118333	813
26.6544	793
26.66835	837
26.6813	777
26.6931	708
26.70541667	739
26.718	755
26.73383333	950
26.74975	955
26.76426667	871
26.77936667	906
26.79395	875
26.80813333	851
26.82188333	825
26.83543333	813
26.8485	784
26.86095	747
26.8727	705
26.8845	708
26.89638333	713
26.90818333	708
26.9201	715
26.93166667	694
26.94315	689
26.95445	678
26.96566667	673
26.9766	656
26.9874	648
26.99818333	647
27.0089	643
27.01986667	658
27.03076667	654
27.04155	647
27.05226667	643
27.06305	647
27.0738	645
27.08473333	656
27.09591667	671
27.1069	659
27.11828333	683
27.1299	697
27.14133333	686
27.15303333	702
27.16485	709
27.1772	741
27.18848333	677
27.20043333	717
27.21383333	804
27.2291	916
27.24365	873
27.25818333	872
27.27263333	867
27.28666667	842
27.29905	743
27.3116	753
27.32488333	797
27.33923333	861
27.35368333	867
27.3684	883
27.38295	873
27.39775	888
27.412	855
27.42551667	811
27.43953333	841
27.4536	844
27.46658333	779
27.47906667	749
27.49106667	720
27.50315	725
27.51521667	724
27.52753333	739
27.53953333	720
27.55126667	704
27.56371667	747
27.57511667	684
27.58751667	744
27.6014	833
27.61791667	991
27.63386667	957
27.64813333	856
27.66263333	870
27.6772	874
27.69076667	814
27.70411667	801
27.71715	782
27.72956667	745
27.74243333	772
27.75525	769
27.76776667	751
27.77943333	700
27.79241667	779
27.80736667	897
27.82345	965
27.8377	855
27.8529	912
27.86756667	880
27.8811	812
27.89473333	818
27.90876667	842
27.92275	839
27.93688333	848
27.9502	799
27.96408333	833
27.97823333	849
27.99298333	885
28.008	901
28.02113333	788
28.03508333	837
28.04976667	881
28.06261667	771
28.07616667	813
28.09038333	853
28.1036	793
28.11806667	868
28.13356667	930
28.14728333	823
28.1613	841
28.17523333	836
28.18815	775
28.20156667	805
28.2149	800
28.22786667	778
28.24131667	807
28.25468333	802
28.26743333	765
28.28088333	807
28.29441667	812
28.30785	806
28.32128333	806
28.33401667	764
28.34686667	771
28.3593	746
28.3711	708
28.3831	720
28.39546667	742
28.40761667	729
28.42043333	769
28.43441667	839
28.44876667	861
28.46218333	805
28.47586667	821
28.48901667	789
28.50215	788
28.51505	774
28.52813333	785
28.54135	793
28.55508333	824
28.56825	790
28.58098333	764
28.5937	763
28.60631667	757
28.61905	764
28.63201667	778
28.64435	740
28.65735	780
28.6707	801
28.68426667	814
28.69643333	730
28.70841667	719
28.7207	737
28.73386667	790
28.74891667	903
28.76455	938
28.78013333	935
28.79535	913
28.80996667	877
28.82285	773
28.83555	762
28.848	747
28.86068333	761
28.87321667	752
28.88458333	682
28.89625	700
28.90771667	688
28.91908333	682
28.93091667	710
28.94288333	718
28.95448333	696
28.96591667	686
28.97736667	687
28.989	698
29.0006	696
29.01203333	686
29.02368333	699
29.03445	646
29.04545	660
29.0564	657
29.06816667	706
29.08158333	805
29.09518333	816
29.10998333	888
29.12363333	819
29.13688333	795
29.14966667	767
29.16155	713
29.17406667	751
29.18628333	733
29.19811667	710
29.20963333	691
29.22086667	674
29.23226667	684
29.24366667	684
29.25475	665
29.26576667	661
29.27683333	664
29.28788333	663
29.2997	709
29.31196667	736
29.3236	698
29.3353	702
29.34716667	712
29.3593	728
29.37158333	737
29.38343333	711
29.39553333	726
29.40871667	791
29.42056667	711
29.43268333	727
29.4453	757
29.46101667	943
29.47756667	993
29.4937	968
29.50915	927
29.52466667	931
29.53926667	876
29.5533	842
29.56755	855
29.58103333	809
29.59593333	894
29.61078333	891
29.62536667	875
29.64285	1049
29.6573	867
29.67171667	865
29.68686667	909
29.7012	860
29.71715	957
29.73203333	893
29.7463	856
29.7606	858
29.77393333	800
29.78896667	902
29.80493333	958
29.82018333	915
29.83685	1000
29.85216667	919
29.86798333	949
29.88528333	1038
29.90078333	930
29.91728333	990
29.93248333	912
29.94763333	909
29.96156667	836
29.97625	881
29.99146667	913
30.00568333	853
30.02108333	924
30.03528333	852
30.05025	898
30.06676667	991
30.0826	950
30.09691667	859
30.10965	764
30.12155	714
30.13401667	748
30.14741667	804
30.16133333	835
30.1754	844
30.19021667	889
30.20383333	817
30.2188	898
30.23253333	824
30.24663333	846
30.26168333	903
30.27535	820
30.2904	903
30.30485	867
30.31995	906
30.33415	852
30.34673333	755
30.36021667	809
30.38025	0
30.39695	1002
30.41315	972
30.42615	780
30.4394	795
30.45341667	841
30.46695	812
30.48215	912
30.5006	1107
30.51808333	1049
30.53398333	954
30.54851667	872
30.56158333	784
30.57418333	756
30.58608333	714
30.59751667	686
30.6086	665
30.61941667	649
30.63	635
30.64023333	614
30.65023333	600
30.65995	583
30.66946667	571
30.67895	569
30.68836667	565
30.69793333	574
30.70801667	605
30.71805	602
30.7287	639
30.73983333	668
30.75176667	716
30.7639	728
30.77675	771
30.78953333	767
30.80235	769
30.81388333	692
30.8255	697
30.83711667	697
30.8496	749
30.86281667	793
30.87726667	867
30.89091667	819
30.90271667	708
30.91418333	688
30.92636667	731
30.94321667	1011
30.96073333	1051
30.97791667	1031
30.99196667	843
31.00593333	838
31.02003333	846
31.03438333	861
31.04845	844
31.06083333	743
31.07328333	747
31.08616667	773
31.10026667	846
31.11526667	900
31.13018333	895
31.14501667	890
31.1581	785
31.171	774
31.18343333	746
31.19558333	729
31.21968333	0
31.23131667	698
31.24323333	715
31.25501667	707
31.26698333	718
31.27895	718
31.29146667	751
31.30488333	805
31.31903333	849
31.33251667	809
31.34638333	832
31.35945	784
31.37226667	769
31.3843	722
31.39601667	703
31.40751667	690
31.41881667	678
31.43158333	766
31.44788333	978
31.46148333	816
31.47641667	896
31.49096667	873
31.50448333	811
31.51916667	881
31.53368333	871
31.54833333	879
31.56158333	795
31.57495	802
31.58781667	772
31.60083333	781
31.61416667	800
31.62725	785
31.64045	792
31.65278333	740
31.66623333	807
31.68043333	852
31.69363333	792
31.70805	865
31.723	897
31.73776667	886
31.75195	851
31.76571667	826
31.77968333	838
31.793	799
31.80653333	812
31.81868333	729
31.8304	703
31.84198333	695
31.85503333	783
31.87071667	941
31.88751667	1008
31.90408333	994
31.92013333	963
31.93426667	848
31.94776667	810
31.96043333	760
31.97275	739
31.98445	702
31.99671667	736
