0.011366667	682
0.022633333	676
0.033566667	656
0.043983333	625
0.05435	622
0.06485	630
0.075783333	656
0.086283333	630
0.09675	628
0.107733333	659
0.119233333	690
0.130283333	663
0.1413	661
0.152983333	701
0.165366667	743
0.176883333	691
0.188566667	701
0.200466667	714
0.212333333	712
0.223483333	669
0.234916667	686
0.24655	698
0.258033333	689
0.269133333	666
0.280466667	680
0.291366667	654
0.302166667	648
0.313216667	663
0.324216667	660
0.33505	650
0.346466667	685
0.358583333	727
0.370216667	698
0.381633333	685
0.3936	718
0.405883333	737
0.41745	694
0.429266667	709
0.441333333	724
0.453366667	722
0.464866667	690
0.476633333	706
0.488583333	717
0.500233333	699
0.512233333	720
0.52425	721
0.535916667	700
0.5472	677
0.5588	696
0.5707	714
0.5821	684
0.593166667	664
0.60455	683
0.6157	669
0.627216667	691
0.638916667	702
0.649966667	663
0.661	662
0.672516667	691
0.683666667	669
0.694833333	670
0.706416667	695
0.718516667	726
0.729816667	678
0.741533333	703
0.753666667	728
0.765666667	720
0.777633333	718
0.7891	688
0.800916667	709
0.813033333	727
0.824483333	687
0.836016667	692
0.84775	704
0.859416667	700
0.871166667	705
0.882516667	681
0.893916667	684
0.90495	662
0.915733333	647
0.926433333	642
0.936916667	629
0.94745	632
0.958083333	638
0.969016667	656
0.979666667	639
0.991083333	685
1.002816667	704
1.01425	686
1.026183333	716
1.0389	763
1.051733333	770
1.063816667	725
1.076133333	739
1.08865	751
1.100383333	704
1.11245	724
1.1245	723
1.135983333	689
1.14765	700
1.1595	711
1.17095	687
1.182416667	688
1.194366667	717
1.2067	740
1.218233333	692
1.230216667	719
1.242383333	730
1.25425	712
1.26575	690
1.277233333	689
1.288933333	702
1.300583333	699
1.3123	703
1.32395	699
1.335466667	691
1.346633333	670
1.357283333	639
1.36785	634
1.3785	639
1.3893	648
1.400016667	643
1.410733333	643
1.421933333	672
1.433566667	698
1.44455	659
1.455816667	676
1.467316667	690
1.478416667	666
1.489583333	670
1.50075	670
1.511666667	655
1.522366667	642
1.533466667	666
1.544766667	678
1.556366667	696
1.56815	707
1.57935	672
1.5909	693
1.602783333	713
1.614483333	702
1.625816667	680
1.637666667	711
1.650333333	760
1.662433333	726
1.673733333	678
1.685	676
1.696133333	668
1.706966667	650
1.717583333	637
1.728566667	659
1.7401	692
1.75175	699
1.76325	690
1.775316667	724
1.787716667	744
1.799633333	715
1.81175	727
1.82415	744
1.83595	708
1.84795	720
1.859883333	716
1.871933333	723
1.883933333	720
1.89565	703
1.906733333	665
1.918	676
1.929383333	683
1.9407	679
1.952133333	686
1.96365	691
1.974666667	661
1.985433333	646
1.996183333	645
2.006983333	648
2.01745	628
2.02795	630
2.038733333	647
2.049766667	662
2.060433333	640
2.071316667	653
2.082633333	679
2.094166667	692
2.105166667	660
2.1165	680
2.12795	687
2.139133333	671
2.150533333	684
2.162233333	702
2.173583333	681
2.185316667	704
2.197433333	727
2.209516667	725
2.221233333	703
2.23295	703
2.24515	732
2.257566667	745
2.269933333	742
2.281766667	710
2.293083333	679
2.304566667	689
2.316383333	709
2.328166667	707
2.339333333	670
2.351016667	701
2.362716667	702
2.374	677
2.38525	675
2.396483333	674
2.40785	682
2.419183333	680
2.4302	661
2.440866667	640
2.451383333	631
2.4621	643
2.473383333	677
2.485366667	719
2.49655	671
2.5082	699
2.520183333	719
2.532516667	740
2.544233333	703
2.556	706
2.56785	711
2.579566667	703
2.591033333	688
2.602766667	704
2.614316667	693
2.625483333	670
2.636733333	675
2.648133333	684
2.659916667	707
2.671183333	676
2.682766667	695
2.694316667	693
2.70545	668
2.716633333	671
2.728166667	692
2.73965	689
2.750616667	658
2.761783333	670
2.77305	676
2.784266667	673
2.79515	653
2.80655	684
2.818116667	694
2.82975	698
2.841083333	680
2.85275	700
2.864733333	719
2.8763	694
2.887983333	701
2.89985	712
2.911783333	716
2.9233	691
2.935266667	718
2.947366667	726
2.9591	704
2.9706	690
2.982516667	715
2.994383333	712
3.005766667	683
3.01725	689
3.029066667	709
3.040916667	711
3.0524	689
3.064333333	716
3.076183333	711
3.08825	724
3.099866667	697
3.111333333	688
3.123166667	710
3.1353	728
3.146983333	701
3.158766667	707
3.170783333	721
3.182466667	701
3.193783333	679
3.205116667	680
3.216516667	684
3.227866667	681
3.2391	674
3.25015	663
3.26085	642
3.271583333	644
3.282233333	639
3.292966667	644
3.303483333	631
3.314283333	648
3.325733333	687
3.337266667	692
3.34855	677
3.359683333	668
3.371083333	684
3.3826	691
3.393633333	662
3.40475	667
3.416	675
3.427233333	674
3.438116667	653
3.4492	665
3.460333333	668
3.471283333	657
3.482433333	669
3.4937	676
3.505133333	686
3.516183333	663
3.5277	691
3.539866667	730
3.551933333	724
3.563366667	686
3.575216667	711
3.586983333	706
3.598283333	678
3.60985	694
3.621433333	695
3.633066667	698
3.644116667	663
3.65525	668
3.666483333	674
3.67785	682
3.689	669
3.699733333	644
3.710633333	654
3.72145	649
3.732166667	643
3.742816667	639
3.753933333	667
3.764733333	648
3.77555	649
3.786583333	662
3.797566667	659
3.808233333	640
3.819016667	647
3.829783333	646
3.840633333	651
3.851533333	654
3.862033333	630
3.872633333	636
3.883183333	633
3.893916667	644
3.905133333	673
3.9165	682
3.927433333	656
3.93815	643
3.94895	648
3.959816667	652
3.970683333	652
3.981416667	644
3.991983333	634
4.002583333	636
4.013433333	651
4.02425	649
4.035266667	661
4.046583333	679
4.05815	694
4.06965	690
4.0818	729
4.093333333	692
4.104966667	698
4.116466667	690
4.12775	677
4.13885	666
4.14985	660
4.1607	651
4.171433333	644
4.1821	640
4.192583333	629
4.203033333	627
4.213683333	639
4.22435	640
4.23495	636
4.24565	642
4.2559	615
4.265933333	602
4.276066667	608
4.286416667	621
4.296766667	621
4.30765	653
4.318416667	646
4.32905	638
4.340033333	659
4.3518	706
4.36465	771
4.378033333	803
4.391183333	789
4.404833333	819
4.418983333	849
4.433766667	887
4.448383333	877
4.462483333	846
4.475733333	795
4.489233333	810
4.502983333	825
4.5161	787
4.527933333	710
4.53955	697
4.551133333	695
4.5624	676
4.573366667	658
4.584316667	657
4.59545	668
4.6075	723
4.619233333	704
4.6313	724
4.64365	741
4.655816667	730
4.66755	704
4.679566667	721
4.691616667	723
4.70365	722
4.715683333	722
4.727566667	713
4.739116667	693
4.750683333	694
4.762566667	713
4.774633333	724
4.7866	718
4.7984	708
4.81025	711
4.821916667	700
4.8333	683
4.844083333	647
4.85485	646
4.865416667	634
4.87585	626
4.886033333	611
4.8965	628
4.9074	654
4.9184	660
4.929166667	646
4.94045	677
4.951916667	688
4.963116667	672
4.97445	680
4.986316667	712
4.998366667	723
5.01005	701
5.022016667	718
5.034316667	738
5.0463	719
5.058266667	718
5.070366667	726
5.081966667	696
5.093683333	703
5.1054	703
5.116766667	682
5.127866667	666
5.139	668
5.15005	663
5.160783333	644
5.171566667	647
5.182366667	648
5.19275	623
5.203283333	632
5.213916667	638
5.22435	626
5.234483333	608
5.244533333	603
5.254383333	591
5.264333333	597
5.274416667	605
5.284633333	613
5.294816667	611
5.305433333	637
5.31655	667
5.328383333	710
5.339516667	668
5.35125	704
5.36285	696
5.374183333	680
5.385433333	675
5.397033333	696
5.408733333	702
5.4199	670
5.431183333	677
5.442583333	684
5.454066667	689
5.4652	668
5.476916667	703
5.4888	713
5.500066667	676
5.511683333	697
5.52375	724
5.535366667	697
5.5468	686
5.5589	726
5.5709	720
5.582433333	692
5.594583333	729
5.606783333	732
5.6186	709
5.63055	717
5.642433333	713
5.6535	664
5.664783333	677
5.676283333	690
5.687433333	669
5.698633333	672
5.7103	700
5.72145	669
5.73315	702
5.74475	696
5.756183333	686
5.767366667	671
5.778933333	694
5.7905	694
5.801566667	664
5.81285	677
5.824416667	694
5.835633333	673
5.847166667	692
5.859383333	733
5.871366667	719
5.883183333	709
5.89575	754
5.9082	747
5.92005	711
5.932233333	731
5.94415	715
5.955916667	706
5.9672	677
5.9783	666
5.989366667	664
6.00045	665
6.01115	642
6.02245	678
6.034766667	739
6.046783333	721
6.0589	727
6.071233333	740
6.083516667	737
6.0951	695
6.1066	690
6.11815	693
6.129466667	679
6.140466667	660
6.151583333	667
6.162616667	662
6.173566667	657
6.184466667	654
6.1956	668
6.206766667	670
6.217966667	672
6.229683333	703
6.241883333	732
6.253916667	722
6.265483333	694
6.27735	712
6.289033333	701
6.300333333	678
6.31195	697
6.323716667	706
6.335383333	700
6.346566667	671
6.357633333	664
6.368833333	672
6.3802	682
6.3911	654
6.402433333	680
6.41425	709
6.42545	672
6.436466667	661
6.447616667	669
6.4589	677
6.469933333	662
6.481233333	678
6.493283333	723
6.505733333	747
6.517433333	702
6.529333333	714
6.541533333	732
6.553166667	698
6.564666667	690
6.5761	686
6.58715	663
6.598283333	668
6.6095	673
6.620883333	683
6.632066667	671
6.642866667	648
6.653366667	630
6.663933333	634
6.674616667	641
6.685233333	637
6.695666667	626
6.706283333	637
6.717233333	657
6.7278	634
6.738383333	635
6.749116667	644
6.759983333	652
6.770633333	639
6.78135	643
6.79215	648
6.802616667	628
6.812816667	612
6.822933333	607
6.83305	607
6.842816667	586
6.852716667	594
6.86295	614
6.873483333	632
6.88385	622
6.8944	633
6.9052	648
6.91615	657
6.927033333	653
6.9376	634
6.948716667	667
6.960066667	681
6.971633333	694
6.982916667	677
6.994383333	688
7.005616667	674
7.016566667	657
7.026983333	625
7.03735	622
7.047766667	625
7.0582	626
7.0681	594
7.0781	600
7.087966667	592
7.097666667	582
7.107433333	586
7.117083333	579
7.126666667	575
7.13645	587
7.145983333	572
7.1556	577
7.165383333	587
7.175116667	584
7.185066667	597
7.195133333	604
7.20525	607
7.215333333	605
7.225433333	606
7.235516667	605
7.245516667	600
7.2556	605
7.265866667	616
7.276183333	619
7.286133333	597
7.29605	595
7.306016667	598
7.315616667	576
7.32515	572
7.334616667	568
7.344116667	570
7.353466667	561
7.362783333	559
7.372116667	560
7.38145	560
7.390683333	554
7.399883333	552
7.409133333	555
7.418416667	557
7.4278	563
7.43695	549
7.4462	555
7.455616667	565
7.46495	560
7.47415	552
7.483483333	560
7.492716667	554
7.501783333	544
7.510833333	543
7.519916667	545
7.528983333	544
7.53795	538
7.546933333	539
7.556116667	551
7.565233333	547
7.574366667	548
7.583433333	544
7.592683333	555
7.6019	553
7.611183333	557
7.620583333	564
7.62995	562
7.6395	573
7.64915	579
7.6588	579
7.668683333	593
7.678716667	602
7.688533333	589
7.698583333	603
7.708766667	611
7.718566667	588
7.728433333	592
7.738433333	600
7.748383333	597
7.758016667	578
7.767683333	580
7.7775	589
7.787183333	581
7.796783333	576
7.806383333	576
7.8159	571
7.82535	567
7.83495	576
7.844483333	572
7.8539	565
7.863483333	575
7.87315	580
7.882816667	580
7.8925	581
7.90245	597
7.912266667	589
7.922183333	595
7.932183333	600
7.942083333	594
7.952033333	597
7.962183333	609
7.972133333	597
7.981916667	587
7.9918	593
8.00155	585
8.011216667	580
8.020766667	573
8.0304	578
8.040016667	577
8.049616667	576
8.0591	569
8.068816667	583
8.0784	575
8.087883333	569
8.097566667	581
8.107466667	594
8.1171	578
8.126783333	581
8.136783333	600
8.146733333	597
8.1566	592
8.166566667	598
8.176616667	603
8.18645	590
8.19645	600
8.206466667	601
8.216166667	582
8.225883333	583
8.2357	589
8.24535	579
8.25485	570
8.26455	582
8.274416667	592
8.284033333	577
8.29375	583
8.303666667	595
8.313633333	598
8.323433333	588
8.3334	598
8.3438	624
8.3537	594
8.36375	603
8.374066667	619
8.38415	605
8.394016667	592
8.403983333	598
8.41425	616
8.424333333	605
8.434316667	599
8.444316667	600
8.454283333	598
8.464	583
8.473783333	587
8.483466667	581
8.4929	566
8.502283333	563
8.51185	574
8.521316667	568
8.530583333	556
8.540016667	566
8.549616667	576
8.559083333	568
8.568633333	573
8.578466667	590
8.5884	596
8.598166667	586
8.607933333	586
8.618116667	611
8.628033333	595
8.637966667	596
8.648083333	607
8.658066667	599
8.667866667	588
8.6778	596
8.687766667	598
8.697383333	577
8.707033333	579
8.716866667	590
8.726566667	582
8.736183333	577
8.7459	583
8.755716667	589
8.7656	593
8.775283333	581
8.78485	574
8.794383333	572
8.804116667	584
8.813783333	580
8.823183333	564
8.83255	562
8.842016667	568
8.85135	560
8.860516667	550
8.869716667	552
8.879016667	558
8.888266667	555
8.8974	548
8.906716667	559
8.9161	563
8.9255	564
8.934783333	557
8.944266667	569
8.953716667	567
8.9631	563
8.9724	558
8.981783333	563
8.99125	568
9.000633333	563
9.009933333	558
9.019383333	567
9.02885	568
9.038266667	565
9.0476	560
9.057133333	572
9.066783333	579
9.0762	565
9.085566667	562
9.095016667	567
9.104266667	555
9.113516667	555
9.122816667	558
9.131983333	550
9.1411	547
9.150266667	550
9.159266667	540
9.168183333	535
9.177366667	551
9.186433333	544
9.195566667	548
9.20495	563
9.21435	564
9.223683333	560
9.233066667	563
9.242416667	561
9.251933333	571
9.2616	580
9.270966667	562
9.280283333	559
9.28965	562
9.298733333	545
9.3079	550
9.316966667	544
9.325966667	540
9.335116667	549
9.344116667	540
9.3531	539
9.362233333	548
9.371183333	537
9.380116667	536
9.3893	551
9.398383333	545
9.40735	538
9.416483333	548
9.425616667	548
9.434566667	537
9.443716667	549
9.452783333	544
9.4618	541
9.470616667	529
9.479466667	531
9.488416667	537
9.497283333	532
9.5061	529
9.5151	540
9.524066667	538
9.532866667	528
9.5418	536
9.5508	540
9.55975	537
9.568566667	529
9.577416667	531
9.586316667	534
9.59515	530
9.603833333	521
9.612533333	522
9.621216667	521
9.629833333	517
9.6383	508
9.646766667	508
9.65535	515
9.6639	513
9.6724	510
9.680916667	511
9.68955	518
9.698116667	514
9.70665	512
9.715233333	515
9.723866667	518
9.732816667	537
9.741866667	543
9.7511	554
9.76025	549
9.7692	537
9.778233333	542
9.787266667	542
9.79625	539
9.805516667	556
9.814933333	565
9.82455	577
9.834366667	589
9.843966667	576
9.853366667	564
9.862766667	564
9.872116667	561
9.88125	548
9.890316667	544
9.89925	536
9.908016667	526
9.9167	521
9.925416667	523
9.933983333	514
9.9425	511
9.95105	513
9.959783333	524
9.968516667	524
9.977233333	523
9.986116667	533
9.995283333	550
10.00441667	548
10.01348333	544
10.02293333	567
10.03268333	585
10.04231667	578
10.05186667	573
10.06155	581
10.071	567
10.08031667	559
10.08966667	561
10.09893333	556
10.10801667	545
10.11716667	549
10.12625	545
10.13511667	532
10.144	533
10.15286667	532
10.16166667	528
10.17033333	520
10.17906667	524
10.18785	527
10.19651667	520
10.2052	521
10.21403333	530
10.2228	526
10.23156667	526
10.24035	527
10.24921667	532
10.25813333	535
10.26701667	533
10.27606667	543
10.28503333	538
10.2939	532
10.3029	540
10.31191667	541
10.3209	539
10.32988333	539
10.33893333	543
10.34793333	540
10.35683333	534
10.36578333	537
10.3746	529
10.38336667	526
10.39208333	523
10.4007	517
10.40933333	518
10.4179	514
10.42648333	515
10.43496667	509
10.4434	506
10.45191667	511
10.46046667	513
10.46898333	511
10.47748333	510
10.48611667	518
10.49465	512
10.5032	513
10.51181667	517
10.52065	530
10.5295	531
10.53828333	527
10.54725	538
10.55625	540
10.56515	534
10.57405	534
10.58305	540
10.592	537
10.6008	528
10.60956667	526
10.61833333	526
10.62693333	516
10.63546667	512
10.644	512
10.65258333	515
10.66096667	503
10.66938333	505
10.67783333	507
10.6864	514
10.69491667	511
10.70338333	508
10.71196667	515
10.72071667	525
10.72953333	529
10.73821667	521
10.74706667	531
10.75586667	528
10.76461667	525
10.77341667	528
10.78236667	537
10.79116667	528
10.8	530
10.80878333	527
10.81765	532
10.82638333	524
10.83506667	521
10.84376667	522
10.85243333	520
10.86103333	516
10.86968333	519
10.87841667	524
10.88705	518
10.89563333	515
10.90428333	519
10.91305	526
10.92171667	520
10.93033333	517
10.93896667	518
10.94755	515
10.95603333	509
10.96458333	513
10.9731	511
10.98165	513
10.9901	507
10.99861667	511
11.00721667	516
11.01576667	513
11.02423333	508
11.03278333	513
11.04131667	512
11.04973333	505
11.05815	505
11.06671667	514
11.07525	512
11.08368333	506
11.0921	505
11.10056667	508
11.1089	500
11.11725	501
11.12561667	502
11.13396667	501
11.14228333	499
11.15061667	500
11.15903333	505
11.16736667	500
11.17575	503
11.18415	504
11.19271667	514
11.20133333	517
11.20986667	512
11.2185	518
11.22733333	530
11.2362	532
11.24491667	523
11.25378333	532
11.26258333	528
11.27133333	525
11.28006667	524
11.28873333	520
11.29746667	524
11.30606667	516
11.31466667	516
11.32331667	519
11.3319	515
11.34046667	514
11.3491	518
11.35778333	521
11.36635	514
11.37501667	520
11.38373333	523
11.39248333	525
11.40113333	519
11.40986667	524
11.41876667	534
11.4277	536
11.43638333	521
11.44513333	525
11.45383333	522
11.46233333	510
11.4709	514
11.47945	513
11.48793333	509
11.49636667	506
11.5049	512
11.5135	516
11.52195	507
11.5305	513
11.53921667	523
11.5479	521
11.5565	516
11.56523333	524
11.57396667	524
11.5826	518
11.59135	525
11.60001667	520
11.60861667	516
11.61731667	522
11.6259	515
11.63445	513
11.64301667	514
11.65163333	517
11.6602	514
11.66863333	506
11.67713333	510
11.68573333	516
11.69433333	516
11.70286667	512
11.71141667	513
11.72015	524
11.72885	522
11.73741667	514
11.74606667	519
11.7549	530
11.76365	525
11.7723	519
11.78103333	524
11.78996667	536
11.7988	530
11.80755	525
11.81638333	530
11.82516667	527
11.83391667	525
11.84261667	522
11.85126667	519
11.85991667	519
11.86845	512
11.87696667	511
11.88548333	511
11.89396667	509
11.9024	506
11.91085	507
11.91925	504
11.9276	501
11.93588333	497
11.94421667	500
11.95253333	499
11.96085	499
11.96911667	496
11.97745	500
11.98586667	505
11.9943	506
12.00263333	500
12.01106667	506
12.01968333	517
12.02838333	522
12.03705	520
12.04566667	517
12.05446667	528
12.06323333	526
12.07186667	518
12.08056667	522
12.08928333	523
12.09791667	518
12.10648333	514
12.11498333	510
12.12361667	518
12.13225	518
12.14081667	514
12.1495	521
12.15823333	524
12.16701667	527
12.1757	521
12.18448333	527
12.1933	529
12.20198333	521
12.21083333	531
12.21985	541
12.22871667	532
12.2376	533
12.24663333	542
12.25575	547
12.26475	540
12.27388333	548
12.28291667	542
12.29181667	534
12.30081667	540
12.30975	536
12.3185	525
12.32736667	532
12.33628333	535
12.34498333	522
12.35368333	522
12.3625	529
12.37121667	523
12.37981667	516
12.38848333	520
12.39725	526
12.406	525
12.41461667	517
12.42333333	523
12.43206667	524
12.44066667	516
12.44925	515
12.4579	519
12.46641667	511
12.47488333	508
12.48336667	509
12.4919	512
12.50033333	506
12.5087	502
12.51713333	506
12.5256	508
12.534	504
12.54235	501
12.55073333	503
12.55911667	503
12.56736667	495
12.5758	506
12.5843	510
12.59276667	508
12.60123333	508
12.60991667	521
12.61873333	529
12.62735	517
12.63598333	518
12.6448	529
12.65366667	532
12.66246667	528
12.67113333	520
12.67978333	519
12.6885	523
12.69723333	524
12.70586667	518
12.7145	518
12.72325	525
12.73193333	521
12.74056667	518
12.74928333	523
12.75803333	525
12.76676667	524
12.77543333	520
12.78415	523
12.79288333	524
12.8015	517
12.81023333	524
12.81906667	530
12.82781667	525
12.83646667	519
12.8451	518
12.85366667	514
12.86215	509
12.87061667	508
12.87916667	513
12.88768333	511
12.89618333	510
12.90471667	512
12.91335	518
12.92193333	515
12.93048333	513
12.93898333	510
12.94748333	510
12.95591667	506
12.96433333	505
12.97276667	506
12.98125	509
12.98968333	506
12.9981	505
13.00656667	508
13.01501667	507
13.02341667	504
13.03191667	510
13.04031667	504
13.04871667	504
13.0571	503
13.06558333	509
13.07411667	512
13.08253333	505
13.09111667	515
13.09985	524
13.10848333	518
13.1171	517
13.12601667	535
13.13496667	537
13.14386667	534
13.15288333	541
13.16195	544
13.17088333	536
13.17978333	534
13.18871667	536
13.1975	527
13.2063	528
13.2152	534
13.22391667	523
13.23263333	523
13.24136667	524
13.25015	527
13.25881667	520
13.2675	521
13.27633333	530
13.28511667	527
13.29375	518
13.3025	525
13.31131667	529
13.31995	518
13.3286	519
13.33726667	520
13.3461	530
13.35475	519
13.36343333	521
13.37218333	525
13.38088333	522
13.38958333	522
13.39828333	522
13.40695	520
13.41558333	518
13.42428333	522
13.43295	520
13.44155	516
13.45011667	514
13.45868333	514
13.46728333	516
13.47578333	510
13.48421667	506
13.49266667	507
13.501	500
13.50931667	499
13.51766667	501
13.5261	506
13.53446667	502
13.54278333	499
13.55121667	506
13.55976667	513
13.56826667	510
13.57678333	511
13.58543333	519
13.59416667	524
13.6029	524
13.61155	519
13.62028333	524
13.62915	532
13.63793333	527
13.64663333	522
13.65536667	524
13.66413333	526
13.67285	523
13.68151667	520
13.69015	518
13.69873333	515
13.70725	511
13.71571667	508
13.72415	506
13.73241667	496
13.74061667	492
13.74888333	496
13.7571	493
13.76533333	494
13.77355	493
13.78181667	496
13.7902	503
13.79853333	500
13.80693333	504
13.81538333	507
13.82388333	510
13.83233333	507
13.84095	517
13.84956667	517
13.8581	512
13.86673333	518
13.87565	535
13.88453333	533
13.89321667	521
13.90203333	529
13.9108	526
13.91946667	520
13.92806667	516
13.93671667	519
13.94528333	514
13.95383333	513
13.9625	520
13.9712	522
13.97978333	515
13.98845	520
13.99723333	527
14.00591667	521
14.01458333	520
14.02345	532
14.03216667	523
14.04076667	516
14.04951667	525
14.05826667	525
14.06696667	522
14.07558333	517
14.0843	523
14.09313333	530
14.10188333	525
14.1105	517
14.11916667	520
14.12776667	516
14.1363	512
14.14473333	506
14.15321667	509
14.16163333	505
14.17	502
14.17836667	502
14.18676667	504
14.19518333	505
14.20355	502
14.21191667	502
14.22035	506
14.22871667	502
14.23706667	501
14.24545	503
14.2539	507
14.26226667	502
14.27068333	505
14.27915	508
14.28771667	514
14.2962	509
14.30471667	511
14.31328333	514
14.32186667	515
14.3304	512
14.33895	513
14.34758333	518
14.35616667	515
14.3647	512
14.37333333	518
14.38193333	516
14.39043333	510
14.39901667	515
14.40765	518
14.41618333	512
14.42476667	515
14.43338333	517
14.4419	511
14.45043333	512
14.45893333	510
14.46741667	509
14.47581667	504
14.48433333	511
14.49291667	515
14.50143333	511
14.50988333	507
14.51848333	516
14.52735	532
14.53603333	521
14.5446	514
14.55331667	523
14.56195	518
14.57055	516
14.57915	516
14.58775	516
14.59625	510
14.60473333	509
14.61326667	512
14.6219	518
14.63045	513
14.63893333	509
14.64745	511
14.65601667	514
14.66451667	510
14.67296667	507
14.68148333	511
14.68993333	507
14.6984	508
14.70691667	511
14.7154	509
14.72381667	505
14.73231667	510
14.74081667	510
14.74931667	510
14.75785	512
14.7666	525
14.77535	525
14.784	519
14.7927	522
14.8014	522
14.81003333	518
14.81863333	516
14.82728333	519
14.83581667	512
14.84435	512
14.85298333	518
14.86156667	515
14.87001667	507
14.8786	515
14.88731667	523
14.89593333	517
14.9045	514
14.91316667	520
14.92195	527
14.9306	519
14.93926667	520
14.94801667	525
14.9568	527
14.96546667	520
14.97408333	517
14.98275	520
14.99133333	515
14.99985	511
15.00835	510
15.01683333	509
15.02525	505
15.03365	504
15.04205	504
15.05045	504
15.05878333	500
15.06715	502
15.07553333	503
15.08393333	504
15.09231667	503
15.10086667	513
15.10946667	516
15.11793333	508
15.12645	511
15.135	513
15.14361667	517
15.15211667	510
15.1607	515
15.16925	513
15.17775	510
15.18631667	514
15.19481667	510
15.20331667	510
15.21173333	505
15.22016667	506
15.2286	506
15.23695	501
15.2453	501
15.25373333	506
15.26211667	503
15.2705	503
15.27893333	506
15.28741667	509
15.29586667	507
15.30428333	505
15.3129	517
15.32146667	514
15.33003333	514
15.33878333	525
15.34745	520
15.35601667	514
15.36463333	517
15.37336667	524
15.38201667	519
15.39055	512
15.39915	516
15.40761667	508
15.41601667	504
15.42436667	501
15.43273333	502
15.44111667	503
15.44935	494
15.45775	504
15.46635	516
15.47481667	508
15.48326667	507
15.49188333	517
15.50043333	513
15.50891667	509
15.51756667	519
15.52635	527
15.53511667	526
15.54375	518
15.55253333	527
15.56138333	531
15.57015	526
15.57885	522
15.58773333	533
15.59655	529
15.60525	522
15.61395	522
15.62265	522
15.6313	519
15.63986667	514
15.64855	521
15.65718333	518
15.66568333	510
15.67423333	513
15.6828	514
15.69128333	509
15.6998	511
15.70846667	520
15.71706667	516
15.72556667	510
15.73416667	516
15.74291667	525
15.75163333	523
15.76028333	519
15.76895	520
15.77771667	526
15.78643333	523
15.7951	520
15.80388333	527
15.81263333	525
15.82131667	521
15.82996667	519
15.83873333	526
15.84748333	525
15.85615	520
15.86493333	527
15.87366667	524
15.8823	518
15.891	522
15.89973333	524
15.90835	517
15.91691667	514
15.92565	524
15.93426667	517
15.94285	515
15.95146667	517
15.96013333	520
15.96875	517
15.97733333	515
15.98605	523
15.99465	516
16.00321667	514
16.0118	515
16.02035	513
16.02888333	512
16.03746667	515
16.04601667	513
16.05455	512
16.06303333	509
16.07158333	513
16.08008333	510
16.08853333	507
16.09705	511
16.10563333	515
16.11406667	506
16.12256667	510
16.13116667	516
16.13975	515
16.14823333	509
16.15685	517
16.1655	519
16.17411667	517
16.18273333	517
16.19136667	518
16.19993333	514
16.20848333	513
16.21703333	513
16.22553333	510
16.23395	505
16.2424	507
16.25091667	511
16.25941667	510
16.26786667	507
16.27638333	511
16.28506667	521
16.29378333	523
16.3024	517
16.31105	519
16.31981667	526
16.32853333	523
16.33721667	521
16.34586667	519
16.3545	518
16.36303333	512
16.37155	511
16.38008333	512
16.38851667	506
16.3969	503
16.40538333	509
16.41381667	506
16.42225	506
16.43063333	503
16.43913333	510
16.44763333	510
16.45608333	507
16.4645	505
16.473	510
16.48148333	509
16.48996667	509
16.49845	509
16.50703333	515
16.51553333	510
16.52416667	518
16.53288333	523
16.54146667	515
16.5501	518
16.55873333	518
16.56731667	515
16.57588333	514
16.58455	520
16.59321667	520
16.60178333	514
16.61048333	522
16.61918333	522
16.62785	520
16.63658333	524
16.64536667	527
16.65406667	522
16.66275	521
16.6714	519
16.6801	522
16.6887	516
16.6973	516
16.70601667	523
16.71468333	520
16.72328333	516
16.7319	517
16.74058333	521
16.74915	514
16.75771667	514
16.76623333	511
16.77471667	509
16.78321667	510
16.79176667	513
16.80018333	505
16.8086	505
16.81708333	509
16.8255	505
16.83386667	502
16.84216667	498
16.85065	509
16.85906667	505
16.86745	503
16.87593333	509
16.88463333	522
16.89336667	524
16.90215	527
16.91075	516
16.91931667	514
16.9278	509
16.93626667	508
16.94476667	510
16.95341667	519
16.96213333	523
16.97083333	522
16.9797	532
16.98856667	532
16.99733333	526
17.00613333	528
17.01493333	528
17.0237	526
17.03231667	517
17.04093333	517
17.04948333	513
17.058	511
17.06651667	511
17.07505	512
17.08376667	523
17.09245	521
17.10105	516
17.10978333	524
17.11866667	533
17.12765	539
17.13655	534
17.14565	546
17.15488333	554
17.16405	550
17.17313333	545
17.18235	553
17.19155	552
17.2006	543
17.20966667	544
17.21871667	543
17.22763333	535
17.23653333	534
17.24545	535
17.25426667	529
17.26301667	525
17.27176667	525
17.28041667	519
17.28905	518
17.29755	510
17.30605	510
17.31461667	514
17.32303333	505
17.33155	511
17.34005	510
17.34848333	506
17.35688333	504
17.3654	511
17.37391667	511
17.38241667	510
17.3909	509
17.3995	516
17.40821667	523
17.41685	518
17.42553333	521
17.43428333	525
17.44306667	527
17.45178333	523
17.46048333	522
17.4693	529
17.478	522
17.48656667	514
17.49515	515
17.50361667	508
17.51198333	502
17.52038333	504
17.52878333	504
17.53708333	498
17.54541667	500
17.55378333	502
17.56215	502
17.5705	501
17.57886667	502
17.58721667	501
17.59556667	501
17.604	506
17.61253333	512
17.62103333	510
17.6295	508
17.63808333	515
17.64676667	521
17.65536667	516
17.66403333	520
17.67268333	519
17.6813	517
17.68991667	517
17.69858333	520
17.70715	514
17.71561667	508
17.72406667	507
17.73238333	499
17.74056667	491
17.7488	494
17.757	492
17.76516667	490
17.7732	482
17.78131667	487
17.7894	485
17.79746667	484
17.80551667	483
17.81363333	487
17.82173333	486
17.82983333	486
17.83793333	486
17.84611667	491
17.8544	497
17.86285	507
17.87126667	505
17.87978333	511
17.88853333	525
17.89725	523
17.90595	522
17.9149	537
17.92396667	544
17.93293333	538
17.94188333	537
17.95093333	543
17.96	544
17.96893333	536
17.97796667	542
17.98691667	537
17.99585	536
18.00485	540
18.01386667	541
18.02286667	540
18.03178333	535
18.04081667	542
18.04975	536
18.0586	531
18.06748333	533
18.07641667	536
18.08518333	526
18.094	529
18.10285	531
18.11173333	533
18.12048333	525
18.12936667	533
18.13831667	537
18.14713333	529
18.15608333	537
18.16501667	536
18.1738	527
18.18265	531
18.1916	537
18.20045	531
18.2092	525
18.21801667	529
18.22675	524
18.23538333	518
18.24403333	519
18.2527	520
18.26138333	521
18.27005	520
18.27885	528
18.28763333	527
18.29643333	528
18.30521667	527
18.31405	530
18.32293333	533
18.33173333	528
18.34065	535
18.34948333	530
18.35826667	527
18.36703333	526
18.37586667	530
18.38453333	520
18.39318333	519
18.40188333	522
18.41056667	521
18.41918333	517
18.4279	523
18.43663333	524
18.44523333	516
18.4539	520
18.4626	522
18.47123333	518
18.47983333	516
18.48853333	522
18.49716667	518
18.5058	518
18.51443333	518
18.5231	520
18.53168333	515
18.54035	520
18.54908333	524
18.55778333	522
18.56638333	516
18.57505	520
18.58365	516
18.59213333	509
18.60063333	510
18.60923333	516
18.61781667	515
18.62636667	513
18.63496667	516
18.6437	524
18.65225	513
18.66083333	515
18.66948333	519
18.67803333	513
18.68656667	512
18.69511667	513
18.70365	512
18.71208333	506
18.72051667	506
18.72896667	507
18.7374	506
18.7459	510
18.75435	507
18.7628	507
18.77128333	509
18.77973333	507
18.78813333	504
18.79658333	507
18.80511667	512
18.81363333	511
18.8221	508
18.83061667	511
18.83915	512
18.84763333	509
18.85611667	509
18.86465	512
18.87316667	511
18.88158333	505
18.88991667	500
18.89825	500
18.90655	498
18.91481667	496
18.92301667	492
18.93121667	492
18.93945	494
18.94768333	494
18.95583333	489
18.96405	493
18.97228333	494
18.98048333	492
18.9886	487
18.9967	486
19.00488333	491
19.01308333	492
19.02135	496
19.02958333	494
19.03795	502
19.04653333	515
19.0553	526
19.06423333	536
19.07303333	528
19.08231667	557
19.09156667	555
19.10106667	570
19.11041667	561
19.11966667	555
19.1289	554
19.13833333	566
19.14763333	558
19.15676667	548
19.16611667	561
19.17535	554
19.1845	549
19.19361667	547
19.20293333	559
19.21221667	557
19.22133333	547
19.23031667	539
19.2394	545
19.24841667	541
19.25728333	532
19.26618333	534
19.275	529
19.28375	525
19.2925	525
19.30131667	529
19.31026667	537
19.31903333	526
19.32798333	537
19.33718333	552
19.34618333	540
19.35513333	537
19.36421667	545
19.37333333	547
19.38236667	542
19.39133333	538
19.40041667	545
19.40941667	540
19.4184	539
19.42731667	535
19.43623333	535
19.445	526
19.45373333	524
19.4625	526
19.47138333	533
19.48013333	525
19.48901667	533
19.49785	530
19.50665	528
19.51546667	529
19.52446667	540
19.5334	536
19.54225	531
19.55116667	535
19.56006667	534
19.56891667	531
19.57786667	537
19.58696667	546
19.5959	536
19.60475	531
19.61368333	536
19.62266667	539
19.63141667	525
19.64016667	525
19.64891667	525
19.65763333	523
19.66621667	515
19.67488333	520
19.6837	529
19.6924	522
19.70103333	518
19.7098	526
19.71868333	533
19.7275	529
19.73631667	529
19.74516667	531
19.75405	533
19.76283333	527
19.77165	529
19.78051667	532
19.78933333	529
19.79803333	522
19.80683333	528
19.81571667	533
19.82455	530
19.83326667	523
19.84208333	529
19.85073333	519
19.85938333	519
19.86805	520
19.87661667	514
19.8852	515
19.89373333	512
19.90221667	509
19.91065	506
19.91915	510
19.92776667	517
19.93633333	514
19.94483333	510
19.9536	526
19.96238333	527
19.97105	520
19.97976667	523
19.98861667	531
19.99741667	528
20.0061	521
20.01483333	524
20.0236	526
20.03226667	520
20.04101667	525
20.0498	527
20.05863333	530
20.06746667	530
20.07655	545
20.08561667	544
20.09466667	543
20.1042	572
20.1139	582
20.12343333	572
20.13313333	582
20.14281667	581
20.15265	590
20.1623	579
20.17181667	571
20.18148333	580
20.19131667	590
20.201	581
20.21066667	580
20.22078333	607
20.23103333	615
20.24098333	597
20.25088333	594
20.26105	610
20.27148333	626
20.28201667	632
20.29233333	619
20.30273333	624
20.31345	643
20.32391667	628
20.3345	635
20.34518333	641
20.35595	646
20.36618333	614
20.3762	601
20.38646667	616
20.3967	614
20.40663333	596
20.41671667	605
20.42713333	625
20.43725	607
20.44701667	586
20.45683333	589
20.46683333	600
20.4769	604
20.48708333	611
20.49696667	593
20.5069	596
20.51733333	626
20.52776667	626
20.53808333	619
20.54901667	656
20.56038333	682
20.57178333	684
20.58301667	674
20.59443333	685
20.606	694
20.61763333	698
20.62956667	716
20.64113333	694
20.65193333	648
20.66265	643
20.67361667	658
20.685	683
20.69566667	640
20.70645	647
20.71753333	665
20.72825	643
20.73916667	655
20.75026667	666
20.76146667	672
20.77235	653
20.78296667	637
20.79371667	645
20.80481667	666
20.8157	653
20.8265	648
20.8374	654
20.8485	666
20.85963333	668
20.87073333	666
20.8827	718
20.89511667	745
20.90693333	709
20.91941667	749
20.93245	782
20.94425	708
20.9562	717
20.96795	705
20.9797	705
20.99091667	673
21.00206667	669
21.01356667	690
21.02501667	687
21.0363	677
21.04705	645
21.05753333	629
21.06801667	629
21.07843333	625
21.08858333	609
21.0989	619
21.10948333	635
21.12013333	639
21.13061667	629
21.1415	653
21.15248333	659
21.16328333	648
21.17416667	653
21.18541667	675
21.1969	689
21.2082	678
21.21966667	688
21.23123333	694
21.24266667	686
21.25426667	696
21.2662	716
21.27818333	719
21.29005	712
21.30218333	728
21.31381667	698
21.32511667	678
21.33581667	642
21.3461	617
21.35628333	611
21.36645	610
21.3765	603
21.38655	603
21.39681667	616
21.40778333	658
21.41838333	636
21.42856667	611
21.4389	620
21.4492	618
21.45931667	607
21.46948333	610
21.47998333	630
21.49063333	639
21.50125	637
21.51175	630
21.52246667	643
21.5332	644
21.54381667	637
21.55463333	649
21.56571667	665
21.57705	680
21.58813333	665
21.59908333	657
21.6105	685
21.62233333	710
21.63426667	716
21.64566667	684
21.6571	686
21.66873333	698
21.68051667	707
21.6917	671
21.70226667	634
21.7127	626
21.72296667	616
21.73323333	616
21.74325	601
21.75331667	604
21.76361667	618
21.77371667	606
21.78401667	618
21.79433333	619
21.805	640
21.81611667	667
21.82781667	702
21.83995	728
21.8521	729
21.86391667	709
21.87556667	699
21.88811667	753
21.90126667	789
21.91406667	768
21.9259	710
21.93716667	676
21.94801667	651
21.95873333	643
21.96941667	641
21.97995	632
21.99018333	614
22.00048333	618
22.01098333	630
22.02145	628
22.0317	615
22.04198333	617
22.05273333	645
22.06403333	678
22.07498333	657
22.08611667	668
22.09836667	735
22.11035	719
22.12193333	695
22.13323333	678
22.14451667	677
22.15625	704
22.16815	714
22.17978333	698
22.19141667	698
22.20318333	706
22.21458333	684
22.22566667	665
22.23633333	640
22.24688333	633
22.25706667	611
22.2671	602
22.27721667	607
22.28773333	631
22.29856667	650
22.30918333	637
22.32026667	665
22.33096667	642
22.34155	635
22.35246667	655
22.36343333	658
22.3744	658
22.38518333	647
22.39576667	635
22.40598333	613
22.41613333	609
22.4262	604
22.43618333	599
22.44628333	606
22.45631667	602
22.4663	599
22.47651667	613
22.48686667	621
22.49751667	639
22.50866667	669
22.5198	668
22.5309	666
22.54213333	674
22.5534	676
22.56463333	674
22.57556667	656
22.58625	641
22.59678333	632
22.60725	628
22.6175	615
22.62756667	604
22.63751667	597
22.64753333	601
22.65775	613
22.66775	600
22.67803333	617
22.68835	619
22.6986	615
22.70878333	611
22.71888333	606
22.7291	613
22.7393	612
22.74951667	613
22.75966667	609
22.76966667	600
22.77976667	606
22.79	614
22.80018333	611
22.81031667	608
22.8204	605
22.83043333	602
22.84063333	612
22.85056667	596
22.86045	593
22.87028333	590
22.88033333	603
22.8904	604
22.90038333	599
22.91038333	600
22.92058333	612
22.93106667	629
22.94175	641
22.95228333	632
22.96273333	627
22.97336667	638
22.98396667	636
22.99438333	625
23.00451667	608
23.01465	608
23.02488333	614
23.03531667	626
23.0457	623
23.05595	615
23.06605	606
23.07606667	601
23.08618333	607
23.09643333	615
23.10641667	599
23.11653333	607
23.12701667	629
23.13761667	636
23.14793333	619
23.15841667	629
23.16896667	633
23.17988333	655
23.1908	655
23.20173333	656
23.21261667	653
23.22365	662
23.23448333	650
23.24501667	632
23.25548333	628
23.2659	625
23.2762	618
23.28626667	604
23.2964	608
23.30646667	604
23.31641667	597
23.3265	605
23.33685	621
23.34738333	632
23.35796667	635
23.36865	641
23.37941667	646
23.39036667	657
23.40148333	667
23.41266667	671
23.42373333	664
23.43456667	650
23.44528333	643
23.45601667	644
23.46656667	633
23.47705	629
23.48735	618
23.49768333	620
23.5082	631
23.51901667	649
23.5296	635
23.5405	654
23.55143333	656
23.56225	649
23.57296667	643
23.58361667	639
23.59431667	642
23.60498333	640
23.61561667	638
23.62598333	622
23.6362	613
23.6466	624
23.65708333	629
23.66753333	627
23.678	628
23.6884	624
23.69875	621
23.70911667	622
23.71925	608
23.72946667	613
23.73971667	615
23.75018333	628
23.76066667	629
23.77133333	640
23.78216667	650
23.79331667	669
23.80446667	669
23.81553333	664
23.82685	679
23.83823333	683
23.84986667	698
23.86116667	678
23.87198333	649
23.88266667	641
23.89321667	633
23.90371667	630
23.91415	626
23.9244	615
23.93453333	608
23.94441667	593
23.95428333	592
23.96405	586
23.97396667	595
23.98388333	595
23.99393333	603
24.00398333	603
24.01388333	594
24.02385	598
24.03388333	602
24.04395	604
24.0539	597
24.06383333	596
24.0738	598
24.0837	594
24.09341667	583
24.10311667	582
24.1127	575
24.12238333	581
24.13213333	585
24.14188333	585
24.15145	574
24.16115	582
24.17073333	575
24.1804	580
24.18993333	572
24.19961667	581
24.20938333	586
24.21928333	594
24.22943333	609
24.23966667	614
24.25043333	646
24.2617	676
24.2736	714
24.2854	708
24.29731667	715
24.30936667	723
24.3215	728
24.33343333	716
24.34481667	683
24.35578333	658
24.36661667	650
24.37733333	643
24.3881	646
24.39881667	643
24.40955	644
24.42003333	629
24.43025	613
24.44035	606
24.4507	621
24.46116667	628
24.47188333	643
24.48331667	686
24.49556667	735
24.50766667	726
24.51985	731
24.53145	696
24.54296667	691
24.55478333	709
24.5667	715
24.57885	729
24.5908	717
24.60275	717
24.6142	687
24.62516667	658
24.63593333	646
24.64661667	641
24.65733333	643
24.668	640
24.67866667	640
24.68893333	616
24.69928333	621
24.70978333	630
24.7203	631
24.73078333	629
24.74096667	611
24.75126667	618
24.76176667	630
24.77245	641
24.78293333	629
24.79355	637
24.80436667	649
24.81506667	642
24.82548333	625
24.8358	619
24.8461	618
24.85666667	634
24.86736667	642
24.87788333	631
24.88855	640
24.89933333	647
24.9099	634
24.9207	648
24.93131667	637
24.94186667	633
24.95226667	624
24.96251667	615
24.97248333	598
24.98235	592
24.99208333	584
25.00186667	587
25.01151667	579
25.02126667	585
25.03093333	580
25.04043333	570
25.05001667	575
25.06	599
25.07043333	626
25.08135	655
25.09218333	650
25.10336667	671
25.11495	695
25.1264	687
25.13745	663
25.14843333	659
25.15923333	648
25.16965	625
25.17995	618
25.19023333	617
25.20036667	608
25.21056667	612
25.22071667	609
25.23098333	616
25.24103333	603
25.25121667	611
25.26168333	628
25.27228333	636
25.2829	637
25.29396667	664
25.30525	677
25.31661667	682
25.32793333	679
25.33961667	701
25.35101667	684
25.362	659
25.37318333	671
25.38425	664
25.39531667	664
25.40656667	675
25.41768333	667
25.42895	676
25.44045	690
25.45205	696
25.46353333	689
25.47498333	687
25.48646667	689
25.4975	662
25.50883333	680
25.52005	673
25.5313	675
25.5424	666
25.55303333	638
25.56355	631
25.57398333	626
25.58438333	624
25.59473333	621
25.60505	619
25.61538333	620
25.6259	631
25.63646667	634
25.64673333	616
25.65711667	623
25.66761667	630
25.67836667	645
25.68888333	631
25.6999	661
25.71076667	652
25.72173333	658
25.73253333	648
25.74358333	663
25.75488333	678
25.76626667	683
25.77748333	673
25.78873333	675
25.80006667	680
25.81138333	679
25.82266667	677
25.83406667	684
25.84541667	681
25.8568	683
25.86788333	665
25.87911667	674
25.89026667	669
25.9014	668
25.91231667	655
25.92303333	643
25.93395	655
25.94485	654
25.95538333	632
25.96588333	630
25.97658333	642
25.98726667	641
25.99805	647
26.009	657
26.0202	672
26.03111667	655
26.04198333	652
26.05296667	659
26.06405	665
26.0751	663
26.0862	666
26.09745	675
26.1088	681
26.11991667	667
26.13101667	666
26.14223333	673
26.15361667	683
26.1649	677
26.1758	654
26.18673333	656
26.19788333	669
26.20903333	669
26.21993333	654
26.23121667	677
26.243	707
26.25436667	682
26.2656	674
26.27673333	668
26.2879	670
26.29896667	664
26.31003333	664
26.32075	643
26.3315	645
26.34226667	646
26.35311667	651
26.36376667	639
26.37426667	630
26.38491667	639
26.39575	650
26.40668333	656
26.41796667	677
26.42961667	699
26.44086667	675
26.452	668
26.46325	675
26.47445	672
26.4858	681
26.49666667	652
26.50743333	646
26.5183	652
26.52901667	643
26.53991667	654
26.55116667	675
26.56243333	676
26.5736	670
26.58466667	664
26.59551667	651
26.60601667	630
26.6165	629
26.627	630
26.63743333	626
26.6479	628
26.65861667	643
26.66936667	645
26.68006667	642
26.6909	650
26.70181667	655
26.71265	650
26.72333333	641
26.73418333	651
26.74506667	653
26.75598333	655
26.76691667	656
26.7777	647
26.78825	633
26.79871667	628
26.80915	626
26.81956667	625
26.82991667	621
26.8403	623
26.85073333	626
26.86131667	635
26.87161667	618
26.88191667	618
26.89233333	625
26.90293333	636
26.9135	634
26.92393333	626
26.93446667	632
26.94503333	634
26.95565	637
26.96613333	629
26.97661667	629
26.98726667	639
26.99828333	661
27.00923333	657
27.02018333	657
27.03111667	656
27.04208333	658
27.05303333	657
27.06375	643
27.07438333	638
27.08521667	650
27.0964	671
27.1075	666
27.1185	660
27.12891667	625
27.13931667	624
27.14956667	615
27.15975	611
27.1699	609
27.1801	612
27.1901	600
27.20033333	614
27.21078333	627
27.2221	679
27.23355	687
27.24485	678
27.25641667	694
27.26791667	690
27.27918333	676
27.29026667	665
27.30143333	670
27.31256667	668
27.32331667	645
27.3342	653
27.345	648
27.35571667	643
27.3662	629
27.37658333	623
27.38696667	623
27.39756667	636
27.40801667	627
27.41838333	622
27.42866667	617
27.4392	632
27.44946667	616
27.4599	626
27.47058333	641
27.48116667	635
27.49156667	624
27.50195	623
27.51265	642
27.52373333	665
27.5347	658
27.54546667	646
27.5565	662
27.56785	681
27.57931667	688
27.59095	698
27.60248333	692
27.61375	676
27.62503333	677
27.636	658
27.64701667	661
27.6581	665
27.66896667	652
27.67965	641
27.69006667	625
27.70045	623
27.71095	630
27.72171667	646
27.73226667	633
27.74298333	643
27.754	661
27.76495	657
27.7756	639
27.78605	627
27.79643333	623
27.80703333	636
27.81785	649
27.82855	642
27.83913333	635
27.84946667	620
27.85965	611
27.86946667	589
27.8792	584
27.88876667	574
27.8983	572
27.9079	576
27.91753333	578
27.92735	589
27.93701667	580
27.94656667	573
27.95645	593
27.9669	627
27.97818333	677
27.99038333	732
28.00211667	704
28.01408333	718
28.02603333	717
28.0379	712
28.04931667	685
28.06053333	673
28.07166667	668
28.08276667	666
28.09346667	642
28.10383333	622
28.11416667	620
28.12466667	630
28.13498333	619
28.1453	619
28.15568333	623
28.16625	634
28.17695	642
28.18773333	647
28.19848333	645
28.20885	622
28.21921667	622
28.22971667	630
28.24026667	633
28.25065	623
28.2611	627
28.27183333	644
28.28275	655
28.29361667	652
28.30491667	678
28.31616667	675
28.32735	671
28.3384	663
28.3493	654
28.36033333	662
28.37145	667
28.38251667	664
28.3934	653
28.4039	630
28.41423333	620
28.4243	604
28.43421667	595
28.4441	593
28.45423333	608
28.4648	634
28.47531667	631
28.48578333	628
28.49635	634
28.50715	648
28.51848333	680
28.53108333	756
28.54396667	773
28.55693333	778
28.56911667	731
28.58083333	703
28.59191667	665
28.60291667	660
28.61345	632
28.62376667	619
28.6338	602
28.64381667	601
28.65403333	613
28.66465	637
28.67513333	629
28.68555	625
28.69645	654
28.70771667	676
28.71865	656
28.72976667	667
28.74181667	723
28.75403333	733
28.76635	739
28.77813333	707
28.79008333	717
28.80218333	726
28.81368333	690
28.8252	691
28.837	708
28.84845	687
28.8598	681
28.87126667	688
28.88273333	688
28.894	676
28.90505	663
28.9163	675
28.92753333	674
28.9392	700
28.95081667	697
28.9624	695
28.97378333	683
28.98456667	647
28.99533333	646
29.00603333	642
29.01671667	641
29.02738333	640
29.03823333	651
29.04883333	636
29.05943333	636
29.06981667	623
29.08018333	622
29.09031667	608
29.10013333	589
29.10995	589
29.11975	588
29.12966667	595
29.13933333	580
29.14911667	587
29.15891667	588
29.16911667	612
29.18003333	655
29.19083333	648
29.20141667	635
29.21211667	642
29.22298333	652
29.23376667	647
29.24458333	649
29.25561667	662
29.26653333	655
29.27725	643
29.28783333	635
29.29858333	645
29.30955	658
29.32056667	661
29.33151667	657
29.34258333	664
29.35396667	683
29.36545	689
29.37656667	667
29.38788333	679
29.39896667	665
29.41	662
29.4214	684
29.43303333	698
29.44453333	690
29.45593333	684
29.46715	673
29.47798333	650
29.48858333	636
29.499	625
29.50908333	605
29.5191	601
29.52896667	592
29.53918333	613
29.54923333	603
29.55941667	611
29.5699	629
29.58118333	677
29.59276667	695
29.60505	737
29.61805	780
29.63106667	781
29.6454	860
29.66071667	919
29.67413333	805
29.68706667	776
29.69968333	757
29.71188333	732
29.72351667	698
29.73495	686
29.74633333	683
29.75725	655
29.76803333	647
29.7787	640
29.78916667	628
29.79933333	610
29.80968333	621
29.82045	646
29.83161667	670
29.84245	650
29.8532	645
29.86448333	677
29.87585	682
29.88706667	673
29.89858333	691
29.9101	691
29.92188333	707
29.93336667	689
29.94513333	706
29.95741667	737
29.96891667	690
29.98038333	688
29.99206667	701
30.00396667	714
30.01535	683
30.02656667	673
30.03786667	678
30.04883333	658
30.05975	655
30.07128333	692
30.08273333	687
30.094	676
30.10528333	677
30.11716667	713
30.12951667	741
30.14121667	702
30.15285	698
30.16428333	686
30.17558333	678
30.18645	652
30.19715	642
30.20805	654
30.21905	660
30.22978333	644
30.2408	661
30.25178333	659
30.26278333	660
30.27396667	671
30.28525	677
30.29638333	668
30.30728333	654
30.31798333	642
30.32848333	630
30.33878333	618
30.34878333	600
30.35861667	590
30.36845	590
30.37798333	572
30.3875	571
30.39698333	569
30.40653333	573
30.41658333	603
30.42686667	617
30.43661667	585
30.44648333	592
30.45635	592
30.46636667	601
30.47615	587
30.486	591
30.49618333	611
30.50695	646
30.51795	660
30.52886667	655
30.54021667	681
30.55208333	712
30.56373333	699
30.57518333	687
30.587	709
30.59845	687
30.60955	666
30.62038333	650
30.63126667	653
30.64208333	649
30.65261667	632
30.6633	641
30.67446667	670
30.68591667	687
30.6971	671
30.70846667	682
30.72016667	702
30.73171667	693
30.7429	671
30.75435	687
30.76588333	692
30.77715	676
30.78853333	683
30.80025	703
30.81223333	719
30.82393333	702
30.83551667	695
30.84693333	685
30.85835	685
30.86955	672
30.88078333	674
30.89171667	656
30.90243333	643
30.91298333	633
30.92326667	617
30.93338333	607
30.94386667	629
30.95478333	655
30.96633333	693
30.97756667	674
30.9889	680
31.00046667	694
31.01193333	688
31.02305	667
31.03425	672
31.04548333	674
31.05666667	671
31.06756667	654
31.07861667	663
31.08976667	669
31.10098333	673
31.11208333	666
31.12326667	671
31.13473333	688
31.14696667	734
31.15878333	709
31.17081667	722
31.18281667	720
31.19443333	697
31.20596667	692
31.2176	698
31.2288	672
31.23966667	652
31.25068333	661
31.26231667	698
31.27401667	702
31.28558333	694
31.29735	706
31.30951667	730
31.32131667	708
31.33288333	694
31.34473333	711
31.35681667	725
31.36831667	690
31.3799	695
31.39136667	688
31.40265	677
31.4135	651
31.42448333	659
31.43573333	675
31.447	676
31.45855	693
31.46968333	668
31.4811	685
31.49278333	701
31.50473333	717
31.51606667	680
31.52778333	703
31.53925	688
31.5504	669
31.56146667	664
31.57281667	681
31.58428333	688
31.59541667	668
31.60695	692
31.61858333	698
31.62993333	681
31.641	664
31.65178333	647
31.6625	643
31.67346667	658
31.6846	668
31.69551667	655
31.70663333	667
31.71768333	663
31.72836667	641
31.73886667	630
31.74928333	625
31.7598	631
31.7705	642
31.78113333	638
31.7921	658
31.80345	681
31.81516667	703
31.82683333	700
31.83933333	750
31.85181667	749
31.86363333	709
31.8752	694
31.88641667	673
31.89735	656
31.90806667	643
31.91868333	637
31.92973333	663
31.94158333	711
31.95335	706
31.96463333	677
31.97636667	704
31.98865	737
