0.011516667	691
0.02335	710
0.035016667	700
0.046566667	693
0.058233333	700
0.069483333	675
0.080866667	683
0.09235	689
0.103516667	670
0.11465	668
0.125916667	676
0.13725	680
0.148266667	661
0.159283333	661
0.1702	655
0.181033333	650
0.191516667	629
0.202066667	633
0.212733333	640
0.223516667	647
0.234266667	645
0.245533333	676
0.256983333	687
0.26835	682
0.2796	675
0.29115	693
0.302666667	691
0.314083333	685
0.325783333	702
0.33755	706
0.349133333	695
0.360666667	692
0.3723	698
0.38395	699
0.395433333	689
0.407116667	701
0.418833333	703
0.43025	685
0.4417	687
0.453066667	682
0.464166667	666
0.475283333	667
0.486533333	675
0.497766667	674
0.509083333	679
0.520266667	671
0.531683333	685
0.5433	697
0.554633333	680
0.565866667	674
0.576916667	663
0.587816667	654
0.5986	647
0.609416667	649
0.620416667	660
0.631666667	675
0.642616667	657
0.653533333	655
0.66435	649
0.675283333	656
0.686333333	663
0.69735	661
0.708316667	658
0.719116667	648
0.729666667	633
0.739966667	618
0.75015	611
0.7602	603
0.770133333	596
0.780183333	603
0.7903	607
0.800716667	625
0.81135	638
0.8219	633
0.832683333	647
0.843266667	635
0.8538	632
0.864516667	643
0.875416667	654
0.886316667	654
0.89705	644
0.907666667	637
0.917983333	619
0.928233333	615
0.938416667	611
0.94855	608
0.9587	609
0.968883333	611
0.979133333	615
0.989616667	629
1.000666667	663
1.01205	683
1.023033333	659
1.034033333	660
1.045233333	672
1.056533333	678
1.067733333	672
1.078683333	657
1.089433333	645
1.10005	637
1.110566667	631
1.121133333	634
1.131533333	624
1.14195	625
1.152466667	631
1.162983333	631
1.173666667	641
1.1845	650
1.19525	645
1.206066667	649
1.216766667	642
1.22745	641
1.2381	639
1.248916667	649
1.259516667	636
1.270066667	633
1.2803	614
1.290483333	611
1.300516667	602
1.310433333	595
1.320183333	585
1.329983333	588
1.33985	592
1.349983333	608
1.360066667	605
1.37045	623
1.380716667	616
1.391216667	630
1.401816667	636
1.412566667	645
1.423033333	628
1.43365	637
1.444083333	626
1.454533333	627
1.464966667	626
1.475133333	610
1.485133333	600
1.49515	601
1.505	591
1.51475	585
1.52445	582
1.534216667	586
1.544	587
1.553866667	592
1.564016667	609
1.574083333	604
1.58425	610
1.594316667	604
1.604333333	601
1.614283333	597
1.624133333	591
1.633983333	591
1.643733333	585
1.65365	595
1.6637	603
1.674033333	620
1.684633333	636
1.695116667	629
1.705466667	621
1.715783333	619
1.726033333	615
1.736366667	620
1.7467	620
1.757066667	622
1.767333333	616
1.777516667	611
1.787633333	607
1.797733333	606
1.807783333	603
1.8178	601
1.8277	594
1.837516667	589
1.847433333	595
1.857333333	594
1.867216667	593
1.877033333	589
1.8869	592
1.896616667	583
1.906233333	577
1.915866667	578
1.925516667	579
1.935233333	583
1.945116667	593
1.955266667	609
1.965616667	621
1.97595	620
1.986416667	628
1.997016667	636
2.0079	653
2.019183333	677
2.030633333	687
2.041533333	654
2.052416667	653
2.0633	653
2.07405	645
2.084483333	626
2.094866667	623
2.105133333	616
2.11535	613
2.125566667	613
2.135866667	618
2.146283333	625
2.156783333	630
2.16725	628
2.177583333	620
2.188066667	629
2.198583333	631
2.20935	646
2.220333333	659
2.23115	649
2.24175	636
2.25235	636
2.26295	636
2.2734	627
2.283716667	619
2.29375	602
2.303783333	602
2.3138	601
2.3238	600
2.333783333	599
2.343783333	600
2.354	613
2.3644	624
2.375083333	641
2.385916667	650
2.3969	659
2.408183333	677
2.419816667	698
2.431216667	684
2.442483333	676
2.453583333	666
2.464233333	639
2.47475	631
2.485083333	620
2.495216667	608
2.50535	608
2.5155	609
2.52595	627
2.537033333	665
2.548266667	674
2.559233333	658
2.57015	655
2.580966667	649
2.59165	641
2.602333333	641
2.609283333	0
2.613016667	0
2.623583333	634
2.634166667	635
2.644866667	642
2.655333333	628
2.665583333	615
2.6758	613
2.686016667	613
2.69625	614
2.706683333	626
2.717433333	645
2.727783333	621
2.738383333	636
2.749116667	644
2.760266667	669
2.77145	671
2.7828	681
2.79445	699
2.806	693
2.817416667	685
2.828616667	672
2.839366667	645
2.8502	650
2.860966667	646
2.87195	659
2.883033333	665
2.894233333	672
2.905183333	657
2.916216667	662
2.927233333	661
2.938016667	647
2.948783333	646
2.9593	631
2.969816667	631
2.98025	626
2.990616667	622
3.001	623
3.011266667	616
3.0217	626
3.032266667	634
3.04295	641
3.05375	648
3.064566667	649
3.0752	638
3.085716667	631
3.096066667	621
3.10635	617
3.116666667	619
3.127066667	624
3.13775	641
3.14885	666
3.159766667	655
3.170483333	643
3.181133333	639
3.191583333	627
3.2019	619
3.2121	612
3.222266667	610
3.23235	605
3.23765	0
3.24265	0
3.252783333	608
3.263	613
3.273383333	623
3.28365	616
3.294	621
3.304516667	631
3.315	629
3.325383333	623
3.33565	616
3.34635	642
3.356766667	625
3.367116667	621
3.3775	623
3.3878	618
3.397983333	611
3.4083	619
3.418983333	641
3.429833333	651
3.440933333	666
3.45225	679
3.463766667	691
3.47525	689
3.4867	687
3.497916667	673
3.509166667	675
3.5203	668
3.531366667	664
3.5424	662
3.553633333	674
3.5647	664
3.576	678
3.5872	672
3.598366667	670
3.60935	659
3.620116667	646
3.630716667	636
3.64115	626
3.6513	609
3.661366667	604
3.6713	596
3.681183333	593
3.691183333	600
3.70135	610
3.712283333	656
3.723733333	687
3.73535	697
3.747016667	700
3.758816667	708
3.7703	689
3.781683333	683
3.79295	676
3.804016667	664
3.81485	650
3.825766667	655
3.83645	641
3.847016667	634
3.85765	638
3.868166667	631
3.878616667	627
3.888783333	610
3.89895	610
3.9092	615
3.920133333	656
3.931533333	684
3.94285	679
3.95465	708
3.967116667	748
3.97895	710
3.990866667	715
4.003166667	738
4.015816667	759
4.028466667	759
4.04085	743
4.053183333	740
4.065233333	723
4.076916667	701
4.088383333	688
4.09935	658
4.110216667	652
4.12105	650
4.131883333	650
4.14285	658
4.153616667	646
4.164533333	655
4.1758	676
4.18715	681
4.198433333	677
4.209883333	687
4.2216	703
4.23335	705
4.24535	720
4.25725	714
4.269	705
4.280333333	680
4.2916	676
4.302566667	658
4.313566667	660
4.324666667	666
4.335883333	673
4.3471	673
4.358083333	659
4.3688	643
4.379466667	640
4.390116667	639
4.400866667	645
4.411933333	664
4.42325	679
4.434416667	670
4.4456	671
4.4571	690
4.469316667	733
4.48125	716
4.493016667	706
4.5051	725
4.516933333	710
4.52875	709
4.540733333	719
4.553066667	740
4.565083333	721
4.577083333	720
4.588766667	701
4.600066667	678
4.6113	674
4.6223	660
4.633016667	643
4.643316667	618
4.65365	620
4.663966667	619
4.674683333	643
4.685833333	669
4.69695	667
4.707883333	656
4.718683333	648
4.729383333	642
4.740116667	644
4.750933333	649
4.761833333	654
4.772783333	657
4.7838	661
4.794783333	659
4.8059	667
4.816866667	658
4.82775	653
4.838766667	661
4.849533333	646
4.860333333	648
4.871116667	647
4.882216667	666
4.893666667	687
4.905183333	691
4.916683333	690
4.928	679
4.93935	681
4.95075	684
4.962266667	691
4.97325	659
4.984183333	656
4.994833333	639
5.0056	646
5.016233333	638
5.026566667	620
5.0367	608
5.046933333	614
5.057133333	612
5.067266667	608
5.0774	608
5.087566667	610
5.09775	611
5.1081	621
5.118283333	611
5.128633333	621
5.139183333	633
5.150283333	666
5.1616	679
5.17305	687
5.184433333	683
5.195933333	690
5.2073	682
5.21855	675
5.229733333	671
5.240616667	653
5.251466667	651
5.26205	635
5.27245	624
5.282766667	619
5.293	614
5.303133333	608
5.313416667	617
5.323733333	619
5.333833333	606
5.3439	604
5.354116667	613
5.364266667	609
5.37445	611
5.384883333	626
5.395816667	656
5.4067	653
5.417516667	649
5.42855	662
5.43955	660
5.450633333	665
5.461433333	648
5.47225	649
5.482983333	644
5.493616667	638
5.504283333	640
5.514966667	641
5.525633333	640
5.53625	637
5.54665	624
5.557116667	628
5.567566667	627
5.578183333	637
5.589033333	651
5.60025	673
5.6117	687
5.623216667	691
5.6345	677
5.64585	681
5.657083333	674
5.668083333	660
5.678983333	654
5.68985	652
5.700733333	653
5.711616667	653
5.72245	650
5.733066667	637
5.7436	632
5.753933333	620
5.764133333	612
5.774083333	597
5.78405	598
5.7941	603
5.804133333	602
5.814333333	612
5.8246	616
5.8348	612
5.845166667	622
5.855783333	637
5.866916667	668
5.878266667	681
5.889483333	673
5.90055	664
5.911766667	673
5.923166667	684
5.934583333	685
5.945716667	668
5.9566	653
5.967233333	638
5.977783333	633
5.988433333	639
5.999283333	651
6.01015	652
6.021	651
6.031933333	656
6.0428	652
6.05375	657
6.0648	663
6.07595	669
6.0871	669
6.0981	660
6.108983333	653
6.1197	643
6.13035	639
6.14095	636
6.151433333	629
6.161916667	629
6.17245	632
6.182866667	625
6.193283333	625
6.203466667	611
6.21375	617
6.22395	612
6.2341	609
6.244016667	595
6.253933333	595
6.263816667	593
6.2737	593
6.283416667	583
6.2931	581
6.302633333	572
6.311883333	555
6.321383333	570
6.330966667	575
6.340716667	585
6.351016667	618
6.361516667	630
6.372366667	651
6.38345	665
6.394783333	680
6.406066667	677
6.417183333	667
6.4281	655
6.438816667	643
6.449433333	637
6.46	634
6.470683333	641
6.48125	634
6.49195	642
6.502816667	652
6.513533333	643
6.524433333	654
6.535116667	641
6.546016667	654
6.556816667	648
6.567316667	630
6.57775	626
6.588233333	629
6.598566667	620
6.60885	617
6.61925	624
6.629616667	622
6.639983333	622
6.6503	619
6.6607	624
6.6711	624
6.681216667	607
6.6914	611
6.701666667	616
6.711666667	600
6.721883333	613
6.732233333	621
6.742716667	629
6.7533	635
6.764216667	655
6.77505	650
6.785966667	655
6.797116667	669
6.808616667	690
6.8198	671
6.831316667	691
6.843216667	714
6.854533333	679
6.865966667	686
6.877583333	697
6.888733333	669
6.900166667	686
6.911533333	682
6.922783333	675
6.933983333	672
6.945066667	665
6.95615	665
6.967133333	659
6.977983333	651
6.988933333	657
6.99975	649
7.010416667	640
7.02105	638
7.031683333	638
7.042083333	624
7.052566667	629
7.062883333	619
7.0733	625
7.08395	639
7.09445	630
7.105116667	640
7.115683333	634
7.126233333	633
7.1367	628
7.147333333	638
7.157733333	624
7.16825	631
7.178833333	635
7.189266667	626
7.199766667	630
7.210316667	633
7.220733333	625
7.231116667	623
7.241616667	630
7.252083333	628
7.262466667	623
7.27295	629
7.2833	621
7.293966667	640
7.304533333	634
7.314966667	626
7.325516667	633
7.336033333	631
7.346633333	636
7.357333333	642
7.367833333	630
7.378333333	630
7.388733333	624
7.398983333	615
7.40915	610
7.419533333	623
7.429683333	609
7.43985	610
7.44995	606
7.46	603
7.470183333	611
7.480316667	608
7.490433333	607
7.5005	604
7.51045	597
7.520233333	587
7.53005	589
7.539966667	595
7.550016667	603
7.56015	608
7.57025	606
7.58045	612
7.590633333	611
7.60075	607
7.610966667	613
7.621216667	615
7.631633333	625
7.642	622
7.6523	618
7.662733333	626
7.673133333	624
7.683516667	623
7.693866667	621
7.704316667	627
7.714566667	615
7.7248	614
7.735083333	617
7.7451	601
7.755083333	599
7.765033333	597
7.774833333	588
7.784566667	584
7.7945	596
7.804483333	599
7.81455	604
7.824883333	620
7.8351	613
7.845683333	635
7.856666667	659
7.867416667	645
7.878316667	654
7.889366667	663
7.900183333	649
7.911166667	659
7.922083333	655
7.9328	643
7.943566667	646
7.954383333	649
7.965	637
7.975516667	631
7.98605	632
7.996633333	635
8.0072	634
8.017616667	625
8.02785	614
8.038	609
8.048183333	611
8.058766667	635
8.0692	626
8.07935	609
8.089583333	614
8.10005	628
8.110233333	611
8.1203	604
8.130433333	608
8.140466667	602
8.1503	590
8.160333333	602
8.170366667	602
8.180183333	589
8.19015	598
8.20025	606
8.210183333	596
8.220183333	600
8.230516667	620
8.240933333	625
8.2513	622
8.261916667	637
8.2724	629
8.28295	633
8.293433333	629
8.303866667	626
8.3144	632
8.325116667	643
8.335516667	624
8.345916667	624
8.356516667	636
8.366933333	625
8.377366667	626
8.38785	629
8.397916667	604
8.408066667	609
8.41835	617
8.4288	627
8.43925	627
8.4497	627
8.459983333	617
8.470183333	612
8.48035	610
8.490183333	590
8.5001	595
8.509983333	593
8.51975	586
8.529483333	584
8.539616667	608
8.549933333	619
8.560116667	611
8.570566667	627
8.581183333	637
8.591833333	639
8.602583333	645
8.613566667	659
8.6244	650
8.6351	642
8.645433333	620
8.655833333	624
8.666283333	627
8.6766	619
8.687033333	626
8.697516667	629
8.707866667	621
8.718183333	619
8.728483333	618
8.73855	604
8.748583333	602
8.758683333	606
8.768783333	606
8.778966667	611
8.789533333	634
8.800416667	653
8.811133333	643
8.82195	649
8.833	663
8.843833333	650
8.854783333	657
8.865466667	641
8.876183333	643
8.8869	643
8.89755	639
8.9081	633
8.918716667	637
8.929233333	631
8.939866667	638
8.9505	638
8.961066667	634
8.971333333	616
8.981633333	618
8.992166667	632
9.00255	623
9.012866667	619
9.023316667	627
9.033466667	609
9.043483333	601
9.053483333	600
9.06325	586
9.073016667	586
9.082733333	583
9.092283333	573
9.101866667	575
9.111533333	580
9.121316667	587
9.131033333	583
9.14075	583
9.1505	585
9.16025	585
9.17005	588
9.179783333	584
9.189433333	579
9.199066667	578
9.208566667	570
9.218016667	567
9.227433333	565
9.236716667	557
9.246116667	564
9.255266667	549
9.2645	554
9.273716667	553
9.28285	548
9.291933333	545
9.301116667	551
9.310316667	552
9.31945	548
9.328733333	557
9.338233333	570
9.347816667	575
9.3572	563
9.3667	570
9.37615	567
9.38565	570
9.39515	570
9.4046	567
9.414083333	569
9.42345	562
9.432783333	560
9.442066667	557
9.4512	548
9.460433333	554
9.469533333	546
9.47855	541
9.4876	543
9.4966	540
9.505583333	539
9.514716667	548
9.523833333	547
9.532916667	545
9.542183333	556
9.551383333	552
9.560733333	561
9.570216667	569
9.579633333	565
9.589166667	572
9.598583333	565
9.607916667	560
9.617283333	562
9.626683333	564
9.636016667	560
9.645466667	567
9.654983333	571
9.664333333	561
9.673783333	567
9.683166667	563
9.692516667	561
9.701933333	565
9.711216667	557
9.7205	557
9.729833333	560
9.739033333	552
9.748266667	554
9.757533333	556
9.76675	553
9.775983333	554
9.785366667	563
9.794566667	552
9.803883333	559
9.813133333	555
9.822366667	554
9.831666667	558
9.84095	557
9.850183333	554
9.859533333	561
9.86875	553
9.877983333	554
9.8871	547
9.896166667	544
9.90525	545
9.91425	540
9.923183333	536
9.932166667	539
9.941033333	532
9.949983333	537
9.958966667	539
9.967866667	534
9.97685	539
9.9858	537
9.9947	534
10.00368333	539
10.01261667	536
10.02148333	532
10.03046667	539
10.03935	533
10.04813333	527
10.05698333	531
10.06585	532
10.0748	537
10.08358333	527
10.09241667	530
10.10131667	534
10.11016667	531
10.11896667	528
10.12796667	540
10.13683333	532
10.14576667	536
10.1548	542
10.16403333	554
10.17325	553
10.18241667	550
10.1915	545
10.20058333	545
10.21868333	0
10.22776667	545
10.23681667	543
10.24586667	543
10.25503333	550
10.26415	547
10.27323333	545
10.28238333	549
10.29145	544
10.30046667	541
10.30951667	543
10.3185	539
10.3274	534
10.33625	531
10.34516667	535
10.35391667	525
10.36266667	525
10.37146667	528
10.38025	527
10.38901667	526
10.39783333	529
10.40671667	533
10.41556667	531
10.4245	536
10.4336	546
10.4426	540
10.45165	543
10.46085	552
10.47003333	551
10.47918333	549
10.48836667	551
10.4975	548
10.50661667	547
10.51573333	547
10.52471667	539
10.53381667	546
10.54281667	540
10.55181667	540
10.56096667	549
10.57005	545
10.57911667	544
10.58826667	549
10.59733333	544
10.60638333	543
10.61548333	546
10.62448333	540
10.63346667	539
10.64251667	543
10.65146667	537
10.66038333	535
10.66936667	539
10.67838333	541
10.68735	538
10.69645	546
10.70551667	544
10.7146	545
10.72378333	551
10.73295	550
10.7421	549
10.7513	552
10.76043333	548
10.76961667	551
10.77876667	549
10.7879	548
10.79705	549
10.80613333	545
10.81516667	542
10.82425	545
10.83325	540
10.84223333	539
10.85123333	540
10.86015	535
10.86911667	538
10.87808333	538
10.88701667	536
10.89601667	540
10.90498333	538
10.91391667	536
10.9229	539
10.93181667	535
10.9407	533
10.94968333	539
10.95856667	533
10.96746667	534
10.97643333	538
10.98538333	537
10.9944	541
11.00351667	547
11.01255	542
11.02163333	545
11.03081667	551
11.0399	545
11.04905	549
11.05818333	548
11.06725	544
11.07631667	544
11.08533333	541
11.09425	535
11.10321667	538
11.11211667	534
11.12095	530
11.12988333	536
11.13878333	534
11.14766667	533
11.1566	536
11.16553333	536
11.17451667	539
11.18358333	544
11.19263333	543
11.20173333	546
11.21095	553
11.22	543
11.22913333	548
11.23825	547
11.24731667	544
11.25636667	543
11.26531667	537
11.2742	533
11.28311667	535
11.29188333	526
11.30065	526
11.3095	531
11.3183	528
11.32701667	523
11.33581667	528
11.34451667	522
11.35325	524
11.36206667	529
11.37085	527
11.37965	528
11.38858333	536
11.39743333	531
11.40636667	536
11.41535	539
11.4243	537
11.43326667	538
11.44236667	546
11.45136667	540
11.46038333	541
11.46943333	543
11.47835	535
11.48723333	533
11.49611667	533
11.50495	530
11.51375	528
11.53138333	0
11.54013333	525
11.54895	529
11.55781667	532
11.56658333	526
11.57538333	528
11.58421667	530
11.59293333	523
11.6017	526
11.61045	525
11.6191	519
11.6278	522
11.63653333	524
11.6452	520
11.65388333	521
11.6626	523
11.67126667	520
11.67993333	520
11.68861667	521
11.6972	515
11.70578333	515
11.71443333	519
11.72303333	516
11.73165	517
11.74035	522
11.74891667	514
11.75751667	516
11.76623333	523
11.7749	520
11.7835	516
11.79218333	521
11.80088333	522
11.80953333	519
11.81821667	521
11.8269	521
11.83553333	518
11.84425	523
11.85298333	524
11.8616	517
11.8703	522
11.87903333	524
11.88775	523
11.89641667	520
11.90516667	525
11.9139	524
11.92271667	529
11.9315	527
11.94033333	530
11.94916667	530
11.95806667	534
11.96696667	534
11.97586667	534
11.98476667	534
11.9937	536
12.00258333	533
12.01141667	530
12.02031667	534
12.02916667	531
12.038	530
12.04681667	529
12.05573333	535
12.06455	529
12.07343333	533
12.08238333	537
12.09128333	534
12.10021667	536
12.10916667	537
12.11806667	534
12.127	536
12.13586667	532
12.14478333	535
12.15358333	528
12.16235	526
12.17113333	527
12.17995	529
12.18883333	533
12.19755	523
12.20633333	527
12.21506667	524
12.2238	524
12.23246667	520
12.24108333	517
12.24976667	521
12.25845	521
12.26711667	520
12.2758	521
12.28445	519
12.29318333	524
12.30201667	530
12.31105	542
12.3202	549
12.3293	546
12.33853333	554
12.34763333	546
12.35671667	545
12.36581667	546
12.37495	548
12.38391667	538
12.39291667	540
12.4019	539
12.41078333	533
12.41963333	531
12.42848333	531
12.4372	523
12.44591667	523
12.45465	524
12.46335	522
12.47198333	518
12.48068333	522
12.4894	523
12.49805	519
12.50673333	521
12.5155	526
12.52421667	523
12.533	527
12.5418	528
12.55063333	530
12.55953333	534
12.56843333	534
12.57736667	536
12.58626667	534
12.60403333	0
12.61285	529
12.6217	531
12.6306	534
12.6394	528
12.64825	531
12.65715	534
12.66591667	526
12.67478333	532
12.68361667	530
12.69245	530
12.70123333	527
12.71011667	533
12.719	533
12.72785	531
12.73678333	536
12.7457	535
12.75456667	532
12.76348333	535
12.77243333	537
12.78131667	533
12.79023333	535
12.79915	535
12.8081	537
12.81703333	536
12.82593333	534
12.83485	535
12.8438	537
12.85266667	532
12.86158333	535
12.8705	535
12.87938333	533
12.88816667	527
12.897	530
12.90588333	533
12.91476667	533
12.92366667	534
12.93256667	534
12.9414	530
12.95028333	533
12.9592	535
12.96815	537
12.9771	537
12.98608333	539
12.99505	538
13.00398333	536
13.01293333	537
13.02188333	537
13.03073333	531
13.03958333	531
13.04846667	533
13.05735	533
13.06615	528
13.07501667	532
13.08393333	535
13.09276667	530
13.10158333	529
13.11055	538
13.1194	531
13.12826667	532
13.1373	542
13.1463	540
13.1552	534
13.16425	543
13.17323333	539
13.18215	535
13.19108333	536
13.20003333	537
13.2089	532
13.21786667	538
13.2268	536
13.23571667	535
13.24468333	538
13.2536	535
13.26248333	533
13.27138333	534
13.28023333	531
13.28911667	533
13.29803333	535
13.307	538
13.31591667	535
13.32486667	537
13.33388333	541
13.3432	559
13.35295	585
13.36245	570
13.37176667	559
13.38103333	556
13.39015	547
13.39921667	544
13.40826667	543
13.41731667	543
13.42638333	544
13.43551667	548
13.44461667	546
13.45371667	546
13.46278333	544
13.47178333	540
13.4808	541
13.48971667	535
13.49856667	531
13.50738333	529
13.51626667	533
13.52515	533
13.534	531
13.54281667	529
13.55176667	537
13.5607	536
13.56965	537
13.57865	540
13.58773333	545
13.59691667	551
13.60603333	547
13.6153	556
13.6246	558
13.63391667	559
13.64323333	559
13.65251667	557
13.66176667	555
13.67098333	553
13.68011667	548
13.68921667	546
13.69826667	543
13.70736667	546
13.71636667	540
13.72535	539
13.7344	543
13.74331667	535
13.75226667	537
13.76128333	541
13.77025	538
13.77918333	536
13.78816667	539
13.79721667	543
13.80618333	538
13.81516667	539
13.82415	539
13.83308333	536
13.84201667	536
13.85103333	541
13.85996667	536
13.8689	536
13.88671667	0
13.89551667	528
13.91318333	0
13.92191667	524
13.93066667	525
13.93945	527
13.94823333	527
13.95696667	524
13.96575	527
13.97446667	523
13.98318333	523
13.99196667	527
14.00068333	523
14.00946667	527
14.0183	530
14.02706667	526
14.0359	530
14.04478333	533
14.0536	529
14.06245	531
14.07133333	533
14.08018333	531
14.08906667	533
14.09793333	532
14.10681667	533
14.11575	536
14.12466667	535
14.13363333	538
14.14256667	536
14.15155	539
14.1605	537
14.16953333	542
14.1785	538
14.18745	537
14.19643333	539
14.20541667	539
14.21436667	537
14.22328333	535
14.23225	538
14.24121667	538
14.25018333	538
14.25915	538
14.26811667	538
14.27713333	541
14.2861	538
14.29508333	539
14.3041	541
14.31306667	538
14.32211667	543
14.33118333	544
14.34018333	540
14.34926667	545
14.35841667	549
14.36746667	543
14.37661667	549
14.38571667	546
14.39483333	547
14.404	550
14.41313333	548
14.42225	547
14.43131667	544
14.44035	542
14.44931667	538
14.45833333	541
14.46716667	530
14.47601667	531
14.48485	530
14.49358333	524
14.50231667	524
14.5111	527
14.51991667	529
14.52868333	526
14.5375	529
14.54646667	538
14.55533333	532
14.56428333	537
14.5733	541
14.5823	540
14.59126667	538
14.60038333	547
14.60946667	545
14.6185	542
14.6276	546
14.63661667	541
14.64563333	541
14.65463333	540
14.66356667	536
14.67251667	537
14.68145	536
14.69036667	535
14.69923333	532
14.70813333	534
14.71706667	536
14.72598333	535
14.73491667	536
14.74385	536
14.75293333	545
14.76195	541
14.77095	540
14.78005	546
14.78911667	544
14.7982	545
14.80733333	548
14.81651667	551
14.82566667	549
14.83485	551
14.84403333	551
14.85316667	548
14.86225	545
14.87143333	551
14.88048333	543
14.8895	541
14.89855	543
14.90751667	538
14.91646667	537
14.9255	542
14.93451667	541
14.94351667	540
14.95265	548
14.96175	546
14.97081667	544
14.98001667	552
14.98928333	556
14.9985	553
15.00768333	551
15.01706667	563
15.0263	554
15.03551667	553
15.0448	557
15.054	552
15.06313333	548
15.07235	553
15.0815	549
15.09063333	548
15.09975	547
15.10881667	544
15.11781667	540
15.12688333	544
15.13596667	545
15.14518333	553
15.15436667	551
15.16346667	546
15.17266667	552
15.1819	554
15.19108333	551
15.20028333	552
15.2096	559
15.2188	552
15.22803333	554
15.23731667	557
15.2465	551
15.25566667	550
15.26485	551
15.274	549
15.2831	546
15.29221667	547
15.30135	548
15.31058333	554
15.31985	556
15.32898333	548
15.33813333	549
15.34735	553
15.35676667	565
15.36613333	562
15.3754	556
15.38483333	566
15.39413333	558
15.40341667	557
15.41271667	558
15.42201667	558
15.43118333	550
15.44033333	549
15.44948333	549
15.45851667	542
15.46751667	540
15.47653333	541
15.48555	541
15.49458333	542
15.5035	535
15.51251667	541
15.52156667	543
15.53053333	538
15.53951667	539
15.54838333	532
15.55726667	533
15.56616667	534
15.57496667	528
15.58366667	522
15.5925	530
15.60133333	530
15.61005	523
15.6188	525
15.63646667	0
15.64523333	526
15.6541	532
15.6629	528
15.67168333	527
15.68056667	533
15.68941667	531
15.6983	533
15.7072	534
15.71625	543
15.72518333	536
15.73416667	539
15.74315	539
15.75203333	533
15.76085	529
15.76956667	523
15.7783	524
15.78698333	521
15.79553333	513
15.8041	514
15.8127	516
15.82128333	515
15.82978333	510
15.83833333	513
15.84703333	522
15.85585	529
15.86473333	533
15.87365	535
15.88251667	532
15.8914	533
15.90035	537
15.90951667	550
15.91868333	550
15.92786667	551
15.93718333	559
15.9465	559
15.95573333	554
15.96498333	555
15.9742	553
15.98335	549
15.99245	546
16.00155	546
16.01055	540
16.01955	540
16.02856667	541
16.03766667	546
16.0467	542
16.05573333	542
16.06481667	545
16.07391667	546
16.08296667	543
16.0921	548
16.10115	543
16.1102	543
16.11928333	545
16.12848333	552
16.13756667	545
16.14665	545
16.1558	549
16.1649	546
16.17398333	545
16.18305	544
16.19221667	550
16.20123333	541
16.2103	544
16.21946667	550
16.22845	539
16.23748333	542
16.24656667	545
16.25563333	544
16.26461667	539
16.27365	542
16.28271667	544
16.29176667	543
16.3007	536
16.30975	543
16.3188	543
16.32778333	539
16.33678333	540
16.34593333	549
16.35496667	542
16.36405	545
16.3732	549
16.38221667	541
16.39128333	544
16.40033333	543
16.4093	538
16.4183	540
16.42733333	542
16.43633333	540
16.44533333	540
16.45433333	540
16.46333333	540
16.47236667	542
16.48133333	538
16.49036667	542
16.49943333	544
16.50841667	539
16.5175	545
16.52661667	547
16.5357	545
16.5448	546
16.55391667	547
16.56301667	546
16.57208333	544
16.58126667	551
16.59045	551
16.59956667	547
16.60871667	549
16.61795	554
16.6271	549
16.64551667	0
16.65476667	555
16.66395	551
16.6733	561
16.68258333	557
16.69176667	551
16.70101667	555
16.7101	545
16.71916667	544
16.72825	545
16.7373	543
16.74631667	541
16.75531667	540
16.7644	545
16.77355	549
16.78263333	545
16.7918	550
16.80093333	548
16.81005	547
16.82838333	0
16.83756667	551
16.84671667	549
16.85593333	553
16.8742	0
16.88335	549
16.89245	546
16.90155	546
16.91056667	541
16.91961667	543
16.92861667	540
16.9376	539
16.94651667	535
16.95548333	538
16.9645	541
16.97343333	536
16.98238333	537
16.99141667	542
17.00041667	540
17.00943333	541
17.01863333	552
17.02773333	546
17.03686667	548
17.04605	551
17.05515	546
17.06431667	550
17.08265	0
17.0918	549
17.10095	549
17.11025	558
17.11943333	551
17.12858333	549
17.13788333	558
17.14706667	551
17.15621667	549
17.16536667	549
17.17445	545
17.1835	543
17.20166667	0
17.21068333	541
17.22875	0
17.23773333	539
17.2467	538
17.25575	543
17.2648	543
17.2738	540
17.28285	543
17.30095	0
17.30998333	542
17.31903333	543
17.3281	544
17.33708333	539
17.34606667	539
17.35496667	534
17.36391667	537
17.37275	530
17.38161667	532
17.39053333	535
17.39933333	528
17.40813333	528
17.41691667	527
17.42568333	526
17.4344	523
17.44311667	523
17.4519	527
17.46063333	524
17.4694	526
17.47816667	526
17.48685	521
17.49558333	524
17.50433333	525
17.513	520
17.5217	522
17.53053333	530
17.53938333	531
17.54818333	528
17.55708333	534
17.566	535
17.57488333	533
17.58386667	539
17.59281667	537
17.60186667	543
17.6108	536
17.61985	543
17.6289	543
17.638	546
17.64703333	542
17.656	538
17.66501667	541
17.67396667	537
17.68281667	531
17.6917	533
17.7006	534
17.70946667	532
17.7183	530
17.72721667	535
17.74505	0
17.75391667	532
17.76283333	535
17.77173333	534
17.78063333	534
17.78958333	537
17.7985	535
17.80738333	533
17.81633333	537
17.82535	541
17.8343	537
17.84325	537
17.85233333	545
17.8614	544
17.87043333	542
17.88858333	0
17.89768333	546
17.91573333	0
17.92465	535
17.93361667	538
17.94255	536
17.95141667	532
17.9603	533
17.96918333	533
17.97803333	531
17.98691667	533
17.99588333	538
18.00486667	539
18.0138	536
18.02278333	539
18.03173333	537
18.04065	535
18.04963333	539
18.05858333	537
18.06751667	536
18.07641667	534
18.0943	0
18.10326667	538
18.11221667	537
18.12118333	538
18.13028333	546
18.13926667	539
18.14825	539
18.15733333	545
18.16643333	546
18.17545	541
18.19361667	0
18.20256667	537
18.21155	539
18.22071667	550
18.23013333	565
18.23946667	560
18.2487	554
18.2579	552
18.2671	552
18.27628333	551
18.28546667	551
18.29461667	549
18.30396667	561
18.31326667	558
18.32256667	558
18.33208333	571
18.34146667	563
18.35078333	559
18.36023333	567
18.36973333	570
18.3791	562
18.38843333	560
18.3977	556
18.40686667	550
18.41603333	550
18.42521667	551
18.43428333	544
18.44333333	543
18.46146667	0
18.47046667	540
18.47953333	544
18.48861667	545
18.49768333	544
18.50671667	542
18.51578333	544
18.52478333	540
18.53383333	543
18.54293333	546
18.55193333	540
18.56093333	540
18.56996667	542
18.57898333	541
18.58795	538
18.59691667	538
18.60581667	534
18.61468333	532
18.6236	535
18.64136667	0
18.65033333	538
18.65933333	540
18.66831667	539
18.67728333	538
18.68628333	540
18.6953	541
18.7043	540
18.72238333	0
18.73131667	536
18.7403	539
18.74926667	538
18.75818333	535
18.7671	535
18.7761	540
18.78505	537
18.79401667	538
18.80301667	540
18.81196667	537
18.82098333	541
18.83001667	542
18.83901667	540
18.84808333	544
18.85713333	543
18.86618333	543
18.8753	547
18.88436667	544
18.89345	545
18.90253333	545
18.91155	541
18.9206	543
18.92963333	542
18.93866667	542
18.94771667	543
18.95671667	540
18.96573333	541
18.97476667	542
18.98386667	546
18.99288333	541
19.00208333	552
19.01136667	557
19.02058333	553
19.02991667	560
19.03925	560
19.0485	555
19.06696667	0
19.07608333	547
19.0944	0
19.10346667	544
19.1216	0
19.13055	537
19.14856667	0
19.15751667	537
19.1754	0
19.18438333	539
19.1933	535
19.20223333	536
19.21125	541
19.22018333	536
19.22915	538
19.23813333	539
19.24713333	540
19.2561	538
19.26508333	539
19.27396667	533
19.28293333	538
19.29211667	551
19.30123333	547
19.31031667	545
19.31951667	552
19.32866667	549
19.33786667	552
19.34711667	555
19.35628333	550
19.36543333	549
19.3746	550
19.38366667	544
19.39278333	547
19.40186667	545
19.41083333	538
19.41995	547
19.429	543
19.43803333	542
19.4471	544
19.45608333	539
19.46508333	540
19.47408333	540
19.48313333	543
19.49201667	533
19.50096667	537
19.5099	536
19.51875	531
19.52753333	527
19.53636667	530
19.54518333	529
19.554	529
19.56285	531
19.5717	531
19.58068333	539
19.58976667	545
19.59875	539
19.60783333	545
19.61696667	548
19.62605	545
19.63516667	547
19.64435	551
19.65348333	548
19.66261667	548
19.67171667	546
19.68081667	546
19.68986667	543
19.69891667	543
19.70793333	541
19.71691667	539
19.72583333	535
19.7348	538
19.7438	540
19.75275	537
19.76173333	539
19.77068333	537
19.77971667	542
19.78868333	538
19.79766667	539
19.80663333	538
19.81561667	539
19.82463333	541
19.83353333	534
19.84245	535
19.85131667	532
19.86026667	537
19.86908333	529
19.8779	529
19.88671667	529
19.89553333	529
19.9043	526
19.9131	528
19.92196667	532
19.93078333	529
19.93956667	527
19.94848333	535
19.95741667	536
19.96643333	541
19.97545	541
19.9845	543
19.9936	546
20.00265	543
20.01168333	542
20.02075	544
20.03008333	560
20.03948333	564
20.04886667	563
20.05818333	559
20.06753333	561
20.07695	565
20.08633333	563
20.09565	559
20.10506667	565
20.11435	557
20.1236	555
20.13285	555
20.14211667	556
20.15123333	547
20.16038333	549
20.16963333	555
20.17873333	546
20.18781667	545
20.19696667	549
20.2062	554
20.21531667	547
20.22443333	547
20.23363333	552
20.24288333	555
20.25196667	545
20.26111667	549
20.27031667	552
20.27955	554
20.28868333	548
20.29786667	551
20.30715	557
20.31648333	560
20.32573333	555
20.33508333	561
20.34455	568
20.35425	582
20.36391667	580
20.3735	575
20.38313333	578
20.3928	580
20.40238333	575
20.41198333	576
20.4217	583
20.43131667	577
20.44091667	576
20.45041667	570
20.45985	566
20.46931667	568
20.4789	575
20.4885	576
20.49801667	571
20.50756667	573
20.51721667	579
20.52691667	582
20.53645	572
20.546	573
20.55571667	583
20.56565	596
20.5753	579
20.58505	585
20.59488333	590
20.6048	595
20.61471667	595
20.62433333	577
20.634	580
20.64368333	581
20.65338333	582
20.6631	583
20.67283333	584
20.68255	583
20.69198333	566
20.7014	565
20.71078333	563
20.72018333	564
20.72955	562
20.74803333	0
20.75748333	567
20.76731667	590
20.77711667	588
20.78688333	586
20.79656667	581
20.80618333	577
20.81583333	579
20.82555	583
20.83531667	586
20.84508333	586
20.85481667	584
20.86445	578
20.87393333	569
20.88333333	564
20.89265	559
20.90183333	551
20.91108333	555
20.92036667	557
20.92968333	559
20.9389	553
20.94813333	554
20.9574	556
20.96683333	566
20.97651667	581
20.98606667	573
20.99551667	567
21.00498333	568
21.01443333	567
21.02393333	570
21.03358333	579
21.04343333	591
21.05328333	591
21.06333333	603
21.0733	598
21.08313333	590
21.09275	577
21.10238333	578
21.11211667	584
21.1219	587
21.13148333	575
21.14121667	584
21.1512	599
21.16136667	610
21.17131667	597
21.18121667	594
21.1911	593
21.20088333	587
21.21071667	590
21.2206	593
21.23055	597
21.24051667	598
21.25041667	594
21.26023333	589
21.27	586
21.27955	573
21.2891	573
21.2987	576
21.30843333	584
21.3185	604
21.32846667	598
21.33861667	609
21.34923333	637
21.3598	634
21.37038333	635
21.3812	649
21.39218333	659
21.40356667	683
21.41458333	661
21.42585	676
21.43736667	691
21.44866667	678
21.4602	692
21.47205	711
21.48345	684
21.49528333	710
21.50743333	729
21.51908333	699
21.53081667	704
21.54255	704
21.55421667	700
21.56531667	666
21.57655	674
21.58805	690
21.59985	708
21.61121667	682
21.62365	746
21.63625	756
21.6486	741
21.66043333	710
21.67223333	708
21.6841	712
21.69593333	710
21.70766667	704
21.71916667	690
21.73023333	664
21.74123333	660
21.7521	652
21.76305	657
21.77401667	658
21.78488333	652
21.79568333	648
21.80691667	674
21.8186	701
21.83033333	704
21.84145	667
21.85226667	649
21.86343333	670
21.8744	658
21.88485	627
21.8955	639
21.90646667	658
21.91768333	673
21.92893333	675
21.94016667	674
21.95136667	672
21.9623	656
21.97301667	643
21.98343333	625
21.99341667	599
22.00311667	582
22.01266667	573
22.02223333	574
22.03226667	602
22.04191667	579
22.05203333	607
22.06296667	656
22.07401667	663
22.08516667	669
22.09638333	673
22.1077	679
22.11968333	719
22.13261667	776
22.14583333	793
22.15873333	774
22.17118333	747
22.18338333	732
22.19518333	708
22.20635	670
22.21736667	661
22.2281	644
22.23893333	650
22.25001667	665
22.26086667	651
22.27163333	646
22.2824	646
22.29328333	653
22.30421667	656
22.31498333	646
22.3258	649
22.33658333	647
22.34743333	651
22.35786667	626
22.3682	620
22.37848333	617
22.38878333	618
22.39928333	630
22.40963333	621
22.41991667	617
22.43016667	615
22.44045	617
22.45086667	625
22.46131667	627
22.47166667	621
22.48196667	618
22.4922	614
22.50231667	607
22.51231667	600
22.52226667	597
22.53235	605
22.5426	615
22.55316667	634
22.56383333	640
22.57451667	641
22.58496667	627
22.59531667	621
22.60551667	612
22.61573333	613
22.6259	610
22.6363	624
22.6468	630
22.65733333	632
22.66778333	627
22.67821667	626
22.68866667	627
22.69885	611
22.70896667	607
22.719	602
22.72906667	604
22.73918333	607
22.74955	622
22.76008333	632
22.77065	634
22.78123333	635
22.79191667	641
22.8025	635
22.8131	636
22.8236	630
22.83403333	626
22.84448333	627
22.85488333	624
22.86538333	630
22.87591667	632
22.88633333	625
22.89675	625
22.90731667	634
22.91785	632
22.92841667	634
22.93905	638
22.94945	624
22.95986667	625
22.97045	635
22.98108333	638
22.99168333	636
23.00245	646
23.0132	645
23.02415	657
23.03525	666
23.04655	678
23.0583	705
23.0699	696
23.08146667	694
23.09303333	694
23.10491667	713
23.11678333	712
23.12835	694
23.13945	666
23.15035	654
23.16106667	643
23.1715	626
23.18183333	620
23.19203333	612
23.20235	619
23.21265	618
23.223	621
23.23335	621
23.24398333	638
23.25465	640
23.26543333	647
23.27621667	647
23.28703333	649
23.29786667	650
23.30868333	649
23.3195	649
23.33041667	655
23.3411	641
23.35155	627
23.36166667	607
23.37178333	607
23.3819	607
23.39201667	607
23.40218333	610
23.41233333	609
23.4227	622
23.43295	615
23.44321667	616
23.45355	620
23.46373333	611
23.47393333	612
23.48435	625
23.49526667	655
23.5063	662
23.51708333	647
23.52796667	653
23.53895	659
23.54993333	659
23.56073333	648
23.5714	640
23.58193333	632
23.59245	631
23.60286667	625
23.61335	629
23.62391667	634
23.63423333	619
23.64448333	615
23.65471667	614
23.66491667	612
23.67506667	609
23.68528333	613
23.6958	631
23.70658333	647
23.71696667	623
23.72736667	624
23.73781667	627
23.74841667	636
23.75906667	639
23.7697	638
23.78038333	641
23.79108333	642
23.80165	634
23.8121	627
23.8225	624
23.83291667	625
23.84326667	621
23.85366667	624
23.8642	632
23.87496667	646
23.88575	647
23.89663333	653
23.9074	646
23.91815	645
23.92893333	647
23.93961667	641
23.95031667	642
23.96101667	642
23.97175	644
23.98266667	655
23.9935	650
24.00435	651
24.01508333	644
24.02575	640
24.03633333	635
24.04696667	638
24.05791667	657
24.0689	659
24.0798	654
24.09066667	652
24.1012	632
24.11175	633
24.12225	630
24.13271667	628
24.14318333	628
24.15378333	636
24.16411667	620
24.17445	620
24.18468333	614
24.19488333	612
24.20505	610
24.21545	624
24.2261	639
24.2368	642
24.24773333	656
24.25878333	663
24.26976667	659
24.2809	668
24.2918	654
24.30263333	650
24.31343333	648
24.32406667	638
24.33451667	627
24.34486667	621
24.35511667	615
24.36528333	610
24.3755	613
24.38576667	616
24.39613333	622
24.40671667	635
24.4176	653
24.42875	669
24.44018333	686
24.45151667	680
24.46301667	690
24.47481667	708
24.48658333	706
24.49818333	696
24.50938333	672
24.52038333	660
24.5313	655
24.54213333	650
24.553	652
24.56383333	650
24.57461667	647
24.58523333	637
24.59585	637
24.60666667	649
24.61761667	657
24.62843333	649
24.63926667	650
24.65048333	673
24.66206667	695
24.67355	689
24.68515	696
24.69651667	682
24.70775	674
24.71893333	671
24.73033333	684
24.74158333	675
24.7527	667
24.76376667	664
24.7749	668
24.78593333	662
24.79708333	669
24.80833333	675
24.8195	670
24.8306	666
24.84175	669
24.8529	669
24.86388333	659
24.87481667	656
24.88588333	664
24.89706667	671
24.90813333	664
24.9194	676
24.93066667	676
24.94203333	682
24.95316667	668
24.96413333	658
24.97508333	657
24.98596667	653
24.99686667	654
25.00766667	648
25.01855	653
25.02936667	649
25.03993333	634
25.05043333	630
25.061	634
25.07171667	643
25.08241667	642
25.09303333	637
25.10365	637
25.11405	624
25.12441667	622
25.13468333	616
25.14491667	614
25.15505	608
25.16516667	607
25.17546667	618
25.18598333	631
25.19685	652
25.20775	654
25.21861667	652
25.22958333	658
25.24056667	659
25.25163333	664
25.26285	673
25.27373333	653
25.28458333	651
25.29533333	645
25.3061	646
25.31691667	649
25.32761667	642
25.3382	635
25.34875	633
25.3592	627
25.36955	621
25.37961667	604
25.38963333	601
25.3996	598
25.40943333	590
25.41926667	590
25.4291	590
25.43898333	593
25.4488	589
25.45871667	595
25.46873333	601
25.4787	598
25.48886667	610
25.49911667	615
25.5094	617
25.51973333	620
25.53003333	618
25.54031667	617
25.55061667	618
25.56076667	609
25.57081667	603
25.58091667	606
25.591	605
25.6011	606
25.61118333	605
25.6213	607
25.63138333	605
25.64153333	609
25.6517	610
25.66205	621
25.67231667	616
25.6825	611
25.6929	624
25.70328333	623
25.71363333	621
25.72408333	627
25.73453333	627
25.74506667	632
25.7555	626
25.766	630
25.77658333	635
25.78731667	644
25.79791667	636
25.80845	632
25.81893333	629
25.8294	628
25.83995	633
25.85038333	626
25.86088333	630
25.87141667	632
25.88203333	637
25.89248333	627
25.90293333	627
25.91345	631
25.92375	618
25.93413333	623
25.94451667	623
25.95481667	618
25.96516667	621
25.9755	620
25.98578333	617
25.99608333	618
26.00645	622
26.017	633
26.02775	645
26.03871667	658
26.05013333	685
26.06168333	693
26.07318333	690
26.08463333	687
26.09573333	666
26.10663333	654
26.11743333	648
26.128	634
26.13856667	634
26.14898333	625
26.15931667	620
26.16958333	616
26.17986667	617
26.19008333	613
26.20041667	620
26.21088333	628
26.2217	649
26.23288333	671
26.24436667	689
26.25566667	678
26.26706667	684
26.27836667	678
26.2898	686
26.30101667	673
26.31203333	661
26.3229	652
26.33356667	640
26.34401667	627
26.35426667	615
26.36441667	609
26.3744	599
26.38431667	595
26.39436667	603
26.40451667	609
26.41508333	634
26.42583333	645
26.4374	694
26.44901667	697
26.46036667	681
26.47155	671
26.48305	690
26.49465	696
26.50641667	706
26.51828333	712
26.52965	682
26.54091667	676
26.5521	671
26.56313333	662
26.57421667	665
26.58526667	663
26.59621667	657
26.60673333	631
26.61725	631
26.62776667	631
26.6383	632
26.64888333	635
26.65961667	644
26.6705	653
26.68148333	659
26.6923	649
26.70315	651
26.71401667	652
26.72486667	651
26.73563333	646
26.7464	646
26.75706667	640
26.76761667	633
26.77815	632
26.78865	630
26.79928333	638
26.80981667	632
26.82043333	637
26.83131667	653
26.84253333	673
26.85365	667
26.86496667	679
26.87603333	664
26.88685	649
26.89768333	650
26.9083	637
26.91885	633
26.92933333	629
26.93983333	630
26.9502	622
26.9607	630
26.97143333	644
26.98236667	656
26.99393333	694
27.00588333	717
27.01773333	711
27.02921667	689
27.04068333	688
27.052	679
27.06301667	661
27.07345	626
27.08386667	625
27.09413333	616
27.10436667	614
27.11471667	621
27.1251	623
27.13543333	620
27.14575	619
27.15613333	623
27.16665	631
27.1769	615
27.18755	639
27.19838333	650
27.20945	664
27.22068333	674
27.2321	685
27.24343333	680
27.25481667	683
27.26583333	661
27.27668333	651
27.28746667	647
27.29815	641
27.30873333	635
27.31955	649
27.33035	648
27.34108333	644
27.35193333	651
27.36285	655
27.37323333	623
27.3838	634
27.39436667	634
27.40498333	637
27.41565	640
27.4264	645
27.43733333	656
27.44815	649
27.45895	648
27.46973333	647
27.48045	643
27.49103333	635
27.50163333	636
27.51215	631
27.52258333	626
27.53286667	617
27.54305	611
27.5529	591
27.5629	600
27.57286667	598
27.58283333	598
27.59295	607
27.60321667	616
27.6138	635
27.62448333	641
27.63525	646
27.64608333	650
27.6567	637
27.66748333	647
27.67835	652
27.68943333	665
27.70068333	675
27.71183333	669
27.7228	658
27.73365	651
27.7442	633
27.7545	618
27.76495	627
27.77546667	631
27.78625	647
27.7974	669
27.80853333	668
27.8192	640
27.83021667	661
27.84143333	673
27.85295	691
27.86418333	674
27.8758	697
27.8877	714
27.89955	711
27.91161667	724
27.92356667	717
27.93528333	703
27.94681667	692
27.95808333	676
27.96911667	662
27.97995	650
27.99053333	635
28.00085	619
28.01115	618
28.02128333	608
28.03143333	609
28.0418	622
28.05236667	634
28.06343333	664
28.07485	685
28.08616667	679
28.0972	662
28.10841667	673
28.11973333	679
28.13081667	665
28.14175	656
28.15273333	659
28.16361667	653
28.17448333	652
28.1853	649
28.19605	645
28.20668333	638
28.21731667	638
28.22791667	636
28.23845	632
28.24885	624
28.25926667	625
28.26968333	625
28.28003333	621
28.29038333	621
28.30076667	623
28.31125	629
28.32163333	623
28.33208333	627
28.34261667	632
28.35346667	651
28.36426667	648
28.37488333	637
28.38543333	633
28.39605	637
28.40665	636
28.41716667	631
28.42755	623
28.43773333	611
28.44781667	605
28.45783333	601
28.4679	604
28.47808333	611
28.48815	604
28.49836667	613
28.50856667	612
28.5188	614
28.52908333	617
28.53941667	620
28.54973333	619
28.55968333	597
28.56973333	603
28.57988333	609
28.59006667	611
28.60021667	609
28.6104	611
28.6205	606
28.6306	606
28.64071667	607
28.6511	623
28.6616	630
28.67236667	646
28.6832	650
28.69403333	650
28.705	658
28.71591667	655
28.72666667	645
28.73738333	643
28.7477	619
28.75795	615
28.76813333	611
28.77818333	603
28.78823333	603
28.79836667	608
28.80873333	622
28.81916667	626
28.82976667	636
28.84041667	639
28.85135	656
28.86231667	658
28.87353333	673
28.88495	685
28.89638333	686
28.90773333	681
28.91868333	657
28.92956667	653
28.94038333	649
28.95116667	647
28.96196667	648
28.97283333	652
28.9837	652
28.99446667	646
29.00516667	642
29.01555	623
29.02601667	628
29.03661667	636
29.04726667	639
29.05826667	660
29.06948333	673
29.08085	682
29.09225	684
29.10365	684
29.11506667	685
29.12635	677
29.13746667	667
29.14828333	649
29.15893333	639
29.16945	631
29.18003333	635
29.19055	631
29.20118333	638
29.2117	631
29.22223333	632
29.23283333	636
29.24353333	642
29.25418333	639
29.2649	643
29.27573333	650
29.28653333	648
29.29725	643
29.30753333	617
29.31778333	615
29.32801667	614
29.33845	626
29.3489	627
29.35931667	625
29.36996667	639
29.38056667	636
29.39113333	634
29.40176667	638
29.41261667	651
29.42378333	670
29.43476667	659
29.44575	659
29.45718333	686
29.46883333	699
29.48086667	722
29.49298333	727
29.50518333	732
29.51721667	722
29.52886667	699
29.54	668
29.55113333	668
29.5621	658
29.57276667	640
29.58341667	639
29.59413333	643
29.60503333	654
29.61608333	663
29.62695	652
29.63788333	656
29.64893333	663
29.66005	667
29.67126667	673
29.68235	665
29.6934	663
29.70441667	661
29.71535	656
29.72633333	659
29.73731667	659
29.74803333	643
29.7587	640
29.76956667	652
29.78053333	658
29.79186667	680
29.80306667	672
29.8145	686
29.82595	687
29.83701667	664
29.84788333	652
29.85885	658
29.87008333	674
29.88156667	689
29.89285	677
29.90405	672
29.91553333	689
29.92738333	711
29.939	697
29.95065	699
29.96283333	731
29.97558333	765
29.98791667	740
30.00006667	729
30.01233333	736
30.02441667	725
30.03596667	693
30.04743333	688
30.05888333	687
30.07068333	708
30.08221667	692
30.0938	695
30.10543333	698
30.11726667	710
30.12926667	720
30.1414	728
30.15306667	700
30.16483333	706
30.17678333	717
30.18855	706
30.20023333	701
30.21163333	684
30.22271667	665
30.23385	668
30.24493333	665
30.2561	670
30.2675	684
30.27866667	670
30.28988333	673
30.30118333	678
30.31231667	668
30.32305	644
30.33375	642
30.3445	645
30.35535	651
30.36636667	661
30.37723333	652
30.3882	658
30.39961667	685
30.41123333	697
30.4226	682
30.4335	654
30.44443333	656
30.45555	667
30.46676667	673
30.47811667	681
30.48938333	676
30.50051667	668
30.5116	665
30.5227	666
30.53391667	673
30.54496667	663
30.55595	659
30.5667	645
30.57736667	640
30.58808333	643
30.59905	658
30.60998333	656
30.62131667	680
30.63273333	685
30.64383333	666
30.65483333	660
30.66543333	636
30.67615	643
30.6867	633
30.69711667	625
30.70745	620
30.71771667	616
30.72795	614
30.73815	612
30.74833333	611
30.7584	604
30.76841667	601
30.77848333	604
30.78876667	617
30.79895	611
30.80918333	614
30.8195	619
30.82963333	608
30.83948333	591
30.84943333	597
30.85946667	602
30.86946667	600
30.87946667	600
30.88943333	598
30.8992	586
30.90901667	589
30.9187	581
30.92855	591
30.9384	591
30.9482	588
30.95815	597
30.96833333	611
30.97903333	642
30.99033333	678
31.00175	685
31.01306667	679
31.02435	677
31.03538333	662
31.04648333	666
31.05745	658
31.0683	651
31.079	642
31.08951667	631
31.10015	638
31.11073333	635
31.12143333	642
31.13228333	651
31.14335	664
31.1545	669
31.16563333	668
31.17655	655
31.18731667	646
31.19815	650
31.20891667	646
31.21976667	651
31.23065	653
31.24148333	650
31.25225	646
31.26291667	640
31.27351667	636
31.28385	620
31.2941	615
31.30431667	613
31.3142	593
31.32406667	592
31.33393333	592
31.3437	586
31.3535	588
31.36343333	596
31.37366667	614
31.38398333	619
31.39443333	627
31.40488333	627
31.41525	622
31.42591667	640
31.43613333	613
31.4465	622
31.45678333	617
31.46696667	611
31.4771	608
31.48705	597
31.497	597
31.507	600
31.51696667	598
31.52698333	601
31.53715	610
31.54731667	610
31.5578	629
31.56846667	640
31.57915	641
31.59015	660
31.6014	675
31.6133	714
31.62565	741
31.63801667	742
31.64991667	714
31.66131667	684
31.67248333	670
31.68338333	654
31.69395	634
31.7043	621
31.71463333	620
31.72498333	621
31.73521667	614
31.74543333	613
31.7557	616
31.766	618
31.77658333	635
31.78711667	632
31.79781667	642
31.80845	638
31.81903333	635
31.82951667	629
31.83978333	616
31.85003333	615
31.86021667	611
31.87038333	610
31.8804	601
31.89053333	608
31.90063333	606
31.91076667	608
31.921	614
31.9314	624
31.94186667	628
31.95253333	640
31.96321667	641
31.97383333	637
31.98425	625
31.99463333	623
