0.012866667	772
0.037633333	0
0.062866667	0
0.074933333	724
0.087566667	758
0.101033333	808
0.114916667	833
0.12875	830
0.141266667	751
0.15295	701
0.16445	690
0.17825	828
0.193966667	943
0.210583333	997
0.227266667	1001
0.243533333	976
0.259566667	962
0.275966667	984
0.2921	968
0.307883333	947
0.323066667	911
0.33865	935
0.354783333	968
0.358116667	0
0.364316667	0
0.3706	0
0.385933333	920
0.419	0
0.436333333	1040
0.45335	1021
0.470516667	1030
0.486933333	985
0.50365	1003
0.5208	1029
0.5379	1026
0.555216667	1039
0.57145	974
0.5867	915
0.601433333	884
0.615433333	840
0.629116667	821
0.642216667	786
0.65495	764
0.667716667	766
0.680816667	786
0.693316667	750
0.706016667	762
0.718583333	754
0.73125	760
0.74365	744
0.755283333	698
0.766866667	695
0.77865	707
0.790866667	733
0.804583333	823
0.818583333	840
0.83105	748
0.844183333	788
0.858116667	836
0.871966667	831
0.885416667	807
0.899016667	816
0.9125	809
0.92625	825
0.9399	819
0.953333333	806
0.965566667	734
0.978683333	787
0.992266667	815
1.0066	860
1.021466667	892
1.03525	827
1.048133333	773
1.061066667	776
1.074233333	790
1.087483333	795
1.100083333	756
1.112283333	732
1.1246	739
1.136633333	722
1.149316667	761
1.162666667	801
1.177016667	861
1.1916	875
1.206283333	881
1.22085	874
1.235233333	863
1.24945	853
1.263566667	847
1.2773	824
1.291	822
1.3039	774
1.31655	759
1.32955	780
1.342933333	803
1.3568	832
1.3699	786
1.3832	798
1.396866667	820
1.410983333	847
1.4253	859
1.439466667	850
1.452566667	786
1.465766667	792
1.478866667	786
1.491533333	760
1.505066667	812
1.5189	830
1.532583333	821
1.546366667	827
1.55925	773
1.572783333	812
1.58675	838
1.601033333	857
1.615066667	842
1.628666667	816
1.6425	830
1.656583333	845
1.670983333	864
1.68505	844
1.698133333	785
1.710816667	761
1.724066667	795
1.737666667	816
1.75155	833
1.764416667	772
1.777983333	814
1.791866667	833
1.805716667	831
1.818666667	777
1.832133333	808
1.8463	850
1.859766667	808
1.8735	824
1.88735	831
1.901433333	845
1.914583333	789
1.926733333	729
1.9386	712
1.95	684
1.96145	687
1.975016667	814
1.9894	863
2.004333333	896
2.01955	913
2.034766667	913
2.04985	905
2.06355	822
2.077183333	818
2.089833333	759
2.10245	757
2.115266667	769
2.12825	779
2.140766667	751
2.153266667	750
2.166383333	787
2.1802	829
2.194533333	860
2.209233333	882
2.224033333	888
2.238566667	872
2.252216667	819
2.265783333	814
2.278933333	789
2.291266667	740
2.303716667	747
2.316633333	775
2.330383333	825
2.344933333	873
2.359916667	899
2.374583333	880
2.388883333	858
2.40165	766
2.414116667	748
2.4268	761
2.439983333	791
2.453933333	837
2.467983333	843
2.481916667	836
2.496	845
2.5096	816
2.5232	816
2.537033333	830
2.551166667	848
2.56525	845
2.57935	846
2.59315	828
2.606266667	787
2.618566667	738
2.630983333	745
2.64295	718
2.655	723
2.66655	693
2.678183333	698
2.6902	721
2.697083333	413
2.729416667	0
2.7723	0
2.787933333	938
2.8039	958
2.819483333	935
2.8345	901
2.848966667	868
2.863433333	868
2.87795	871
2.892133333	851
2.905783333	819
2.919583333	828
2.93275	790
2.945683333	776
2.958383333	762
2.9713	775
2.983816667	751
2.996333333	751
3.008566667	734
3.020716667	729
3.032666667	717
3.0446	716
3.05605	687
3.067266667	673
3.07855	677
3.089983333	686
3.101233333	675
3.112033333	648
3.1235	688
3.135166667	700
3.147833333	760
3.160866667	782
3.17395	785
3.186866667	775
3.2	788
3.2126	756
3.224716667	727
3.236116667	684
3.24715	662
3.258283333	668
3.26965	682
3.281366667	703
3.29385	749
3.307416667	814
3.321166667	825
3.335016667	831
3.349083333	844
3.363	835
3.3767	822
3.390183333	809
3.402966667	767
3.414716667	705
3.425766667	663
3.43735	695
3.448466667	667
3.46015	701
3.472516667	742
3.484816667	738
3.496483333	700
3.507833333	681
3.5213	808
3.534683333	803
3.54845	826
3.561833333	803
3.5746	766
3.58635	705
3.597766667	685
3.608983333	673
3.620166667	671
3.631366667	672
3.642416667	663
3.653383333	658
3.664583333	672
3.676416667	710
3.688916667	750
3.701516667	756
3.713666667	729
3.7254	704
3.736733333	680
3.747616667	653
3.759283333	700
3.771833333	753
3.785716667	833
3.800316667	876
3.81475	866
3.829283333	872
3.843066667	827
3.8566	812
3.869966667	802
3.883033333	784
3.896133333	786
3.909383333	795
3.922316667	776
3.93535	782
3.947966667	757
3.959966667	720
3.9715	692
3.982816667	679
3.994616667	708
4.006683333	724
4.0196	775
4.032733333	788
4.0462	808
4.058916667	763
4.072266667	801
4.08585	815
4.099616667	826
4.112916667	798
4.1265	815
4.140283333	827
4.15395	820
4.167	783
4.179733333	764
4.192583333	771
4.205466667	773
4.218783333	799
4.2323	811
4.24585	813
4.259266667	805
4.272366667	786
4.2852	770
4.297516667	739
4.309966667	747
4.322366667	744
4.33515	767
4.347733333	755
4.36075	781
4.374216667	808
4.387683333	808
4.400366667	761
4.41285	749
4.4256	765
4.438533333	776
4.45165	787
4.464933333	797
4.478433333	810
4.492066667	818
4.505533333	808
4.518683333	789
4.531933333	795
4.5456	820
4.559633333	842
4.573133333	810
4.586066667	776
4.599033333	778
4.612616667	815
4.6268	851
4.6417	894
4.655933333	854
4.669966667	842
4.683883333	835
4.697666667	827
4.710516667	771
4.72325	764
4.736266667	781
4.7495	794
4.762583333	785
4.7751	751
4.7881	780
4.80095	771
4.814216667	796
4.82745	794
4.841116667	820
4.855	833
4.86915	849
4.8832	843
4.897516667	859
4.912016667	870
4.925983333	838
4.94	841
4.953983333	839
4.967983333	840
4.982283333	858
4.996133333	831
5.0095	802
5.02275	795
5.036166667	805
5.049716667	813
5.063366667	819
5.07645	785
5.0891	759
5.1019	768
5.1153	804
5.1291	828
5.142266667	790
5.155266667	780
5.168633333	802
5.18225	817
5.195516667	796
5.208316667	768
5.221766667	807
5.235883333	847
5.249333333	807
5.2623	778
5.275666667	802
5.289766667	846
5.30405	857
5.317933333	833
5.331733333	828
5.346183333	867
5.360733333	873
5.374583333	831
5.38775	790
5.4	735
5.411583333	695
5.42405	748
5.436983333	776
5.450733333	825
5.464916667	851
5.4794	869
5.493566667	850
5.507033333	808
5.51985	769
5.532483333	758
5.544966667	749
5.557316667	741
5.568866667	693
5.58085	719
5.592866667	721
5.60555	761
5.618916667	802
5.632866667	837
5.6469	842
5.660966667	844
5.674933333	838
5.688333333	804
5.7011	766
5.713533333	746
5.726233333	762
5.73895	763
5.7517	765
5.763833333	728
5.7755	700
5.787016667	691
5.799116667	726
5.8113	731
5.824383333	785
5.837283333	774
5.84995	760
5.863	783
5.875766667	766
5.888183333	745
5.900566667	743
5.912983333	745
5.925533333	753
5.937916667	743
5.94985	716
5.962166667	739
5.974533333	742
5.98725	763
6.000216667	778
6.013333333	787
6.026883333	813
6.0406	823
6.05455	837
6.068516667	838
6.08255	842
6.096216667	820
6.109933333	823
6.1237	826
6.137316667	817
6.150216667	774
6.16355	800
6.17715	816
6.191416667	856
6.205483333	844
6.21905	814
6.2327	819
6.246616667	835
6.2601	809
6.272816667	763
6.286216667	804
6.300233333	841
6.314716667	869
6.328366667	819
6.342066667	822
6.355866667	828
6.36995	845
6.383983333	842
6.397716667	824
6.411183333	808
6.424116667	776
6.436366667	735
6.44835	719
6.460133333	707
6.471883333	705
6.4835	697
6.494916667	685
6.505983333	664
6.517266667	677
6.528516667	675
6.539883333	682
6.550633333	645
6.56135	643
6.572383333	662
6.583333333	657
6.5943	658
6.60525	657
6.616266667	661
6.627233333	658
6.63875	691
6.650466667	703
6.66345	779
6.677583333	848
6.6917	847
6.705083333	803
6.7183	793
6.731366667	784
6.743933333	754
6.755533333	696
6.76745	715
6.77945	720
6.7919	747
6.80425	741
6.815783333	692
6.8266	649
6.83795	681
6.849733333	707
6.86275	781
6.875183333	746
6.888833333	819
6.9025	820
6.914866667	742
6.9267	710
6.938416667	703
6.9503	713
6.9624	726
6.974666667	736
6.986983333	739
6.9992	733
7.011566667	742
7.0241	752
7.036533333	746
7.048666667	728
7.060716667	723
7.072633333	715
7.0839	676
7.095	666
7.106216667	673
7.1172	659
7.128483333	677
7.139516667	662
7.150816667	678
7.162983333	730
7.175383333	744
7.187383333	720
7.1989	691
7.210983333	725
7.2237	763
7.236466667	766
7.249183333	763
7.261416667	734
7.273666667	735
7.285533333	712
7.297	688
7.30875	705
7.320633333	713
7.333233333	756
7.344833333	696
7.3573	748
7.37	762
7.38225	735
7.393716667	688
7.405333333	697
7.417183333	711
7.42865	688
7.439833333	671
7.451183333	681
7.462466667	677
7.4738	680
7.484666667	652
7.495333333	640
7.505733333	624
7.5162	628
7.527733333	692
7.539316667	695
7.551	701
7.562266667	676
7.573216667	657
7.583883333	640
7.594316667	626
7.604683333	622
7.614716667	602
7.62485	608
7.635366667	631
7.645933333	634
7.656516667	635
7.666816667	618
7.67685	602
7.687166667	619
7.69755	623
7.707966667	625
7.718283333	619
7.72835	604
7.738366667	601
7.748683333	619
7.759333333	639
7.7704	664
7.782	696
7.793883333	713
7.807033333	789
7.81915	727
7.8324	795
7.844583333	731
7.855766667	671
7.86675	659
7.877533333	647
7.888916667	683
7.900466667	693
7.912233333	706
7.924033333	708
7.935233333	672
7.9464	670
7.95765	675
7.9689	675
7.980666667	706
7.9922	692
8.0031	654
8.014066667	658
8.024933333	652
8.03585	655
8.046483333	638
8.057683333	672
8.068916667	674
8.08	665
8.09085	651
8.101516667	640
8.111916667	624
8.12205	608
8.132333333	617
8.142683333	621
8.152966667	617
8.163166667	612
8.1737	632
8.184816667	667
8.196183333	682
8.207633333	687
8.218733333	666
8.229633333	654
8.240566667	656
8.251366667	648
8.262	638
8.272966667	658
8.283816667	651
8.29505	674
8.306116667	664
8.317333333	673
8.32835	661
8.33925	654
8.350666667	685
8.362583333	715
8.374533333	717
8.3861	694
8.397366667	676
8.409416667	723
8.421183333	706
8.432683333	690
8.44415	688
8.45615	720
8.46795	708
8.4798	711
8.491166667	682
8.502383333	673
8.513933333	693
8.525766667	710
8.538316667	753
8.550366667	723
8.562316667	717
8.573566667	675
8.584566667	660
8.596083333	691
8.607383333	678
8.618933333	693
8.629783333	651
8.6406	649
8.65185	675
8.663216667	682
8.674583333	682
8.685433333	651
8.6971	700
8.70905	717
8.7213	735
8.732733333	686
8.743833333	666
8.755466667	698
8.767416667	717
8.78035	776
8.792616667	736
8.803966667	681
8.815016667	663
8.8262	671
8.8379	702
8.8488	654
8.860966667	730
8.87245	689
8.883583333	668
8.89465	664
8.906066667	685
8.91765	695
8.928933333	677
8.94	664
8.951266667	676
8.961983333	643
8.973783333	708
8.985833333	723
8.997133333	678
9.009233333	726
9.020316667	665
9.032	701
9.043583333	695
9.055833333	735
9.06695	667
9.077983333	662
9.088783333	648
9.099333333	633
9.1095	610
9.119383333	593
9.129083333	582
9.138733333	579
9.14835	577
9.15805	582
9.167666667	577
9.1771	566
9.186416667	559
9.196083333	580
9.205883333	588
9.215866667	599
9.225616667	585
9.235466667	591
9.245533333	604
9.255516667	599
9.26525	584
9.27475	570
9.284466667	583
9.294183333	583
9.30375	574
9.34135	0
9.360416667	0
9.369983333	574
9.389116667	0
9.39855	566
9.44555	0
9.4833	0
9.620616667	0
9.626716667	0
9.640016667	0
9.649316667	558
9.6585	551
9.772316667	0
9.863333333	0
9.884966667	0
9.894366667	564
9.903866667	570
9.913366667	570
9.9229	572
9.932716667	589
9.942116667	564
9.95145	560
9.9606	549
9.969633333	542
9.97845	529
9.987166667	523
9.99625	545
10.00523333	539
10.01416667	536
10.02303333	532
10.03168333	519
10.04031667	518
10.04921667	534
10.0581	533
10.0669	528
10.07598333	545
10.08505	544
10.09388333	530
10.1027	529
10.11145	525
10.12051667	544
10.12931667	528
10.13826667	537
10.14696667	522
10.15573333	526
10.16453333	528
10.17341667	533
10.1823	533
10.191	522
10.19983333	530
10.20851667	521
10.2172	521
10.2257	510
10.23413333	506
10.2426	508
10.25105	507
10.25933333	497
10.26778333	507
10.2764	517
10.28508333	521
10.29378333	522
10.30218333	504
10.3107	511
10.3193	516
10.32791667	517
10.3363	503
10.34463333	500
10.35308333	507
10.36153333	507
10.36991667	503
10.37813333	493
10.38636667	494
10.39471667	501
10.40318333	508
10.41135	490
10.4197	501
10.42823333	512
10.43663333	504
10.4449	496
10.45326667	502
10.46146667	492
10.46978333	499
10.47808333	498
10.48631667	494
10.4946	497
10.50303333	506
10.5118	526
10.52055	525
10.52931667	526
10.53785	512
10.54628333	506
10.55471667	506
10.56323333	511
10.57165	505
10.58026667	517
10.58861667	501
10.5971	509
10.60575	519
10.61426667	511
10.62266667	504
10.63128333	517
10.63986667	515
10.64835	509
10.6567	501
10.665	498
10.67333333	500
10.68188333	513
10.69046667	515
10.69875	497
10.7071	501
10.71541667	499
10.72388333	508
10.73223333	501
10.74043333	492
10.74865	493
10.75686667	493
10.76521667	501
10.82325	0
10.83173333	509
10.84018333	507
10.84843333	495
10.85665	493
10.86481667	490
10.87306667	495
10.88123333	490
10.88935	487
10.89738333	482
10.90536667	479
10.91346667	486
10.9216	488
10.9298	492
10.93781667	481
10.94571667	474
10.9538	485
10.96186667	484
10.96996667	486
10.97796667	480
10.98601667	483
10.99405	482
11.00201667	478
11.01026667	495
11.01868333	505
11.0271	505
11.03536667	496
11.04343333	484
11.05151667	485
11.05965	488
11.06771667	484
11.07586667	489
11.08395	485
11.09206667	487
11.10005	479
11.10796667	475
11.11601667	483
11.12406667	483
11.13195	473
11.13976667	469
11.14753333	466
11.15535	469
11.16315	468
11.171	471
11.17883333	470
11.18681667	479
11.19466667	471
11.20246667	468
11.21026667	468
11.218	464
11.22578333	467
11.24923333	0
11.25723333	480
11.26523333	480
11.27303333	468
11.28083333	468
11.2887	472
11.29651667	469
11.30436667	471
11.31228333	475
11.32026667	479
11.32828333	481
11.3363	481
11.34421667	475
11.35195	464
11.35975	468
11.36745	462
11.37525	468
11.38301667	466
11.39088333	472
11.39853333	459
11.40621667	461
11.41401667	468
11.42195	476
11.4298	471
11.43763333	470
11.44536667	464
11.45313333	466
11.46095	469
11.46875	468
11.47646667	463
11.48423333	466
11.49195	463
11.49975	468
11.5076	471
11.5154	468
11.52311667	463
11.53086667	465
11.53865	467
11.54655	474
11.55448333	476
11.56226667	467
11.57	464
11.57795	477
11.58585	474
11.59376667	475
11.60161667	471
11.60938333	466
11.61725	472
11.64046667	0
11.6481	458
11.65583333	464
11.66363333	468
11.67141667	467
11.67915	464
11.68685	462
11.69455	462
11.70243333	473
11.71033333	474
11.71841667	485
11.72626667	471
11.73406667	468
11.74198333	475
11.74993333	477
11.75786667	476
11.76583333	478
11.77373333	474
11.78161667	473
11.78955	476
11.79741667	472
11.80545	482
11.81361667	490
11.82188333	496
11.84641667	0
11.85441667	480
11.8624	479
11.8704	480
11.87845	483
11.8864	477
11.89433333	476
11.90223333	474
11.91003333	468
11.91798333	477
11.92593333	477
11.93403333	486
11.9419	472
11.94978333	473
11.95766667	473
11.96561667	477
11.9736	479
11.98141667	469
11.9893	473
11.99725	477
12.00521667	478
12.01323333	481
12.02113333	474
12.02903333	474
12.0369	472
12.04476667	472
12.05268333	475
12.06801667	0
12.0758	467
12.08356667	466
12.09128333	463
12.10683333	0
12.11458333	465
12.1224	469
12.13013333	464
12.1379	466
12.1457	468
12.15348333	467
12.1614	475
12.16926667	472
12.17708333	469
12.18496667	473
12.19285	473
12.20066667	469
12.2086	476
12.21641667	469
12.22423333	469
12.23198333	465
12.23975	466
12.24756667	469
12.2554	470
12.26335	477
12.27131667	478
12.2792	473
12.29486667	0
12.30275	473
12.31076667	481
12.3188	482
12.32661667	469
12.33453333	475
12.34248333	477
12.35835	0
12.37401667	0
12.38183333	469
12.3897	472
12.39751667	469
12.40523333	463
12.4129	460
12.4206	462
12.43591667	0
12.44366667	465
12.45131667	459
12.45918333	472
12.46711667	476
12.475	473
12.49056667	0
12.49826667	462
12.50596667	462
12.51365	461
12.5214	465
12.52926667	472
12.53716667	474
12.54486667	462
12.5526	464
12.56036667	466
12.5681	464
12.57576667	460
12.58336667	456
12.5909	452
12.59856667	460
12.60628333	463
12.6139	457
12.62156667	460
12.62913333	454
12.6367	454
12.6443	456
12.65183333	452
12.6594	454
12.66718333	467
12.6748	457
12.68245	459
12.69005	456
12.69765	456
12.70538333	464
12.71298333	456
12.72051667	452
12.72806667	453
12.73571667	459
12.74335	458
12.75101667	460
12.76623333	0
12.77393333	462
12.78148333	453
12.78918333	462
12.79675	454
12.80435	456
12.81188333	452
12.81956667	461
12.82716667	456
12.83481667	459
12.84231667	450
12.84986667	453
12.86516667	0
12.87273333	454
12.88791667	0
12.8955	455
12.90323333	464
12.91091667	461
12.91845	452
12.92606667	457
12.93373333	460
12.94138333	459
12.94901667	458
12.9566	455
12.9642	456
12.97176667	454
12.97945	461
12.98718333	464
12.9947	451
13.00226667	454
13.0099	458
13.0176	462
13.02525	459
13.03295	462
13.04071667	466
13.0484	461
13.05605	459
13.06375	462
13.07913333	0
13.08698333	471
13.09473333	465
13.10236667	458
13.11003333	460
13.11768333	459
13.13295	0
13.14051667	454
13.148	449
13.15551667	451
13.16301667	450
13.1706	455
13.17816667	454
13.18563333	448
13.19303333	444
13.20048333	447
13.20796667	449
13.22306667	0
13.23051667	447
13.23803333	451
13.24556667	452
13.26076667	0
13.2684	458
13.276	456
13.28355	453
13.29115	456
13.29883333	461
13.30631667	449
13.31393333	457
13.32166667	464
13.32945	467
13.33728333	470
13.34513333	471
13.35288333	465
13.36056667	461
13.3683	464
13.37608333	467
13.38376667	461
13.39905	0
13.42958333	0
13.43721667	458
13.44473333	451
13.45235	457
13.45991667	454
13.4675	455
13.47516667	460
13.48273333	454
13.49783333	0
13.50538333	453
13.513	457
13.52048333	449
13.528	451
13.53548333	449
13.55061667	0
13.5659	0
13.5736	462
13.58128333	461
13.58891667	458
13.5966	461
13.60438333	467
13.61205	460
13.6198	465
13.62738333	455
13.63506667	461
13.6427	458
13.65036667	460
13.65791667	453
13.6654	449
13.67295	453
13.68051667	454
13.68813333	457
13.69578333	459
13.7034	457
13.71871667	0
13.72636667	459
13.73398333	457
13.74173333	465
13.7495	466
13.75743333	476
13.7653	472
13.77321667	475
13.78106667	471
13.7888	464
13.79661667	469
13.8045	473
13.81221667	463
13.81988333	460
13.82763333	465
13.83528333	459
13.84306667	467
13.85085	467
13.85861667	466
13.86635	464
13.8741	465
13.8818	462
13.89728333	0
13.90501667	464
13.91281667	468
13.92051667	462
13.92813333	457
13.94353333	0
13.95885	0
13.96646667	457
13.9971	0
14.00461667	451
14.01221667	456
14.01981667	456
14.02736667	453
14.04245	0
14.05003333	455
14.05753333	450
14.06508333	453
14.07261667	452
14.0801	449
14.08775	459
14.09546667	463
14.10323333	466
14.11098333	465
14.11881667	470
14.14178333	0
14.14933333	453
14.15688333	453
14.16455	460
14.17201667	448
14.17961667	456
14.18718333	454
14.19486667	461
14.20998333	0
14.2176	457
14.22516667	454
14.2403	0
14.24783333	452
14.25548333	459
14.26313333	459
14.27065	451
14.27815	450
14.29358333	0
14.3012	457
14.30876667	454
14.31636667	456
14.32388333	451
14.33135	448
14.33888333	452
14.34635	448
14.35385	450
14.36126667	445
14.36863333	442
14.376	442
14.38346667	448
14.391	452
14.3984	444
14.40585	447
14.4133	447
14.4207	444
14.42825	453
14.43576667	451
14.44331667	453
14.45081667	450
14.45841667	456
14.46595	452
14.47356667	457
14.48111667	453
14.48866667	453
14.49621667	453
14.5036	443
14.51105	447
14.51855	450
14.52598333	446
14.54078333	0
14.54811667	440
14.55555	446
14.5629	441
14.58503333	0
14.59961667	0
14.60691667	438
14.61423333	439
14.62151667	437
14.62893333	445
14.63628333	441
14.64363333	441
14.65088333	435
14.65816667	437
14.6655	440
14.67285	441
14.68015	438
14.68746667	439
14.69478333	439
14.70218333	444
14.71686667	0
14.72426667	444
14.73166667	444
14.73895	437
14.74626667	439
14.75351667	435
14.76085	440
14.76803333	431
14.77536667	440
14.78268333	439
14.79	439
14.79741667	445
14.80478333	442
14.81213333	441
14.81941667	437
14.82666667	435
14.83396667	438
14.84131667	441
14.8486	437
14.85601667	445
14.86336667	441
14.87076667	444
14.87816667	444
14.89325	0
14.90071667	448
14.9312	0
14.95398333	0
14.96163333	459
14.96931667	461
14.97708333	466
14.98481667	464
14.9925	461
15.00011667	457
15.02326667	0
15.03108333	469
15.03868333	456
15.04641667	464
15.05408333	460
15.06171667	458
15.06936667	459
15.07698333	457
15.08451667	452
15.09216667	459
15.09976667	456
15.10735	455
15.11496667	457
15.12255	455
15.13015	456
15.13773333	455
15.14535	457
15.15306667	463
15.16065	455
15.16823333	455
15.1759	460
15.18346667	454
15.19095	449
15.19843333	449
15.20588333	447
15.2133	445
15.2207	444
15.22815	447
15.2355	441
15.24288333	443
15.25025	442
15.25768333	446
15.26505	442
15.27246667	445
15.2799	446
15.28728333	443
15.29465	442
15.30963333	0
15.31708333	447
15.32451667	446
15.33193333	445
15.33935	445
15.34698333	458
15.35451667	452
15.36205	452
15.3697	459
15.37723333	452
15.38473333	450
15.3999	0
15.4074	450
15.41493333	452
15.42246667	452
15.42983333	442
15.4373	448
15.44476667	448
15.45228333	451
15.45975	448
15.46728333	452
15.47463333	441
15.48205	445
15.48953333	449
15.497	448
15.50446667	448
15.51935	0
15.52668333	440
15.53416667	449
15.54155	443
15.54895	444
15.55633333	443
15.56376667	446
15.57121667	447
15.57865	446
15.58613333	449
15.59361667	449
15.60108333	448
15.60843333	441
15.6309	0
15.63845	453
15.64585	444
15.65333333	449
15.66845	0
15.67588333	446
15.68338333	450
15.69095	454
15.69853333	455
15.70618333	459
15.71376667	455
15.72136667	456
15.72893333	454
15.73663333	462
15.75178333	0
15.75928333	450
15.76768333	504
15.77431667	398
15.78185	452
15.78938333	452
15.79676667	443
15.80423333	448
15.81171667	449
15.81916667	447
15.82661667	447
15.83405	446
15.84155	450
15.84901667	448
15.85643333	445
15.86386667	446
15.8713	446
15.87875	447
15.8862	447
15.8936	444
15.90098333	443
15.90836667	443
15.91575	443
15.92315	444
15.93793333	0
15.94526667	440
15.95265	443
15.96	441
15.97475	0
15.98948333	0
16.00426667	0
16.01171667	447
16.0191	443
16.0265	444
16.03391667	445
16.04866667	0
16.056	440
16.06338333	443
16.07086667	449
16.07825	443
16.093	0
16.10045	447
16.10785	444
16.1152	441
16.1226	444
16.1299	438
16.13725	441
16.14463333	443
16.1519	436
16.15928333	443
16.16663333	441
16.17398333	441
16.18135	442
16.20355	0
16.21103333	449
16.21846667	446
16.22595	449
16.2334	447
16.24088333	449
16.24836667	449
16.25585	449
16.27081667	0
16.27833333	451
16.29331667	0
16.30088333	454
16.30833333	447
16.31581667	449
16.3233	449
16.34581667	0
16.35323333	445
16.36068333	447
16.37575	0
16.39831667	0
16.40581667	450
16.42081667	0
16.42833333	451
16.43575	445
16.44323333	449
16.45061667	443
16.45808333	448
16.46563333	453
16.47318333	453
16.48071667	452
16.4958	0
16.50331667	451
16.51856667	0
16.52601667	447
16.5336	455
16.5412	456
16.55618333	0
16.5638	457
16.5712	444
16.57865	447
16.58618333	452
16.59366667	449
16.60115	449
16.60855	444
16.61603333	449
16.62355	451
16.63105	450
16.63851667	448
16.64596667	447
16.6534	446
16.66823333	0
16.68305	0
16.6905	447
16.698	450
16.70535	441
16.71286667	451
16.7204	452
16.72793333	452
16.73541667	449
16.74293333	451
16.75036667	446
16.7578	446
16.76528333	449
16.77268333	444
16.78006667	443
16.78751667	447
16.79491667	444
16.80245	452
16.80998333	452
16.81748333	450
16.82505	454
16.83268333	458
16.84045	466
16.84821667	466
16.85603333	469
16.86383333	468
16.8716	466
16.87925	459
16.88693333	461
16.8946	460
16.90225	459
16.9099	459
16.9175	456
16.92513333	458
16.93271667	455
16.94035	458
16.94791667	454
16.95556667	459
16.9633	464
16.97095	459
16.9786	459
16.98621667	457
16.99388333	460
17.00905	0
17.01665	456
17.0243	459
17.03191667	457
17.03945	452
17.04701667	454
17.05468333	460
17.07095	0
17.07776667	409
17.09321667	0
17.10851667	0
17.12401667	0
17.14731667	0
17.15511667	468
17.17053333	0
17.17818333	459
17.18585	460
17.19343333	455
17.20865	0
17.21615	450
17.22363333	449
17.23118333	453
17.23866667	449
17.24621667	453
17.2537	449
17.26118333	449
17.26858333	444
17.27603333	447
17.2836	454
17.29116667	454
17.29863333	448
17.30616667	452
17.31361667	447
17.32113333	451
17.3287	454
17.3363	456
17.34373333	446
17.35125	451
17.35876667	451
17.36635	455
17.37385	450
17.38138333	452
17.38906667	461
17.3967	458
17.40431667	457
17.41181667	450
17.41936667	453
17.42686667	450
17.44196667	0
17.44943333	448
17.45686667	446
17.46436667	450
17.47183333	448
17.47938333	453
17.48676667	443
17.49415	443
17.50158333	446
17.50913333	453
17.51656667	446
17.52408333	451
17.53161667	452
17.53918333	454
17.54676667	455
17.55436667	456
17.56201667	459
17.56965	458
17.57726667	457
17.585	464
17.59268333	461
17.60031667	458
17.60793333	457
17.61566667	464
17.62326667	456
17.63091667	459
17.63851667	456
17.64605	452
17.65373333	461
17.6613	454
17.66878333	449
17.67631667	452
17.6838	449
17.6913	450
17.6988	450
17.71371667	0
17.72115	446
17.72856667	445
17.73603333	448
17.7435	448
17.75836667	0
17.76576667	444
17.77321667	447
17.78058333	442
17.78798333	444
17.79545	448
17.80313333	461
17.81065	451
17.81821667	454
17.82583333	457
17.8334	454
17.8409	450
17.84845	453
17.85586667	445
17.86336667	450
17.87073333	442
17.87818333	447
17.8856	445
17.893	444
17.90045	447
17.90783333	443
17.91533333	450
17.92285	451
17.9303	447
17.93785	453
17.94531667	448
17.95285	452
17.96036667	451
17.96783333	448
17.97526667	446
17.98266667	444
17.99016667	450
17.99761667	447
18.01253333	0
18.01996667	446
18.02741667	447
18.03498333	454
18.04251667	452
18.04991667	444
18.0649	0
18.07235	447
18.07983333	449
18.08735	451
18.09493333	455
18.10246667	452
18.10995	449
18.11751667	454
18.12513333	457
18.14038333	0
18.14798333	456
18.15568333	462
18.16333333	459
18.17105	463
18.17881667	466
18.18653333	463
18.1943	466
18.20203333	464
18.20976667	464
18.21735	455
18.22495	456
18.23258333	458
18.25521667	0
18.26266667	447
18.27016667	450
18.27775	455
18.28521667	448
18.31543333	0
18.32301667	455
18.33053333	451
18.33225	0
18.33811667	352
18.34571667	456
18.35323333	451
18.36088333	459
18.37603333	0
18.39116667	0
18.40618333	0
18.42125	0
18.42871667	448
18.43621667	450
18.4509	0
18.45826667	442
18.46571667	447
18.47311667	444
18.48055	446
18.488	447
18.4956	456
18.50326667	460
18.51088333	457
18.51856667	461
18.5233	0
18.53393333	0
18.54165	463
18.54921667	454
18.56438333	0
18.57178333	444
18.57431667	0
18.57925	0
18.60178333	0
18.60921667	446
18.61665	446
18.63243333	0
18.70655	0
18.7217	0
18.72935	459
18.76748333	0
18.77513333	459
18.79126667	0
18.8057	0
18.81331667	457
18.82105	464
18.82868333	458
18.83635	460
18.844	459
18.85921667	0
18.86693333	463
18.8979	0
18.90573333	470
18.91346667	464
18.92123333	466
18.92903333	468
18.93675	463
18.96008333	0
18.9994	0
19.01525	0
19.02318333	476
19.031	469
19.03891667	475
19.04671667	468
19.05456667	471
19.0624	470
19.07018333	467
19.07813333	477
19.086	472
19.0939	474
19.10178333	473
19.10965	472
19.12543333	0
19.13333333	474
19.14116667	470
19.14908333	475
19.15703333	477
19.1648	466
19.17256667	466
19.18045	473
19.19601667	0
19.20383333	469
19.2116	466
19.21935	465
19.22713333	467
19.24265	0
19.25023333	455
19.25788333	459
19.26548333	456
19.27323333	465
19.28078333	453
19.28838333	456
19.296	457
19.30368333	461
19.31125	454
19.31883333	455
19.32636667	452
19.33383333	448
19.3413	448
19.34873333	446
19.35641667	461
19.36398333	454
19.37166667	461
19.37926667	456
19.38688333	457
19.4023	0
19.41008333	467
19.41778333	462
19.42556667	467
19.43331667	465
19.44106667	465
19.44875	461
19.4565	465
19.46415	459
19.47183333	461
19.47935	451
19.49463333	0
19.50223333	456
19.5098	454
19.51728333	449
19.5248	451
19.5324	456
19.53991667	451
19.54733333	445
19.55483333	450
19.56981667	0
19.57731667	450
19.58486667	453
19.59238333	451
19.59988333	450
19.6227	0
19.63026667	454
19.6379	458
19.64548333	455
19.65323333	465
19.66083333	456
19.66856667	464
19.67625	461
19.68396667	463
19.69171667	465
19.6995	467
19.70725	465
19.71503333	467
19.72275	463
19.73053333	467
19.73831667	467
19.74606667	465
19.75388333	469
19.76171667	470
19.77721667	0
19.78498333	466
19.79273333	465
19.80051667	467
19.80806667	453
19.81581667	465
19.82348333	460
19.83878333	0
19.84638333	456
19.8539	451
19.8615	456
19.86903333	452
19.8766	454
19.88428333	461
19.8919	457
19.89956667	460
19.9072	458
19.91475	453
19.92238333	458
19.95283333	0
19.9605	460
19.96811667	457
19.9758	461
19.98343333	458
19.9912	466
19.99891667	463
20.00668333	466
20.01445	466
20.02226667	469
20.0301	470
20.03783333	464
20.06111667	0
20.06878333	460
20.07648333	462
20.11543333	0
20.12336667	476
20.15535	0
20.16326667	475
20.17126667	480
20.17915	473
20.1871	477
20.20295	0
20.21095	480
20.21898333	482
20.22701667	482
20.2512	0
20.29116667	0
20.29908333	475
20.32256667	0
20.33045	473
20.33808333	458
20.3538	0
20.39275	0
20.43221667	0
20.4643	0
20.47241667	487
20.4885	0
20.49666667	490
20.50485	491
20.52115	0
20.54598333	0
20.5544	505
20.56276667	502
20.57981667	0
20.5886	527
20.59736667	526
20.60596667	516
20.61453333	514
20.62313333	516
20.63298333	591
20.64046667	449
20.65001667	573
20.65813333	487
20.66715	541
20.67603333	533
20.68491667	533
20.6938	533
20.70253333	524
20.71116667	518
20.71971667	513
20.73648333	0
20.76196667	0
20.77076667	528
20.77971667	537
20.78858333	532
20.80613333	0
20.81503333	534
20.82393333	534
20.84115	0
20.84985	522
20.85846667	517
20.88398333	0
20.92665	0
20.94318333	0
20.95146667	497
20.95935	473
20.96736667	481
20.97553333	490
20.98385	499
20.99201667	490
21.00025	494
21.00851667	496
21.01675	494
21.02528333	512
21.034	523
21.04315	549
21.05225	546
21.06116667	535
21.07006667	534
21.07916667	546
21.08813333	538
21.10685	0
21.11633333	569
21.1257	562
21.13463333	536
21.14415	571
21.16276667	0
21.1718	542
21.18066667	532
21.1895	530
21.1982	522
21.21605	0
21.2443	0
21.25378333	569
21.26378333	600
21.27238333	516
21.28363333	675
21.29351667	593
21.30325	584
21.31326667	601
21.32323333	598
21.33326667	602
21.34321667	597
21.35315	596
21.36318333	602
21.37325	604
21.38303333	587
21.38656667	0
21.40223333	0
21.41198333	585
21.42185	592
21.4317	591
21.4414	582
21.45096667	574
21.46095	599
21.47116667	613
21.48175	635
21.49231667	634
21.50271667	624
21.51321667	630
21.5235	617
21.53328333	587
21.54303333	585
21.55255	571
21.56255	600
21.57286667	619
21.58343333	634
21.59393333	630
21.60408333	609
21.61385	586
21.62375	594
21.6335	585
21.64318333	581
21.6527	571
21.66223333	572
21.67156667	560
21.69005	0
21.69936667	559
21.70898333	577
21.71875	586
21.7289	609
21.7395	636
21.75063333	668
21.76193333	678
21.77308333	669
21.78376667	641
21.79448333	643
21.80471667	614
21.81461667	594
21.8343	0
21.84391667	577
21.85358333	580
21.86325	580
21.87316667	595
21.88313333	598
21.89318333	603
21.90306667	593
21.95123333	0
21.96078333	573
21.99806667	0
22.01598333	0
22.03438333	0
22.04453333	609
22.05673333	732
22.06958333	771
22.08191667	740
22.0932	677
22.10388333	641
22.11438333	630
22.13783333	0
22.21116667	0
22.22055	563
22.23018333	578
22.24006667	593
22.27991667	0
22.2895	575
22.29915	579
22.30881667	580
22.31868333	592
22.33813333	0
22.34783333	582
22.3576	586
22.36835	645
22.39135	0
22.40253333	671
22.41361667	665
22.41606667	0
22.42438333	499
22.435	637
22.44566667	640
22.45608333	625
22.46636667	617
22.47643333	604
22.4865	604
22.4965	600
22.50656667	604
22.51671667	609
22.52685	608
22.53681667	598
22.5467	593
22.55651667	589
22.5662	581
22.5759	582
22.58548333	575
22.59515	580
22.60476667	577
22.61461667	591
22.62481667	612
22.63543333	637
22.64638333	657
22.65741667	662
22.66866667	675
22.67988333	673
22.6911	673
22.70196667	652
22.71293333	658
22.7236	640
22.73405	627
22.7546	0
22.7646	600
22.77456667	598
22.78445	593
22.79433333	593
22.8042	592
22.81401667	589
22.82371667	582
22.83416667	627
22.84485	641
22.85703333	731
22.8701	784
22.8833	792
22.89593333	758
22.90775	709
22.9189	669
22.92993333	662
22.94068333	645
22.9512	631
22.96128333	605
22.97128333	600
22.9814	607
22.99141667	601
23.00148333	604
23.01153333	603
23.022	628
23.03273333	644
23.04335	637
23.054	639
23.06461667	637
23.07533333	643
23.08601667	641
23.09666667	639
23.1071	626
23.11725	609
23.12728333	602
23.1371	589
23.14683333	584
23.15643333	576
23.16588333	567
23.17538333	570
23.1945	0
23.2047	612
23.21581667	667
23.22731667	690
23.23866667	681
23.25006667	684
23.26116667	666
23.27188333	643
23.28251667	638
23.29308333	634
23.30383333	645
23.31563333	708
23.32833333	762
23.34093333	756
23.35321667	737
23.36493333	703
23.37598333	663
23.38668333	642
23.3972	631
23.40755	621
23.4179	621
23.42826667	622
23.43865	623
23.4492	633
23.46031667	667
23.47141667	666
23.48251667	666
23.49348333	658
23.50463333	669
23.51583333	672
23.52658333	645
23.53713333	633
23.54751667	623
23.55783333	619
23.56806667	614
23.57878333	643
23.5896	649
23.6002	636
23.61105	651
23.6218	645
23.6324	636
23.64291667	631
23.65375	650
23.66486667	667
23.67606667	672
23.687	656
23.69776667	646
23.7084	638
23.71915	645
23.73013333	659
23.74081667	641
23.75138333	634
23.76198333	636
23.77295	658
23.784	663
23.79605	723
23.80911667	784
23.82215	782
23.83481667	760
23.84668333	712
23.85808333	684
23.86928333	672
23.88025	658
23.89118333	656
23.90186667	641
23.91238333	631
23.92283333	627
23.93305	613
23.9433	615
23.95386667	634
23.96446667	636
23.97528333	649
23.9861	649
23.99706667	658
24.008	656
24.01896667	658
24.02971667	645
24.04021667	630
24.0506	623
24.06073333	608
24.0907	0
24.10083333	608
24.11086667	602
24.1208	596
24.13065	591
24.14053333	593
24.15048333	597
24.16041667	596
24.17078333	622
24.18175	658
24.19316667	685
24.20485	701
24.2159	663
24.22676667	652
24.23756667	648
24.24843333	652
24.25978333	681
24.27125	688
24.28266667	685
24.2939	674
24.3049	660
24.31548333	635
24.3259	625
24.33635	627
24.34675	624
24.35731667	634
24.36805	644
24.37913333	665
24.39038333	675
24.40168333	678
24.41265	658
24.42318333	632
24.43378333	636
24.44416667	623
24.45466667	630
24.46523333	634
24.47576667	632
24.48635	635
24.49701667	640
24.50753333	631
24.51811667	635
24.52858333	628
24.53905	628
24.54933333	617
24.55945	607
24.56968333	614
24.57971667	602
24.58981667	606
24.59993333	607
24.61001667	605
24.62013333	607
24.63028333	609
24.64046667	611
24.65075	617
24.66131667	634
24.67163333	619
24.68208333	627
24.69276667	641
24.70375	659
24.715	675
24.7259	654
24.73673333	650
24.74745	643
24.75788333	626
24.76815	616
24.77835	612
24.78841667	604
24.79848333	604
24.81851667	0
24.82841667	594
24.83826667	591
24.84806667	588
24.85788333	589
24.86783333	597
24.87776667	596
24.88785	605
24.89796667	607
24.90823333	616
24.91856667	620
24.92866667	606
24.93873333	604
24.94885	607
24.95928333	626
24.96978333	630
24.98033333	633
24.99088333	633
25.00141667	632
25.01181667	624
25.02173333	595
25.03158333	591
25.04136667	587
25.051	578
25.06045	567
25.06995	570
25.07935	564
25.0887	561
25.09813333	566
25.1083	610
25.11678333	509
25.12605	556
25.13531667	556
25.14476667	567
25.15438333	577
25.16395	574
25.17375	588
25.18375	600
25.19375	600
25.20385	606
25.21406667	613
25.22435	617
25.2343	597
25.24425	597
25.2543	603
25.26461667	619
25.27576667	669
25.28773333	718
25.2999	730
25.31161667	703
25.323	683
25.33383333	650
25.34455	643
25.35553333	659
25.36646667	656
25.37793333	688
25.39	724
25.40201667	721
25.41395	716
25.42553333	695
25.43678333	675
25.44768333	654
25.4581	625
25.47821667	0
25.48811667	594
25.49815	602
25.5085	621
25.51891667	625
25.52936667	627
25.54	638
25.5507	642
25.56131667	637
25.5721	647
25.58285	645
25.5937	651
25.60455	651
25.6157	669
25.6271	684
25.63863333	692
25.65031667	701
25.66181667	690
25.67263333	649
25.68321667	635
25.69391667	642
25.70465	644
25.71531667	640
25.72623333	655
25.73736667	668
25.74856667	672
25.7597	668
25.77058333	653
25.78135	646
25.79203333	641
25.80263333	636
25.81313333	630
25.82346667	620
25.834	632
25.84441667	625
25.85476667	621
25.86481667	603
25.8751	617
25.88566667	634
25.89683333	670
25.90955	763
25.92276667	793
25.93546667	762
25.9483	770
25.96113333	770
25.97363333	750
25.98585	733
25.99741667	694
26.00866667	675
26.01943333	646
26.02998333	633
26.04035	622
26.05043333	605
26.06071667	617
26.07098333	616
26.08148333	630
26.09198333	630
26.10251667	632
26.11301667	630
26.1237	641
26.13456667	652
26.1457	668
26.15688333	671
26.16803333	669
26.1792	670
26.19008333	653
26.20083333	645
26.21178333	657
26.22268333	654
26.23363333	657
26.2441	628
26.25441667	619
26.26461667	612
26.27463333	601
26.2848	610
26.2952	624
26.30585	639
26.31655	642
26.32683333	617
26.33728333	627
26.34776667	629
26.35856667	648
26.36973333	670
26.38135	697
26.3932	711
26.40456667	682
26.41571667	669
26.42641667	642
26.43708333	640
26.44793333	651
26.45945	691
26.47146667	721
26.48335	713
26.49516667	709
26.5071	716
26.51908333	719
26.53116667	725
26.54278333	697
26.55386667	665
26.56496667	666
26.57583333	652
26.5866	646
26.59755	657
26.60863333	665
26.61988333	675
26.63161667	704
26.64391667	738
26.65596667	723
26.66773333	706
26.67906667	680
26.69026667	672
26.70138333	667
26.71246667	665
26.73433333	0
26.74515	649
26.75581667	640
26.76651667	642
26.77706667	633
26.78766667	636
26.79821667	633
26.80858333	622
26.81906667	629
26.82931667	615
26.83938333	604
26.84943333	603
26.8594	598
26.86928333	593
26.87925	598
26.8893	603
26.89978333	629
26.91115	682
26.92326667	727
26.93493333	700
26.94593333	660
26.95665	643
26.96741667	646
26.97801667	636
26.98855	632
26.99911667	634
27.0096	629
27.02041667	649
27.03098333	634
27.04133333	621
27.05166667	620
27.06196667	618
27.07243333	628
27.08298333	633
27.09391667	656
27.10505	668
27.11575	642
27.12653333	647
27.13711667	635
27.14765	632
27.15835	642
27.16916667	649
27.17993333	646
27.19075	649
27.20185	666
27.21326667	685
27.2248	692
27.23598333	671
27.24706667	665
27.25785	647
27.26845	636
27.27861667	610
27.28881667	612
27.29858333	586
27.30833333	585
27.31805	583
27.32783333	587
27.33785	601
27.34813333	617
27.35921667	665
27.37121667	720
27.38281667	696
27.39408333	676
27.40533333	675
27.41663333	678
27.42823333	696
27.4397	688
27.45115	687
27.46258333	686
27.47395	682
27.48508333	668
27.49581667	644
27.50653333	643
27.51733333	648
27.52841667	665
27.53961667	672
27.55056667	657
27.56153333	658
27.5729	682
27.58405	669
27.59486667	649
27.606	668
27.61713333	668
27.62888333	705
27.64018333	678
27.6513	667
27.6626	678
27.67411667	691
27.68563333	691
27.69718333	693
27.70891667	704
27.7205	695
27.7314	654
27.74221667	649
27.75291667	642
27.76368333	646
27.77436667	641
27.78513333	646
27.79571667	635
27.8065	647
27.81731667	649
27.8293	719
27.8424	786
27.85571667	799
27.86866667	777
27.88096667	738
27.89261667	699
27.90361667	660
27.91453333	655
27.92533333	648
27.9364	664
27.94771667	679
27.95908333	682
27.97001667	656
27.9812	671
27.99205	651
28.003	657
28.0139	654
28.02455	639
28.03466667	607
28.04473333	604
28.05521667	629
28.06535	608
28.07598333	638
28.08736667	683
28.09903333	700
28.11081667	707
28.12216667	681
28.133	650
28.14335	621
28.15338333	602
28.16343333	603
28.18386667	0
28.1945	638
28.20553333	662
28.21691667	683
28.22818333	676
28.23896667	647
28.24968333	643
28.26051667	650
28.27123333	643
28.28196667	644
28.29266667	642
28.30321667	633
28.31371667	630
28.3242	629
28.3348	636
28.3458	660
28.35661667	649
28.36765	662
28.37896667	679
28.39053333	694
28.40226667	704
28.41416667	714
28.42631667	729
28.4384	725
28.45036667	718
28.46191667	693
28.47315	674
28.48413333	659
28.49498333	651
28.5058	649
28.51696667	670
28.52848333	691
28.54058333	726
28.5524	709
28.564	696
28.57566667	700
28.58755	713
28.59995	744
28.613	783
28.62615	789
28.63933333	791
28.6516	736
28.66335	705
28.67478333	686
28.68653333	705
28.69845	715
28.71068333	734
28.7232	751
28.73583333	758
28.74815	739
28.7598	699
28.77075	657
28.7817	657
28.79265	657
28.8038	669
28.81538333	695
28.82746667	725
28.83923333	706
28.85075	691
28.86251667	706
28.87445	716
28.88598333	692
28.89748333	690
28.90885	682
28.9201	675
28.93115	663
28.94201667	652
28.95283333	649
28.96346667	638
28.97393333	628
28.98425	619
28.99456667	619
29.00496667	624
29.01546667	630
29.0262	644
29.03685	639
29.04755	642
29.05833333	647
29.06901667	641
29.07968333	640
29.09001667	620
29.10041667	624
29.11075	620
29.12095	612
29.13131667	622
29.1414	605
29.15173333	620
29.1624	640
29.17306667	640
29.18386667	648
29.19466667	648
29.20588333	673
29.21735	688
29.22925	714
29.24111667	712
29.25255	686
29.2639	681
29.27496667	664
29.286	662
29.29705	663
29.30798333	656
29.31901667	662
29.33005	662
29.34136667	679
29.35308333	703
29.36488333	708
29.37668333	708
29.38863333	717
29.40053333	714
29.4128	736
29.42515	741
29.43725	726
29.44925	720
29.46071667	688
29.47151667	648
29.48215	638
29.49271667	634
29.50345	644
29.5152	705
29.52765	747
29.54008333	746
29.55198333	714
29.56351667	692
29.57551667	720
29.58721667	702
29.60581667	0
29.60948333	0
29.63023333	0
29.65061667	0
29.66098333	622
29.6717	643
29.68265	657
29.71585	0
29.7267	651
29.73745	645
29.74786667	625
29.75788333	601
29.76763333	585
29.78793333	0
29.79855	637
29.8105	717
29.82586667	922
29.83981667	837
29.85213333	739
29.86418333	723
29.87645	736
29.88871667	736
29.9003	695
29.91188333	695
29.92346667	695
29.93493333	688
29.94615	673
29.9573	669
29.96851667	673
29.97955	662
29.99056667	661
30.0014	650
30.01241667	661
30.02318333	646
30.03393333	645
30.04453333	636
30.05505	631
30.06525	612
30.0755	615
30.08571667	613
30.09575	602
30.10585	606
30.1161	615
30.12656667	628
30.13738333	649
30.14918333	708
30.16133333	729
30.17375	745
30.18616667	745
30.19836667	732
30.20991667	693
30.2214	689
30.23265	675
30.24393333	677
30.25511667	671
30.26601667	654
30.27661667	636
30.28711667	630
30.29751667	624
30.3083	647
30.32	702
30.33423333	854
30.34826667	842
30.3622	836
30.376	828
30.38911667	787
30.40143333	739
30.41335	715
30.42515	708
30.43638333	674
30.4473	655
30.45846667	670
30.48126667	0
30.4928	692
30.50405	675
30.5152	669
30.54648333	0
30.55668333	612
30.56726667	635
30.578	644
30.58903333	662
30.59998333	657
30.61178333	708
30.62321667	686
30.63405	650
30.64488333	650
30.65561667	644
30.6768	0
30.68738333	635
30.69825	652
30.7092	657
30.72026667	664
30.7315	674
30.74273333	674
30.75398333	675
30.76503333	663
30.77598333	657
30.78738333	684
30.79875	682
30.8101	681
30.82171667	697
30.83368333	718
30.84651667	770
30.86013333	817
30.87293333	768
30.88533333	744
30.89726667	716
30.90858333	679
30.91956667	659
30.93048333	655
30.9414	655
30.9524	660
30.9634	660
30.97473333	680
30.987	736
31.00101667	841
31.0168	947
31.03201667	913
31.047	899
31.06135	861
31.07551667	850
31.08918333	820
31.10238333	792
31.11515	766
31.1281	777
31.14111667	781
31.154	773
31.16693333	776
31.1794	748
31.19151667	727
31.20401667	750
31.2165	749
31.22918333	761
31.24238333	792
31.25535	778
31.26846667	787
31.2808	740
31.29301667	733
31.30476667	705
31.31631667	693
31.32778333	688
31.33908333	678
31.35041667	680
31.36158333	670
31.37258333	660
31.38346667	653
31.39456667	666
31.406	686
31.41821667	733
31.43025	722
31.44268333	746
31.455	739
31.46718333	731
31.47973333	753
31.49226667	752
31.50458333	739
31.51661667	722
31.52811667	690
31.53958333	688
31.551	685
31.56241667	685
31.57393333	691
31.58556667	698
31.59731667	705
31.60875	686
31.6199	669
31.63088333	659
31.64213333	675
31.65358333	687
31.66495	682
31.67626667	679
31.68763333	682
31.69913333	690
31.7107	694
31.72193333	674
31.733	664
31.74398333	659
31.75523333	675
31.76661667	683
31.7777	665
31.78913333	686
31.80056667	686
31.81238333	709
31.8244	721
31.83651667	727
31.849	749
31.86136667	742
31.87348333	727
31.8853	709
31.89675	687
31.9082	687
31.91971667	691
31.93183333	727
31.94423333	744
31.9559	700
31.9673	684
31.97888333	695
31.99056667	701
