0.0101	606
0.02015	603
0.030083333	596
0.040633333	633
0.05155	655
0.06285	678
0.074083333	674
0.084816667	644
0.0956	647
0.10635	645
0.117066667	643
0.129666667	756
0.1468	0
0.1633	0
0.17815	891
0.19175	816
0.204266667	751
0.21615	713
0.227583333	686
0.23875	670
0.249683333	656
0.260466667	647
0.27115	641
0.281733333	635
0.292383333	639
0.303366667	659
0.314883333	691
0.3273	745
0.341133333	830
0.3562	904
0.3706	864
0.383616667	781
0.39505	686
0.406233333	671
0.417083333	651
0.428	655
0.439266667	676
0.450233333	658
0.460933333	642
0.4721	670
0.483683333	695
0.495433333	705
0.508566667	788
0.522283333	823
0.53685	874
0.550966667	847
0.564216667	795
0.5764	731
0.587766667	682
0.598716667	657
0.609266667	633
0.61955	617
0.630133333	635
0.640516667	623
0.650966667	627
0.661566667	636
0.672583333	661
0.684233333	699
0.697333333	786
0.711383333	843
0.7247	799
0.73805	801
0.75125	792
0.764833333	815
0.777966667	788
0.79045	749
0.80345	780
0.816766667	799
0.830283333	811
0.8439	817
0.856983333	785
0.869916667	776
0.882983333	784
0.8963	799
0.909333333	782
0.92205	763
0.934466667	745
0.946616667	729
0.95875	728
0.970583333	710
0.982083333	690
0.993933333	711
1.005933333	720
1.0183	742
1.030933333	758
1.043416667	749
1.05595	752
1.06845	750
1.080833333	743
1.092633333	708
1.104466667	710
1.116216667	705
1.12785	698
1.139416667	694
1.151	695
1.162866667	712
1.175233333	742
1.187733333	750
1.199966667	734
1.212416667	747
1.224783333	742
1.2371	739
1.249	714
1.2605	690
1.272166667	700
1.284183333	721
1.296516667	740
1.309183333	760
1.32175	754
1.33385	726
1.345933333	725
1.357883333	717
1.36985	718
1.3816	705
1.393133333	692
1.4046	688
1.416066667	688
1.4278	704
1.440066667	736
1.4523	734
1.464866667	754
1.4776	764
1.4903	762
1.502666667	742
1.5144	704
1.52615	705
1.537733333	695
1.5493	694
1.560833333	692
1.572466667	698
1.584333333	712
1.596366667	722
1.608483333	727
1.620266667	707
1.631983333	703
1.643816667	710
1.6559	725
1.667766667	712
1.679383333	697
1.6909	691
1.702466667	694
1.713966667	690
1.725166667	672
1.736416667	675
1.747683333	676
1.759133333	687
1.770783333	699
1.782416667	698
1.793966667	693
1.80555	695
1.817033333	689
1.82855	691
1.839766667	673
1.851133333	682
1.86255	685
1.874233333	701
1.885883333	699
1.897433333	693
1.909	694
1.92055	693
1.9318	675
1.94285	663
1.954183333	680
1.9656	685
1.977416667	709
1.98925	710
2.00095	702
2.01295	720
2.025416667	748
2.037916667	750
2.050233333	739
2.062383333	729
2.074433333	723
2.086316667	713
2.097983333	700
2.1094	685
2.1208	684
2.132283333	689
2.1438	691
2.155316667	691
2.16695	698
2.178666667	703
2.190516667	711
2.202116667	696
2.213633333	691
2.2254	706
2.237516667	727
2.2498	737
2.261816667	721
2.273516667	702
2.285116667	696
2.296783333	700
2.30855	706
2.320216667	700
2.331733333	691
2.3433	694
2.354883333	695
2.366816667	716
2.378983333	730
2.390933333	717
2.402866667	716
2.414766667	714
2.426683333	715
2.438533333	711
2.4501	694
2.4617	696
2.4735	708
2.485483333	719
2.497683333	732
2.509633333	717
2.521816667	731
2.533833333	721
2.54585	721
2.557716667	712
2.569366667	699
2.58105	701
2.5928	705
2.604716667	715
2.61635	698
2.627883333	692
2.639533333	699
2.651316667	707
2.6631	707
2.674783333	701
2.686333333	693
2.697933333	696
2.709566667	698
2.7213	704
2.732783333	689
2.7442	685
2.7557	690
2.767233333	692
2.778766667	692
2.790066667	678
2.801166667	666
2.812383333	673
2.8237	679
2.835683333	719
2.848233333	753
2.8611	772
2.873383333	737
2.885683333	738
2.897733333	723
2.909533333	708
2.921033333	690
2.9324	682
2.94375	681
2.955416667	700
2.967333333	715
2.979283333	717
2.991333333	723
3.003633333	738
3.016083333	747
3.028283333	732
3.040066667	707
3.05195	713
3.064016667	724
3.076233333	733
3.087966667	704
3.0996	698
3.11115	693
3.1228	699
3.134583333	707
3.146283333	702
3.157866667	695
3.16985	719
3.182416667	754
3.195533333	787
3.208133333	756
3.220316667	731
3.232383333	724
3.24435	718
3.25625	714
3.267783333	692
3.27955	706
3.291366667	709
3.303216667	711
3.3149	701
3.3264	690
3.338216667	709
3.34995	704
3.36195	720
3.37385	714
3.385616667	706
3.3975	713
3.409466667	718
3.421366667	714
3.432983333	697
3.4444	685
3.45575	681
3.4671	681
3.478416667	679
3.489866667	687
3.5012	680
3.512583333	683
3.523766667	671
3.53465	653
3.545466667	649
3.55625	647
3.566833333	635
3.577433333	636
3.588183333	645
3.599116667	656
3.610366667	675
3.621666667	678
3.63315	689
3.6448	699
3.656583333	707
3.6685	715
3.68	690
3.69155	693
3.703066667	691
3.714733333	700
3.726266667	692
3.737833333	694
3.749416667	695
3.761183333	706
3.7724	673
3.783483333	665
3.794416667	656
3.805333333	655
3.816333333	660
3.827316667	659
3.838216667	654
3.848933333	643
3.8596	640
3.870183333	635
3.8807	631
3.891066667	622
3.901333333	616
3.911466667	608
3.921483333	601
3.93145	598
3.941433333	599
3.9515	604
3.961716667	613
3.971983333	616
3.9825	631
3.993583333	665
4.00505	688
4.0172	729
4.029833333	758
4.042433333	756
4.054383333	717
4.065966667	695
4.077483333	691
4.088883333	684
4.100066667	671
4.11115	665
4.12215	660
4.133066667	655
4.144016667	657
4.15475	644
4.164833333	605
4.1754	634
4.18575	621
4.1964	639
4.207833333	686
4.2198	718
4.231966667	730
4.2446	758
4.257216667	757
4.269716667	750
4.281566667	711
4.293033333	688
4.304433333	684
4.316083333	699
4.3281	721
4.339983333	713
4.351683333	702
4.363433333	705
4.375583333	729
4.388016667	746
4.400016667	720
4.411766667	705
4.423266667	690
4.434733333	688
4.446116667	683
4.457383333	676
4.468383333	660
4.4791	643
4.489216667	607
4.499883333	640
4.510483333	636
4.521766667	677
4.534183333	745
4.547816667	818
4.560783333	778
4.573566667	767
4.586466667	774
4.599116667	759
4.611666667	753
4.623666667	720
4.635533333	712
4.64775	733
4.660166667	745
4.67295	767
4.6852	735
4.69715	717
4.709116667	718
4.7213	731
4.73415	771
4.7474	795
4.759866667	748
4.772516667	759
4.785066667	753
4.7976	752
4.810133333	752
4.82225	727
4.83445	732
4.8468	741
4.859466667	760
4.8722	764
4.884416667	733
4.89675	740
4.909033333	737
4.921266667	734
4.933216667	717
4.945066667	711
4.9571	722
4.969433333	740
4.981916667	749
4.994066667	729
5.006116667	723
5.018183333	724
5.030433333	735
5.04255	727
5.0545	717
5.066583333	725
5.078733333	729
5.090916667	731
5.1026	701
5.114366667	706
5.126166667	708
5.138033333	712
5.149733333	702
5.161383333	699
5.173583333	732
5.186433333	771
5.1995	784
5.2117	732
5.224266667	754
5.23695	761
5.249633333	761
5.261766667	728
5.274083333	739
5.286233333	729
5.298416667	731
5.3104	719
5.322416667	721
5.3346	731
5.347083333	749
5.35945	742
5.371983333	752
5.384533333	753
5.397033333	750
5.40895	715
5.420883333	716
5.43285	718
5.4449	723
5.456516667	697
5.468283333	706
5.480116667	710
5.492183333	724
5.5038	697
5.515566667	706
5.527766667	732
5.540516667	765
5.552666667	729
5.565166667	750
5.577516667	741
5.589366667	711
5.601483333	727
5.613816667	740
5.626133333	739
5.638483333	741
5.650583333	726
5.662483333	714
5.674166667	701
5.6854	674
5.69655	669
5.7077	669
5.7189	672
5.73045	693
5.742233333	707
5.753866667	698
5.765016667	669
5.776016667	660
5.786766667	645
5.797266667	630
5.807566667	618
5.817966667	624
5.828533333	634
5.839516667	659
5.85085	680
5.861883333	662
5.872866667	659
5.883983333	667
5.89505	664
5.906466667	685
5.918216667	705
5.930533333	739
5.94255	721
5.954416667	712
5.9658	683
5.977216667	685
5.988516667	678
5.999783333	676
6.01085	664
6.02175	654
6.032483333	644
6.043316667	650
6.054333333	661
6.0657	682
6.077566667	712
6.0896	722
6.101783333	731
6.113816667	722
6.125416667	696
6.13625	650
6.14715	654
6.157766667	637
6.16805	617
6.178916667	652
6.189916667	660
6.2014	689
6.2133	714
6.227433333	848
6.243633333	972
6.2605	1012
6.275316667	889
6.288516667	792
6.3011	755
6.313316667	733
6.324616667	678
6.335916667	678
6.3471	671
6.358666667	694
6.370116667	687
6.381966667	711
6.393683333	703
6.40555	712
6.417166667	697
6.42855	683
6.43945	654
6.450616667	670
6.4617	665
6.473133333	686
6.484983333	711
6.497116667	728
6.508916667	708
6.520283333	682
6.531816667	692
6.5432	683
6.5544	672
6.565616667	673
6.577416667	708
6.58935	716
6.602316667	778
6.616316667	840
6.630716667	864
6.644633333	835
6.657133333	750
6.6697	754
6.681933333	734
6.69365	703
6.705933333	737
6.718366667	746
6.730783333	745
6.7428	721
6.755316667	751
6.767783333	748
6.780183333	744
6.7924	733
6.8046	732
6.817333333	764
6.830383333	783
6.843483333	786
6.857	811
6.8709	834
6.884533333	818
6.897666667	788
6.91055	773
6.92285	738
6.934483333	698
6.945333333	651
6.956616667	677
6.967066667	627
6.97815	665
6.98955	684
7.001483333	716
7.0144	775
7.0292	888
7.0464	1032
7.061216667	889
7.0765	917
7.091333333	890
7.104266667	776
7.11765	803
7.131083333	806
7.144666667	815
7.15745	767
7.170133333	761
7.183	772
7.195783333	767
7.20845	760
7.220983333	752
7.233333333	741
7.245566667	734
7.257816667	735
7.269616667	708
7.280833333	673
7.292816667	719
7.3047	713
7.315866667	670
7.328266667	744
7.340283333	721
7.352016667	704
7.363683333	700
7.375333333	699
7.386916667	695
7.397866667	657
7.4089	662
7.420383333	689
7.431516667	668
7.442483333	658
7.452833333	621
7.46325	625
7.473633333	623
7.483966667	620
7.494283333	619
7.505133333	651
7.515966667	650
7.52705	665
7.538083333	662
7.548716667	638
7.5592	629
7.569183333	599
7.579883333	642
7.591466667	695
7.603666667	732
7.616333333	760
7.629033333	762
7.641416667	743
7.65345	722
7.665633333	731
7.677733333	726
7.689566667	710
7.701116667	693
7.7121	659
7.72355	687
7.734833333	677
7.746116667	677
7.757566667	687
7.769033333	688
7.780216667	671
7.790733333	631
7.802066667	680
7.8132	668
7.824233333	662
7.835566667	680
7.8471	692
7.858616667	691
7.869816667	672
7.880166667	621
7.8906	626
7.900816667	613
7.911	611
7.92105	603
7.931933333	653
7.942633333	642
7.95345	649
7.964116667	640
7.975216667	666
7.9864	671
7.997883333	689
8.009383333	690
8.020633333	675
8.0314	646
8.04265	675
8.05315	630
8.064483333	680
8.074983333	630
8.08595	658
8.0969	657
8.108116667	673
8.119966667	711
8.1317	704
8.142966667	676
8.154533333	694
8.1662	700
8.178	708
8.190433333	746
8.20265	733
8.215316667	760
8.22825	776
8.241116667	772
8.253133333	721
8.2653	730
8.277566667	736
8.289666667	726
8.301366667	702
8.3131	704
8.3249	708
8.337133333	734
8.349333333	732
8.360883333	693
8.372583333	702
8.384166667	695
8.3961	716
8.407766667	700
8.4193	692
8.431416667	727
8.4437	737
8.456	738
8.468066667	724
8.48	716
8.492116667	727
8.504533333	745
8.516516667	719
8.528316667	708
8.540416667	726
8.55245	722
8.5643	711
8.575966667	700
8.587783333	709
8.599666667	713
8.61195	737
8.623983333	722
8.635633333	699
8.64745	709
8.659466667	721
8.6714	716
8.68315	705
8.694716667	694
8.706466667	705
8.718633333	730
8.730816667	731
8.74275	716
8.754866667	727
8.767033333	730
8.779183333	729
8.79085	700
8.80245	696
8.814316667	712
8.826166667	711
8.837916667	705
8.849383333	688
8.8609	691
8.8729	720
8.88515	735
8.8968	699
8.908633333	710
8.9206	718
8.932666667	724
8.944233333	694
8.955833333	696
8.967633333	708
8.979466667	710
8.991183333	703
9.002766667	695
9.014516667	705
9.02615	698
9.037933333	707
9.0494	688
9.06075	681
9.07245	702
9.084233333	707
9.096266667	722
9.107933333	700
9.119633333	702
9.131266667	698
9.143133333	712
9.155383333	735
9.167216667	710
9.178716667	690
9.190616667	714
9.202916667	738
9.2151	731
9.2264	678
9.238133333	704
9.249583333	687
9.2611	691
9.271933333	650
9.282716667	647
9.293533333	649
9.304716667	671
9.3157	659
9.326133333	626
9.33685	643
9.3478	657
9.358566667	646
9.369016667	627
9.379566667	633
9.390583333	661
9.40155	658
9.41255	660
9.423016667	628
9.434133333	667
9.44525	667
9.455933333	641
9.466483333	633
9.477033333	633
9.4877	640
9.498583333	653
9.50895	622
9.519416667	628
9.52985	626
9.540766667	655
9.5517	656
9.5621	624
9.572766667	640
9.583716667	657
9.594516667	648
9.604783333	616
9.615216667	626
9.625533333	619
9.635816667	617
9.64665	650
9.6568	609
9.66695	609
9.677016667	604
9.687183333	610
9.697366667	611
9.70795	635
9.71805	606
9.7282	609
9.73825	603
9.74875	630
9.759083333	620
9.769	595
9.7791	606
9.78915	603
9.799133333	599
9.80955	625
9.819416667	592
9.82925	590
9.8391	591
9.848933333	590
9.858783333	591
9.868666667	593
9.87845	587
9.88805	576
9.897666667	577
9.907316667	579
9.91705	584
9.927366667	619
9.937716667	621
9.947633333	595
9.957683333	603
9.967733333	603
9.977816667	605
9.98845	638
9.99845	600
10.00853333	605
10.01871667	611
10.02936667	639
10.03988333	631
10.04993333	603
10.05988333	597
10.06971667	590
10.0795	587
10.08928333	587
10.09888333	576
10.10841667	572
10.11781667	564
10.12715	560
10.13651667	562
10.14636667	591
10.15653333	610
10.16653333	600
10.1764	592
10.18625	591
10.19635	606
10.20698333	638
10.2175	631
10.22785	621
10.23835	630
10.2487	621
10.25921667	631
10.2695	617
10.2795	600
10.28931667	589
10.29905	584
10.30878333	584
10.31856667	587
10.32906667	630
10.33905	599
10.34898333	596
10.35875	586
10.36835	576
10.37806667	583
10.38866667	636
10.39948333	649
10.41001667	632
10.42065	638
10.43123333	635
10.44156667	620
10.4516	602
10.4615	594
10.47126667	586
10.48086667	576
10.4905	578
10.50003333	572
10.50943333	564
10.51878333	561
10.52803333	555
10.53716667	548
10.54641667	555
10.55578333	562
10.5653	571
10.57501667	583
10.58461667	576
10.59405	566
10.6034	561
10.61285	567
10.62236667	571
10.63248333	607
10.64301667	632
10.65311667	606
10.66315	602
10.67328333	608
10.68336667	605
10.69346667	606
10.70336667	594
10.71303333	580
10.72276667	584
10.7326	590
10.74256667	598
10.7527	608
10.76268333	599
10.77263333	597
10.7828	610
10.79311667	619
10.80323333	607
10.8132	598
10.82316667	598
10.83323333	604
10.84318333	597
10.85301667	590
10.86273333	583
10.87235	577
10.88211667	586
10.8919	587
10.90148333	575
10.91106667	575
10.92068333	577
10.93038333	582
10.94013333	585
10.94976667	578
10.95931667	573
10.96881667	570
10.97828333	568
10.9878	571
10.99741667	577
11.00685	566
11.01635	570
11.02586667	571
11.0353	566
11.04493333	578
11.05456667	578
11.06413333	574
11.07363333	570
11.08313333	570
11.09276667	578
11.10253333	586
11.11225	583
11.12206667	589
11.1318	584
11.14161667	589
11.15161667	600
11.16145	590
11.17115	582
11.18081667	580
11.1905	581
11.2007	612
11.21041667	583
11.22005	578
11.22963333	575
11.23923333	576
11.24893333	582
11.25913333	612
11.26871667	575
11.27853333	589
11.2882	580
11.29781667	577
11.30801667	612
11.31778333	586
11.32761667	590
11.3374	587
11.34723333	590
11.35723333	600
11.3678	634
11.37788333	605
11.38788333	600
11.39775	592
11.40778333	602
11.41783333	603
11.42768333	591
11.43748333	588
11.44718333	582
11.45681667	578
11.46655	584
11.47633333	587
11.48596667	578
11.49568333	583
11.5053	577
11.515	582
11.5251	606
11.53568333	635
11.54578333	606
11.55585	604
11.56571667	592
11.57531667	576
11.58506667	585
11.59476667	582
11.60441667	579
11.61405	578
11.62363333	575
11.6331	568
11.64245	561
11.65163333	551
11.66073333	546
11.66978333	543
11.67888333	546
11.68856667	581
11.6985	596
11.70795	567
11.71758333	578
11.72731667	584
11.73733333	601
11.74748333	609
11.75753333	603
11.76711667	575
11.77673333	577
11.78635	577
11.7962	591
11.80671667	631
11.81703333	619
11.82698333	597
11.83706667	605
11.84753333	628
11.85825	643
11.86883333	635
11.87946667	638
11.89026667	648
11.90123333	658
11.91288333	699
11.92423333	681
11.93538333	669
11.94605	640
11.95681667	646
11.96786667	663
11.97898333	667
11.98961667	638
12	623
12.01025	615
12.0205	615
12.03088333	623
12.04105	610
12.05116667	607
12.0613	608
12.07211667	649
12.0824	617
12.09253333	608
12.10273333	612
12.11296667	614
12.1234	626
12.13361667	613
12.14371667	606
12.15366667	597
12.16348333	589
12.17346667	599
12.18396667	630
12.19381667	591
12.20388333	604
12.21385	598
12.22405	612
12.2341	603
12.2441	600
12.25408333	599
12.264	595
12.27416667	610
12.2842	602
12.29406667	592
12.30386667	588
12.3137	590
12.32356667	592
12.33323333	580
12.34285	577
12.35231667	568
12.36185	572
12.3715	579
12.3811	576
12.3907	576
12.4002	570
12.4096	564
12.41896667	562
12.42836667	564
12.43783333	568
12.44731667	569
12.45673333	565
12.4661	562
12.47546667	562
12.4848	560
12.49441667	577
12.5041	581
12.51375	579
12.52335	576
12.53295	576
12.54275	588
12.55255	588
12.56226667	583
12.57193333	580
12.58156667	578
12.59128333	583
12.60093333	579
12.61046667	572
12.61996667	570
12.62948333	571
12.63903333	573
12.64876667	584
12.6585	584
12.66821667	583
12.67811667	594
12.68851667	624
12.69826667	585
12.70811667	591
12.7178	581
12.72766667	592
12.73758333	595
12.74723333	579
12.75703333	588
12.76686667	590
12.77678333	595
12.7867	595
12.79651667	589
12.80631667	588
12.81626667	597
12.82635	605
12.83625	594
12.84611667	592
12.8559	587
12.86575	591
12.87585	606
12.88575	594
12.89551667	586
12.90531667	588
12.91528333	598
12.92503333	585
12.93478333	585
12.94451667	584
12.95426667	585
12.9641	590
12.97393333	590
12.98356667	578
12.9933	584
13.00315	591
13.01295	588
13.02288333	596
13.03281667	596
13.04281667	600
13.05273333	595
13.06251667	587
13.07226667	585
13.08205	587
13.0919	591
13.10158333	581
13.11116667	575
13.12063333	568
13.13018333	573
13.13981667	578
13.14933333	571
13.15891667	575
13.16841667	570
13.17786667	567
13.18746667	576
13.19721667	585
13.2069	581
13.21656667	580
13.22621667	579
13.23596667	585
13.24581667	591
13.2554	575
13.26483333	566
13.27411667	557
13.28321667	546
13.29228333	544
13.30145	550
13.31075	558
13.32018333	566
13.32945	556
13.33868333	554
13.34811667	566
13.35771667	576
13.36783333	607
13.37785	601
13.38763333	587
13.39755	595
13.40746667	595
13.41745	599
13.42745	600
13.4372	585
13.44676667	574
13.45626667	570
13.4657	566
13.4751	564
13.4847	576
13.49441667	583
13.50396667	573
13.51358333	577
13.52308333	570
13.53265	574
13.54278333	608
13.55298333	612
13.56291667	596
13.57296667	603
13.58285	593
13.59291667	604
13.60336667	627
13.61366667	618
13.6236	596
13.63363333	602
13.64368333	603
13.6538	607
13.66393333	608
13.67393333	600
13.68363333	582
13.6934	586
13.70306667	580
13.71268333	577
13.72215	568
13.7315	561
13.74076667	556
13.74991667	549
13.759	545
13.76833333	560
13.7781	586
13.78743333	560
13.79703333	576
13.80656667	572
13.816	566
13.8254	564
13.8347	558
13.84406667	562
13.85358333	571
13.86335	586
13.87335	600
13.88363333	617
13.89416667	632
13.90451667	621
13.9147	611
13.92456667	592
13.93431667	585
13.94405	584
13.95383333	587
13.9638	598
13.97368333	593
13.98343333	585
13.9931	580
14.00296667	592
14.01318333	613
14.02343333	615
14.03358333	609
14.04356667	599
14.05341667	591
14.06343333	601
14.07355	607
14.08343333	593
14.09335	595
14.10315	588
14.11305	594
14.12321667	610
14.13318333	598
14.14301667	590
14.1528	587
14.16245	579
14.17211667	580
14.18203333	595
14.192	598
14.20176667	586
14.21153333	586
14.22131667	587
14.23106667	585
14.241	596
14.25086667	592
14.26048333	577
14.27001667	572
14.27943333	565
14.28885	565
14.29856667	583
14.30861667	603
14.31826667	579
14.32805	587
14.33783333	587
14.34765	589
14.35791667	616
14.36801667	606
14.37785	590
14.38766667	589
14.39751667	591
14.40733333	589
14.41718333	591
14.42691667	584
14.43658333	580
14.4464	589
14.45648333	605
14.46653333	603
14.47651667	599
14.4865	599
14.49643333	596
14.50653333	606
14.51645	595
14.52621667	586
14.53601667	588
14.54576667	585
14.55548333	583
14.5651	577
14.57456667	568
14.58391667	561
14.59328333	562
14.60276667	569
14.61285	605
14.62246667	577
14.63203333	574
14.64163333	576
14.65118333	573
14.66073333	573
14.67051667	587
14.6802	581
14.68971667	571
14.69918333	568
14.70863333	567
14.71803333	564
14.7278	586
14.73815	621
14.74811667	598
14.75821667	606
14.76816667	597
14.77803333	592
14.78828333	615
14.79873333	627
14.80876667	602
14.81878333	601
14.82863333	591
14.83843333	588
14.84853333	606
14.85871667	611
14.86871667	600
14.87865	596
14.88838333	584
14.89808333	582
14.90771667	578
14.91716667	567
14.92663333	568
14.93606667	566
14.94541667	561
14.95471667	558
14.96395	554
14.97306667	547
14.98205	539
14.99098333	536
14.99988333	534
15.00926667	563
15.01826667	540
15.02726667	540
15.03626667	540
15.04518333	535
15.05405	532
15.06295	534
15.0718	531
15.08093333	548
15.09046667	572
15.09963333	550
15.10886667	554
15.11803333	550
15.12741667	563
15.13715	584
15.14726667	607
15.15755	617
15.16771667	610
15.17835	638
15.18955	672
15.2011	693
15.2119	648
15.22243333	632
15.23316667	644
15.24385	641
15.25443333	635
15.26453333	606
15.27455	601
15.28441667	592
15.29425	590
15.30445	612
15.31471667	616
15.32476667	603
15.33498333	613
15.3452	613
15.35558333	623
15.36611667	632
15.3764	617
15.38651667	607
15.39666667	609
15.40681667	609
15.41666667	591
15.4266	596
15.4365	594
15.44636667	592
15.4566	614
15.46673333	608
15.47666667	596
15.48666667	600
15.49665	599
15.50655	594
15.5165	597
15.52636667	592
15.53601667	579
15.54561667	576
15.55511667	570
15.56468333	574
15.57441667	584
15.5841	581
15.59368333	575
15.60353333	591
15.6137	610
15.62375	603
15.6338	603
15.64375	597
15.65375	600
15.66405	618
15.67413333	605
15.68406667	596
15.69391667	591
15.7037	587
15.71345	585
15.72313333	581
15.73275	577
15.7423	573
15.75175	567
15.76126667	571
15.77106667	588
15.78098333	595
15.79091667	596
15.80056667	579
15.8101	572
15.81971667	577
15.82938333	580
15.83893333	573
15.8484	568
15.85773333	560
15.86696667	554
15.87611667	549
15.8851	539
15.89405	537
15.90286667	529
15.91161667	525
15.9203	521
15.92903333	524
15.93786667	530
15.94676667	534
15.95555	527
15.96436667	529
15.9732	530
15.98215	537
15.99138333	554
16.00028333	534
16.00915	532
16.01805	534
16.02701667	538
16.03623333	553
16.04563333	564
16.0549	556
16.06401667	547
16.07325	554
16.08253333	557
16.09236667	590
16.10266667	618
16.11338333	643
16.12413333	645
16.13465	631
16.14503333	623
16.15543333	624
16.16603333	636
16.17635	619
16.18631667	598
16.19618333	592
16.2061	595
16.21621667	607
16.22615	596
16.23616667	601
16.24608333	595
16.25586667	587
16.26586667	600
16.27595	605
16.2859	597
16.29591667	601
16.30595	602
16.31593333	599
16.326	604
16.33586667	592
16.34556667	582
16.35525	581
16.36506667	589
16.37496667	594
16.38518333	613
16.39521667	602
16.4052	599
16.41555	621
16.42623333	641
16.43666667	626
16.44696667	618
16.45718333	613
16.46736667	611
16.47768333	619
16.48795	616
16.49795	600
16.5078	591
16.51761667	589
16.5275	593
16.53741667	595
16.54728333	592
16.5571	589
16.56695	591
16.5771	609
16.58728333	611
16.59731667	602
16.60746667	609
16.6176	608
16.62783333	614
16.63803333	612
16.6481	604
16.65795	591
16.66793333	599
16.67781667	593
16.68756667	585
16.69728333	583
16.707	583
16.71691667	595
16.7268	593
16.73666667	592
16.74665	599
16.75675	606
16.76681667	604
16.77681667	600
16.78671667	594
16.79648333	586
16.80628333	588
16.81598333	582
16.82556667	575
16.83506667	570
16.84455	569
16.85405	570
16.86363333	575
16.8733	580
16.88285	573
16.89248333	578
16.90231667	590
16.9122	593
16.92206667	592
16.93193333	592
16.94168333	585
16.95153333	591
16.96136667	590
16.97116667	588
16.98083333	580
16.9904	574
16.99986667	568
17.00951667	579
17.01925	584
17.0289	579
17.03865	585
17.04838333	584
17.05811667	584
17.06815	602
17.07856667	625
17.08876667	612
17.09873333	598
17.10871667	599
17.11861667	594
17.12851667	594
17.13836667	591
17.14813333	586
17.1579	586
17.1678	594
17.17775	597
17.18756667	589
17.19733333	586
17.20695	577
17.21663333	581
17.22635	583
17.23588333	572
17.2454	571
17.25481667	565
17.26413333	559
17.27363333	570
17.28378333	609
17.2933	571
17.30316667	592
17.31295	587
17.32288333	596
17.33366667	647
17.34368333	601
17.35386667	611
17.36408333	613
17.37435	616
17.38475	624
17.39496667	613
17.40501667	603
17.41495	596
17.42468333	584
17.43473333	603
17.44498333	615
17.45508333	606
17.46511667	602
17.47511667	600
17.48505	596
17.49536667	619
17.5055	608
17.5155	600
17.5254	594
17.53511667	583
17.54488333	586
17.55456667	581
17.56425	581
17.57383333	575
17.5833	568
17.5929	576
17.6025	576
17.61213333	578
17.6217	574
17.63116667	568
17.6404	554
17.64966667	556
17.65888333	553
17.66808333	552
17.67738333	558
17.68666667	557
17.69588333	553
17.70508333	552
17.7143	553
17.7236	558
17.73296667	562
17.74223333	556
17.75148333	555
17.76071667	554
17.76981667	546
17.77895	548
17.78808333	548
17.79733333	555
17.80661667	557
17.8159	557
17.8252	558
17.83458333	563
17.84401667	566
17.85368333	580
17.86328333	576
17.8729	577
17.8826	582
17.89231667	583
17.90203333	583
17.91195	595
17.92178333	590
17.9318	601
17.94166667	592
17.95131667	579
17.96098333	580
17.97063333	579
17.9803	580
17.9903	600
18.00013333	590
18.00988333	585
18.0197	589
18.02961667	595
18.03958333	598
18.0495	595
18.05931667	589
18.06915	590
18.07908333	596
18.08913333	603
18.09898333	591
18.10868333	582
18.11821667	572
18.12765	566
18.1372	573
18.14671667	571
18.15625	572
18.16571667	568
18.17526667	573
18.18498333	583
18.19493333	597
18.20471667	587
18.21441667	582
18.22416667	585
18.23415	599
18.24398333	590
18.25376667	587
18.26341667	579
18.27315	584
18.28306667	595
18.29295	593
18.30265	582
18.31235	582
18.32221667	592
18.33211667	594
18.34201667	594
18.35188333	592
18.36168333	588
18.37161667	596
18.38151667	594
18.39135	590
18.40106667	583
18.41086667	588
18.42071667	591
18.43026667	573
18.43995	581
18.44958333	578
18.45923333	579
18.46905	589
18.47875	582
18.48831667	574
18.498	581
18.50761667	577
18.51735	584
18.52706667	583
18.5367	578
18.54625	573
18.55591667	580
18.56573333	589
18.57553333	588
18.5854	592
18.59535	597
18.60566667	619
18.61573333	604
18.62565	595
18.63561667	598
18.64565	602
18.65556667	595
18.66545	593
18.67523333	587
18.68486667	578
18.69453333	580
18.70423333	582
18.71376667	572
18.72345	581
18.73308333	578
18.7428	583
18.7526	588
18.76226667	580
18.7718	572
18.78128333	569
18.79086667	575
18.80033333	568
18.8099	574
18.81946667	574
18.82901667	573
18.83878333	586
18.84846667	581
18.85808333	577
18.86776667	581
18.87758333	589
18.88731667	584
18.897	581
18.90655	573
18.91615	576
18.92578333	578
18.93533333	573
18.94493333	576
18.95463333	582
18.96425	577
18.9739	579
18.98351667	577
18.99311667	576
19.00336667	615
19.01323333	592
19.02311667	593
19.03288333	586
19.04256667	581
19.0522	578
19.0619	582
19.07143333	572
19.08095	571
19.09035	564
19.09968333	560
19.10918333	570
19.11873333	573
19.12828333	573
19.13795	580
19.1476	579
19.15753333	596
19.16775	613
19.17768333	596
19.18771667	602
19.19778333	604
19.20796667	611
19.21816667	612
19.22813333	598
19.23788333	585
19.24773333	591
19.25753333	588
19.26715	577
19.27668333	572
19.28613333	567
19.29553333	564
19.305	568
19.3146	576
19.32411667	571
19.33355	566
19.34296667	565
19.3524	566
19.36193333	572
19.37153333	576
19.38105	571
19.39053333	569
19.40016667	578
19.40996667	588
19.41963333	580
19.42928333	579
19.43876667	569
19.44816667	564
19.45763333	568
19.46703333	564
19.47636667	560
19.48561667	555
19.49498333	562
19.50443333	567
19.51403333	576
19.52355	571
19.53313333	575
19.54268333	573
19.55226667	575
19.56218333	595
19.57196667	587
19.58165	581
19.59145	588
19.60123333	587
19.61085	577
19.62041667	574
19.62993333	571
19.6394	568
19.64901667	577
19.65915	608
19.66878333	578
19.67865	592
19.68838333	584
19.69813333	585
19.7081	598
19.71816667	604
19.7281	596
19.73793333	590
19.74761667	581
19.75728333	580
19.76703333	585
19.7767	580
19.78633333	578
19.79595	577
19.80571667	586
19.81543333	583
19.8251	580
19.83458333	569
19.84408333	570
19.85361667	572
19.86316667	573
19.87315	599
19.88266667	571
19.89228333	577
19.9018	571
19.91131667	571
19.92085	572
19.93041667	574
19.93985	566
19.9493	567
19.95868333	563
19.96818333	570
19.97793333	585
19.98756667	578
19.99711667	573
20.00681667	582
20.01656667	585
20.02646667	594
20.03635	593
20.04613333	587
20.056	592
20.06603333	602
20.07595	595
20.08583333	593
20.09558333	585
20.10521667	578
20.11495	584
20.1246	579
20.1341	570
20.14356667	568
20.15298333	565
20.16266667	581
20.1723	578
20.18215	591
20.19196667	589
20.2023	620
20.21205	585
20.2219	591
20.2316	582
20.24148333	593
20.25143333	597
20.26125	589
20.27105	588
20.28116667	607
20.29113333	598
20.30121667	605
20.31128333	604
20.32145	610
20.33123333	587
20.34138333	609
20.35138333	600
20.36133333	597
20.37128333	597
20.3809	577
20.39066667	586
20.40073333	604
20.41033333	576
20.42013333	588
20.43033333	612
20.4409	634
20.45213333	674
20.46318333	663
20.47425	664
20.48535	666
20.49653333	671
20.5074	652
20.51768333	617
20.52793333	615
20.53815	613
20.54825	606
20.55828333	602
20.56875	628
20.57911667	622
20.58945	620
20.59936667	595
20.60978333	625
20.62001667	614
20.62993333	595
20.63983333	594
20.65016667	620
20.66003333	592
20.67008333	603
20.6805	625
20.69091667	625
20.70155	638
20.71215	636
20.7222	603
20.73283333	638
20.74338333	633
20.75425	652
20.76561667	682
20.7771	689
20.78841667	679
20.79981667	684
20.8114	695
20.8232	708
20.83511667	715
20.84765	752
20.86088333	794
20.8743	805
20.88645	729
20.8983	711
20.91	702
20.92213333	728
20.9342	724
20.9463	726
20.95845	729
20.97071667	736
20.9827	719
20.99465	717
21.00703333	743
21.01976667	764
21.03211667	741
21.04335	674
21.0545	669
21.06586667	682
21.07645	635
21.08705	636
21.0975	627
21.10838333	653
21.11926667	653
21.13075	689
21.14231667	694
21.1538	689
21.16526667	688
21.17668333	685
21.18788333	672
21.19881667	656
21.20968333	652
21.22058333	654
21.23165	664
21.24265	660
21.25376667	667
21.2654	698
21.27758333	731
21.28998333	744
21.30195	718
21.31373333	707
21.32545	703
21.33713333	701
21.34816667	662
21.35936667	672
21.3704	662
21.38185	687
21.39355	702
21.40505	690
21.41661667	694
21.42861667	720
21.44098333	742
21.4532	733
21.46515	717
21.47715	720
21.48896667	709
21.50056667	696
21.51161667	663
21.52333333	703
21.53521667	713
21.548	767
21.56056667	754
21.57265	725
21.58456667	715
21.5964	710
21.60825	711
21.61986667	697
21.63136667	690
21.64301667	699
21.65496667	717
21.667	722
21.6786	696
21.69025	699
21.70221667	718
21.7144	731
21.72653333	728
21.7386	724
21.75055	717
21.76248333	716
21.7743	709
21.78588333	695
21.7971	673
21.80826667	670
21.8194	668
21.83071667	679
21.842	677
21.85318333	671
21.86435	670
21.87583333	689
21.88753333	702
21.89906667	692
21.91056667	690
21.92238333	709
21.93445	724
21.94641667	718
21.95805	698
21.96936667	679
21.98075	683
21.99223333	689
22.00383333	696
22.01543333	696
22.02688333	687
22.0383	685
22.04956667	676
22.06085	677
22.07211667	676
22.08345	680
22.09503333	695
22.10693333	714
22.1187	706
22.13013333	686
22.14145	679
22.15288333	686
22.1643	685
22.1755	672
22.18603333	632
22.19725	673
22.20823333	659
22.21955	679
22.231	687
22.24296667	718
22.25556667	756
22.26868333	787
22.2811	745
22.29365	753
22.30625	756
22.31883333	755
22.33118333	741
22.34306667	713
22.3547	698
22.36626667	694
22.37781667	693
22.38916667	681
22.40063333	688
22.41226667	698
22.42418333	715
22.43635	730
22.44805	702
22.45966667	697
22.47131667	699
22.48333333	721
22.49581667	749
22.508	731
22.52006667	724
22.53228333	733
22.54438333	726
22.55606667	701
22.56756667	690
22.57913333	694
22.59035	673
22.60135	660
22.61218333	650
22.62295	646
22.6338	651
22.64476667	658
22.6559	668
22.66693333	662
22.67783333	654
22.68871667	653
22.69961667	654
22.71063333	661
22.72175	667
22.73283333	665
22.74403333	672
22.75505	661
22.76595	654
22.7768	651
22.78698333	611
22.79718333	612
22.80733333	609
22.81796667	638
22.82855	635
22.83968333	668
22.8509	673
22.86208333	671
22.87295	652
22.88321667	616
22.89413333	655
22.90431667	611
22.91525	656
22.9262	657
22.93783333	698
22.94991667	725
22.96265	764
22.97611667	808
22.98913333	781
23.00135	733
23.013	699
23.02456667	694
23.03608333	691
23.04746667	683
23.05886667	684
23.07041667	693
23.08205	698
23.09355	690
23.10536667	709
23.1176	734
23.12958333	719
23.14125	700
23.15265	684
23.16413333	689
23.17591667	707
23.18781667	714
23.1994	695
23.21105	699
23.22301667	718
23.23553333	751
23.24835	769
23.2608	747
23.2729	726
23.28473333	710
23.29628333	693
23.30761667	680
23.31876667	669
23.33018333	685
23.34186667	701
23.35388333	721
23.3657	709
23.37753333	710
23.38938333	711
23.40125	712
23.41295	702
23.42451667	694
23.43616667	699
23.44791667	705
23.45993333	721
23.47193333	720
23.4842	736
23.49631667	727
23.5085	731
23.52041667	715
23.53211667	702
23.5436	689
23.55495	681
23.56626667	679
23.57746667	672
23.58871667	675
23.60028333	694
23.61238333	726
23.62483333	747
23.63716667	740
23.64963333	748
23.66195	739
23.67378333	710
23.68546667	701
23.69708333	697
23.70871667	698
23.72048333	706
23.73206667	695
23.74388333	709
23.75596667	725
23.7684	746
23.78048333	725
23.79246667	719
23.8044	716
23.81628333	713
23.828	703
23.8396	696
23.85098333	683
23.86213333	669
23.87315	661
23.88416667	661
23.89506667	654
23.90636667	678
23.91813333	706
23.93	712
23.94155	693
23.95295	684
23.96425	678
23.9755	675
23.98676667	676
23.99793333	670
24.00903333	666
24.02005	661
24.03095	654
24.0416	639
24.05173333	608
24.06238333	639
24.07295	634
24.08385	654
24.09513333	677
24.10653333	684
24.11808333	693
24.12991667	710
24.1415	695
24.15303333	692
24.16421667	671
24.17528333	664
24.1861	649
24.1967	636
24.20676667	604
24.2173	632
24.22768333	623
24.23813333	627
24.24841667	617
24.25861667	612
24.2687	605
24.27845	585
24.2882	585
24.29816667	598
24.30786667	582
24.3176	584
24.32736667	586
24.33725	593
24.3473	603
24.35745	609
24.36776667	619
24.37831667	633
24.38931667	660
24.40115	710
24.4122	663
24.42245	615
24.43256667	607
24.44256667	600
24.45276667	612
24.46358333	649
24.47443333	651
24.48576667	680
24.49671667	657
24.50748333	646
24.51833333	651
24.5291	646
24.53958333	629
24.55035	646
24.5611	645
24.57186667	646
24.58233333	628
24.59246667	608
24.60246667	600
24.6127	614
24.62308333	623
24.6343	673
24.64631667	721
24.65761667	678
24.66931667	702
24.68145	728
24.69398333	752
24.70561667	698
24.7175	713
24.7295	720
24.74115	699
24.75225	666
24.7634	669
24.77468333	677
24.78618333	690
24.79718333	660
24.8083	667
24.81985	693
24.832	729
24.8443	738
24.85613333	710
24.8688	760
24.88161667	769
24.89463333	781
24.90673333	726
24.91891667	731
24.9308	713
24.94308333	737
24.95488333	708
24.96716667	737
24.97966667	750
24.99231667	759
25.0042	713
25.01698333	767
25.03025	796
25.04268333	746
25.05466667	719
25.06706667	744
25.07963333	754
25.09251667	773
25.10443333	715
25.11718333	765
25.13045	796
25.1434	777
25.15573333	740
25.16863333	774
25.1816	778
25.19323333	698
25.20483333	696
25.21651667	701
25.22805	692
25.23945	684
25.25101667	694
25.26301667	720
25.27543333	745
25.2876	730
25.30051667	775
25.31385	800
25.32683333	779
25.33891667	725
25.3514	749
25.36321667	709
25.37431667	666
25.38583333	691
25.39713333	678
25.40861667	689
25.41991667	678
25.43193333	721
25.44406667	728
25.45565	695
25.46708333	686
25.47796667	653
25.49003333	724
25.5024	742
25.51511667	763
25.52696667	711
25.53876667	708
25.54985	665
25.56083333	659
25.57155	643
25.58198333	626
25.59295	658
25.60376667	649
25.6148	662
25.62636667	694
25.63785	689
25.64911667	676
25.6606	689
25.6722	696
25.68406667	712
25.69541667	681
25.7059	629
25.7165	636
25.72765	669
25.73971667	724
25.75571667	960
25.77208333	982
25.78653333	867
25.80105	871
25.81478333	824
25.82723333	747
25.8392	718
25.85108333	713
25.86348333	744
25.87601667	752
25.8883	737
25.9009	756
25.91396667	784
25.92738333	805
25.94075	802
25.95293333	731
25.9643	682
25.97623333	716
25.98806667	710
26.0005	746
26.01325	765
26.02546667	733
26.03835	773
26.05163333	797
26.06506667	806
26.07818333	787
26.09093333	765
26.10288333	717
26.11463333	705
26.12605	685
26.13743333	683
26.14911667	701
26.1613	731
26.17365	741
26.18615	750
26.19865	750
26.21131667	760
26.22385	752
26.23598333	728
26.24753333	693
26.2591	694
26.27056667	688
26.28248333	715
26.29505	754
26.30718333	728
26.31966667	749
26.33228333	757
26.34546667	791
26.35746667	720
26.3692	704
26.38081667	697
26.39238333	694
26.404	697
26.41541667	685
26.42743333	721
26.44018333	765
26.4537	811
26.46636667	760
26.4794	782
26.49206667	760
26.50445	743
26.51613333	701
26.52795	709
26.5397	705
26.5514	702
26.56266667	676
26.5743	698
26.58615	711
26.59853333	743
26.61046667	716
26.62333333	772
26.63638333	783
26.64951667	788
26.66176667	735
26.67451667	765
26.68711667	756
26.69895	710
26.71083333	713
26.72298333	729
26.73535	742
26.74718333	710
26.7595	739
26.77235	771
26.78563333	797
26.7979	736
26.81051667	757
26.823	749
26.83528333	737
26.84635	664
26.85806667	703
26.86951667	687
26.88145	716
26.89326667	709
26.90598333	763
26.91915	790
26.93121667	724
26.94296667	705
26.95456667	696
26.96536667	648
26.97613333	646
26.98756667	686
26.99856667	660
27.00898333	625
27.01941667	626
27.03028333	652
27.04111667	650
27.05206667	657
27.06295	653
27.07346667	631
27.0844	656
27.09555	669
27.10721667	700
27.11898333	706
27.13016667	671
27.14158333	685
27.15291667	680
27.16423333	679
27.17521667	659
27.18668333	688
27.19833333	699
27.21016667	710
27.22175	695
27.2341	741
27.24721667	787
27.26028333	784
27.27258333	738
27.2857	787
27.29876667	784
27.31031667	693
27.32183333	691
27.3334	694
27.3451	702
27.35648333	683
27.3686	727
27.38143333	770
27.39466667	794
27.4069	734
27.41951667	757
27.43205	752
27.4444	741
27.45585	687
27.4675	699
27.47921667	703
27.49105	710
27.50248333	686
27.51433333	711
27.52655	733
27.53821667	700
27.54965	686
27.56125	696
27.57261667	682
27.58316667	633
27.59381667	639
27.60426667	627
27.61463333	622
27.6256	658
27.63628333	641
27.64693333	639
27.65773333	648
27.66853333	648
27.67956667	662
27.6903	644
27.70138333	665
27.71241667	662
27.72395	692
27.73506667	667
27.74625	671
27.75748333	674
27.76811667	638
27.77878333	640
27.78986667	665
27.80116667	678
27.81301667	711
27.8244	683
27.8363	714
27.84898333	761
27.86253333	813
27.87503333	750
27.88801667	779
27.90076667	765
27.9127	716
27.9242	690
27.93588333	701
27.9475	697
27.95876667	676
27.97081667	723
27.98338333	754
27.99595	754
28.0076	699
28.01991667	739
28.03253333	757
28.04536667	770
28.05743333	724
28.0699	748
28.08216667	736
28.09403333	712
28.10511667	665
28.11738333	736
28.12945	724
28.14145	720
28.15241667	658
28.1645	725
28.1763	708
28.18836667	724
28.20036667	720
28.21185	689
28.22311667	676
28.23436667	675
28.24618333	709
28.25843333	735
28.27113333	762
28.28378333	759
28.2961	739
28.30778333	701
28.31826667	629
28.32881667	633
28.339	611
28.34896667	598
28.35876667	588
28.3692	626
28.38043333	674
28.39703333	996
28.41141667	863
28.42506667	819
28.4393	854
28.45411667	889
28.46846667	861
28.48091667	747
28.49281667	714
28.50463333	709
28.5165	712
28.529	750
28.54098333	719
28.55266667	701
28.56411667	687
28.57573333	697
28.58743333	702
28.59841667	659
28.61008333	700
28.62076667	641
28.63243333	700
28.64516667	764
28.6589	824
28.67161667	763
28.68466667	783
28.6981	806
28.71131667	793
28.72436667	783
28.73638333	721
28.7489	751
28.76146667	754
28.77455	785
28.78751667	778
28.8002	761
28.81315	777
28.82593333	767
28.83825	739
28.85086667	757
28.86423333	802
28.87848333	855
28.89256667	845
28.90491667	741
28.9169	719
28.9279	660
28.93875	651
28.94931667	634
28.961	701
28.97308333	725
28.9859	769
28.99901667	787
29.0113	737
29.02376667	748
29.03595	731
29.04811667	730
29.05995	710
29.07143333	689
29.08303333	696
29.09476667	704
29.10683333	724
29.1193	748
29.13165	741
29.14326667	697
29.15481667	693
29.16641667	696
29.17845	722
29.19115	762
29.20363333	749
29.21593333	738
29.22851667	755
29.24153333	781
29.25431667	767
29.2658	689
29.27785	723
29.28958333	704
29.30143333	711
29.31346667	722
29.32568333	733
29.33755	712
29.34961667	724
29.36168333	724
29.37366667	719
29.38525	695
29.39623333	659
29.40778333	693
29.41928333	690
29.43123333	717
29.44318333	717
29.45426667	665
29.46531667	663
29.47626667	657
29.48755	677
29.4987	669
29.50986667	670
29.52111667	675
29.53256667	687
29.54425	701
29.55585	696
29.56701667	670
29.57811667	666
29.5891	659
29.59996667	652
29.61075	647
29.62146667	643
29.63243333	658
29.64388333	687
29.65591667	722
29.66793333	721
29.6799	718
29.6917	708
29.70338333	701
29.71433333	657
29.72583333	690
29.73708333	675
29.74826667	671
29.75933333	664
29.7702	652
29.78123333	662
29.79273333	690
29.80428333	693
29.81586667	695
29.82773333	712
29.84015	745
29.85296667	769
29.86528333	739
29.87785	754
29.8902	741
29.90245	735
29.91413333	701
29.92585	703
29.93731667	688
29.94858333	676
29.95968333	666
29.97108333	684
29.98286667	707
29.99535	749
30.00863333	797
30.0211	748
30.0339	768
30.04651667	757
30.05941667	774
30.07156667	729
30.08413333	754
30.09628333	729
30.10883333	753
30.12076667	716
30.13256667	708
30.14461667	723
30.15696667	741
30.16895	719
30.18088333	716
30.19286667	719
30.20495	725
30.21673333	707
30.22778333	663
30.23938333	696
30.2508	685
30.26215	681
30.27285	642
30.28415	678
30.29536667	673
30.30676667	684
30.3185	704
30.33008333	695
30.34165	694
30.35333333	701
30.36491667	695
30.37633333	685
30.38736667	662
30.39856667	672
30.40973333	670
30.42101667	677
30.4327	701
30.44435	699
30.45678333	746
30.4696	769
30.48275	789
30.49523333	749
30.50726667	722
30.51876667	690
30.53068333	715
30.5432	751
30.5556	744
30.56721667	697
30.57803333	649
30.58871667	641
30.59925	632
30.6097	627
30.6207	660
30.63186667	670
30.64395	725
30.65681667	772
30.66918333	742
30.68163333	747
30.6942	754
30.7069	762
30.71935	747
30.73096667	697
30.7425	692
30.75415	699
30.766	711
30.77816667	730
30.79006667	714
30.8024	740
30.8149	750
30.82793333	782
30.8408	772
30.85336667	754
30.86606667	762
30.87861667	753
30.8912	755
30.90313333	716
30.91558333	747
30.9283	763
30.94128333	779
30.9537	745
30.96603333	740
30.9787	760
30.99173333	782
31.00458333	771
31.01655	718
31.02895	744
31.0412	735
31.0538	756
31.0659	726
31.07858333	761
31.09138333	768
31.10455	790
31.11671667	730
31.12913333	745
31.14156667	746
31.15441667	771
31.16693333	751
31.17993333	780
31.19391667	839
31.2081	851
31.22151667	805
31.23486667	801
31.24786667	780
31.26028333	745
31.27163333	681
31.28366667	722
31.2955	710
31.308	750
31.32043333	746
31.33255	727
31.34513333	755
31.3578	760
31.37088333	785
31.38316667	737
31.39535	731
31.40738333	722
31.41948333	726
31.43155	724
31.44331667	706
31.45543333	727
31.46791667	749
31.48081667	774
31.49325	746
31.5055	735
31.51755	723
31.52958333	722
31.5416	721
31.5532	696
31.56528333	725
31.57766667	743
31.59063333	778
31.60376667	788
31.61603333	736
31.6287	760
31.64113333	746
31.65351667	743
31.6656	725
31.6774	708
31.68933333	716
31.70136667	722
31.71355	731
31.72538333	710
31.73728333	714
31.74916667	713
31.761	710
31.7727	702
31.7841	684
31.7959	708
31.80808333	731
31.8209	769
31.83396667	784
31.84611667	729
31.85805	716
31.86991667	712
31.88195	722
31.89415	732
31.90563333	689
31.9163	640
31.92713333	650
31.9384	676
31.94958333	671
31.96123333	699
31.97338333	729
31.98505	700
31.9968	705
