0.012316667	819
0.025183333	739
0.03865	772
0.05185	808
0.0642	792
0.075516667	741
0.086866667	679
0.0985	681
0.110166667	698
0.12145	700
0.13305	677
0.145	696
0.15735	717
0.169933333	741
0.182433333	755
0.1944	750
0.206133333	718
0.217733333	704
0.22885	696
0.239433333	667
0.250283333	635
0.261666667	651
0.274	683
0.286566667	740
0.299	754
0.3108	746
0.321583333	708
0.332566667	647
0.344183333	659
0.3556	697
0.367683333	685
0.379666667	725
0.392183333	719
0.40395	751
0.415216667	706
0.426816667	676
0.438133333	696
0.449716667	679
0.461583333	695
0.472566667	712
0.48275	659
0.49265	611
0.502366667	594
0.512016667	583
0.521666667	579
0.531566667	579
0.541916667	594
0.552766667	621
0.5634	651
0.573816667	638
0.58465	625
0.596166667	650
0.607983333	691
0.619116667	709
0.630216667	668
0.641166667	666
0.651583333	657
0.661966667	625
0.6727	623
0.68355	644
0.694133333	651
0.704883333	635
0.716366667	645
0.728383333	689
0.739633333	721
0.750566667	675
0.762433333	656
0.774766667	712
0.7866	740
0.797966667	710
0.809583333	682
0.821833333	697
0.834266667	735
0.8461	746
0.857683333	710
0.868466667	695
0.879383333	647
0.890283333	655
0.901133333	654
0.912066667	651
0.923533333	656
0.936183333	688
0.9501	759
0.96345	835
0.976866667	801
0.990433333	805
1.003083333	814
1.015633333	759
1.02835	753
1.04055	763
1.052666667	732
1.064866667	727
1.07705	732
1.088466667	731
1.100183333	685
1.112133333	703
1.123883333	717
1.135	705
1.146466667	667
1.158583333	688
1.17025	727
1.18195	700
1.19445	702
1.206783333	750
1.21855	740
1.230383333	706
1.242116667	710
1.253983333	704
1.265683333	712
1.277133333	702
1.288283333	687
1.298683333	669
1.30865	624
1.31885	598
1.32985	612
1.340933333	660
1.351516667	665
1.3636	635
1.376233333	725
1.388566667	758
1.401466667	740
1.414816667	774
1.42725	801
1.439783333	746
1.4523	752
1.46495	751
1.47745	759
1.48945	750
1.500716667	720
1.512166667	676
1.524066667	687
1.5361	714
1.547333333	722
1.5592	674
1.571416667	712
1.5832	733
1.595616667	707
1.6087	745
1.621733333	785
1.634216667	782
1.647233333	749
1.660233333	781
1.672566667	780
1.685366667	740
1.698366667	768
1.710283333	780
1.72155	715
1.73325	676
1.745116667	702
1.757333333	712
1.769116667	733
1.780616667	707
1.791566667	690
1.802116667	657
1.81315	633
1.824983333	662
1.835983333	710
1.8483	660
1.8605	739
1.872916667	732
1.885666667	745
1.897783333	765
1.910166667	727
1.921733333	743
1.9341	694
1.946416667	742
1.95825	739
1.97045	710
1.982933333	732
1.99555	749
2.0077	757
2.0201	729
2.031716667	744
2.043116667	697
2.053783333	684
2.064866667	640
2.075883333	665
2.086633333	661
2.0983	645
2.110466667	700
2.122416667	730
2.13505	717
2.147783333	758
2.159966667	764
2.172333333	731
2.184766667	742
2.196966667	746
2.208966667	732
2.2206	720
2.2319	698
2.242483333	678
2.252616667	635
2.263066667	608
2.274016667	627
2.284983333	657
2.29665	658
2.30925	700
2.3223	756
2.334433333	783
2.347066667	728
2.3596	758
2.372416667	752
2.385316667	769
2.39825	774
2.410216667	776
2.42185	718
2.4339	698
2.4461	723
2.457683333	732
2.4695	695
2.481333333	709
2.493466667	710
2.5052	728
2.516433333	704
2.5282	674
2.540483333	706
2.551816667	737
2.563066667	680
2.574333333	675
2.585166667	676
2.596683333	650
2.609133333	691
2.622533333	747
2.635683333	804
2.64835	789
2.661233333	760
2.673783333	773
2.685616667	753
2.696766667	710
2.70845	669
2.720216667	701
2.731866667	706
2.74325	699
2.755283333	683
2.767566667	722
2.77995	737
2.792083333	743
2.804366667	728
2.816966667	737
2.8299	756
2.842133333	776
2.8543	734
2.866416667	730
2.8787	727
2.8909	737
2.902416667	732
2.913933333	691
2.92595	691
2.938133333	721
2.949933333	731
2.961383333	708
2.972933333	687
2.98455	693
2.99635	697
3.0081	708
3.019666667	705
3.03095	694
3.042316667	677
3.0536	682
3.064966667	677
3.075516667	682
3.08585	633
3.096733333	620
3.108783333	653
3.1211	723
3.1335	739
3.14495	744
3.156116667	687
3.1675	670
3.1792	683
3.1906	702
3.2016	684
3.213116667	660
3.225216667	691
3.23745	726
3.24905	734
3.26065	696
3.272366667	696
3.284683333	703
3.29725	739
3.3096	754
3.3214	741
3.3339	708
3.346833333	750
3.359416667	776
3.371133333	755
3.382833333	703
3.394133333	702
3.405116667	678
3.416666667	659
3.427983333	693
3.439066667	679
3.45055	665
3.462483333	689
3.474733333	716
3.48805	735
3.50035	799
3.513466667	738
3.526833333	787
3.539033333	802
3.551483333	732
3.563833333	747
3.575983333	741
3.58815	729
3.60025	730
3.61235	726
3.62465	726
3.636366667	738
3.647266667	703
3.6577	654
3.6679	626
3.678233333	612
3.689016667	620
3.69975	647
3.711583333	644
3.724183333	710
3.73665	756
3.7481	748
3.759983333	687
3.771916667	713
3.7836	716
3.795183333	701
3.806283333	695
3.816916667	666
3.827783333	638
3.838816667	652
3.849866667	662
3.860483333	663
3.871333333	637
3.882816667	651
3.894816667	689
3.9063	720
3.918166667	689
3.930016667	712
3.941633333	711
3.9526	697
3.9635	658
3.974366667	654
3.985266667	652
3.995866667	654
4.0067	636
4.01815	650
4.029266667	687
4.0402	667
4.051666667	656
4.06355	688
4.075533333	713
4.087433333	719
4.099033333	714
4.110233333	696
4.12095	672
4.131666667	643
4.141916667	643
4.152783333	615
4.163783333	652
4.174333333	660
4.185066667	633
4.1963	644
4.208216667	674
4.221416667	715
4.234183333	792
4.24785	766
4.261416667	820
4.274283333	814
4.2872	772
4.299733333	775
4.3113	752
4.322183333	694
4.332883333	653
4.343783333	642
4.354483333	654
4.36485	642
4.375733333	622
4.387583333	653
4.3999	711
4.4119	739
4.424016667	720
4.436416667	727
4.449266667	744
4.462283333	771
4.474616667	781
4.4862	740
4.497883333	695
4.509666667	701
4.521333333	707
4.5327	700
4.54435	682
4.5566	699
4.56895	735
4.580466667	741
4.592133333	691
4.603916667	700
4.615416667	707
4.626233333	690
4.6378	649
4.650083333	694
4.662133333	737
4.674166667	723
4.686083333	722
4.698133333	715
4.7098	723
4.720816667	700
4.732083333	661
4.74355	676
4.754633333	688
4.76555	665
4.777266667	655
4.7895	703
4.801966667	734
4.814616667	748
4.8277	759
4.839783333	785
4.851666667	725
4.863583333	713
4.87555	715
4.887533333	718
4.899616667	719
4.9107	725
4.922133333	665
4.93395	686
4.94575	709
4.957616667	708
4.96955	712
4.9813	716
4.9936	705
5.005733333	738
5.01845	728
5.03115	763
5.044116667	762
5.0559	778
5.067766667	707
5.079666667	712
5.091516667	714
5.10315	711
5.11535	698
5.12785	732
5.1401	750
5.152783333	735
5.165033333	761
5.177033333	735
5.1894	720
5.202183333	742
5.21475	767
5.22705	754
5.239	738
5.25015	717
5.261033333	669
5.271783333	653
5.28285	645
5.293633333	664
5.304533333	647
5.316316667	654
5.3284	707
5.33985	725
5.351516667	687
5.363466667	700
5.376133333	717
5.38875	760
5.4014	757
5.414416667	759
5.426433333	781
5.4386	721
5.451033333	730
5.463233333	746
5.4755	732
5.488133333	736
5.50015	758
5.5126	721
5.52535	747
5.538216667	765
5.5514	772
5.564333333	791
5.577166667	776
5.589916667	770
5.602433333	765
5.614933333	751
5.627083333	750
5.638766667	729
5.65055	701
5.66235	707
5.6742	708
5.685966667	711
5.697683333	706
5.709233333	703
5.720666667	693
5.731866667	686
5.742166667	672
5.752283333	618
5.762766667	607
5.77415	629
5.7859	683
5.79835	705
5.811083333	747
5.824666667	764
5.838483333	815
5.8522	829
5.8649	823
5.87745	762
5.889133333	753
5.900233333	701
5.911366667	666
5.92305	668
5.934716667	701
5.94665	700
5.959483333	716
5.972483333	770
5.98515	780
5.997283333	760
6.00895	728
6.0196	700
6.0301	639
6.04065	630
6.051616667	633
6.06255	658
6.0739	656
6.085233333	681
6.096083333	680
6.106233333	651
6.116283333	609
6.126583333	603
6.137266667	618
6.148716667	641
6.159433333	687
6.170483333	643
6.181633333	663
6.193966667	669
6.20635	740
6.218083333	743
6.228833333	704
6.239516667	645
6.2501	641
6.260383333	635
6.270333333	617
6.280266667	597
6.290083333	596
6.299733333	589
6.309133333	579
6.318466667	564
6.328183333	560
6.338383333	583
6.348466667	612
6.358233333	605
6.3678	586
6.377383333	574
6.387333333	575
6.39785	597
6.408533333	631
6.419383333	641
6.4297	651
6.439433333	619
6.44885	584
6.458266667	565
6.46775	565
6.477233333	569
6.486516667	569
6.4956	557
6.504783333	545
6.514016667	551
6.5237	554
6.533283333	581
6.542633333	575
6.551683333	561
6.56055	543
6.569283333	532
6.577933333	524
6.586666667	519
6.595333333	524
6.604033333	520
6.612683333	522
6.621366667	519
6.629983333	521
6.638616667	517
6.647216667	518
6.655833333	516
6.664316667	517
6.6728	509
6.681316667	509
6.68975	511
6.698033333	506
6.7063	497
6.714566667	496
6.7229	496
6.731316667	500
6.739966667	505
6.748616667	519
6.757066667	519
6.765383333	507
6.773683333	499
6.782133333	498
6.79085	507
6.799583333	523
6.808116667	524
6.81685	512
6.825783333	524
6.83505	536
6.844366667	556
6.853433333	559
6.862366667	544
6.871366667	536
6.880566667	540
6.8902	552
6.8998	578
6.909133333	576
6.9186	560
6.928566667	568
6.938383333	598
6.948033333	589
6.957716667	579
6.968016667	581
6.97895	618
6.989433333	656
6.99955	629
7.009583333	607
7.019983333	602
7.031183333	624
7.042716667	672
7.053366667	692
7.063483333	639
7.073216667	607
7.082733333	584
7.092133333	571
7.101283333	564
7.1104	549
7.119766667	547
7.129366667	562
7.139316667	576
7.1495	597
7.159633333	611
7.169333333	608
7.179133333	582
7.1892	588
7.1994	604
7.209683333	612
7.219866667	617
7.2303	611
7.240383333	626
7.250366667	605
7.260383333	599
7.270583333	601
7.2808	612
7.290766667	613
7.300616667	598
7.310833333	591
7.321066667	613
7.331266667	614
7.341816667	612
7.352516667	633
7.363433333	642
7.373783333	655
7.3838	621
7.393616667	601
7.403483333	589
7.413233333	592
7.422883333	585
7.4323	579
7.442066667	565
7.45225	586
7.462416667	611
7.4727	610
7.4837	617
7.495066667	660
7.5056	682
7.515766667	632
7.5256	610
7.535516667	590
7.545933333	595
7.556616667	625
7.567133333	641
7.577966667	631
7.588333333	650
7.59855	622
7.60855	613
7.618566667	600
7.628766667	601
7.638766667	612
7.6491	600
7.659533333	620
7.669716667	626
7.679883333	611
7.690166667	610
7.700866667	617
7.711483333	642
7.721866667	637
7.7319	623
7.74175	602
7.75165	591
7.762	594
7.771933333	621
7.781466667	596
7.791066667	572
7.800683333	576
7.8103	577
7.8205	577
7.831566667	612
7.8423	664
7.8523	644
7.8622	600
7.872333333	594
7.88225	608
7.891816667	595
7.900983333	574
7.910133333	550
7.91965	549
7.929633333	571
7.939733333	599
7.949933333	606
7.9605	612
7.971283333	634
7.981833333	647
7.991983333	633
8.00205	609
8.012516667	604
8.0232	628
8.033633333	641
8.043616667	626
8.053216667	599
8.062716667	576
8.072283333	570
8.082166667	574
8.091983333	593
8.101683333	589
8.111166667	582
8.120633333	569
8.13025	568
8.139933333	577
8.149433333	581
8.159066667	570
8.169	578
8.178833333	596
8.188466667	590
8.198	578
8.2075	572
8.217316667	570
8.227266667	589
8.236916667	597
8.246183333	579
8.25535	556
8.26485	550
8.274583333	570
8.284166667	584
8.293683333	575
8.303316667	571
8.312966667	578
8.32255	579
8.332283333	575
8.34205	584
8.351816667	586
8.361916667	586
8.372666667	606
8.383316667	645
8.3935	639
8.40295	611
8.412416667	567
8.421933333	568
8.431683333	571
8.441766667	585
8.452016667	605
8.461916667	615
8.471416667	594
8.480766667	570
8.490366667	561
8.500133333	576
8.5104	586
8.520483333	616
8.5301	605
8.539383333	577
8.5488	557
8.55845	565
8.568033333	579
8.577283333	575
8.58635	555
8.595683333	544
8.605266667	560
8.615133333	575
8.624983333	592
8.634433333	591
8.6437	567
8.653033333	556
8.662583333	560
8.672483333	573
8.68215	594
8.6913	580
8.700233333	549
8.70925	536
8.71835	541
8.7277	546
8.73725	561
8.74675	573
8.75625	570
8.765716667	570
8.775283333	568
8.785066667	574
8.794916667	587
8.804316667	591
8.8136	564
8.823083333	557
8.8328	569
8.842366667	583
8.851666667	574
8.86065	558
8.86965	539
8.879033333	540
8.8885	563
8.898	568
8.907533333	570
8.917266667	572
8.9269	584
8.9369	578
8.947433333	600
8.95765	632
8.967216667	613
8.976433333	574
8.98555	553
8.9947	547
9.0041	549
9.013766667	564
9.023616667	580
9.033116667	591
9.04245	570
9.051516667	560
9.060566667	544
9.069733333	543
9.078816667	550
9.087733333	545
9.096483333	535
9.1052	525
9.1139	523
9.12265	522
9.131666667	525
9.1407	541
9.1495	542
9.158133333	528
9.16685	518
9.175533333	523
9.1841	521
9.192633333	514
9.201216667	512
9.209933333	515
9.218783333	523
9.227583333	531
9.2362	528
9.244883333	517
9.253583333	521
9.2623	522
9.270833333	523
9.27925	512
9.287683333	505
9.2962	506
9.30465	511
9.313016667	507
9.321383333	502
9.329883333	502
9.338533333	510
9.34715	519
9.355833333	517
9.3644	521
9.373016667	514
9.381833333	517
9.3906	529
9.39915	526
9.407566667	513
9.415816667	505
9.424066667	495
9.43235	495
9.440833333	497
9.449233333	509
9.4576	504
9.46585	502
9.474116667	495
9.482483333	496
9.490966667	502
9.4996	509
9.508083333	518
9.516466667	509
9.524733333	503
9.533	496
9.541433333	496
9.549933333	506
9.558383333	510
9.56665	507
9.574916667	496
9.583183333	496
9.5916	496
9.6002	505
9.6088	516
9.61725	516
9.62555	507
9.633766667	498
9.642216667	493
9.650816667	507
9.65945	516
9.668	518
9.676516667	513
9.684966667	511
9.69355	507
9.70235	515
9.71105	528
9.71955	522
9.72795	510
9.736233333	504
9.744433333	497
9.752733333	492
9.761083333	498
9.769416667	501
9.777566667	500
9.785733333	489
9.7938	490
9.801966667	484
9.81025	490
9.818616667	497
9.8269	502
9.835216667	497
9.843416667	499
9.85165	492
9.86	494
9.8684	501
9.87675	504
9.885083333	501
9.893466667	500
9.9017	503
9.9098	494
9.918016667	486
9.926166667	493
9.934383333	489
9.9424	493
9.950416667	481
9.95835	481
9.966283333	476
9.974383333	476
9.9826	486
9.990983333	493
9.999233333	503
10.0074	495
10.01545	490
10.02348333	483
10.03163333	482
10.04008333	489
10.04868333	507
10.05718333	516
10.06558333	510
10.07398333	504
10.0824	504
10.09085	505
10.09933333	507
10.10761667	509
10.1158	497
10.12403333	491
10.13208333	494
10.1402	483
10.14846667	487
10.1567	496
10.16481667	494
10.17285	487
10.18088333	482
10.18886667	482
10.19696667	479
10.20506667	486
10.21301667	486
10.22103333	477
10.22913333	481
10.23731667	486
10.24556667	491
10.25378333	495
10.26193333	493
10.27001667	489
10.27801667	485
10.2861	480
10.29425	485
10.30241667	489
10.31061667	490
10.31866667	492
10.32663333	483
10.33458333	478
10.34273333	477
10.35098333	489
10.35931667	495
10.3675	500
10.37568333	491
10.38375	491
10.39191667	484
10.40026667	490
10.40878333	501
10.41726667	511
10.42558333	509
10.43376667	499
10.44193333	491
10.4501	490
10.4582	490
10.46628333	486
10.47438333	485
10.48248333	486
10.4904	486
10.49833333	475
10.50616667	476
10.514	470
10.52195	470
10.52996667	477
10.5381	481
10.54615	488
10.55411667	483
10.56201667	478
10.56988333	474
10.5779	472
10.58605	481
10.59416667	489
10.60218333	487
10.61011667	481
10.61788333	476
10.62566667	466
10.6334	467
10.6412	464
10.64911667	468
10.65703333	475
10.66505	475
10.673	481
10.68088333	477
10.68878333	473
10.69661667	474
10.70451667	470
10.71245	474
10.72043333	476
10.7284	479
10.73631667	478
10.7441	475
10.75181667	467
10.75963333	463
10.76746667	469
10.77531667	470
10.78308333	471
10.7907	466
10.7983	457
10.8058	456
10.81336667	450
10.82106667	454
10.82905	462
10.83728333	479
10.84538333	494
10.85323333	486
10.86118333	471
10.86918333	477
10.87741667	480
10.88583333	494
10.89416667	505
10.9024	500
10.91036667	494
10.91825	478
10.92601667	473
10.93371667	466
10.94138333	462
10.94901667	460
10.95673333	458
10.96448333	463
10.97233333	465
10.98003333	471
10.98773333	462
10.99531667	462
11.0029	455
11.01046667	455
11.01805	454
11.02566667	455
11.03335	457
11.04095	461
11.04853333	456
11.05603333	455
11.06353333	450
11.07103333	450
11.0786	450
11.0862	454
11.09381667	456
11.10133333	457
11.10885	451
11.11636667	451
11.12391667	451
11.13156667	453
11.13931667	459
11.14706667	465
11.15476667	465
11.16235	462
11.16998333	455
11.17761667	458
11.1853	458
11.19313333	461
11.20116667	470
11.2091	482
11.217	476
11.2247	474
11.23238333	462
11.23996667	461
11.24755	455
11.25518333	455
11.26305	458
11.27096667	472
11.27895	475
11.2868	479
11.2946	471
11.30231667	468
11.31001667	463
11.31773333	462
11.32553333	463
11.33348333	468
11.34146667	477
11.34938333	479
11.35718333	475
11.3649	468
11.3725	463
11.3801	456
11.3877	456
11.3954	456
11.40321667	462
11.4111	469
11.41875	473
11.42635	459
11.43393333	456
11.44146667	455
11.44903333	452
11.45665	454
11.46456667	457
11.47261667	475
11.48063333	483
11.48856667	481
11.49643333	476
11.50425	472
11.51208333	469
11.52003333	470
11.52785	477
11.53556667	469
11.5432	463
11.55073333	458
11.55826667	452
11.56571667	452
11.57326667	447
11.58091667	453
11.58865	459
11.5963	464
11.6039	459
11.61138333	456
11.61885	449
11.62636667	448
11.63401667	451
11.64171667	459
11.64953333	462
11.65725	469
11.66495	463
11.67253333	462
11.68006667	455
11.6876	452
11.69521667	452
11.7029	457
11.71073333	461
11.71845	470
11.72608333	463
11.73365	458
11.74106667	454
11.74856667	445
11.75613333	450
11.76373333	454
11.7713	456
11.77875	454
11.78608333	447
11.79343333	440
11.80075	441
11.80831667	439
11.81601667	454
11.82383333	462
11.83185	469
11.83986667	481
11.8478	481
11.85566667	476
11.86371667	472
11.87178333	483
11.87983333	484
11.88776667	483
11.89551667	476
11.90316667	465
11.91078333	459
11.91836667	457
11.92596667	455
11.93371667	456
11.9414	465
11.94901667	461
11.95656667	457
11.964	453
11.9714	446
11.9788	444
11.98633333	444
11.99408333	452
12.00206667	465
12.01018333	479
12.01808333	487
12.02591667	474
12.03363333	470
12.04128333	463
12.04893333	459
12.05675	459
12.06463333	469
12.07241667	473
12.08008333	467
12.08763333	460
12.0951	453
12.10255	448
12.11001667	447
12.11755	448
12.125	452
12.1324	447
12.13978333	444
12.14716667	443
12.15456667	443
12.16201667	444
12.1695	447
12.17691667	449
12.18431667	445
12.19168333	444
12.19913333	442
12.20673333	447
12.2146	456
12.2224	472
12.2301	468
12.2376	462
12.24508333	450
12.25253333	449
12.26003333	447
12.2675	450
12.27486667	448
12.2822	442
12.28955	440
12.29695	441
12.30446667	444
12.31211667	451
12.31975	459
12.32731667	458
12.33481667	454
12.3423	450
12.34976667	449
12.35735	448
12.36503333	455
12.3729	461
12.38075	472
12.38841667	471
12.396	460
12.40356667	455
12.41111667	454
12.41871667	453
12.42645	456
12.43423333	464
12.44185	467
12.44936667	457
12.45686667	451
12.46431667	450
12.47181667	447
12.47935	450
12.4869	452
12.49448333	453
12.50198333	455
12.5094	450
12.51681667	445
12.52416667	445
12.53155	441
12.539	443
12.54656667	447
12.55408333	454
12.5615	451
12.56891667	445
12.57636667	445
12.58385	447
12.59145	449
12.59905	456
12.60666667	456
12.6142	457
12.6217	452
12.62925	450
12.63686667	453
12.64456667	457
12.65226667	462
12.65986667	462
12.66741667	456
12.67488333	453
12.68238333	448
12.68988333	450
12.69743333	450
12.7051	453
12.71278333	460
12.72038333	461
12.72786667	456
12.73531667	449
12.74271667	447
12.75031667	444
12.75806667	456
12.76583333	465
12.77366667	466
12.78153333	470
12.78928333	472
12.79685	465
12.80443333	454
12.81191667	455
12.8194	449
12.82688333	449
12.83456667	449
12.84218333	461
12.84973333	457
12.85718333	453
12.86466667	447
12.8722	449
12.87981667	452
12.88756667	457
12.89538333	465
12.90313333	469
12.91075	465
12.91831667	457
12.92591667	454
12.93358333	456
12.94131667	460
12.94901667	464
12.95666667	462
12.96423333	459
12.97181667	454
12.9794	455
12.98696667	455
12.99446667	454
13.00196667	450
13.00955	450
13.01705	455
13.0245	450
13.03191667	447
13.03928333	445
13.0467	442
13.05415	445
13.06165	447
13.06923333	450
13.07676667	455
13.0842	452
13.0916	446
13.09891667	444
13.10625	439
13.11363333	440
13.12105	443
13.12861667	445
13.13608333	454
13.14348333	448
13.15086667	444
13.15825	443
13.16565	443
13.17316667	444
13.18066667	451
13.18813333	450
13.19555	448
13.20293333	445
13.21036667	443
13.21781667	446
13.22528333	447
13.23263333	448
13.23998333	441
13.24736667	441
13.25486667	443
13.2624	450
13.27013333	452
13.27773333	464
13.28531667	456
13.29281667	455
13.30036667	450
13.30795	453
13.31565	455
13.3234	462
13.33113333	465
13.3388	464
13.34631667	460
13.3538	451
13.36125	449
13.36868333	447
13.37615	446
13.38353333	448
13.39081667	443
13.39818333	437
13.40553333	442
13.41293333	441
13.42051667	444
13.4282	455
13.43573333	461
13.4431	452
13.45048333	442
13.45781667	443
13.46518333	440
13.47268333	442
13.48036667	450
13.48821667	461
13.49603333	471
13.50366667	469
13.51125	458
13.51876667	455
13.5263	451
13.53386667	452
13.54158333	454
13.54936667	463
13.55708333	467
13.5647	463
13.57221667	457
13.57971667	451
13.58715	450
13.59461667	446
13.6021	448
13.60961667	449
13.61713333	451
13.62456667	451
13.63191667	446
13.63925	441
13.6466	440
13.65401667	441
13.66156667	445
13.66926667	453
13.67683333	462
13.68428333	454
13.69173333	447
13.69911667	447
13.70656667	443
13.71401667	447
13.7216	447
13.72916667	455
13.7367	454
13.74411667	452
13.75148333	445
13.75885	442
13.76625	442
13.77366667	444
13.78116667	445
13.7886	450
13.79605	446
13.80338333	447
13.81073333	440
13.8181	441
13.8255	442
13.83305	444
13.84051667	453
13.84795	448
13.85541667	446
13.863	448
13.87068333	455
13.87846667	461
13.88616667	467
13.89375	462
13.90126667	455
13.90873333	451
13.91615	448
13.9236	445
13.93106667	447
13.93851667	448
13.94606667	447
13.95356667	453
13.96101667	450
13.96838333	447
13.97576667	442
13.98311667	443
13.99058333	441
13.99806667	448
14.00578333	449
14.01338333	463
14.02088333	456
14.02831667	450
14.03571667	446
14.04313333	444
14.0506	445
14.05815	448
14.06566667	453
14.07323333	451
14.08065	454
14.08806667	445
14.0954	445
14.10275	440
14.11011667	441
14.11748333	442
14.12491667	442
14.13228333	446
14.13963333	442
14.14691667	441
14.15423333	437
14.16153333	439
14.16896667	438
14.17645	446
14.18395	449
14.1914	450
14.19876667	447
14.20611667	442
14.21348333	441
14.2209	442
14.22836667	445
14.23586667	448
14.24336667	450
14.25088333	450
14.25831667	451
14.26573333	446
14.27316667	445
14.28063333	446
14.28823333	448
14.29585	456
14.30343333	457
14.3109	455
14.31833333	448
14.32566667	446
14.333	440
14.34033333	440
14.34771667	440
14.35506667	443
14.36243333	441
14.36965	442
14.37691667	433
14.38408333	436
14.39128333	430
14.39846667	432
14.40583333	431
14.41321667	442
14.42055	443
14.42781667	440
14.43503333	436
14.44226667	433
14.44956667	434
14.45691667	438
14.46435	441
14.47168333	446
14.47898333	440
14.48623333	438
14.49351667	435
14.50081667	437
14.50816667	438
14.51553333	441
14.52293333	442
14.53026667	444
14.53753333	440
14.5448	436
14.55206667	436
14.55935	436
14.5666	437
14.57396667	435
14.58123333	442
14.58851667	436
14.59585	437
14.60331667	440
14.61821667	448
14.62565	0
14.633	446
14.64031667	441
14.64761667	439
14.65491667	438
14.66233333	438
14.66981667	445
14.6773	449
14.68476667	449
14.69216667	448
14.69953333	444
14.70693333	442
14.71443333	444
14.72203333	450
14.72966667	456
14.73721667	458
14.74478333	453
14.75241667	454
14.75996667	458
14.76758333	453
14.7751	457
14.78261667	451
14.7901	451
14.79763333	449
14.8052	452
14.81281667	454
14.82041667	457
14.8279	456
14.83536667	449
14.84283333	448
14.85028333	448
14.85778333	447
14.8654	450
14.87305	457
14.88061667	459
14.88808333	454
14.89555	448
14.90303333	448
14.9106	449
14.91828333	454
14.9261	461
14.93383333	469
14.94153333	464
14.94911667	462
14.95671667	455
14.96431667	456
14.97196667	456
14.97966667	459
14.98735	462
14.9949	461
15.00245	453
15.00996667	453
15.01761667	451
15.02531667	459
15.03311667	462
15.04086667	468
15.04858333	465
15.0562	463
15.06385	457
15.07141667	459
15.07911667	454
15.0869	462
15.09463333	467
15.10991667	464
15.11746667	0
15.12491667	453
15.13231667	447
15.1397	444
15.14715	443
15.15455	447
15.16195	444
15.16931667	444
15.17676667	442
15.18413333	447
15.19168333	442
15.1991	453
15.20651667	445
15.21386667	445
15.22136667	441
15.22883333	450
15.23641667	448
15.24403333	455
15.25163333	457
15.25911667	456
15.26661667	449
15.27415	450
15.28168333	452
15.28933333	452
15.297	459
15.30465	460
15.31221667	459
15.31976667	454
15.32735	453
15.33486667	455
15.34238333	451
15.34991667	451
15.35735	452
15.36473333	446
15.3721	443
15.3795	442
15.38693333	444
15.39436667	446
15.4018	446
15.40918333	446
15.4167	443
15.42418333	451
15.43178333	449
15.43936667	456
15.44686667	455
15.45433333	450
15.46176667	448
15.46926667	446
15.47675	450
15.48426667	449
15.49176667	451
15.49936667	450
15.50691667	456
15.5144	453
15.52191667	449
15.5294	451
15.53685	449
15.54428333	447
15.55173333	446
15.55913333	447
15.56656667	444
15.57391667	446
15.58125	441
15.5886	440
15.59588333	441
15.60321667	437
15.61053333	440
15.61773333	439
15.625	432
15.63221667	436
15.63946667	433
15.64675	435
15.65416667	437
15.66151667	445
15.66878333	441
15.67603333	436
15.68331667	435
15.69063333	437
15.698	439
15.70545	442
15.71293333	447
15.72031667	449
15.72768333	443
15.73496667	442
15.74223333	437
15.74956667	436
15.7568	440
15.76406667	434
15.7713	436
15.77856667	434
15.78591667	436
15.79333333	441
15.80086667	445
15.80843333	452
15.81603333	454
15.8236	456
15.8311	454
15.83863333	450
15.84608333	452
15.85361667	447
15.86103333	452
15.86838333	445
15.87563333	441
15.88291667	435
15.89018333	437
15.89743333	436
15.90468333	435
15.912	435
15.91921667	439
15.92635	433
15.93353333	428
15.94066667	431
15.94781667	428
15.95505	429
15.96231667	434
15.96951667	436
15.97675	432
15.98403333	434
15.99143333	437
15.99908333	444
16.00691667	459
16.01466667	470
16.02228333	465
16.02981667	457
16.03733333	452
16.04481667	451
16.05231667	449
16.05995	450
16.0674	458
16.07486667	447
16.08225	448
16.08965	443
16.09713333	444
16.10466667	449
16.11226667	452
16.11986667	456
16.12738333	456
16.13486667	451
16.14233333	449
16.1498	448
16.15726667	448
16.16476667	448
16.17231667	450
16.1797	453
16.18711667	443
16.1945	445
16.20188333	443
16.20926667	443
16.2167	443
16.22421667	446
16.23171667	451
16.23915	450
16.24663333	446
16.25406667	449
16.26158333	446
16.26911667	451
16.27658333	452
16.28401667	448
16.29145	446
16.299	446
16.30651667	453
16.31398333	451
16.32146667	448
16.32893333	449
16.33651667	448
16.34408333	455
16.35168333	454
16.35916667	456
16.36661667	449
16.37401667	447
16.38136667	444
16.38878333	441
16.39616667	445
16.40348333	443
16.41078333	439
16.41808333	438
16.42541667	438
16.4328	440
16.44013333	443
16.44748333	440
16.45476667	441
16.46213333	437
16.46946667	442
16.47688333	440
16.4843	445
16.49181667	445
16.4992	451
16.50653333	443
16.5139	440
16.52125	442
16.52865	441
16.5361	444
16.54351667	447
16.5508	445
16.55813333	437
16.5654	440
16.57273333	436
16.58011667	440
16.58748333	443
16.59483333	442
16.60221667	441
16.60961667	443
16.61706667	444
16.6245	447
16.63196667	446
16.63936667	448
16.6468	444
16.65425	446
16.6617	447
16.66913333	447
16.67655	446
16.68395	445
16.69133333	444
16.69871667	443
16.70611667	443
16.71343333	444
16.72073333	439
16.72808333	438
16.73543333	441
16.74278333	441
16.75015	441
16.75748333	442
16.7648	440
16.77206667	439
16.77933333	436
16.78663333	436
16.79396667	438
16.80131667	440
16.80876667	441
16.8161	447
16.82343333	440
16.83075	440
16.83811667	439
16.84541667	442
16.85276667	438
16.8602	441
16.86756667	446
16.87488333	442
16.88216667	439
16.88948333	437
16.89676667	439
16.90406667	437
16.91126667	438
16.91848333	432
16.92571667	433
16.93303333	434
16.94036667	439
16.94773333	440
16.95498333	442
16.9622	435
16.9695	433
16.97676667	438
16.98411667	436
16.9916	441
16.99895	449
17.00626667	441
17.0136	439
17.02093333	440
17.02826667	440
17.03553333	440
17.04278333	436
17.0501	435
17.0574	439
17.06478333	438
17.07208333	443
17.07941667	438
17.0868	440
17.09416667	443
17.1016	442
17.10898333	446
17.1164	443
17.12385	445
17.13125	447
17.13871667	444
17.14615	448
17.15353333	446
17.16088333	443
17.16823333	441
17.1755	441
17.18281667	436
17.19018333	439
17.19763333	442
17.20515	447
17.21255	451
17.21998333	444
17.22743333	446
17.2349	447
17.2424	448
17.2499	450
17.2574	450
17.26496667	450
17.27258333	454
17.2802	457
17.28773333	457
17.2952	452
17.30268333	448
17.31006667	449
17.31755	443
17.32498333	449
17.33235	446
17.33966667	442
17.34698333	439
17.35423333	439
17.3616	435
17.36903333	442
17.37646667	446
17.38388333	446
17.39128333	445
17.3987	444
17.40621667	445
17.41371667	451
17.4213	450
17.4288	455
17.43626667	450
17.44368333	448
17.45116667	445
17.45865	449
17.46621667	449
17.4737	454
17.48115	449
17.48853333	447
17.49593333	443
17.50331667	444
17.5107	443
17.51806667	443
17.52558333	442
17.53316667	451
17.5407	455
17.54813333	452
17.55563333	446
17.56316667	450
17.57071667	452
17.57821667	453
17.58563333	450
17.59301667	445
17.60043333	443
17.60783333	445
17.61523333	444
17.6227	444
17.63008333	448
17.63745	443
17.64483333	442
17.65226667	443
17.65963333	446
17.667	442
17.67438333	442
17.68173333	443
17.68913333	441
17.6965	444
17.70383333	442
17.71113333	440
17.71848333	438
17.72591667	441
17.7333	446
17.74078333	443
17.74815	449
17.7555	442
17.7629	441
17.77035	444
17.77768333	447
17.785	440
17.79233333	439
17.79971667	440
17.80715	443
17.81456667	446
17.82206667	445
17.82953333	450
17.83696667	448
17.84443333	446
17.85193333	448
17.85935	450
17.86698333	445
17.8745	458
17.88205	451
17.88958333	453
17.8971	452
17.90461667	451
17.9121	451
17.91956667	449
17.92701667	448
17.93448333	447
17.94196667	448
17.94943333	449
17.95688333	448
17.96435	447
17.9718	448
17.9793	447
17.9868	450
17.99425	450
18.00171667	447
18.00918333	448
18.01666667	448
18.02415	449
18.03168333	449
18.03915	452
18.04666667	448
18.0542	451
18.0618	452
18.06936667	456
18.07695	454
18.0846	455
18.09236667	459
18.10011667	466
18.10775	465
18.1154	458
18.12296667	459
18.13063333	454
18.13826667	460
18.14593333	458
18.15351667	460
18.16105	455
18.16853333	452
18.176	449
18.18351667	448
18.19101667	451
18.1985	450
18.20601667	449
18.21358333	451
18.22121667	454
18.2288	458
18.23635	455
18.24393333	453
18.2515	455
18.259	454
18.2665	450
18.27398333	450
18.2815	449
18.28906667	451
18.29666667	454
18.3042	456
18.31175	452
18.31925	453
18.32676667	450
18.33431667	451
18.34183333	453
18.34931667	451
18.3568	449
18.36423333	449
18.3717	446
18.37913333	448
18.38653333	446
18.39398333	444
18.40143333	447
18.40891667	447
18.41645	449
18.42393333	452
18.4314	449
18.43886667	448
18.44635	448
18.45385	449
18.46126667	450
18.46865	445
18.47605	443
18.48341667	444
18.49078333	442
18.49815	442
18.50551667	442
18.51283333	442
18.52018333	439
18.5275	441
18.53485	439
18.5422	441
18.54951667	441
18.55683333	439
18.56415	439
18.57153333	439
18.57888333	443
18.58625	441
18.59361667	442
18.60103333	442
18.60843333	445
18.61585	444
18.62326667	445
18.63068333	445
18.63811667	445
18.6456	446
18.65296667	449
18.6604	442
18.66781667	446
18.67525	445
18.6827	446
18.6901	447
18.69748333	444
18.70488333	443
18.71223333	444
18.71965	441
18.72705	445
18.73446667	444
18.74185	445
18.74925	443
18.75665	444
18.76408333	444
18.77153333	446
18.7789	447
18.7863	442
18.79373333	444
18.80123333	446
18.81633333	450
18.82381667	0
18.83128333	449
18.83878333	448
18.84633333	450
18.85391667	453
18.8614	455
18.86885	449
18.87628333	447
18.88371667	446
18.8912	446
18.89866667	449
18.90608333	448
18.9135	445
18.92091667	445
18.92838333	445
18.93588333	448
18.94343333	450
18.95095	453
18.95845	451
18.96595	450
18.9735	450
18.98105	453
18.98861667	453
18.99613333	454
19.0036	451
19.01103333	448
19.01846667	446
19.0259	446
19.0333	446
19.0407	444
19.04811667	444
19.05546667	445
19.06283333	441
19.07015	442
19.07745	439
19.08473333	438
19.09201667	437
19.09938333	437
19.10676667	442
19.1141	443
19.1215	440
19.12883333	444
19.13626667	440
19.14368333	446
19.15103333	445
19.15841667	441
19.1658	443
19.17323333	443
19.18071667	446
19.18813333	449
19.19553333	445
19.20293333	444
19.21036667	444
19.2178	446
19.22523333	446
19.2326	446
19.23995	442
19.24731667	441
19.25465	442
19.26205	440
19.2694	444
19.27671667	441
19.28405	439
19.29138333	440
19.29873333	440
19.30603333	441
19.31335	438
19.32066667	439
19.32803333	439
19.33536667	442
19.34271667	440
19.35006667	441
19.35741667	441
19.3648	441
19.37215	443
19.37946667	441
19.38683333	439
19.39423333	442
19.40155	444
19.40886667	439
19.4162	439
19.42355	440
19.43093333	441
19.43823333	443
19.44555	438
19.4529	439
19.4602	441
19.46751667	438
19.47478333	439
19.482	436
19.48923333	433
19.49643333	434
19.50366667	432
19.51098333	434
19.51826667	439
19.52555	437
19.53281667	437
19.54015	436
19.54745	440
19.55475	438
19.5621	438
19.56943333	441
19.57681667	440
19.58425	443
19.59165	446
19.59905	444
19.60645	444
19.6139	444
19.62136667	447
19.62878333	448
19.63621667	445
19.64373333	446
19.6512	451
19.65866667	448
19.6661	448
19.67353333	446
19.6809	446
19.68835	442
19.69576667	447
19.70316667	445
19.71046667	444
19.71781667	438
19.72513333	441
19.73238333	439
19.73966667	435
19.74693333	437
19.75415	436
19.76143333	433
19.76871667	437
19.77596667	437
19.78321667	435
19.79043333	435
19.79765	433
19.80498333	433
19.81226667	440
19.81955	437
19.8268	437
19.83408333	435
19.8414	437
19.84878333	439
19.85621667	443
19.86356667	446
19.87095	441
19.87835	443
19.8858	444
19.89333333	447
19.90081667	452
19.90823333	449
19.9157	445
19.92315	448
19.93066667	447
19.93815	451
19.94555	449
19.95293333	444
19.9603	443
19.96765	442
19.97498333	441
19.9824	440
19.98973333	445
19.99705	440
20.00436667	439
20.01175	439
20.01915	443
20.02655	444
20.0339	444
20.0413	441
20.04868333	444
20.05626667	443
20.0639	455
20.0715	458
20.07905	456
20.08653333	453
20.09393333	449
20.10138333	444
20.10878333	447
20.11613333	444
20.12345	441
20.13083333	439
20.13831667	443
20.14575	449
20.15315	446
20.16051667	444
20.16793333	442
20.17543333	445
20.18298333	450
20.19048333	453
20.19796667	450
20.2055	449
20.21313333	452
20.22088333	458
20.22861667	465
20.23631667	464
20.24396667	462
20.25161667	459
20.25938333	459
20.26728333	466
20.27515	474
20.28293333	472
20.29061667	467
20.29841667	461
20.30618333	468
20.31385	466
20.32145	460
20.32906667	456
20.33676667	457
20.34458333	462
20.35233333	469
20.36001667	465
20.3677	461
20.3755	461
20.38343333	468
20.39136667	476
20.39921667	476
20.40698333	471
20.41481667	466
20.42275	470
20.43075	476
20.43868333	480
20.44648333	476
20.45428333	468
20.46213333	468
20.4701	471
20.47815	478
20.48605	483
20.49386667	474
20.50175	469
20.50973333	473
20.51786667	479
20.52598333	488
20.53396667	487
20.54176667	479
20.54961667	468
20.55753333	471
20.56543333	475
20.57325	474
20.58108333	469
20.58908333	470
20.5972	480
20.60523333	487
20.61315	482
20.62095	475
20.6287	468
20.63655	465
20.64431667	471
20.65201667	466
20.65973333	462
20.66755	463
20.67541667	469
20.68331667	472
20.69116667	474
20.69891667	471
20.70671667	465
20.71465	468
20.72258333	476
20.73043333	476
20.73831667	471
20.74625	473
20.75426667	476
20.76218333	481
20.77008333	475
20.77796667	474
20.786	473
20.79386667	482
20.80175	472
20.8097	473
20.81775	477
20.82591667	483
20.834	490
20.84201667	485
20.85015	481
20.85838333	488
20.86673333	494
20.87501667	501
20.88321667	497
20.8914	492
20.89971667	491
20.9082	499
20.9166	509
20.92491667	504
20.93303333	499
20.94121667	487
20.94928333	491
20.9572	484
20.96516667	475
20.97321667	478
20.98135	483
20.98946667	488
20.99755	487
21.00565	485
21.01396667	486
21.02236667	499
21.03068333	504
21.03891667	499
21.04715	494
21.05555	494
21.06405	504
21.0724	510
21.08068333	501
21.08886667	497
21.0971	491
21.10541667	494
21.11375	499
21.122	500
21.13013333	495
21.13825	488
21.14648333	487
21.15493333	494
21.16343333	507
21.17183333	510
21.18008333	504
21.18831667	495
21.1967	494
21.20513333	503
21.21353333	506
21.22176667	504
21.23005	494
21.2384	497
21.24691667	501
21.25538333	511
21.26366667	508
21.27203333	497
21.28051667	502
21.28906667	509
21.29748333	513
21.30578333	505
21.31416667	498
21.32258333	503
21.33113333	505
21.33953333	513
21.34781667	504
21.3561	497
21.36443333	497
21.37286667	500
21.38108333	506
21.38923333	493
21.39745	489
21.40573333	493
21.41408333	497
21.42226667	501
21.43033333	491
21.43833333	484
21.44625	480
21.45411667	475
21.46213333	472
21.47016667	481
21.4781	482
21.48621667	476
21.49428333	487
21.50223333	484
21.5103	477
21.51846667	484
21.52661667	490
21.53468333	489
21.54288333	484
21.5511	492
21.55925	493
21.56745	489
21.57571667	492
21.58411667	496
21.59245	504
21.60073333	500
21.609	497
21.61721667	496
21.62556667	493
21.63411667	501
21.64276667	513
21.65135	519
21.65981667	515
21.66821667	508
21.67673333	504
21.68535	511
21.69383333	517
21.70223333	509
21.71083333	504
21.71961667	516
21.72833333	527
21.73688333	523
21.74551667	513
21.75425	518
21.76293333	524
21.77145	521
21.77988333	511
21.78845	506
21.7971	514
21.80566667	519
21.8141	514
21.82253333	506
21.83108333	506
21.8397	513
21.84838333	517
21.85693333	521
21.86538333	513
21.87388333	507
21.8825	510
21.89118333	517
21.89981667	521
21.90835	518
21.91705	512
21.9259	522
21.93483333	531
21.94365	536
21.95233333	529
21.96101667	521
21.96983333	521
21.9787	529
21.98745	532
21.996	525
22.00456667	513
22.01311667	514
22.02156667	513
22.03015	507
22.03873333	515
22.04718333	515
22.05556667	507
22.06381667	503
22.07218333	495
22.08063333	502
22.08908333	507
22.0975	507
22.10583333	505
22.11431667	500
22.123	509
22.13175	521
22.14033333	525
22.14883333	515
22.15748333	510
22.16616667	519
22.1748	521
22.18331667	518
22.1918	511
22.20041667	509
22.20911667	517
22.21785	522
22.22648333	524
22.23498333	518
22.24355	510
22.25223333	514
22.26105	521
22.26978333	529
22.27841667	524
22.28703333	518
22.29573333	517
22.3046	522
22.3136	532
22.32246667	540
22.33115	532
22.33981667	521
22.34845	520
22.35698333	518
22.36548333	512
22.37405	510
22.38266667	514
22.39116667	517
22.39958333	510
22.40801667	505
22.41663333	506
22.42536667	517
22.43401667	524
22.44261667	519
22.45128333	516
22.46023333	520
22.4693	537
22.47821667	544
22.48708333	535
22.49613333	532
22.5052	543
22.51406667	544
22.5228	532
22.5316	524
22.54045	528
22.54918333	531
22.55773333	524
22.56628333	513
22.57496667	513
22.58371667	521
22.5923	525
22.60081667	515
22.60946667	511
22.61826667	519
22.62701667	528
22.63568333	525
22.64441667	520
22.65335	524
22.66238333	536
22.67133333	542
22.68018333	537
22.68911667	531
22.6982	536
22.70725	545
22.71618333	543
22.72503333	536
22.73403333	531
22.74306667	540
22.75208333	542
22.76098333	541
22.76973333	534
22.77855	525
22.78741667	529
22.79628333	532
22.80508333	532
22.81385	528
22.82273333	526
22.8317	533
22.84066667	538
22.84955	538
22.85856667	533
22.86761667	541
22.87663333	543
22.88555	541
22.89445	535
22.90318333	534
22.91181667	524
22.9206	518
22.92943333	527
22.93815	530
22.9468	523
22.95555	519
22.9644	525
22.97323333	531
22.98195	530
22.99065	523
22.99953333	522
23.00853333	533
23.01743333	540
23.02618333	534
23.03498333	525
23.04378333	528
23.05256667	528
23.06118333	527
23.06981667	517
23.07851667	518
23.08718333	522
23.09575	520
23.10418333	514
23.11261667	506
23.12111667	506
23.12955	510
23.13788333	506
23.14618333	500
23.15461667	498
23.16311667	506
23.17175	510
23.18026667	518
23.18866667	511
23.19708333	504
23.20568333	505
23.21448333	516
23.2233	528
23.23201667	529
23.24065	523
23.2494	518
23.25835	525
23.26743333	537
23.27635	545
23.28516667	535
23.29398333	529
23.30301667	529
23.31216667	542
23.32118333	549
23.33008333	541
23.33898333	534
23.34801667	534
23.35693333	542
23.36563333	535
23.37416667	522
23.38268333	512
23.39118333	511
23.39961667	510
23.40796667	506
23.41621667	501
23.42451667	495
23.43296667	498
23.44148333	507
23.44995	511
23.4585	508
23.46698333	513
23.47551667	509
23.48426667	512
23.49295	525
23.50148333	521
23.51011667	512
23.51898333	518
23.528	532
23.53696667	541
23.54581667	538
23.55453333	531
23.56338333	523
23.57228333	531
23.58106667	534
23.5896	527
23.59821667	512
23.60685	517
23.61541667	518
23.62383333	514
23.63223333	505
23.6406	504
23.6489	502
23.65713333	498
23.66543333	494
23.67373333	498
23.68201667	498
23.6902	497
23.6984	491
23.7066	492
23.71503333	492
23.72351667	506
23.73196667	509
23.74055	507
23.7494	515
23.75836667	531
23.76725	538
23.77596667	533
23.78466667	523
23.79346667	522
23.80233333	528
23.81123333	532
23.81998333	534
23.82861667	525
23.83741667	518
23.84631667	528
23.85505	534
23.86368333	524
23.8722	518
23.88071667	511
23.8894	511
23.89821667	521
23.90701667	529
23.91575	528
23.92466667	524
23.93386667	535
23.94326667	552
23.95253333	564
23.96153333	556
23.97048333	540
23.97961667	537
23.98885	548
23.99806667	554
24.00703333	553
24.01583333	538
24.02468333	528
24.03365	531
24.04263333	538
24.05151667	539
24.06023333	533
24.06893333	523
24.0778	522
24.08676667	532
24.09568333	538
24.10453333	535
24.1134	531
24.1224	532
24.1316	540
24.14083333	552
24.15001667	554
24.15905	551
24.16798333	542
24.17668333	536
24.18518333	522
24.19358333	510
24.20181667	504
24.21016667	494
24.21875	501
24.22735	515
24.23585	516
24.24453333	510
24.25365	521
24.26331667	547
24.27306667	580
24.2825	585
24.29201667	566
24.30178333	571
24.31156667	586
24.32096667	587
24.33015	564
24.33921667	551
24.34843333	544
24.35763333	553
24.3666	552
24.3755	538
24.38445	534
24.39333333	537
24.40206667	533
24.41066667	524
24.41926667	516
24.42801667	516
24.437	525
24.44586667	539
24.45468333	532
24.46373333	529
24.473	543
24.48236667	556
24.4915	562
24.50045	548
24.50956667	537
24.5187	547
24.52783333	548
24.5368	548
24.54566667	538
24.55476667	532
24.56391667	546
24.5729	549
24.58193333	539
24.59115	542
24.60038333	553
24.60968333	554
24.61913333	558
24.62845	567
24.63778333	559
24.64723333	560
24.65645	567
24.66553333	553
24.67486667	545
24.68406667	560
24.69306667	552
24.70225	540
24.71146667	551
24.72065	553
24.72988333	551
24.73903333	554
24.74828333	549
24.75738333	555
24.76631667	546
24.77541667	536
24.78441667	546
24.79336667	540
24.80248333	537
24.81143333	547
24.82045	537
24.82958333	541
24.83856667	548
24.84755	539
24.85663333	539
24.8656	545
24.87453333	538
24.88365	536
24.89281667	547
24.9018	550
24.91068333	539
24.9197	533
24.92856667	541
24.93725	532
24.94583333	521
24.9543	515
24.96285	508
24.97135	513
24.9798	510
24.98843333	507
24.99723333	518
25.00613333	528
25.01531667	534
25.02491667	551
25.03468333	576
25.04436667	586
25.05396667	581
25.06375	576
25.0737	587
25.08361667	597
25.0932	595
25.10258333	575
25.112	563
25.12146667	565
25.13091667	568
25.14015	567
25.14926667	554
25.15848333	547
25.16778333	553
25.17691667	558
25.18591667	548
25.19495	540
25.20408333	542
25.21331667	548
25.22246667	554
25.23151667	549
25.24063333	543
25.24988333	547
25.2591	555
25.26821667	553
25.27726667	547
25.28646667	543
25.29568333	552
25.30476667	553
25.31375	545
25.3229	539
25.33206667	549
25.34115	550
25.35013333	545
25.35906667	539
25.36823333	536
25.37758333	550
25.38698333	561
25.39623333	564
25.40546667	555
25.41493333	554
25.4245	568
25.43385	574
25.44301667	561
25.45221667	550
25.46145	552
25.47056667	554
25.47978333	547
25.48905	553
25.49821667	556
25.50736667	550
25.51638333	549
25.52538333	541
25.53431667	540
25.54335	536
25.55236667	542
25.56141667	541
25.57046667	543
25.57946667	543
25.58831667	540
25.59696667	531
25.60573333	519
25.61448333	526
25.62325	525
25.63211667	526
25.64133333	532
25.65088333	553
25.6606	573
25.67031667	583
25.67985	583
25.68906667	572
25.69813333	553
25.7073	544
25.71641667	550
25.72555	547
25.73438333	548
25.7433	530
25.75218333	535
25.76103333	533
25.76986667	531
25.7786	530
25.78718333	524
25.79583333	515
25.8047	519
25.81368333	532
25.82288333	539
25.833	552
25.84401667	607
25.8547	661
25.86533333	641
25.87625	638
25.8867	655
25.89695	627
25.90716667	615
25.91706667	613
25.92666667	594
25.93648333	576
25.94636667	589
25.9561	593
25.96555	584
25.97488333	567
25.98445	560
25.99411667	574
26.00361667	580
26.01286667	570
26.02228333	555
26.03155	565
26.04081667	556
26.05033333	556
26.05998333	571
26.06943333	579
26.07875	567
26.08823333	559
26.09775	569
26.10698333	571
26.11631667	554
26.12581667	560
26.13535	570
26.14463333	572
26.15405	557
26.16321667	565
26.17228333	550
26.1814	544
26.19041667	547
26.19958333	541
26.20906667	550
26.21853333	569
26.22835	568
26.23816667	589
26.24781667	589
26.25728333	579
26.26691667	568
26.27648333	578
26.2859	574
26.29521667	565
26.30475	559
26.31418333	572
26.32356667	566
26.3329	563
26.34243333	560
26.35188333	572
26.36128333	567
26.37096667	564
26.3805	581
26.3899	572
26.39943333	564
26.40891667	572
26.4183	569
26.4275	563
26.43678333	552
26.44608333	557
26.45535	558
26.46446667	556
26.47371667	547
26.48315	555
26.49276667	566
26.50245	577
26.51243333	581
26.52255	599
26.53245	607
26.5425	594
26.55295	603
26.56305	627
26.57296667	606
26.58306667	595
26.59315	606
26.60303333	605
26.61268333	593
26.62226667	579
26.63195	575
26.6416	581
26.65103333	579
26.66026667	566
26.66958333	554
26.67896667	559
26.68818333	563
26.69728333	553
26.70651667	546
26.71603333	554
26.7258	571
26.73568333	586
26.74588333	593
26.75635	612
26.76671667	628
26.77711667	622
26.78748333	624
26.79748333	622
26.8073	600
26.81718333	589
26.82688333	593
26.83631667	582
26.84568333	566
26.8551	562
26.86445	565
26.87388333	561
26.88323333	566
26.89261667	561
26.90235	563
26.91218333	584
26.92223333	590
26.93241667	603
26.94256667	611
26.9529	609
26.96298333	620
26.97303333	605
26.98295	603
26.99288333	595
27.00255	596
27.01226667	580
27.02175	583
27.03138333	569
27.04091667	578
27.05048333	572
27.06023333	574
27.07008333	585
27.08005	591
27.09005	598
27.10018333	600
27.11023333	608
27.1204	603
27.1303	610
27.14031667	594
27.1502	601
27.15993333	593
27.16978333	584
27.17946667	591
27.18908333	581
27.1987	577
27.20813333	577
27.21753333	566
27.22696667	564
27.23643333	566
27.2461	568
27.25566667	580
27.26551667	574
27.27528333	591
27.28523333	586
27.29531667	597
27.30541667	605
27.31553333	606
27.32556667	607
27.33555	602
27.34526667	599
27.355	583
27.36451667	584
27.37388333	571
27.38326667	562
27.39248333	563
27.40156667	553
27.41076667	545
27.42013333	552
27.42965	562
27.43995	571
27.45065	618
27.46183333	642
27.47308333	671
27.48426667	675
27.49506667	671
27.50583333	648
27.51633333	646
27.52676667	630
27.53696667	626
27.5471	612
27.55705	608
27.5669	597
27.57671667	591
27.58635	589
27.59611667	578
27.60551667	586
27.61501667	564
27.62435	570
27.63371667	560
27.6432	562
27.65266667	569
27.66258333	568
27.67245	595
27.68258333	592
27.69253333	608
27.70256667	597
27.71253333	602
27.7225	598
27.73251667	598
27.74253333	601
27.75251667	601
27.76246667	599
27.77265	597
27.7826	611
27.79275	597
27.80275	609
27.81268333	600
27.8227	596
27.83246667	601
27.8423	586
27.85216667	590
27.86185	592
27.87153333	581
27.88138333	581
27.89101667	591
27.90093333	578
27.91096667	595
27.92101667	602
27.93133333	603
27.94158333	619
27.95181667	615
27.96195	614
27.97198333	608
27.98205	602
27.9919	604
28.00188333	591
28.01168333	599
28.02141667	588
28.03123333	584
28.04123333	589
28.05108333	600
28.06106667	591
28.0715	599
28.08186667	626
28.09206667	622
28.10233333	612
28.1124	616
28.12228333	604
28.13216667	593
28.14176667	593
28.15136667	576
28.16121667	576
28.17108333	591
28.18085	592
28.1909	586
28.2012	603
28.21148333	618
28.22185	617
28.23233333	622
28.24265	629
28.25298333	619
28.26355	620
28.27415	634
28.28443333	636
28.29466667	617
28.30456667	614
28.31423333	594
28.32391667	580
28.33336667	581
28.34263333	567
28.35186667	556
28.36103333	554
28.37035	550
28.38015	559
28.39001667	588
28.39983333	592
28.40971667	589
28.42035	593
28.43131667	638
28.4419	658
28.45233333	635
28.46291667	626
28.4734	635
28.4836	629
28.49345	612
28.50298333	591
28.51276667	572
28.52271667	587
28.53258333	597
28.54236667	592
28.55241667	587
28.56273333	603
28.57295	619
28.58305	613
28.59316667	606
28.60303333	607
28.61283333	592
28.62255	588
28.63258333	583
28.6429	602
28.65301667	619
28.66318333	607
28.67355	610
28.68345	622
28.69343333	594
28.7039	599
28.71415	628
28.72426667	615
28.73436667	607
28.7444	606
28.75428333	602
28.7639	593
28.77333333	577
28.78293333	566
28.79255	576
28.80211667	577
28.81193333	574
28.82216667	589
28.83248333	614
28.84326667	619
28.85455	647
28.86538333	677
28.8764	650
28.88758333	661
28.89831667	671
28.90873333	644
28.91941667	625
28.92963333	641
28.9396	613
28.94978333	598
28.96006667	611
28.97026667	617
28.98045	612
28.99095	611
29.0016	630
29.01198333	639
29.02243333	623
29.03315	627
29.04403333	643
29.05473333	653
29.06501667	642
29.07503333	617
29.08525	601
29.09538333	613
29.1054	608
29.11558333	601
29.12578333	611
29.13598333	612
29.14651667	612
29.1569	632
29.16723333	623
29.17761667	620
29.1883	623
29.19886667	641
29.2092	634
29.2196	620
29.23031667	624
29.24103333	643
29.25155	643
29.2623	631
29.27323333	645
29.28378333	656
29.29405	633
29.3042	616
29.31483333	609
29.3256	638
29.33618333	646
29.3467	635
29.35751667	631
29.36826667	649
29.37873333	645
29.38918333	628
29.39976667	627
29.41001667	635
29.4203	615
29.4307	617
29.44108333	624
29.45125	623
29.46143333	610
29.47165	611
29.48181667	613
29.492	610
29.5025	611
29.51296667	630
29.52341667	628
29.53433333	627
29.54498333	655
29.55541667	639
29.56601667	626
29.5764	636
29.58641667	623
29.59626667	601
29.60663333	591
29.61725	622
29.6277	637
29.63811667	627
29.64888333	625
29.65935	646
29.66971667	628
29.68018333	622
29.69056667	628
29.7007	623
29.71076667	608
29.72098333	604
29.731	613
29.74085	601
29.7507	591
29.76073333	591
29.77048333	602
29.78003333	585
29.78981667	573
29.79938333	587
29.80891667	574
29.81843333	572
29.82838333	571
29.83831667	597
29.84893333	596
29.85963333	637
29.87036667	642
29.8818	644
29.89246667	686
29.90266667	640
29.91275	612
29.92338333	605
29.93373333	638
29.94398333	621
29.95446667	615
29.9648	629
29.97505	620
29.98525	615
29.99525	612
30.00505	600
30.01461667	588
30.02418333	574
30.03363333	574
30.04303333	567
30.05265	564
30.06226667	577
30.07186667	577
30.0816	576
30.09198333	584
30.10266667	623
30.11326667	641
30.124	636
30.13488333	644
30.14528333	653
30.15566667	624
30.16566667	623
30.17601667	600
30.1861	621
30.19623333	605
30.20616667	608
30.216	596
30.22628333	590
30.2363	617
30.24625	601
30.25686667	597
30.2674	637
30.27811667	632
30.28886667	643
30.2994	645
30.3097	632
30.32026667	618
30.33071667	634
30.34091667	627
30.35091667	612
30.36115	600
30.37123333	614
30.38121667	605
30.39151667	599
30.40166667	618
30.41181667	609
30.42208333	609
30.43216667	616
30.44255	605
30.4528	623
30.46293333	615
30.47283333	608
30.48268333	594
30.49255	591
30.50248333	592
30.51245	596
30.52231667	598
30.53186667	592
30.54125	573
30.5507	563
30.56025	567
30.56968333	573
30.57913333	566
30.58881667	567
30.5991	581
30.60946667	617
30.62018333	622
30.6317	643
30.64278333	691
30.6539	665
30.66568333	667
30.67685	707
30.6877	670
30.69866667	651
30.70948333	658
30.72013333	649
30.73018333	639
30.73986667	603
30.74966667	581
30.7593	588
30.76898333	578
30.779	581
30.78945	601
30.80001667	627
30.8109	634
30.82201667	653
30.83286667	667
30.84361667	651
30.85455	645
30.86518333	656
30.87551667	638
30.88581667	620
30.89643333	618
30.90675	637
30.91713333	619
30.9276	623
30.9384	628
30.94888333	648
30.95933333	629
30.96998333	627
30.9807	639
30.99138333	643
31.00226667	641
31.01396667	653
31.02521667	702
31.03653333	675
31.04805	679
31.0595	691
31.0704	687
31.0813	654
31.09223333	654
31.10296667	656
31.11348333	644
31.12396667	631
31.1341	629
31.14425	608
31.1547	609
31.16526667	627
31.17585	634
31.18655	635
31.19755	642
31.20826667	660
31.21883333	643
31.22938333	634
31.23988333	633
31.25003333	630
31.26006667	609
31.27013333	602
31.28033333	604
31.29028333	612
31.3003	597
31.31053333	601
31.32123333	614
31.33161667	642
31.34225	623
31.35336667	638
31.36418333	667
31.37478333	649
31.38546667	636
31.396	641
31.40606667	632
31.41598333	604
31.42585	595
31.4355	592
31.44508333	579
31.4547	575
31.46425	577
31.4738	573
31.48343333	573
31.4935	578
31.50466667	604
31.51838333	670
31.53145	823
31.54395	784
31.556	750
31.56716667	723
31.5776	670
31.58761667	626
31.59728333	601
31.60685	580
31.6163	574
31.62581667	567
31.6353	571
31.6445	569
31.65361667	552
31.66268333	547
31.67176667	544
31.68093333	545
31.69003333	550
31.69913333	546
31.70826667	546
31.71791667	548
31.72805	579
31.73855	608
31.74913333	630
31.75941667	635
31.76963333	617
31.77995	613
31.79016667	619
31.80026667	613
31.81056667	606
31.82055	618
31.83033333	599
31.84015	587
31.84995	589
31.8595	588
31.86891667	573
31.87845	565
31.88798333	572
31.89753333	572
31.90696667	573
31.91628333	566
31.92571667	559
31.93526667	566
31.94485	573
31.95453333	575
31.9647	581
31.9747	610
31.98478333	600
31.98478333	605
