0.011416667	685
0.022533333	667
0.033266667	644
0.044066667	648
0.05505	659
0.066433333	683
0.077533333	666
0.0885	658
0.099666667	670
0.111066667	684
0.122783333	703
0.1347	715
0.146516667	709
0.15805	692
0.16935	678
0.18015	648
0.190716667	634
0.201083333	622
0.2116	631
0.2222	636
0.233033333	650
0.2434	622
0.25395	633
0.2646	639
0.2756	660
0.287216667	697
0.299933333	763
0.3133	802
0.32645	789
0.3388	741
0.351216667	745
0.363333333	727
0.375516667	731
0.38795	746
0.4002	735
0.41255	741
0.4249	741
0.437216667	739
0.449216667	720
0.461933333	763
0.474833333	774
0.48725	745
0.500316667	784
0.5129	755
0.525416667	751
0.537966667	753
0.550066667	726
0.562083333	721
0.57435	736
0.58625	714
0.598416667	730
0.610883333	748
0.623916667	782
0.636916667	780
0.650283333	802
0.664033333	825
0.677366667	800
0.689033333	700
0.700583333	693
0.7119	679
0.723433333	692
0.735383333	717
0.747366667	719
0.759283333	715
0.771566667	737
0.78425	761
0.7967	747
0.809483333	767
0.82265	790
0.836183333	812
0.849316667	788
0.861966667	759
0.874783333	769
0.887833333	783
0.900183333	741
0.912583333	744
0.92525	760
0.937716667	748
0.94955	710
0.962016667	748
0.9748	767
0.987033333	734
0.999183333	729
1.011666667	749
1.024133333	748
1.036033333	714
1.0484	742
1.0612	768
1.073633333	746
1.085916667	737
1.09845	752
1.111016667	754
1.122816667	708
1.135166667	741
1.148183333	781
1.161266667	785
1.17365	743
1.18625	756
1.19855	738
1.209916667	682
1.22065	644
1.231166667	631
1.241983333	649
1.25285	652
1.263816667	658
1.274883333	664
1.286033333	669
1.29665	637
1.307133333	629
1.3178	640
1.3287	654
1.339866667	670
1.3512	680
1.362516667	679
1.373816667	678
1.38495	668
1.395716667	646
1.406466667	645
1.4174	656
1.428583333	671
1.440183333	696
1.451366667	671
1.4627	680
1.474516667	709
1.48675	734
1.49925	750
1.511466667	733
1.524	752
1.536766667	766
1.549633333	772
1.562266667	758
1.5747	746
1.587016667	739
1.599033333	721
1.610683333	699
1.622533333	711
1.634183333	699
1.646016667	710
1.658333333	739
1.670666667	740
1.6823	698
1.69425	717
1.706616667	742
1.71835	704
1.730066667	703
1.741983333	715
1.754066667	725
1.765533333	688
1.777283333	705
1.789366667	725
1.8013	716
1.812966667	700
1.82505	725
1.8373	735
1.8496	738
1.861733333	728
1.87435	757
1.887083333	764
1.899	715
1.910833333	710
1.92285	721
1.9348	717
1.946233333	686
1.957883333	699
1.969733333	711
1.981383333	699
1.99315	706
2.005433333	737
2.017633333	732
2.02915	691
2.040833333	701
2.0529	724
2.064816667	715
2.076216667	684
2.087983333	706
2.0998	709
2.111583333	707
2.12285	676
2.134233333	683
2.145833333	696
2.157816667	719
2.169466667	699
2.181516667	723
2.193633333	727
2.205416667	707
2.216783333	682
2.228233333	687
2.239983333	705
2.251816667	710
2.26325	686
2.274616667	682
2.285683333	664
2.296233333	633
2.306483333	615
2.31695	628
2.327266667	619
2.3374	608
2.347866667	628
2.35875	653
2.369866667	667
2.38055	641
2.39155	660
2.402816667	676
2.414333333	691
2.425583333	675
2.436916667	680
2.4484	689
2.460116667	703
2.471433333	679
2.482766667	680
2.494416667	699
2.506466667	723
2.518233333	706
2.53005	709
2.5423	735
2.554666667	742
2.5665	710
2.578583333	725
2.590783333	732
2.6024	697
2.614016667	697
2.625166667	669
2.63615	659
2.647083333	656
2.657833333	645
2.668866667	662
2.6802	680
2.691083333	653
2.701833333	645
2.7126	646
2.7233	642
2.7344	666
2.745983333	695
2.757933333	717
2.769883333	717
2.781816667	716
2.793916667	726
2.8062	737
2.818483333	737
2.830283333	708
2.84205	706
2.853766667	703
2.865516667	705
2.876716667	672
2.88815	686
2.8999	705
2.91135	687
2.923216667	712
2.935666667	747
2.9478	728
2.959966667	730
2.9723	740
2.984133333	710
2.995633333	690
3.0072	694
3.0186	684
3.029766667	670
3.041216667	687
3.052716667	690
3.063683333	658
3.0748	667
3.08655	705
3.098583333	722
3.11015	694
3.1222	723
3.134266667	724
3.145766667	690
3.156816667	663
3.167483333	640
3.1784	655
3.1897	678
3.200933333	674
3.212216667	677
3.223716667	690
3.235483333	706
3.247333333	711
3.258783333	687
3.270633333	711
3.282783333	729
3.295216667	746
3.3071	713
3.319466667	742
3.331833333	742
3.343516667	701
3.354816667	678
3.366416667	696
3.377933333	691
3.38915	673
3.400816667	700
3.412633333	709
3.424083333	687
3.435783333	702
3.44785	724
3.4597	711
3.470733333	662
3.481116667	623
3.491483333	622
3.502416667	656
3.513683333	676
3.525683333	720
3.53845	766
3.551666667	793
3.56435	761
3.576983333	758
3.589583333	756
3.601916667	740
3.61415	734
3.626016667	712
3.637683333	700
3.649366667	701
3.661083333	703
3.67245	682
3.683883333	686
3.6955	697
3.70665	669
3.717783333	668
3.7289	667
3.740366667	688
3.752366667	720
3.764533333	730
3.77575	673
3.787183333	686
3.798583333	684
3.809883333	678
3.821	667
3.83255	693
3.844516667	718
3.856916667	744
3.869366667	747
3.881716667	741
3.894166667	747
3.906833333	760
3.919683333	771
3.932366667	761
3.94415	707
3.95585	702
3.967483333	698
3.978616667	668
3.989483333	652
4.0006	667
4.011716667	667
4.0224	641
4.033533333	668
4.0451	694
4.056216667	667
4.0679	701
4.080083333	731
4.0914	679
4.10285	687
4.11415	678
4.124566667	625
4.1349	620
4.145083333	611
4.155166667	605
4.165583333	625
4.176283333	642
4.1873	661
4.198616667	679
4.210016667	684
4.221516667	690
4.232983333	688
4.2444	685
4.255616667	673
4.26685	674
4.278066667	673
4.2893	674
4.3001	648
4.310866667	646
4.321383333	631
4.3316	613
4.341583333	599
4.351533333	597
4.361733333	612
4.372316667	635
4.382916667	636
4.393433333	631
4.404216667	647
4.415233333	661
4.425916667	641
4.436883333	658
4.448216667	680
4.459283333	664
4.470333333	663
4.4818	688
4.493583333	707
4.505033333	687
4.516416667	683
4.528033333	697
4.5398	706
4.551	672
4.562416667	685
4.574183333	706
4.585883333	702
4.596983333	666
4.608566667	695
4.619766667	672
4.630983333	673
4.64245	688
4.653683333	674
4.665416667	704
4.676966667	693
4.687983333	661
4.699466667	689
4.711183333	703
4.722766667	695
4.73395	671
4.745066667	667
4.75625	671
4.76755	678
4.778416667	652
4.789066667	639
4.799966667	654
4.8108	650
4.82115	621
4.831466667	619
4.841983333	631
4.852733333	645
4.863333333	636
4.874233333	654
4.885566667	680
4.897383333	709
4.909016667	698
4.9211	725
4.9336	750
4.946366667	766
4.959216667	771
4.972166667	777
4.984733333	754
4.99645	703
5.008316667	712
5.0205	731
5.03235	711
5.0436	675
5.055216667	697
5.067066667	711
5.078716667	699
5.091516667	768
5.104966667	807
5.117966667	780
5.131516667	813
5.145083333	814
5.1569	709
5.169216667	739
5.18125	722
5.193116667	712
5.20505	716
5.217016667	718
5.22915	728
5.24035	672
5.251833333	689
5.2635	700
5.2753	708
5.286983333	701
5.298666667	701
5.3105	710
5.32265	729
5.335033333	743
5.34805	781
5.361566667	811
5.375	806
5.388333333	800
5.40145	787
5.4144	777
5.426883333	749
5.438216667	680
5.449433333	673
5.460783333	681
5.472516667	704
5.48495	746
5.496533333	695
5.50845	715
5.520766667	739
5.533666667	774
5.545933333	736
5.558616667	761
5.570733333	727
5.583066667	740
5.595483333	745
5.6081	757
5.62105	777
5.634266667	793
5.647633333	802
5.660183333	753
5.67295	766
5.685716667	766
5.698866667	789
5.71175	773
5.724916667	790
5.736833333	715
5.748533333	702
5.760166667	698
5.771716667	693
5.782683333	658
5.79395	676
5.8051	669
5.815766667	640
5.8265	644
5.837483333	659
5.848633333	669
5.859283333	639
5.8695	613
5.8794	594
5.889266667	592
5.89965	623
5.9114	705
5.92355	729
5.9363	765
5.94845	729
5.96015	702
5.971816667	700
5.983733333	715
5.995516667	707
6.006983333	688
6.01855	694
6.03015	696
6.041466667	679
6.052483333	661
6.063733333	675
6.07525	691
6.0868	693
6.09795	669
6.10915	672
6.120416667	676
6.131716667	678
6.143133333	685
6.154083333	657
6.16515	664
6.176383333	674
6.187766667	683
6.199	674
6.209916667	655
6.2211	671
6.232366667	676
6.2438	686
6.255466667	700
6.2673	710
6.278316667	661
6.2894	665
6.300616667	673
6.311733333	667
6.322216667	629
6.332733333	631
6.34325	631
6.353883333	638
6.364483333	636
6.37505	634
6.385516667	628
6.395816667	618
6.40665	650
6.417433333	647
6.4283	652
6.4397	684
6.451233333	692
6.462716667	689
6.474366667	699
6.485633333	676
6.496633333	660
6.50785	673
6.519216667	682
6.530583333	682
6.54195	682
6.55275	648
6.563416667	640
6.574083333	640
6.584833333	645
6.595483333	639
6.606083333	636
6.617016667	656
6.628216667	672
6.6398	695
6.65165	711
6.663116667	688
6.674983333	712
6.68715	730
6.698716667	694
6.710516667	708
6.722266667	705
6.733983333	703
6.745183333	672
6.756483333	678
6.76775	676
6.77865	654
6.789416667	646
6.800766667	681
6.812566667	708
6.823933333	682
6.836066667	728
6.84815	725
6.859666667	691
6.87125	695
6.882933333	701
6.89375	649
6.904666667	655
6.91555	653
6.926716667	670
6.938216667	690
6.949916667	702
6.96135	686
6.97265	678
6.983733333	665
6.994383333	639
7.0048	625
7.014816667	601
7.024816667	600
7.034766667	597
7.04465	593
7.0546	597
7.06455	597
7.07415	576
7.083966667	589
7.094166667	612
7.10445	617
7.114583333	608
7.125083333	630
7.135466667	623
7.145616667	609
7.156	623
7.166283333	617
7.17725	658
7.188483333	674
7.19975	676
7.210383333	638
7.2206	613
7.23055	597
7.240333333	587
7.25	580
7.259566667	574
7.2692	578
7.278766667	574
7.288433333	580
7.298466667	602
7.309	632
7.3197	642
7.33005	621
7.340616667	634
7.351416667	648
7.362066667	639
7.3729	650
7.3835	636
7.39355	603
7.40365	606
7.4138	609
7.423883333	605
7.434116667	614
7.444033333	595
7.453783333	585
7.463766667	599
7.473733333	598
7.484183333	627
7.495133333	657
7.506183333	663
7.517166667	659
7.528216667	663
7.539133333	655
7.54975	637
7.560333333	635
7.570716667	623
7.5806	593
7.590533333	596
7.600366667	590
7.610266667	594
7.620266667	600
7.630166667	594
7.640166667	600
7.65045	617
7.6604	597
7.6709	630
7.681433333	632
7.691583333	609
7.702033333	627
7.713	658
7.7242	672
7.7349	642
7.746183333	677
7.757383333	672
7.768233333	651
7.779683333	687
7.791133333	687
7.801633333	630
7.812266667	638
7.823116667	651
7.833833333	643
7.844116667	617
7.8548	641
7.865266667	628
7.8753	602
7.88565	621
7.895916667	616
7.905683333	586
7.915466667	587
7.9249	566
7.934316667	565
7.9438	569
7.953116667	559
7.963266667	609
7.97395	641
7.985416667	688
7.995683333	616
8.005366667	581
8.014983333	577
8.024433333	567
8.033816667	563
8.04375	596
8.054016667	616
8.064966667	657
8.076483333	691
8.088483333	720
8.100466667	719
8.111616667	669
8.121833333	613
8.1317	592
8.1418	606
8.152333333	632
8.1643	718
8.176666667	742
8.188816667	729
8.200816667	720
8.212583333	706
8.223783333	672
8.235233333	687
8.2466	682
8.258	684
8.269216667	673
8.279766667	633
8.290116667	621
8.300566667	627
8.310316667	585
8.32	581
8.329533333	572
8.339033333	570
8.348733333	582
8.3587	598
8.369083333	623
8.3797	637
8.391116667	685
8.403066667	717
8.4147	698
8.4261	684
8.43755	687
8.44865	666
8.459183333	632
8.46995	646
8.4807	645
8.4911	624
8.501666667	634
8.512316667	639
8.522966667	639
8.533	602
8.542733333	584
8.5524	580
8.5621	582
8.571916667	589
8.581583333	580
8.591366667	587
8.60145	605
8.611416667	598
8.621266667	591
8.630716667	567
8.640366667	579
8.650516667	609
8.66085	620
8.671783333	656
8.683516667	704
8.695	689
8.7062	672
8.7167	630
8.726966667	616
8.737183333	613
8.74745	616
8.757116667	580
8.767	593
8.776983333	599
8.78705	604
8.796733333	581
8.806533333	588
8.8169	622
8.827216667	619
8.837066667	591
8.847366667	618
8.85805	641
8.86925	672
8.879533333	617
8.889716667	611
8.900983333	676
8.91185	652
8.922183333	620
8.933466667	677
8.94465	671
8.955	621
8.965583333	635
8.976716667	668
8.9874	641
8.997816667	625
9.009033333	673
9.020366667	680
9.030683333	619
9.041116667	626
9.05135	614
9.061566667	613
9.07135	587
9.080966667	577
9.090816667	591
9.100533333	583
9.109883333	561
9.119066667	551
9.12825	551
9.1375	555
9.14695	567
9.156516667	574
9.16625	584
9.175766667	571
9.1853	572
9.1947	564
9.2038	546
9.212916667	547
9.221933333	541
9.230816667	533
9.239516667	522
9.248116667	516
9.256566667	507
9.264983333	505
9.273333333	501
9.281783333	507
9.29055	526
9.29955	540
9.308533333	539
9.317483333	537
9.326666667	551
9.335666667	540
9.344483333	529
9.353316667	530
9.361983333	520
9.370633333	519
9.379366667	524
9.388333333	538
9.397533333	552
9.406833333	558
9.416166667	560
9.425566667	564
9.43515	575
9.444633333	569
9.453883333	555
9.463016667	548
9.472033333	541
9.48105	541
9.489916667	532
9.498633333	523
9.50735	523
9.51605	522
9.524933333	533
9.53375	529
9.5424	519
9.550916667	511
9.55935	506
9.567683333	500
9.576033333	501
9.584383333	501
9.592866667	509
9.60145	515
9.610083333	518
9.618866667	527
9.627633333	526
9.636433333	528
9.645283333	531
9.654266667	539
9.663283333	541
9.6725	553
9.681566667	544
9.690583333	541
9.699783333	552
9.709033333	555
9.718016667	539
9.72685	530
9.73565	528
9.744483333	530
9.753133333	519
9.76165	511
9.770133333	509
9.778666667	512
9.7872	512
9.7956	504
9.803983333	503
9.8124	505
9.8209	510
9.829266667	502
9.83765	503
9.84615	510
9.85475	516
9.863333333	515
9.87185	511
9.880516667	520
9.889	509
9.8974	504
9.90575	501
9.914116667	502
9.922466667	501
9.9309	506
9.939516667	517
9.948016667	510
9.956516667	510
9.965133333	517
9.973766667	518
9.982216667	507
9.99065	506
9.9991	507
10.0077	516
10.01625	513
10.02476667	511
10.03321667	507
10.04176667	513
10.05036667	516
10.0588	506
10.06711667	499
10.07538333	496
10.08355	490
10.0918	495
10.10011667	499
10.10853333	505
10.11701667	509
10.12556667	513
10.13398333	505
10.14225	496
10.15048333	494
10.1586	487
10.1668	492
10.17501667	493
10.1833	497
10.1917	504
10.20023333	512
10.2086	502
10.21685	495
10.22511667	496
10.23351667	504
10.24215	518
10.25071667	514
10.25913333	505
10.26751667	503
10.27578333	496
10.28393333	489
10.29213333	492
10.30038333	495
10.30873333	501
10.31708333	501
10.3256	511
10.33395	501
10.34225	498
10.35051667	496
10.3587	491
10.36686667	490
10.37516667	498
10.38358333	505
10.39198333	504
10.40053333	513
10.40915	517
10.41778333	518
10.42613333	501
10.43443333	498
10.44266667	494
10.4508	488
10.45885	483
10.46698333	488
10.47525	496
10.48366667	505
10.49226667	516
10.50101667	525
10.50941667	504
10.5178	503
10.52606667	496
10.53428333	493
10.5424	487
10.5506	492
10.55886667	496
10.56733333	508
10.57595	517
10.58436667	505
10.59268333	499
10.601	499
10.60943333	506
10.6179	508
10.62645	513
10.63511667	520
10.64348333	502
10.65183333	501
10.66005	493
10.66821667	490
10.67641667	492
10.6848	503
10.69328333	509
10.70186667	515
10.7107	530
10.71936667	520
10.72793333	514
10.73638333	507
10.74483333	507
10.75325	505
10.76145	492
10.76961667	490
10.77761667	480
10.78561667	480
10.79363333	481
10.8017	484
10.80995	495
10.81813333	491
10.82626667	488
10.83428333	481
10.84225	478
10.85021667	478
10.85841667	492
10.86683333	505
10.87545	517
10.884	513
10.89251667	511
10.90138333	532
10.91005	520
10.9187	519
10.92773333	542
10.93695	553
10.94598333	542
10.95491667	536
10.96406667	549
10.97293333	532
10.9817	526
10.9907	540
10.99941667	523
11.00795	512
11.01635	504
11.02458333	494
11.03291667	500
11.0416	521
11.05053333	536
11.05951667	539
11.06856667	543
11.0777	548
11.08648333	527
11.09505	514
11.1035	507
11.11201667	511
11.12055	512
11.12901667	508
11.13746667	507
11.14618333	523
11.15526667	545
11.16401667	525
11.17278333	526
11.18145	520
11.19025	528
11.19915	534
11.20783333	521
11.21636667	512
11.22465	497
11.23286667	493
11.24093333	484
11.24905	487
11.2572	489
11.2654	492
11.2737	498
11.28181667	487
11.28991667	486
11.29811667	492
11.30651667	504
11.31481667	498
11.32316667	501
11.3319	524
11.3406	522
11.34908333	509
11.35766667	515
11.36633333	520
11.37478333	507
11.38321667	506
11.39181667	516
11.40026667	507
11.40861667	501
11.41683333	493
11.42496667	488
11.43308333	487
11.44125	490
11.44958333	500
11.458	505
11.46638333	503
11.47473333	501
11.48301667	497
11.49138333	502
11.49998333	516
11.50888333	534
11.51751667	518
11.52615	518
11.53498333	530
11.5439	535
11.5525	516
11.56101667	511
11.56935	500
11.57753333	491
11.58561667	485
11.59375	488
11.602	495
11.61058333	515
11.61931667	524
11.62803333	523
11.63683333	528
11.64541667	515
11.65398333	514
11.66253333	513
11.67128333	525
11.68041667	548
11.6891	521
11.69765	513
11.70606667	505
11.71428333	493
11.72235	484
11.73041667	484
11.73861667	492
11.74685	494
11.75518333	500
11.76363333	507
11.77211667	509
11.78045	500
11.78871667	496
11.7971	503
11.80548333	503
11.81373333	495
11.82191667	491
11.83003333	487
11.8382	490
11.84646667	496
11.85468333	493
11.86283333	489
11.87105	493
11.87935	498
11.88756667	493
11.89581667	495
11.9042	503
11.9125	498
11.92083333	500
11.92931667	509
11.93773333	505
11.94601667	497
11.95426667	495
11.96248333	493
11.97075	496
11.97915	504
11.98758333	506
11.99601667	506
12.0043	497
12.01263333	500
12.02106667	506
12.02936667	498
12.03756667	492
12.04568333	487
12.0538	487
12.06198333	491
12.07038333	504
12.0789	511
12.08725	501
12.09553333	497
12.10371667	491
12.1118	485
12.11993333	488
12.12813333	492
12.1365	502
12.14498333	509
12.15345	508
12.16173333	497
12.17015	505
12.17858333	506
12.18691667	500
12.1952	497
12.20353333	500
12.212	508
12.22073333	524
12.22931667	515
12.23785	512
12.24661667	526
12.25525	518
12.26378333	512
12.27268333	534
12.28141667	524
12.29005	518
12.29871667	520
12.3075	527
12.3164	534
12.32503333	518
12.33378333	525
12.34258333	528
12.3512	517
12.36	528
12.36888333	533
12.37755	520
12.38621667	520
12.39505	530
12.40375	522
12.41238333	518
12.4213	535
12.4301	528
12.43871667	517
12.44738333	520
12.45611667	524
12.46488333	526
12.47356667	521
12.48246667	534
12.49145	539
12.50035	534
12.50933333	539
12.51851667	551
12.52776667	555
12.53675	539
12.54596667	553
12.55515	551
12.56405	534
12.57296667	535
12.5819	536
12.59071667	529
12.59936667	519
12.60798333	517
12.61665	520
12.6252	513
12.6336	504
12.64205	507
12.65055	510
12.65888333	500
12.66726667	503
12.67543333	490
12.68355	487
12.69163333	485
12.70011667	509
12.70888333	526
12.71778333	534
12.7269	547
12.73563333	524
12.74436667	524
12.7529	512
12.76135	507
12.76961667	496
12.7778	491
12.78598333	491
12.79433333	501
12.80263333	498
12.8109	496
12.81928333	503
12.82766667	503
12.83593333	496
12.84433333	504
12.8528	508
12.86113333	500
12.86951667	503
12.87793333	505
12.88615	493
12.89435	492
12.90245	486
12.91046667	481
12.91836667	474
12.92636667	480
12.93463333	496
12.94303333	504
12.95156667	512
12.96031667	525
12.9689	515
12.97735	507
12.98595	516
12.99453333	515
13.00305	511
13.01146667	505
13.01983333	502
13.02818333	501
13.03635	490
13.04451667	490
13.05276667	495
13.06088333	487
13.06901667	488
13.07723333	493
13.08525	481
13.09338333	488
13.10155	490
13.10961667	484
13.1177	485
13.1259	492
13.13411667	493
13.14215	482
13.15018333	482
13.15823333	483
13.16638333	489
13.1744	481
13.18248333	485
13.1908	499
13.19905	495
13.20723333	491
13.21536667	488
13.22351667	489
13.23188333	502
13.24058333	522
13.24973333	549
13.25866667	536
13.2674	524
13.27621667	529
13.28506667	531
13.29375	521
13.30251667	526
13.31131667	528
13.32011667	528
13.3287	515
13.33738333	521
13.34608333	522
13.35456667	509
13.36308333	511
13.37148333	504
13.37991667	506
13.38813333	493
13.39628333	489
13.40436667	485
13.4123	476
13.42023333	476
13.42823333	480
13.43636667	488
13.4446	494
13.4529	498
13.4611	492
13.46918333	485
13.47728333	486
13.48543333	489
13.49376667	500
13.502	494
13.5102	492
13.51835	489
13.52643333	485
13.53465	493
13.543	501
13.55166667	520
13.56021667	513
13.5687	509
13.5773	516
13.58583333	512
13.59425	505
13.60268333	506
13.6111	505
13.61936667	496
13.62761667	495
13.63601667	504
13.6443	497
13.65253333	494
13.66073333	492
13.66881667	485
13.67691667	486
13.68505	488
13.6933	495
13.70176667	508
13.71048333	523
13.7193	529
13.728	522
13.7368	528
13.74536667	514
13.75388333	511
13.76243333	513
13.7708	502
13.77925	507
13.78781667	514
13.79625	506
13.80468333	506
13.81333333	519
13.8219	514
13.83035	507
13.83896667	517
13.8476	518
13.85605	507
13.86441667	502
13.87268333	496
13.88098333	498
13.88946667	509
13.89798333	511
13.90636667	503
13.91476667	504
13.92318333	505
13.9316	505
13.94001667	505
13.94835	500
13.95668333	500
13.9651	505
13.97345	501
13.98175	498
13.98996667	493
13.99825	497
14.00665	504
14.01501667	502
14.02335	500
14.03151667	490
14.03965	488
14.04773333	485
14.05591667	491
14.06416667	495
14.07263333	508
14.08121667	515
14.08963333	505
14.09805	505
14.10656667	511
14.11503333	508
14.12346667	506
14.13186667	504
14.14043333	514
14.14888333	507
14.15723333	501
14.16556667	500
14.17398333	505
14.18226667	497
14.19041667	489
14.19858333	490
14.20681667	494
14.21493333	487
14.2231	490
14.23138333	497
14.23956667	491
14.24773333	490
14.25608333	501
14.26463333	513
14.27318333	513
14.28171667	512
14.2902	509
14.29876667	514
14.30723333	508
14.31556667	500
14.32388333	499
14.33198333	486
14.34006667	485
14.3479	470
14.35573333	470
14.36358333	471
14.37151667	476
14.37936667	471
14.38726667	474
14.39526667	480
14.40316667	474
14.41118333	481
14.41931667	488
14.42745	488
14.43556667	487
14.44393333	502
14.45213333	492
14.46035	493
14.46861667	496
14.47683333	493
14.48505	493
14.49335	498
14.50161667	496
14.50983333	493
14.51801667	491
14.52638333	502
14.53461667	494
14.54278333	490
14.55096667	491
14.55915	491
14.56736667	493
14.57583333	508
14.58468333	531
14.59356667	533
14.60246667	534
14.61151667	543
14.62038333	532
14.62901667	518
14.63751667	510
14.64591667	504
14.65425	500
14.66255	498
14.67091667	502
14.67933333	505
14.68785	511
14.69636667	511
14.7048	506
14.71316667	502
14.72145	497
14.72976667	499
14.73818333	505
14.7468	517
14.75556667	526
14.7645	536
14.7733	528
14.78183333	512
14.79026667	506
14.79856667	498
14.80678333	493
14.81493333	489
14.82311667	491
14.83131667	492
14.83958333	496
14.84788333	498
14.85608333	492
14.86426667	491
14.87243333	490
14.88068333	495
14.8891	505
14.89788333	527
14.90698333	546
14.91591667	536
14.92491667	540
14.93373333	529
14.94263333	534
14.95141667	527
14.96006667	519
14.96881667	525
14.9775	521
14.98635	531
14.99526667	535
15.00403333	526
15.01261667	515
15.02133333	523
15.0298	508
15.03815	501
15.04655	504
15.05496667	505
15.0633	500
15.07163333	500
15.08011667	509
15.08861667	510
15.09696667	501
15.10535	503
15.11376667	505
15.12203333	496
15.13031667	497
15.13876667	507
15.14725	509
15.15561667	502
15.16415	512
15.17275	516
15.18116667	505
15.18953333	502
15.1978	496
15.20601667	493
15.21405	482
15.22225	492
15.23056667	499
15.23921667	519
15.24791667	522
15.25665	524
15.26543333	527
15.27401667	515
15.2825	509
15.29086667	502
15.29923333	502
15.3077	508
15.31631667	517
15.32523333	535
15.33443333	552
15.34343333	540
15.35213333	522
15.36073333	516
15.36928333	513
15.37793333	519
15.38645	511
15.39483333	503
15.40328333	507
15.41168333	504
15.41993333	495
15.42825	499
15.43658333	500
15.44485	496
15.45315	498
15.46143333	497
15.46968333	495
15.47783333	489
15.48591667	485
15.49391667	480
15.50191667	480
15.50993333	481
15.51798333	483
15.52615	490
15.53435	492
15.5424	483
15.55036667	478
15.55831667	477
15.56638333	484
15.57446667	485
15.58278333	499
15.59131667	512
15.59968333	502
15.60808333	504
15.61673333	519
15.62526667	512
15.6338	512
15.64263333	530
15.65135	523
15.65998333	518
15.66878333	528
15.6776	529
15.68623333	518
15.69485	517
15.7034	513
15.71178333	503
15.72003333	495
15.72816667	488
15.73625	485
15.74448333	494
15.7528	499
15.76118333	503
15.76973333	513
15.7782	508
15.78656667	502
15.79485	497
15.80315	498
15.81151667	502
15.82005	512
15.82878333	524
15.83765	532
15.84655	534
15.85535	528
15.86388333	512
15.87231667	506
15.8806	497
15.88881667	493
15.89711667	498
15.90548333	502
15.91398333	510
15.92265	520
15.93116667	511
15.93961667	507
15.94793333	499
15.95618333	495
15.96441667	494
15.97286667	507
15.98115	497
15.98931667	490
15.99746667	489
16.00551667	483
16.01355	482
16.02158333	482
16.02968333	486
16.03788333	492
16.04595	484
16.05401667	484
16.06206667	483
16.07018333	487
16.07821667	482
16.08621667	480
16.09433333	487
16.10236667	482
16.11045	485
16.11851667	484
16.12656667	483
16.1346	482
16.14258333	479
16.15048333	474
16.1584	475
16.16643333	482
16.1745	484
16.18278333	497
16.191	493
16.19916667	490
16.20733333	490
16.2157	502
16.2242	510
16.23246667	496
16.24073333	496
16.24896667	494
16.25738333	505
16.26565	496
16.27395	498
16.28246667	511
16.29088333	505
16.29915	496
16.30738333	494
16.3156	493
16.3236	480
16.3316	480
16.33965	483
16.34756667	475
16.35548333	475
16.36348333	480
16.37155	484
16.37958333	482
16.3877	487
16.39596667	496
16.4041	488
16.4123	492
16.42068333	503
16.429	499
16.43721667	493
16.44543333	493
16.45371667	497
16.46211667	504
16.47053333	505
16.47876667	494
16.48706667	498
16.4953	494
16.50343333	488
16.51161667	491
16.51981667	492
16.52791667	486
16.53601667	486
16.54423333	493
16.5524	490
16.56063333	494
16.569	502
16.57733333	500
16.58558333	495
16.5939	499
16.60228333	503
16.61051667	494
16.61871667	492
16.62698333	496
16.63511667	488
16.6432	485
16.65111667	475
16.65895	470
16.66673333	467
16.67451667	467
16.6823	467
16.69031667	481
16.69856667	495
16.70678333	493
16.71491667	488
16.72311667	492
16.73155	506
16.73973333	491
16.74798333	495
16.7565	511
16.76493333	506
16.77326667	500
16.78165	503
16.79025	516
16.79863333	503
16.80693333	498
16.81526667	500
16.8236	500
16.83176667	490
16.83981667	483
16.84791667	486
16.85608333	490
16.86433333	495
16.8724	484
16.88045	483
16.88861667	490
16.8968	491
16.90493333	488
16.91313333	492
16.92153333	504
16.92981667	497
16.93808333	496
16.94653333	507
16.95493333	504
16.96321667	497
16.97165	506
16.98016667	511
16.98851667	501
16.99685	500
17.00523333	503
17.01368333	507
17.02186667	491
17.03001667	489
17.03806667	483
17.04608333	481
17.05406667	479
17.06221667	489
17.07061667	504
17.07905	506
17.08763333	515
17.09618333	513
17.10453333	501
17.11281667	497
17.1211	497
17.12956667	508
17.13795	503
17.14628333	500
17.15458333	498
17.16296667	503
17.17163333	520
17.18011667	509
17.1885	503
17.197	510
17.20533333	500
17.21358333	495
17.22193333	501
17.23013333	492
17.23823333	486
17.24636667	488
17.25451667	489
17.26268333	490
17.27066667	479
17.27866667	480
17.28666667	480
17.29475	485
17.30288333	488
17.3109	481
17.31896667	484
17.32708333	487
17.33546667	503
17.34368333	493
17.35193333	495
17.36045	511
17.36886667	505
17.37723333	502
17.38556667	500
17.39405	509
17.40228333	494
17.41055	496
17.4189	501
17.42706667	490
17.43526667	492
17.4435	494
17.45163333	488
17.45971667	485
17.46783333	487
17.47596667	488
17.48403333	484
17.49211667	485
17.50038333	496
17.50845	484
17.51656667	487
17.52478333	493
17.53285	484
17.541	489
17.5493	498
17.55741667	487
17.56548333	484
17.57353333	483
17.58155	481
17.58956667	481
17.5977	488
17.60583333	488
17.6141	496
17.62231667	493
17.6305	491
17.63875	495
17.64716667	505
17.65543333	496
17.66365	493
17.67198333	500
17.68021667	494
17.68835	488
17.69645	486
17.70463333	491
17.71265	481
17.72056667	475
17.7285	476
17.73643333	476
17.74436667	476
17.75241667	483
17.76066667	495
17.7691	506
17.77745	501
17.7857	495
17.79401667	499
17.80241667	504
17.81075	500
17.81901667	496
17.82738333	502
17.83588333	510
17.8442	499
17.85241667	493
17.86068333	496
17.86896667	497
17.8774	506
17.8858	504
17.89411667	499
17.9025	503
17.91093333	506
17.91923333	498
17.92745	493
17.93578333	500
17.9442	505
17.95253333	500
17.96088333	501
17.9693	505
17.97785	513
17.98625	504
17.99456667	499
18.00288333	499
18.01115	496
18.01948333	500
18.02785	502
18.03613333	497
18.04436667	494
18.05273333	502
18.06101667	497
18.06918333	490
18.07748333	498
18.08586667	503
18.0941	494
18.10238333	497
18.11086667	509
18.11923333	502
18.12758333	501
18.13605	508
18.1444	501
18.15268333	497
18.1609	493
18.16906667	490
18.17708333	481
18.185	475
18.19306667	484
18.2011	482
18.2091	480
18.21721667	487
18.22535	488
18.23333333	479
18.24141667	485
18.2496	491
18.25768333	485
18.26583333	489
18.27411667	497
18.28256667	507
18.29083333	496
18.29913333	498
18.3076	508
18.31595	501
18.32423333	497
18.33268333	507
18.34103333	501
18.34925	493
18.35756667	499
18.366	506
18.3742	492
18.38245	495
18.39076667	499
18.39913333	502
18.40758333	507
18.41593333	501
18.42438333	507
18.43291667	512
18.44128333	502
18.44976667	509
18.4583	512
18.4668	510
18.47528333	509
18.4838	511
18.49236667	514
18.50076667	504
18.50906667	498
18.51738333	499
18.52576667	503
18.53406667	498
18.54231667	495
18.55075	506
18.55905	498
18.56736667	499
18.57581667	507
18.58416667	501
18.59251667	501
18.60091667	504
18.60941667	510
18.61781667	504
18.62618333	502
18.63465	508
18.64313333	509
18.65156667	506
18.65991667	501
18.66818333	496
18.6763	487
18.68433333	482
18.6927	502
18.70116667	508
18.7098	518
18.71856667	526
18.72746667	534
18.7365	542
18.74521667	523
18.75378333	514
18.7623	511
18.77075	507
18.77928333	512
18.7878	511
18.79615	501
18.80455	504
18.81286667	499
18.82125	503
18.82963333	503
18.8379	496
18.84613333	494
18.8544	496
18.86266667	496
18.87098333	499
18.87925	496
18.8874	489
18.89556667	490
18.9037	488
18.91193333	494
18.92016667	494
18.92833333	490
18.93643333	486
18.94456667	488
18.95285	497
18.96121667	502
18.96951667	498
18.97781667	498
18.9862	503
18.9945	498
19.0028	498
19.0112	504
19.01956667	502
19.0279	500
19.03623333	500
19.04456667	500
19.05283333	496
19.06106667	494
19.06941667	501
19.0778	503
19.08608333	497
19.0942	487
19.10228333	485
19.11043333	489
19.11855	487
19.1266	483
19.13466667	484
19.14271667	483
19.1508	485
19.15901667	493
19.16731667	498
19.17578333	508
19.18425	508
19.19266667	505
19.20113333	508
19.20963333	510
19.21815	511
19.22648333	500
19.23478333	498
19.24315	502
19.2516	507
19.25988333	497
19.26813333	495
19.27643333	498
19.28471667	497
19.29286667	489
19.30105	491
19.3091	483
19.31715	483
19.32533333	491
19.33375	505
19.34231667	514
19.35096667	519
19.35983333	532
19.36865	529
19.37733333	521
19.38593333	516
19.39451667	515
19.40318333	520
19.41196667	527
19.42078333	529
19.42943333	519
19.43776667	500
19.4462	506
19.45443333	494
19.46266667	494
19.47096667	498
19.4793	500
19.48758333	497
19.49583333	495
19.50413333	498
19.51225	487
19.52035	486
19.52845	486
19.53663333	491
19.54493333	498
19.55321667	497
19.56145	494
19.56975	498
19.57813333	503
19.58643333	498
19.59463333	492
19.60278333	489
19.61095	490
19.61915	492
19.62743333	497
19.63578333	501
19.64406667	497
19.65233333	496
19.6606	496
19.66891667	499
19.67731667	504
19.6856	497
19.69385	495
19.70216667	499
19.71035	491
19.71845	486
19.72656667	487
19.73471667	489
19.74275	482
19.75071667	478
19.75866667	477
19.76663333	478
19.77466667	482
19.78278333	487
19.79103333	495
19.79915	487
19.8072	483
19.81525	483
19.82335	486
19.83138333	482
19.83956667	491
19.84758333	481
19.85553333	477
19.86345	475
19.8713	471
19.87918333	473
19.88713333	477
19.895	472
19.90281667	469
19.91065	470
19.9185	471
19.9265	480
19.93458333	485
19.94261667	482
19.95065	482
19.95871667	484
19.96681667	486
19.97508333	496
19.98353333	507
19.99181667	497
19.99998333	490
20.00808333	486
20.01626667	491
20.02451667	495
20.03311667	516
20.04173333	517
20.05028333	513
20.05896667	521
20.06788333	535
20.07673333	531
20.08541667	521
20.09396667	513
20.10236667	504
20.11068333	499
20.11918333	510
20.12783333	519
20.13656667	524
20.1453	524
20.15393333	518
20.16238333	507
20.17066667	497
20.17873333	484
20.18661667	473
20.19455	476
20.20256667	481
20.21063333	484
20.21855	475
20.22646667	475
20.23448333	481
20.24276667	497
20.25131667	513
20.26013333	529
20.26875	517
20.27728333	512
20.28586667	515
20.29455	521
20.30306667	511
20.31155	509
20.32016667	517
20.32885	521
20.33743333	515
20.34603333	516
20.35458333	513
20.36331667	524
20.37225	536
20.38141667	550
20.39028333	532
20.39903333	525
20.40775	523
20.41655	528
20.42553333	539
20.4345	538
20.44356667	544
20.45305	569
20.46303333	599
20.47295	595
20.4829	597
20.49288333	599
20.50255	580
20.51193333	563
20.52131667	563
20.53058333	556
20.53973333	549
20.54885	547
20.55805	552
20.56736667	559
20.57655	551
20.5858	555
20.59526667	568
20.6048	572
20.61415	561
20.62365	570
20.63336667	583
20.64283333	568
20.65238333	573
20.6622	589
20.67223333	602
20.6823	604
20.69266667	622
20.70246667	588
20.71216667	582
20.72158333	565
20.73103333	567
20.74043333	564
20.74978333	561
20.7592	565
20.76875	573
20.77831667	574
20.78758333	556
20.79678333	552
20.80596667	551
20.81521667	555
20.82426667	543
20.83318333	535
20.84215	538
20.85136667	553
20.86055	551
20.86976667	553
20.87938333	577
20.88931667	596
20.89885	572
20.90865	588
20.91856667	595
20.92865	605
20.93881667	610
20.9487	593
20.95845	585
20.96826667	589
20.9781	590
20.98763333	572
20.9973	580
21.0072	594
21.0174	612
21.02788333	629
21.03876667	653
21.04995	671
21.0614	687
21.072	636
21.08183333	590
21.09126667	566
21.1004	548
21.10933333	536
21.11815	529
21.12691667	526
21.13578333	532
21.14493333	549
21.15451667	575
21.16395	566
21.17316667	553
21.18228333	547
21.1914	547
21.20056667	550
21.20958333	541
21.21856667	539
21.2276	542
21.2368	552
21.24603333	554
21.25526667	554
21.26451667	555
21.27388333	562
21.2834	571
21.293	576
21.30253333	572
21.31213333	576
21.32183333	582
21.3316	586
21.34125	579
21.35081667	574
21.36045	578
21.37036667	595
21.38025	593
21.39001667	586
21.4	599
21.41025	615
21.42051667	616
21.43068333	610
21.44108333	624
21.45158333	630
21.46193333	621
21.4723	622
21.48286667	634
21.49346667	636
21.50355	605
21.51345	594
21.52335	594
21.53296667	577
21.54231667	561
21.5518	569
21.56116667	562
21.57073333	574
21.58036667	578
21.59013333	586
21.6004	616
21.61105	639
21.62195	654
21.63261667	640
21.64345	650
21.65425	648
21.66501667	646
21.67525	614
21.68576667	631
21.6961	620
21.70608333	599
21.71603333	597
21.72603333	600
21.73575	583
21.74536667	577
21.75518333	589
21.76515	598
21.77516667	601
21.78536667	612
21.79586667	630
21.80655	641
21.81708333	632
21.82755	628
21.83801667	628
21.84853333	631
21.85876667	614
21.86896667	612
21.87923333	616
21.88965	625
21.89996667	619
21.91041667	627
21.92101667	636
21.93156667	633
21.94186667	618
21.95226667	624
21.96281667	633
21.97351667	642
21.98395	626
21.99431667	622
22.0048	629
22.01541667	637
22.02585	626
22.03636667	631
22.0469	632
22.05788333	659
22.06873333	651
22.07948333	645
22.09066667	671
22.10201667	681
22.11338333	682
22.1245	667
22.13575	675
22.14676667	661
22.1574	638
22.16813333	644
22.1791	658
22.19026667	670
22.2012	656
22.21218333	659
22.22323333	663
22.23433333	666
22.2451	646
22.2559	648
22.26663333	644
22.27721667	635
22.28766667	627
22.29816667	630
22.30871667	633
22.31921667	630
22.32941667	612
22.33961667	612
22.34976667	609
22.35943333	580
22.36906667	578
22.37856667	570
22.38803333	568
22.39741667	563
22.40686667	567
22.41666667	588
22.4267	602
22.43658333	593
22.44633333	585
22.45623333	594
22.46611667	593
22.4759	587
22.48545	573
22.49488333	566
22.5041	553
22.51311667	541
22.52186667	525
22.5306	524
22.5393	522
22.54806667	526
22.5569	530
22.56593333	542
22.57525	559
22.58488333	578
22.59478333	594
22.60523333	627
22.61613333	654
22.62738333	675
22.6382	649
22.64861667	625
22.65911667	630
22.66968333	634
22.68051667	650
22.69115	638
22.70183333	641
22.7126	646
22.72346667	652
22.73418333	643
22.74495	646
22.75596667	661
22.76741667	687
22.77866667	675
22.78981667	669
22.8012	683
22.8127	690
22.82383333	668
22.83486667	662
22.84593333	664
22.85695	661
22.86766667	643
22.8785	650
22.88956667	664
22.90036667	648
22.91111667	645
22.92201667	654
22.93301667	660
22.94393333	655
22.95468333	645
22.96565	658
22.9766	657
22.98735	645
22.99808333	644
23.00895	652
23.01993333	659
23.03061667	641
23.04131667	642
23.05193333	637
23.06251667	635
23.07296667	627
23.08343333	628
23.094	634
23.10465	639
23.1151	627
23.12563333	632
23.13635	643
23.14733333	659
23.15826667	656
23.16915	653
23.17991667	646
23.19056667	639
23.20091667	621
23.21111667	612
23.2213	611
23.23161667	619
23.24185	614
23.25195	606
23.26225	618
23.27271667	628
23.28311667	624
23.2934	617
23.30385	627
23.3144	633
23.32483333	626
23.33496667	608
23.34516667	612
23.35551667	621
23.36595	626
23.37606667	607
23.38591667	591
23.39596667	603
23.4061	608
23.41651667	625
23.42705	632
23.43765	636
23.44828333	638
23.45911667	650
23.47003333	655
23.4806	634
23.491	624
23.50146667	628
23.51198333	631
23.52266667	641
23.53336667	642
23.54401667	639
23.55475	644
23.56555	648
23.57633333	647
23.58691667	635
23.5976	641
23.60841667	649
23.61948333	664
23.63025	646
23.64091667	640
23.65165	644
23.66251667	652
23.673	629
23.6833	618
23.69348333	611
23.70358333	606
23.71343333	591
23.72306667	578
23.7325	566
23.74188333	563
23.75148333	576
23.76126667	587
23.77101667	585
23.78078333	586
23.79065	592
23.80058333	596
23.81056667	599
23.8204	590
23.83018333	587
23.84006667	593
23.85	596
23.86005	603
23.87003333	599
23.88011667	605
23.89041667	618
23.90101667	636
23.91158333	634
23.92208333	630
23.9329	649
23.94406667	670
23.95488333	649
23.96556667	641
23.97623333	640
23.98691667	641
23.99733333	625
24.00753333	612
24.01781667	617
24.02815	620
24.03845	618
24.04856667	607
24.0589	620
24.06945	633
24.0801	639
24.09063333	632
24.10146667	650
24.11256667	666
24.12343333	652
24.13435	655
24.14531667	658
24.15613333	649
24.16656667	626
24.177	626
24.1874	624
24.19775	621
24.20798333	614
24.21825	616
24.22865	624
24.23925	636
24.24963333	623
24.25998333	621
24.27053333	633
24.2813	646
24.29178333	629
24.30226667	629
24.31276667	630
24.32353333	646
24.33428333	645
24.34473333	627
24.35506667	620
24.3654	620
24.37555	609
24.38553333	599
24.39553333	600
24.40575	613
24.41625	630
24.42676667	631
24.43716667	624
24.44778333	637
24.45845	640
24.46906667	637
24.47953333	628
24.49005	631
24.50058333	632
24.51106667	629
24.52128333	613
24.5315	613
24.5417	612
24.55158333	593
24.56151667	596
24.57163333	607
24.58176667	608
24.59165	593
24.60135	582
24.611	579
24.62078333	587
24.63076667	599
24.64091667	609
24.65123333	619
24.6615	616
24.6714	594
24.68101667	577
24.69041667	564
24.69958333	550
24.7087	547
24.71778333	545
24.72696667	551
24.73628333	559
24.7458	571
24.7552	564
24.76448333	557
24.77371667	554
24.78308333	562
24.79286667	587
24.80296667	606
24.81263333	580
24.82223333	576
24.83181667	575
24.84148333	580
24.85126667	587
24.8612	596
24.87133333	608
24.8817	622
24.8922	630
24.90265	627
24.91321667	634
24.92386667	639
24.93445	635
24.94488333	626
24.95495	604
24.96456667	577
24.97395	563
24.98336667	565
24.9931	584
25.0031	600
25.0136	630
25.0245	654
25.03531667	649
25.04663333	679
25.0581	688
25.07033333	734
25.08283333	750
25.0954	754
25.10773333	740
25.11975	721
25.13131667	694
25.14256667	675
25.1535	656
25.16428333	647
25.17488333	636
25.18545	634
25.19593333	629
25.20623333	618
25.21666667	626
25.22765	659
25.23921667	694
25.25101667	708
25.26255	692
25.27441667	712
25.28593333	691
25.29678333	651
25.3072	625
25.31745	615
25.32771667	616
25.33823333	631
25.34921667	659
25.36055	680
25.37165	666
25.3829	675
25.39433333	686
25.40585	691
25.41746667	697
25.42901667	693
25.44028333	676
25.45125	658
25.4623	663
25.47338333	665
25.48456667	671
25.49545	653
25.50638333	656
25.5178	685
25.52938333	695
25.54045	664
25.55153333	665
25.56275	673
25.57356667	649
25.58411667	633
25.59475	638
25.60556667	649
25.61631667	645
25.62706667	645
25.63828333	673
25.64988333	696
25.6618	715
25.67346667	700
25.68505	695
25.69633333	677
25.70741667	665
25.71811667	642
25.72875	638
25.73965	654
25.75075	666
25.76168333	656
25.77275	664
25.78408333	680
25.7953	673
25.80635	663
25.81765	678
25.82918333	692
25.841	709
25.85246667	688
25.86403333	694
25.87556667	692
25.88715	695
25.89843333	677
25.90973333	678
25.92125	691
25.93305	708
25.94471667	700
25.95585	668
25.96705	672
25.97831667	676
25.98915	650
25.99988333	644
26.01086667	659
26.0219	662
26.03265	645
26.04345	648
26.05453333	665
26.06555	661
26.0763	645
26.08731667	661
26.09843333	667
26.10916667	644
26.1196	626
26.13026667	640
26.14126667	660
26.1528	692
26.16446667	700
26.1763	710
26.18846667	730
26.20053333	724
26.21205	691
26.22291667	652
26.23328333	622
26.24346667	611
26.25366667	612
26.26405	623
26.27431667	616
26.28456667	615
26.29505	629
26.3059	651
26.31686667	658
26.32753333	640
26.3386	664
26.3501	690
26.3613	672
26.37251667	673
26.38386667	681
26.3954	692
26.40638333	659
26.41721667	650
26.42811667	654
26.43926667	669
26.45031667	663
26.46121667	654
26.47228333	664
26.48356667	677
26.49493333	682
26.50605	667
26.51721667	670
26.52856667	681
26.53991667	681
26.55091667	660
26.56188333	658
26.57268333	648
26.58333333	639
26.59383333	630
26.60453333	642
26.61568333	669
26.62731667	698
26.6388	689
26.65036667	694
26.66216667	708
26.67406667	714
26.68558333	691
26.69685	676
26.70815	678
26.7196	687
26.73121667	697
26.74271667	690
26.75415	686
26.76586667	703
26.77768333	709
26.78945	706
26.80076667	679
26.81223333	688
26.82365	685
26.8346	657
26.84521667	637
26.85585	638
26.86648333	638
26.87731667	650
26.88805	644
26.899	657
26.91048333	689
26.92225	706
26.93375	690
26.94518333	686
26.95681667	698
26.96826667	687
26.97926667	660
26.99031667	663
27.00126667	657
27.01211667	651
27.02256667	627
27.03256667	600
27.04263333	604
27.05303333	624
27.06351667	629
27.07425	644
27.08541667	670
27.0969	689
27.1087	708
27.12073333	722
27.1326	712
27.14426667	700
27.15575	689
27.16713333	683
27.17836667	674
27.18941667	663
27.20028333	652
27.2107	625
27.22093333	614
27.23118333	615
27.24146667	617
27.25206667	636
27.26296667	654
27.27433333	682
27.28601667	701
27.29778333	706
27.3095	703
27.32113333	698
27.33285	703
27.34475	714
27.35681667	724
27.36896667	729
27.38118333	733
27.39331667	728
27.40465	680
27.41543333	647
27.42576667	620
27.43581667	603
27.44593333	607
27.45633333	624
27.46655	613
27.47731667	646
27.48863333	679
27.49961667	659
27.50998333	622
27.52045	628
27.53096667	631
27.54178333	649
27.55293333	669
27.56418333	675
27.57556667	683
27.58693333	682
27.59811667	671
27.60893333	649
27.61971667	647
27.6304	641
27.64111667	643
27.65176667	639
27.6621	620
27.67248333	623
27.68283333	621
27.69346667	638
27.70418333	643
27.7149	643
27.72598333	665
27.73718333	672
27.74805	652
27.75876667	643
27.76961667	651
27.78053333	655
27.79128333	645
27.80175	628
27.81205	618
27.82226667	613
27.83241667	609
27.84238333	598
27.85238333	600
27.8624	601
27.87255	609
27.8828	615
27.89285	603
27.90285	600
27.91263333	587
27.92256667	596
27.93241667	591
27.94218333	586
27.95185	580
27.96143333	575
27.97081667	563
27.9803	569
27.98973333	566
27.99916667	566
28.00873333	574
28.01841667	581
28.02823333	589
28.03816667	596
28.04818333	601
28.05823333	603
28.06815	595
28.07806667	595
28.08798333	595
28.09775	586
28.10751667	586
28.11728333	586
28.12708333	588
28.13693333	591
28.14686667	596
28.15705	611
28.1671	603
28.17726667	610
28.1879	638
28.19923333	680
28.21071667	689
28.22186667	669
28.23341667	693
28.24498333	694
28.25601667	662
28.267	659
28.27796667	658
28.28856667	636
28.2991	632
28.30993333	650
28.32103333	666
28.33206667	662
28.34298333	655
28.35425	676
28.36575	690
28.3772	687
28.38868333	689
28.40038333	702
28.41225	712
28.42361667	682
28.43505	686
28.44648333	686
28.45771667	674
28.46861667	654
28.47976667	669
28.49106667	678
28.50231667	675
28.51346667	669
28.52491667	687
28.53661667	702
28.54781667	672
28.55898333	670
28.57026667	677
28.5812	656
28.59241667	673
28.60385	686
28.61526667	685
28.6265	674
28.63775	675
28.64896667	673
28.6597	644
28.67025	633
28.68068333	626
28.69076667	605
28.70071667	597
28.71038333	580
28.72003333	579
28.72988333	591
28.74005	610
28.75025	612
28.7608	633
28.77168333	653
28.78283333	669
28.79413333	678
28.80538333	675
28.81635	658
28.82693333	635
28.83733333	624
28.8478	628
28.85843333	638
28.86935	655
28.88025	654
28.89095	642
28.9019	657
28.91298333	665
28.92386667	653
28.93443333	634
28.94478333	621
28.95536667	635
28.96621667	651
28.97688333	640
28.9874	631
28.99806667	640
29.00888333	649
29.01953333	639
29.03031667	647
29.04126667	657
29.05228333	661
29.06305	646
29.0739	651
29.08478333	653
29.09588333	666
29.10733333	687
29.11865	679
29.13015	690
29.14185	702
29.15331667	688
29.16446667	669
29.17586667	684
29.1875	698
29.19921667	703
29.21051667	678
29.2217	671
29.23293333	674
29.24416667	674
29.25528333	667
29.26656667	677
29.27808333	691
29.28956667	689
29.30075	671
29.3122	687
29.32378333	695
29.33506667	677
29.34621667	669
29.35735	668
29.36861667	676
29.37966667	663
29.39075	665
29.40213333	683
29.41376667	698
29.42483333	664
29.43575	655
29.4469	669
29.45825	681
29.46915	654
29.48	651
29.49098333	659
29.50208333	666
29.51306667	659
29.52426667	672
29.53566667	684
29.54731667	699
29.55861667	678
29.57001667	684
29.58135	680
29.5925	669
29.60325	645
29.61405	648
29.62508333	662
29.6362	667
29.64701667	649
29.658	659
29.66903333	662
29.68016667	668
29.69096667	648
29.70186667	654
29.71298333	667
29.72433333	681
29.73566667	680
29.74721667	693
29.75908333	712
29.77105	718
29.7828	705
29.79438333	695
29.80588333	690
29.81728333	684
29.82811667	650
29.83888333	646
29.84976667	653
29.86106667	678
29.8723	674
29.88375	687
29.8955	705
29.90758333	725
29.91921667	698
29.93063333	685
29.94233333	702
29.95421667	713
29.96598333	706
29.97733333	681
29.9889	694
30.00048333	695
30.01203333	693
30.02335	679
30.03486667	691
30.04658333	703
30.05826667	701
30.0694	668
30.08036667	658
30.09138333	661
30.10225	652
30.1129	639
30.12373333	650
30.13476667	662
30.14565	653
30.15655	654
30.16786667	679
30.1796	704
30.19138333	707
30.2028	685
30.2142	684
30.22566667	688
30.2367	662
30.24765	657
30.2585	651
30.2693	648
30.28023333	656
30.29151667	677
30.30333333	709
30.31525	715
30.32716667	715
30.33926667	726
30.3514	728
30.36288333	689
30.37371667	650
30.38411667	624
30.39411667	600
30.40398333	592
30.41408333	606
30.42441667	620
30.43471667	618
30.4453	635
30.45626667	658
30.46726667	660
30.47791667	639
30.48903333	667
30.50035	679
30.5119	693
30.52365	705
30.5351	687
30.54636667	676
30.5575	668
30.56861667	667
30.57958333	658
30.59035	646
30.60095	636
30.6113	621
30.6217	624
30.6323	636
30.6432	654
30.65418333	659
30.66511667	656
30.67633333	673
30.68788333	693
30.69958333	702
30.71078333	672
30.72208333	678
30.73326667	671
30.74418333	655
30.7547	631
30.76525	633
30.77591667	640
30.78668333	646
30.79721667	632
30.808	647
30.81893333	656
30.82973333	648
30.84041667	641
30.8513	653
30.86218333	653
30.87268333	630
30.88311667	626
30.89365	632
30.90428333	638
30.91466667	623
30.9249	614
30.93515	615
30.94538333	614
30.95536667	599
30.96516667	588
30.97508333	595
30.98526667	611
30.99588333	637
31.00641667	632
31.01703333	637
31.02793333	654
31.03876667	650
31.0493	632
31.05978333	629
31.07036667	635
31.081	638
31.09145	627
31.1019	627
31.11238333	629
31.12288333	630
31.13335	628
31.1439	633
31.1546	642
31.16541667	649
31.17648333	664
31.18701667	632
31.19693333	595
31.20666667	584
31.21643333	586
31.2262	586
31.23598333	587
31.24556667	575
31.25503333	568
31.26471667	581
31.2743	575
31.28393333	578
31.29338333	567
31.30261667	554
31.31186667	555
31.32106667	552
31.33023333	550
31.33945	553
31.34856667	547
31.35766667	546
31.36675	545
31.37583333	545
31.38493333	546
31.39401667	545
31.40291667	534
31.41181667	534
31.42086667	543
31.43008333	553
31.43941667	560
31.4489	569
31.4587	588
31.46888333	611
31.47921667	620
31.48948333	616
31.49948333	600
31.50936667	593
31.51916667	588
31.52888333	583
31.53851667	578
31.54798333	568
31.55716667	551
31.56625	545
31.5753	543
31.58445	549
31.59386667	565
31.6038	596
31.61371667	595
31.62348333	586
31.63348333	600
31.64393333	627
31.65466667	644
31.66541667	645
31.6764	659
31.68751667	667
31.6983	647
31.70893333	638
31.71953333	636
31.73006667	632
31.74021667	609
31.75055	620
31.76101667	628
31.77161667	636
31.7821	629
31.79273333	638
31.80396667	674
31.81575	707
31.8281	741
31.83996667	712
31.85188333	715
31.86381667	716
31.8753	689
31.887	702
31.89888333	713
31.91073333	711
31.92245	703
31.93443333	719
31.94668333	735
31.95918333	750
31.97141667	734
31.98373333	739
31.99615	745
