0.010633333	614
0.022383333	638
0.034566667	705
0.046516667	731
0.058916667	717
0.071183333	744
0.08345	736
0.095833333	736
0.1075	743
0.119266667	700
0.1311	706
0.14305	710
0.154933333	717
0.1664	713
0.177883333	688
0.189233333	689
0.20015	681
0.211083333	655
0.222133333	656
0.233366667	663
0.244183333	674
0.254516667	649
0.2645	620
0.274533333	599
0.285316667	602
0.296766667	647
0.30965	687
0.322383333	773
0.334816667	764
0.34695	746
0.358733333	728
0.369466667	707
0.379916667	644
0.3904	627
0.401133333	629
0.412333333	644
0.423766667	672
0.435283333	686
0.446916667	691
0.458583333	698
0.469966667	700
0.4811	683
0.492116667	668
0.5031	661
0.514216667	659
0.525683333	667
0.537316667	688
0.548416667	698
0.559666667	666
0.571233333	675
0.583116667	694
0.594733333	713
0.6063	697
0.617583333	694
0.6279	677
0.638116667	619
0.648316667	613
0.658683333	612
0.669583333	622
0.681316667	654
0.692566667	704
0.703966667	675
0.715	684
0.7262	662
0.737583333	672
0.7492	683
0.76115	697
0.77325	717
0.784633333	726
0.796	683
0.80785	682
0.8205	711
0.8337	759
0.847	792
0.860366667	798
0.873233333	802
0.88495	772
0.896783333	703
0.908883333	710
0.921483333	726
0.9341	756
0.94575	757
0.956716667	699
0.967483333	658
0.97855	646
0.990616667	664
1.003366667	724
1.016483333	765
1.029066667	787
1.040433333	755
1.05225	682
1.064266667	709
1.076566667	721
1.0896	738
1.102833333	782
1.11545	794
1.127516667	757
1.139616667	724
1.151916667	726
1.16445	738
1.177116667	752
1.189766667	760
1.202283333	759
1.215	751
1.227516667	763
1.2398	751
1.252	737
1.263666667	732
1.274566667	700
1.28495	654
1.29495	623
1.305283333	600
1.316183333	620
1.327833333	654
1.3396	699
1.350466667	706
1.361133333	652
1.372316667	640
1.383033333	671
1.394016667	643
1.40495	659
1.415633333	656
1.4266	641
1.437583333	658
1.448816667	659
1.459916667	674
1.470933333	666
1.481566667	661
1.492583333	638
1.503516667	661
1.514366667	656
1.525766667	651
1.537233333	684
1.548533333	688
1.559516667	678
1.571	659
1.582116667	689
1.593216667	667
1.6042	666
1.615466667	659
1.626766667	676
1.6381	678
1.649516667	680
1.660583333	685
1.671433333	664
1.681883333	651
1.692316667	627
1.702933333	626
1.713833333	637
1.724716667	654
1.7358	653
1.74635	665
1.757283333	633
1.768583333	656
1.780583333	678
1.792483333	720
1.80365	714
1.815183333	670
1.826616667	692
1.8378	686
1.849083333	671
1.859683333	677
1.870233333	636
1.880566667	633
1.890916667	620
1.90135	621
1.911533333	626
1.921766667	611
1.932033333	614
1.942533333	616
1.952983333	630
1.9636	627
1.974466667	637
1.98565	652
1.99685	671
2.007716667	672
2.018516667	652
2.029666667	648
2.041216667	669
2.052766667	693
2.0641	693
2.0755	680
2.0869	684
2.098183333	684
2.109016667	677
2.11995	650
2.130716667	656
2.141716667	646
2.1525	660
2.16365	647
2.174983333	669
2.18595	680
2.196633333	658
2.207633333	641
2.219033333	660
2.230933333	684
2.242416667	714
2.254133333	689
2.26605	703
2.27825	715
2.28985	732
2.302066667	696
2.314716667	733
2.327283333	759
2.339233333	754
2.351133333	717
2.363116667	714
2.375066667	719
2.3867	717
2.398633333	698
2.410866667	716
2.423033333	734
2.434683333	730
2.4465	699
2.458566667	709
2.470866667	724
2.48265	738
2.494633333	707
2.506516667	719
2.517766667	713
2.52935	675
2.540966667	695
2.552933333	697
2.56485	718
2.577066667	715
2.58985	733
2.60265	767
2.61505	768
2.628033333	744
2.640933333	779
2.653833333	774
2.665783333	774
2.678016667	717
2.690066667	734
2.701566667	723
2.713666667	690
2.72625	726
2.738383333	755
2.74985	728
2.76125	688
2.772983333	684
2.784616667	704
2.795716667	698
2.806183333	666
2.8165	628
2.8266	619
2.8365	606
2.8466	594
2.857516667	606
2.868883333	655
2.879916667	682
2.890716667	662
2.9022	648
2.914266667	689
2.9266	724
2.938816667	740
2.949683333	733
2.961	652
2.97235	679
2.984166667	681
2.995866667	709
3.007633333	702
3.018966667	706
3.040666667	680
3.050833333	0
3.060883333	610
3.070866667	603
3.081266667	599
3.092333333	624
3.102483333	664
3.112633333	609
3.123916667	609
3.135333333	677
3.14685	685
3.15855	691
3.1704	702
3.182133333	711
3.193916667	704
3.205433333	707
3.216833333	691
3.2279	684
3.238833333	664
3.249683333	656
3.260516667	651
3.271316667	650
3.282116667	648
3.293033333	648
3.30415	655
3.3154	667
3.3265	675
3.337733333	666
3.348483333	674
3.359066667	645
3.369816667	635
3.380883333	645
3.392133333	664
3.403933333	675
3.415816667	708
3.427216667	713
3.43835	684
3.448833333	668
3.459283333	629
3.4696	627
3.4799	619
3.490483333	618
3.501183333	635
3.512266667	642
3.5232	665
3.533866667	656
3.544833333	640
3.555366667	658
3.565983333	632
3.57685	637
3.58805	652
3.599833333	672
3.6108	707
3.62185	658
3.633216667	663
3.644533333	682
3.656216667	679
3.667633333	701
3.679016667	685
3.6907	683
3.7023	701
3.713683333	696
3.725	683
3.736216667	679
3.747183333	673
3.758116667	658
3.768816667	656
3.77925	642
3.7896	626
3.800066667	621
3.81115	628
3.822716667	665
3.834933333	694
3.846016667	733
3.856733333	665
3.866566667	643
3.879083333	590
3.890933333	751
3.903733333	711
3.917	768
3.93045	796
3.943416667	807
3.9561	778
3.967916667	761
3.97885	709
3.989666667	656
4.0006	649
4.011533333	656
4.021966667	656
4.03205	626
4.041983333	605
4.051833333	596
4.062133333	591
4.073283333	618
4.085216667	669
4.09815	716
4.111183333	776
4.1242	782
4.137083333	781
4.14945	773
4.16145	742
4.173183333	720
4.184266667	704
4.194783333	665
4.205533333	631
4.216666667	645
4.228483333	668
4.240033333	709
4.251866667	693
4.26375	710
4.27555	713
4.287316667	708
4.299	706
4.310783333	701
4.32245	707
4.334083333	700
4.345616667	698
4.356683333	692
4.367483333	664
4.3785	648
4.390016667	661
4.402316667	691
4.414933333	738
4.427783333	757
4.44025	771
4.4527	748
4.464566667	747
4.476283333	712
4.487616667	703
4.498683333	680
4.5102	664
4.521566667	691
4.5329	682
4.5444	680
4.555483333	690
4.566766667	665
4.578833333	677
4.591	724
4.603516667	730
4.615916667	751
4.6282	744
4.640383333	737
4.652466667	731
4.66405	725
4.6757	695
4.68745	699
4.699233333	705
4.710983333	707
4.722616667	705
4.734066667	698
4.7452	687
4.756383333	668
4.767816667	671
4.779516667	686
4.791116667	702
4.80365	696
4.816216667	752
4.828483333	754
4.84005	736
4.85145	694
4.863083333	684
4.8748	698
4.886166667	703
4.897633333	682
4.909233333	688
4.920766667	696
4.93165	692
4.9423	653
4.952716667	639
4.962966667	625
4.97355	615
4.984533333	635
4.995866667	659
5.008	680
5.020033333	728
5.03185	722
5.043266667	709
5.055066667	685
5.066866667	708
5.078883333	708
5.090466667	721
5.101966667	695
5.113483333	690
5.124816667	691
5.135966667	680
5.146716667	669
5.156983333	645
5.166966667	616
5.176716667	599
5.18645	585
5.196416667	584
5.207366667	598
5.2192	657
5.231283333	710
5.242816667	725
5.25455	692
5.26545	704
5.27585	654
5.285983333	624
5.295883333	608
5.3062	594
5.316883333	619
5.328583333	641
5.340366667	702
5.3514	707
5.361866667	662
5.372266667	628
5.382766667	624
5.393416667	630
5.403966667	639
5.414716667	633
5.425483333	645
5.436616667	646
5.447916667	668
5.459266667	678
5.4709	681
5.483016667	698
5.495416667	727
5.5076	744
5.519333333	731
5.530966667	704
5.5427	698
5.554116667	704
5.564833333	685
5.575666667	643
5.586716667	650
5.598083333	663
5.609683333	682
5.621233333	696
5.6326	693
5.6437	682
5.6547	666
5.666	660
5.677466667	678
5.688883333	688
5.699983333	685
5.711066667	666
5.72245	665
5.734733333	683
5.747133333	737
5.7597	744
5.771566667	754
5.783166667	712
5.794683333	696
5.805766667	691
5.816766667	665
5.827883333	660
5.83965	667
5.8513	706
5.863133333	699
5.87525	710
5.8876	727
5.899833333	741
5.911883333	734
5.9238	723
5.935783333	715
5.9472	719
5.957933333	685
5.968483333	644
5.979433333	633
5.990833333	657
6.00215	684
6.012766667	679
6.023466667	637
6.0341	642
6.045066667	638
6.055983333	658
6.0668	655
6.077366667	649
6.087533333	634
6.097316667	610
6.1069	587
6.116416667	575
6.12665	571
6.137666667	614
6.149566667	661
6.162483333	714
6.175633333	775
6.189	789
6.202483333	802
6.215316667	809
6.22655	770
6.237383333	674
6.248466667	650
6.2598	665
6.271533333	680
6.283616667	704
6.29585	725
6.3083	734
6.319566667	747
6.330283333	676
6.34065	643
6.35115	622
6.3617	630
6.372666667	633
6.384	658
6.395583333	680
6.407316667	695
6.418916667	704
6.430066667	696
6.440583333	669
6.45085	631
6.460966667	616
6.47115	607
6.48185	611
6.49355	642
6.50585	702
6.518383333	738
6.530933333	752
6.54315	753
6.555283333	733
6.566616667	728
6.577733333	680
6.58875	667
6.599683333	661
6.610183333	656
6.620316667	630
6.630616667	608
6.641316667	618
6.653116667	642
6.665583333	708
6.6781	748
6.6898	751
6.7007	702
6.711133333	654
6.721566667	626
6.732466667	626
6.743733333	654
6.755816667	676
6.767916667	725
6.77895	726
6.7896	662
6.800466667	639
6.811433333	652
6.822433333	658
6.83345	660
6.8443	661
6.85535	651
6.866183333	663
6.876816667	650
6.887266667	638
6.897883333	627
6.908366667	637
6.918933333	629
6.929866667	634
6.940633333	656
6.952183333	646
6.96395	693
6.975416667	706
6.9876	688
6.999666667	731
7.011683333	724
7.023633333	721
7.0352	717
7.046066667	694
7.057066667	652
7.068166667	660
7.078933333	666
7.089766667	646
7.100666667	650
7.111466667	654
7.122016667	648
7.132766667	633
7.14365	645
7.1543	653
7.164966667	639
7.175766667	640
7.186683333	648
7.197716667	655
7.208783333	662
7.219666667	664
7.230866667	653
7.241616667	672
7.252266667	645
7.262883333	639
7.273483333	637
7.284033333	636
7.294233333	633
7.304816667	612
7.315433333	635
7.32595	637
7.336383333	631
7.3468	626
7.357333333	625
7.368066667	632
7.379066667	644
7.38985	660
7.40095	647
7.412133333	666
7.4228	671
7.433566667	640
7.444533333	646
7.456016667	658
7.46705	689
7.477633333	662
7.488566667	635
7.499616667	656
7.510483333	663
7.5208	652
7.531866667	619
7.54295	664
7.55355	665
7.563933333	636
7.574483333	623
7.5851	633
7.5953	637
7.60515	612
7.614983333	591
7.625	590
7.635083333	601
7.645033333	605
7.654916667	597
7.665183333	593
7.675383333	616
7.67925	612
7.685833333	0
7.696416667	0
7.706866667	635
7.71715	627
7.7272	617
7.73685	603
7.746483333	579
7.756033333	578
7.7658	573
7.775733333	586
7.785383333	596
7.7949	579
7.804633333	571
7.814416667	584
7.82405	587
7.833566667	578
7.842883333	571
7.852316667	559
7.862066667	566
7.872066667	585
7.881766667	600
7.891283333	582
7.90085	571
7.910716667	574
7.920816667	592
7.930466667	606
7.939916667	579
7.949566667	567
7.9595	579
7.96965	596
7.980283333	609
7.990616667	638
8.000466667	620
8.009916667	591
8.01935	567
8.028883333	566
8.038816667	572
8.049283333	596
8.060366667	628
8.071916667	665
8.083283333	693
8.094333333	682
8.104783333	663
8.114866667	627
8.124966667	605
8.135466667	606
8.145966667	630
8.1562	630
8.165883333	614
8.17565	581
8.185616667	586
8.196016667	598
8.208016667	624
8.219133333	720
8.229466667	667
8.239883333	620
8.250416667	625
8.260966667	632
8.27095	633
8.280883333	599
8.2908	596
8.30095	595
8.311666667	609
8.322766667	643
8.333133333	666
8.343216667	622
8.353133333	605
8.363266667	595
8.373783333	608
8.384116667	631
8.39435	620
8.404916667	614
8.41645	634
8.428016667	692
8.439016667	694
8.450266667	660
8.462116667	675
8.47405	711
8.4852	716
8.495383333	669
8.505483333	611
8.51575	606
8.526533333	616
8.537966667	647
8.549233333	686
8.560033333	676
8.570266667	648
8.580283333	614
8.59035	601
8.600983333	604
8.6125	638
8.62385	691
8.634716667	681
8.645233333	652
8.655516667	631
8.6661	617
8.676733333	635
8.687066667	638
8.697066667	620
8.707066667	600
8.716766667	600
8.726066667	582
8.735383333	558
8.74485	559
8.75465	568
8.765516667	588
8.776916667	652
8.7883	684
8.799033333	683
8.809833333	644
8.821133333	648
8.832583333	678
8.843766667	687
8.854816667	671
8.866283333	663
8.877266667	688
8.887916667	659
8.899283333	639
8.91055	682
8.9215	676
8.931816667	657
8.9425	619
8.9536	641
8.964383333	666
8.9746	647
8.984366667	613
8.993933333	586
9.00385	574
9.014416667	595
9.026333333	634
9.038316667	715
9.0492	719
9.05985	653
9.0705	639
9.082883333	639
9.095583333	743
9.106933333	762
9.11865	681
9.13055	703
9.142083333	714
9.153216667	692
9.16365	668
9.173783333	626
9.183816667	608
9.193583333	602
9.203433333	586
9.213766667	591
9.224883333	620
9.235966667	667
9.246416667	665
9.25665	627
9.266716667	614
9.277016667	604
9.287816667	618
9.2995	648
9.31025	701
9.321433333	645
9.3324	671
9.343883333	658
9.3548	689
9.36505	655
9.375033333	615
9.384766667	599
9.394533333	584
9.404633333	586
9.415	606
9.425533333	622
9.4355	632
9.445233333	598
9.454916667	584
9.4647	581
9.474666667	587
9.484666667	598
9.4945	600
9.504216667	590
9.51365	583
9.522916667	566
9.532266667	556
9.541816667	561
9.551633333	573
9.561816667	589
9.5718	611
9.581566667	599
9.59105	586
9.600433333	569
9.609933333	563
9.6194	570
9.629216667	568
9.6392	589
9.649416667	599
9.659283333	613
9.66895	592
9.6785	580
9.68805	573
9.697766667	573
9.707666667	583
9.7182	594
9.728133333	632
9.737833333	596
9.7473	582
9.75655	568
9.765816667	555
9.774966667	556
9.784033333	549
9.79315	544
9.802466667	547
9.811966667	559
9.821766667	570
9.831633333	588
9.841683333	592
9.85155	603
9.86145	592
9.871133333	594
9.880666667	581
9.889966667	572
9.8991	558
9.908	548
9.916783333	534
9.925416667	527
9.934	518
9.9428	515
9.951966667	528
9.961183333	550
9.970433333	553
9.980466667	555
9.990816667	602
10.00113333	621
10.01161667	619
10.0221	629
10.03251667	629
10.04286667	625
10.05308333	621
10.06298333	613
10.07256667	594
10.08193333	575
10.09106667	562
10.1001	548
10.10901667	542
10.11795	535
10.12698333	536
10.13616667	542
10.14541667	551
10.15465	555
10.1642	554
10.17383333	573
10.1837	578
10.19358333	592
10.20315	593
10.21261667	574
10.22191667	568
10.23095	558
10.23993333	542
10.24891667	539
10.25788333	539
10.267	538
10.27643333	547
10.28601667	566
10.29571667	575
10.30586667	582
10.31595	609
10.32568333	605
10.33528333	584
10.34463333	576
10.35383333	561
10.36285	552
10.3717	541
10.38045	531
10.3892	525
10.39811667	525
10.4071	535
10.41606667	539
10.42505	538
10.43415	539
10.44338333	546
10.4524	554
10.46176667	541
10.47098333	562
10.48016667	553
10.48915	551
10.498	539
10.50663333	531
10.51518333	518
10.52366667	513
10.53216667	509
10.54108333	510
10.55028333	535
10.5594	552
10.5685	547
10.57758333	546
10.5867	545
10.5959	547
10.60526667	552
10.61455	562
10.62386667	557
10.63321667	559
10.64238333	561
10.65166667	550
10.66105	557
10.67068333	563
10.68038333	578
10.69018333	582
10.69966667	588
10.70876667	569
10.71758333	546
10.72623333	529
10.73478333	519
10.7434	513
10.75225	517
10.76115	531
10.77045	534
10.77936667	558
10.78811667	535
10.79675	525
10.8054	518
10.81413333	519
10.82303333	524
10.83241667	534
10.84173333	563
10.85103333	559
10.86048333	558
10.86968333	567
10.87858333	552
10.88721667	534
10.89566667	518
10.90398333	507
10.91228333	499
10.92076667	498
10.92953333	509
10.93855	526
10.94753333	541
10.95655	539
10.9655	541
10.97465	537
10.98375	549
10.99276667	546
11.0015	541
11.01008333	524
11.01851667	515
11.02688333	506
11.0353	502
11.04381667	505
11.05248333	511
11.0612	520
11.06995	523
11.07876667	525
11.08755	529
11.09613333	527
11.10465	515
11.11311667	511
11.12146667	508
11.12981667	501
11.13811667	501
11.14665	498
11.15525	512
11.16405	516
11.17276667	528
11.18165	523
11.19055	533
11.19948333	534
11.20823333	536
11.21676667	525
11.22523333	512
11.23355	508
11.24178333	499
11.25006667	494
11.25843333	497
11.26693333	502
11.2755	510
11.284	514
11.29251667	510
11.30101667	511
11.30943333	510
11.31771667	505
11.326	497
11.33428333	497
11.3426	497
11.3511	499
11.35975	510
11.3687	519
11.37753333	537
11.38625	530
11.3948	523
11.40328333	513
11.4118	509
11.42031667	511
11.42891667	511
11.43775	516
11.44681667	530
11.45615	544
11.46543333	560
11.47455	557
11.48366667	547
11.49251667	547
11.50121667	531
11.50963333	522
11.51793333	505
11.52626667	498
11.5347	500
11.54326667	506
11.55201667	514
11.56071667	525
11.56918333	522
11.57763333	508
11.5859	507
11.59411667	496
11.60215	493
11.61021667	482
11.61831667	484
11.62665	486
11.63543333	500
11.64443333	527
11.65318333	540
11.66175	525
11.67021667	514
11.67865	508
11.68725	506
11.6959	516
11.70468333	519
11.71353333	527
11.72225	531
11.7308	523
11.73938333	513
11.74795	515
11.75661667	514
11.76536667	520
11.77408333	525
11.78298333	523
11.79175	534
11.80033333	526
11.80875	515
11.8171	505
11.82543333	501
11.83381667	500
11.84225	503
11.85103333	506
11.85988333	527
11.869	531
11.87806667	547
11.88728333	544
11.89623333	553
11.90513333	537
11.9138	534
11.92233333	520
11.93073333	512
11.93913333	504
11.94746667	504
11.95591667	500
11.96456667	507
11.97326667	519
11.98221667	522
11.9912	537
11.99996667	539
12.00848333	526
12.01683333	511
12.02505	501
12.03313333	493
12.0413	485
12.04938333	490
12.05768333	485
12.06611667	498
12.07468333	506
12.08316667	514
12.09168333	509
12.10006667	511
12.10841667	503
12.11686667	501
12.1254	507
12.13415	512
12.14301667	525
12.15186667	532
12.16073333	531
12.16925	532
12.17766667	511
12.1859	505
12.19413333	494
12.2024	494
12.2108	496
12.21925	504
12.2275	507
12.23568333	495
12.24386667	491
12.25213333	491
12.26058333	496
12.26911667	507
12.2776	512
12.28576667	509
12.29388333	490
12.30188333	487
12.30981667	480
12.31773333	476
12.32581667	475
12.33391667	485
12.34225	486
12.35051667	500
12.35856667	496
12.3667	483
12.37478333	488
12.38291667	485
12.39113333	488
12.3994	493
12.40751667	496
12.41553333	487
12.42343333	481
12.43133333	474
12.43926667	474
12.44723333	476
12.45541667	478
12.46375	491
12.47198333	500
12.47996667	494
12.48803333	479
12.49608333	484
12.50435	483
12.5128	496
12.52155	507
12.53063333	525
12.53981667	545
12.54885	551
12.55776667	542
12.56643333	535
12.57515	520
12.584	523
12.59308333	531
12.60251667	545
12.61188333	566
12.62125	562
12.63018333	562
12.63888333	536
12.64736667	522
12.6558	509
12.66431667	506
12.67295	511
12.68168333	518
12.69071667	524
12.69966667	542
12.7085	537
12.71713333	530
12.72565	518
12.73396667	511
12.74216667	499
12.75031667	492
12.75865	489
12.7672	500
12.77603333	513
12.78485	530
12.79335	529
12.80205	510
12.81073333	522
12.81926667	521
12.82761667	512
12.83585	501
12.84416667	494
12.8526	499
12.86126667	506
12.87018333	520
12.87885	535
12.88745	520
12.89581667	516
12.90416667	502
12.91248333	501
12.92098333	499
12.92968333	510
12.93853333	522
12.94743333	531
12.95641667	534
12.96516667	539
12.9736	525
12.98186667	506
12.98993333	496
12.99793333	484
13.00591667	480
13.01398333	479
13.02231667	484
13.03081667	500
13.03946667	510
13.04801667	519
13.0566	513
13.0651	515
13.0735	510
13.08185	504
13.09026667	501
13.09891667	505
13.10781667	519
13.1167	534
13.12525	533
13.13363333	513
13.14188333	503
13.1502	495
13.1587	499
13.16703333	510
13.17565	500
13.18423333	517
13.19281667	515
13.20133333	515
13.20986667	511
13.2185	512
13.22731667	518
13.23611667	529
13.24475	528
13.25316667	518
13.26156667	505
13.27	504
13.27851667	506
13.28716667	511
13.2959	519
13.30455	524
13.31296667	519
13.3212	505
13.32928333	494
13.3373	485
13.34538333	481
13.35368333	485
13.3619	498
13.36995	493
13.37791667	483
13.38585	478
13.39373333	476
13.40176667	473
13.40998333	482
13.41845	493
13.42685	508
13.43516667	504
13.44335	499
13.4516	491
13.46001667	495
13.46855	505
13.47706667	512
13.4854	511
13.49358333	500
13.50183333	491
13.5103	495
13.51891667	508
13.52746667	517
13.53585	513
13.5443	503
13.55276667	507
13.56126667	508
13.56973333	510
13.57791667	508
13.58613333	491
13.59423333	493
13.60248333	486
13.6107	495
13.61895	493
13.62736667	495
13.63586667	505
13.64448333	510
13.65321667	517
13.66178333	524
13.67038333	514
13.67893333	516
13.68755	513
13.69635	517
13.70503333	528
13.71353333	521
13.72186667	510
13.73015	500
13.73851667	497
13.74696667	502
13.75553333	507
13.76413333	514
13.77291667	516
13.78155	527
13.79001667	518
13.79833333	508
13.80661667	499
13.81501667	497
13.82375	504
13.83281667	524
13.84146667	544
13.84995	519
13.85848333	509
13.86723333	512
13.8762	525
13.88546667	538
13.89443333	556
13.90316667	538
13.9117	524
13.92016667	512
13.9286	508
13.93716667	506
13.94585	514
13.95461667	521
13.96348333	526
13.9722	532
13.9807	523
13.98913333	510
13.99755	506
14.00603333	505
14.0146	509
14.02313333	514
14.03168333	512
14.04015	513
14.04836667	508
14.05643333	493
14.06436667	484
14.07221667	476
14.08006667	471
14.08815	471
14.09631667	485
14.10466667	490
14.1131	501
14.12146667	506
14.12971667	502
14.13783333	495
14.146	487
14.15428333	490
14.16268333	497
14.17101667	504
14.1792	500
14.18735	491
14.19538333	489
14.20353333	482
14.21171667	489
14.2201	491
14.22856667	503
14.23706667	508
14.24563333	510
14.25423333	514
14.26268333	516
14.27091667	507
14.27918333	494
14.28755	496
14.29605	502
14.3044	510
14.31271667	501
14.32088333	499
14.329	490
14.33715	487
14.34541667	489
14.3538	496
14.36211667	503
14.37035	499
14.37853333	494
14.38683333	491
14.39533333	498
14.40386667	510
14.41248333	512
14.42083333	517
14.4291	501
14.43725	496
14.44535	489
14.45356667	486
14.46198333	493
14.47058333	505
14.4791	516
14.48753333	511
14.49598333	506
14.50458333	507
14.5133	516
14.52211667	523
14.53078333	529
14.53933333	520
14.54796667	513
14.55665	518
14.56523333	521
14.57373333	515
14.58231667	510
14.591	515
14.59986667	521
14.60843333	532
14.61688333	514
14.62515	507
14.63343333	496
14.64176667	497
14.65015	500
14.65851667	503
14.66698333	502
14.67548333	508
14.68421667	510
14.69286667	524
14.70141667	519
14.70986667	513
14.7183	507
14.7269	506
14.73573333	516
14.74455	530
14.7533	529
14.76185	525
14.77026667	513
14.77873333	505
14.78733333	508
14.79611667	516
14.80508333	527
14.81416667	538
14.82306667	545
14.83181667	534
14.84061667	525
14.84941667	528
14.85813333	528
14.86668333	523
14.87516667	513
14.88375	509
14.89241667	515
14.90096667	520
14.90936667	513
14.91771667	504
14.92616667	501
14.9347	507
14.94321667	512
14.95165	511
14.9602	506
14.96885	513
14.97746667	519
14.98598333	517
14.9944	511
15.00275	505
15.01118333	501
15.01963333	506
15.02818333	507
15.0367	513
15.04525	511
15.05403333	513
15.0627	527
15.07121667	520
15.07961667	511
15.08816667	504
15.09685	513
15.10556667	521
15.11448333	523
15.12321667	535
15.13173333	524
15.14006667	511
15.14835	500
15.15656667	497
15.16491667	493
15.1732	501
15.1814	497
15.18958333	492
15.1978	491
15.20616667	493
15.21463333	502
15.22293333	508
15.23115	498
15.23925	493
15.2474	486
15.2556	489
15.2639	492
15.27238333	498
15.28083333	509
15.2893	507
15.2977	508
15.30623333	504
15.3149	512
15.32343333	520
15.33191667	512
15.34033333	509
15.34876667	505
15.35725	506
15.3658	509
15.37428333	513
15.38261667	509
15.39076667	500
15.3988	489
15.40671667	482
15.41468333	475
15.42268333	478
15.43085	480
15.43906667	490
15.44736667	493
15.45578333	498
15.4643	505
15.47273333	511
15.48121667	506
15.48961667	509
15.49783333	504
15.50588333	493
15.51383333	483
15.5218	477
15.52975	478
15.53775	477
15.5458	480
15.55398333	483
15.56205	491
15.5703	484
15.5785	495
15.58665	492
15.59471667	489
15.60275	484
15.61088333	482
15.61925	488
15.62778333	502
15.63645	512
15.64516667	520
15.65376667	523
15.6622	516
15.6706	506
15.67905	504
15.68758333	507
15.6962	512
15.7047	517
15.71303333	510
15.72128333	500
15.7295	495
15.73775	493
15.7461	495
15.75433333	501
15.76243333	494
15.77038333	486
15.77825	477
15.78606667	472
15.79396667	469
15.80203333	474
15.81013333	484
15.8183	486
15.8263	490
15.83428333	480
15.84215	479
15.85008333	472
15.85805	476
15.86621667	478
15.87441667	490
15.88253333	492
15.8906	487
15.89863333	484
15.90675	482
15.91498333	487
15.92318333	494
15.93131667	492
15.93935	488
15.9475	482
15.9557	489
15.96415	492
15.97258333	507
15.98095	506
15.98935	502
15.99781667	504
16.00638333	508
16.01491667	514
16.02323333	512
16.0314	499
16.03943333	490
16.04736667	482
16.05535	476
16.06338333	479
16.07138333	482
16.07933333	480
16.08716667	477
16.09498333	470
16.10276667	469
16.1107	467
16.11885	476
16.12721667	489
16.13561667	502
16.14415	504
16.1525	512
16.16068333	501
16.16881667	491
16.17695	488
16.18516667	488
16.19341667	493
16.2018	495
16.21028333	503
16.21886667	509
16.22743333	515
16.23591667	514
16.24446667	509
16.25313333	513
16.26205	520
16.27085	535
16.27958333	528
16.28818333	524
16.2968	516
16.30545	517
16.3142	519
16.32311667	525
16.3319	535
16.34061667	527
16.34933333	523
16.35806667	523
16.36683333	524
16.37558333	526
16.38425	525
16.39276667	520
16.40108333	511
16.40925	499
16.4173	490
16.42533333	483
16.43346667	482
16.44166667	488
16.4498	492
16.4578	488
16.46575	480
16.47361667	477
16.48146667	472
16.4894	471
16.49738333	476
16.50543333	479
16.51355	483
16.5215	487
16.52945	477
16.5375	477
16.54565	483
16.55405	489
16.5623	504
16.57045	495
16.57848333	489
16.58658333	482
16.59475	486
16.6029	490
16.611	489
16.61896667	486
16.62693333	478
16.635	478
16.64311667	484
16.65136667	487
16.65963333	495
16.66778333	496
16.67583333	489
16.68398333	483
16.69223333	489
16.70065	495
16.70905	505
16.71735	504
16.72571667	498
16.73423333	502
16.74275	511
16.75111667	511
16.7594	502
16.7677	497
16.77613333	498
16.78465	506
16.79313333	511
16.8014	509
16.80955	496
16.81758333	489
16.82558333	482
16.83358333	480
16.84158333	480
16.84975	480
16.85795	490
16.86586667	492
16.87373333	475
16.88155	472
16.88925	469
16.897	462
16.9049	465
16.91308333	474
16.92126667	491
16.92945	491
16.93736667	491
16.94543333	475
16.95353333	484
16.96181667	486
16.97015	497
16.97841667	500
16.98653333	496
16.99471667	487
17.00298333	491
17.01135	496
17.01973333	502
17.02793333	503
17.03605	492
17.04426667	487
17.05255	493
17.06093333	497
17.06913333	503
17.0772	492
17.08526667	484
17.09353333	484
17.1019	496
17.11041667	502
17.11878333	511
17.12695	502
17.13498333	490
17.14298333	482
17.151	480
17.1591	481
17.1673	486
17.1755	492
17.1835	492
17.19151667	480
17.19956667	481
17.20771667	483
17.21601667	489
17.22421667	498
17.2323	492
17.24033333	485
17.24846667	482
17.2568	488
17.26525	500
17.27361667	507
17.28188333	502
17.29006667	496
17.29808333	491
17.30591667	481
17.31366667	470
17.32138333	465
17.32928333	463
17.33733333	474
17.34556667	483
17.35401667	494
17.3623	507
17.37056667	497
17.37881667	496
17.38703333	495
17.39543333	493
17.4039	504
17.41246667	508
17.421	514
17.4294	512
17.43765	504
17.44591667	495
17.45423333	496
17.46263333	499
17.47108333	504
17.47936667	507
17.48755	497
17.49575	491
17.50403333	492
17.5125	497
17.52086667	508
17.52911667	502
17.53726667	495
17.54548333	489
17.55375	493
17.56211667	496
17.57056667	502
17.57898333	507
17.58731667	505
17.59551667	500
17.60366667	492
17.61185	489
17.62013333	491
17.62836667	497
17.6365	494
17.64453333	488
17.65255	482
17.66055	481
17.66865	480
17.67685	486
17.68516667	492
17.69343333	499
17.70161667	496
17.70988333	491
17.71825	496
17.72671667	502
17.73516667	508
17.74341667	507
17.75155	495
17.75966667	488
17.76778333	487
17.77593333	487
17.78403333	489
17.79206667	486
17.80008333	482
17.80813333	481
17.8163	483
17.82455	490
17.8327	495
17.8409	489
17.84916667	492
17.8575	496
17.86581667	500
17.87406667	499
17.88218333	495
17.89023333	487
17.89823333	483
17.9063	480
17.91453333	484
17.92301667	494
17.9316	509
17.94023333	515
17.9488	518
17.95716667	514
17.9654	502
17.97343333	494
17.98138333	482
17.98921667	477
17.9971	470
18.00508333	473
18.01323333	479
18.02166667	489
18.03011667	506
18.03838333	507
18.04656667	496
18.05463333	491
18.06273333	484
18.07095	486
18.07925	493
18.08768333	498
18.096	506
18.10426667	499
18.11253333	496
18.1209	496
18.12935	502
18.13771667	507
18.14601667	502
18.15416667	498
18.16233333	489
18.17053333	490
18.1788	492
18.1871	496
18.19536667	498
18.20356667	496
18.21175	492
18.21996667	491
18.22816667	493
18.23641667	492
18.24461667	495
18.2527	492
18.26075	485
18.26883333	483
18.27695	485
18.28501667	487
18.29301667	484
18.30091667	480
18.30875	474
18.3165	470
18.32418333	465
18.33185	461
18.33961667	460
18.3475	466
18.35536667	473
18.36316667	472
18.37101667	468
18.37886667	471
18.38673333	471
18.39473333	472
18.40275	480
18.41071667	481
18.41865	478
18.42656667	476
18.43456667	475
18.44263333	480
18.45063333	484
18.4586	480
18.46658333	478
18.47466667	479
18.48288333	485
18.49118333	493
18.4994	498
18.50746667	493
18.51558333	484
18.52366667	487
18.53181667	485
18.54008333	489
18.54835	496
18.55658333	496
18.56468333	494
18.57285	486
18.58105	490
18.58938333	492
18.59778333	500
18.60611667	504
18.6143	500
18.62248333	491
18.6307	491
18.639	493
18.64711667	498
18.65513333	487
18.66308333	481
18.67101667	477
18.67896667	476
18.68703333	477
18.69516667	484
18.7033	488
18.71136667	488
18.71938333	484
18.72741667	481
18.73556667	482
18.7437	489
18.75175	488
18.75976667	483
18.76785	481
18.77606667	485
18.78435	493
18.79256667	497
18.80071667	493
18.80898333	489
18.8174	496
18.82578333	505
18.83413333	503
18.84253333	501
18.85098333	504
18.8595	507
18.86786667	511
18.8761	502
18.88431667	494
18.89248333	493
18.90071667	490
18.90901667	494
18.91726667	498
18.92546667	495
18.93365	492
18.94186667	491
18.95013333	493
18.95825	496
18.96636667	487
18.9745	487
18.9827	488
18.99096667	492
18.99915	496
19.00728333	491
19.01536667	488
19.02353333	485
19.03176667	490
19.0401	494
19.04833333	500
19.05651667	494
19.06473333	491
19.07296667	493
19.08118333	494
19.0893	493
19.09728333	487
19.10525	479
19.1132	478
19.12116667	477
19.1292	478
19.13721667	482
19.14518333	481
19.15321667	478
19.16128333	482
19.16943333	484
19.17751667	489
19.18556667	485
19.19358333	483
19.20151667	481
19.20935	476
19.21718333	470
19.22513333	470
19.23323333	477
19.24131667	486
19.24926667	485
19.25723333	477
19.2652	478
19.2732	478
19.2812	480
19.2891	480
19.29693333	474
19.30478333	470
19.31265	471
19.32061667	472
19.32863333	478
19.33668333	481
19.3448	483
19.35306667	487
19.36148333	496
19.36985	505
19.37816667	502
19.38643333	499
19.39478333	496
19.40326667	501
19.41183333	509
19.4203	514
19.4286	508
19.4368	498
19.44496667	492
19.4532	490
19.46156667	494
19.4698	502
19.47791667	494
19.48598333	487
19.49405	484
19.50218333	484
19.51038333	488
19.51855	492
19.5267	490
19.53471667	489
19.5427	481
19.5507	479
19.55881667	480
19.56703333	487
19.57543333	493
19.58371667	504
19.59196667	497
19.60003333	495
19.60808333	484
19.61598333	483
19.62385	474
19.63165	472
19.63946667	468
19.6472	469
19.65493333	464
19.66266667	464
19.67043333	464
19.67835	466
19.68625	475
19.6942	474
19.70218333	477
19.7101	479
19.718	475
19.72576667	474
19.73351667	466
19.74121667	465
19.74906667	462
19.75708333	471
19.76525	481
19.77343333	490
19.7816	491
19.78986667	490
19.79816667	496
19.80658333	498
19.81508333	505
19.82355	510
19.83183333	508
19.84	497
19.84811667	490
19.85623333	487
19.86443333	487
19.87261667	492
19.8807	491
19.88883333	485
19.89698333	488
19.90515	489
19.91326667	490
19.92135	487
19.92935	485
19.93731667	480
19.9454	478
19.95356667	485
19.96176667	490
19.96998333	492
19.97818333	493
19.98618333	492
19.99415	480
20.00198333	478
20.00985	470
20.01773333	472
20.02568333	473
20.03371667	477
20.04161667	482
20.04955	474
20.05768333	476
20.06593333	488
20.07406667	495
20.08213333	488
20.09021667	484
20.09855	485
20.1069	500
20.11508333	501
20.12326667	491
20.13163333	491
20.13995	502
20.14811667	499
20.15626667	490
20.16446667	489
20.17281667	492
20.20625	501
20.22308333	0
20.23148333	0
20.23986667	504
20.2482	503
20.25645	500
20.26466667	495
20.27283333	493
20.28098333	490
20.28913333	489
20.29721667	489
20.30531667	485
20.31336667	486
20.32151667	483
20.32985	489
20.33841667	500
20.3471	514
20.35573333	521
20.36451667	518
20.37336667	527
20.38228333	531
20.39138333	535
20.40055	546
20.40968333	550
20.41863333	548
20.42736667	537
20.436	524
20.44483333	518
20.45371667	530
20.46238333	533
20.47085	520
20.47931667	508
20.48773333	508
20.49625	505
20.50491667	511
20.51366667	520
20.52265	525
20.53155	539
20.54036667	534
20.54898333	529
20.55746667	517
20.5658	509
20.57391667	500
20.58201667	487
20.59025	486
20.59895	494
20.60816667	522
20.61765	553
20.62705	569
20.63628333	564
20.64523333	554
20.65416667	537
20.66311667	536
20.67225	537
20.6814	548
20.69021667	549
20.69898333	529
20.70785	526
20.71691667	532
20.7257	544
20.73451667	527
20.7435	529
20.75275	539
20.76218333	555
20.77125	566
20.78033333	544
20.78956667	545
20.79896667	554
20.80811667	564
20.81715	549
20.82621667	542
20.8355	544
20.84501667	557
20.85448333	571
20.86365	568
20.87256667	550
20.88131667	535
20.89016667	525
20.89956667	531
20.90966667	564
20.92013333	606
20.93043333	628
20.94046667	618
20.95015	602
20.95955	581
20.96878333	564
20.97781667	554
20.9867	542
20.99561667	533
21.00471667	535
21.01403333	546
21.02303333	559
21.03183333	540
21.04055	528
21.04928333	523
21.05825	524
21.06788333	538
21.07791667	578
21.08766667	602
21.09695	585
21.10638333	557
21.11608333	566
21.126	582
21.13615	595
21.14586667	609
21.15525	583
21.16448333	563
21.17383333	554
21.18355	561
21.19368333	583
21.20401667	608
21.21405	620
21.22366667	602
21.2332	577
21.24291667	572
21.25266667	583
21.2623	585
21.27151667	578
21.28045	553
21.28941667	536
21.29843333	538
21.30781667	541
21.31751667	563
21.32733333	582
21.33688333	589
21.34623333	573
21.35568333	561
21.36513333	567
21.37453333	567
21.38378333	564
21.39301667	555
21.40231667	554
21.41175	558
21.42113333	566
21.4304	563
21.4397	556
21.44911667	558
21.45853333	565
21.46776667	565
21.47681667	554
21.48566667	543
21.49453333	531
21.5035	532
21.5125	538
21.52133333	540
21.53023333	530
21.53943333	534
21.54851667	552
21.55755	545
21.5667	542
21.576	549
21.5854	558
21.59478333	564
21.60398333	563
21.61325	552
21.62256667	556
21.63191667	559
21.64115	561
21.65035	554
21.66921667	552
21.6786	0
21.68778333	563
21.69705	551
21.70648333	556
21.71621667	566
21.72616667	584
21.73613333	597
21.74601667	598
21.75578333	593
21.76523333	586
21.77441667	567
21.78336667	551
21.79225	537
21.80123333	533
21.8106	539
21.82056667	562
21.831	598
21.84083333	626
21.85023333	590
21.85946667	564
21.86855	554
21.8777	545
21.88695	549
21.89648333	555
21.90635	572
21.91621667	592
21.9259	592
21.9355	581
21.94513333	576
21.95488333	578
21.9647	585
21.97465	589
21.98423333	597
21.99381667	575
22.00305	575
22.01253333	554
22.02218333	569
22.03306667	579
22.04463333	653
22.05513333	694
22.06631667	630
22.07861667	671
22.09128333	738
22.10273333	760
22.11446667	687
22.12611667	704
22.13761667	699
22.149	690
22.16006667	683
22.1703	664
22.18035	614
22.19025	603
22.20046667	594
22.21146667	613
22.2229	660
22.23421667	686
22.24475	679
22.2553	632
22.26571667	633
22.27633333	625
22.28681667	637
22.29711667	629
22.30758333	618
22.31803333	628
22.32871667	627
22.33898333	641
22.34941667	616
22.36001667	626
22.37103333	636
22.38203333	661
22.39225	660
22.40238333	613
22.41258333	608
22.42295	612
22.43355	622
22.44416667	636
22.45445	637
22.46478333	617
22.47536667	620
22.48596667	635
22.49653333	636
22.5067	634
22.51705	610
22.52735	621
22.53775	618
22.54815	624
22.55843333	624
22.56813333	617
22.57776667	582
22.58748333	578
22.59751667	583
22.60773333	602
22.61826667	613
22.6289	632
22.63931667	638
22.6499	625
22.66073333	635
22.67163333	650
22.682	654
22.6921	622
22.70218333	606
22.71215	605
22.72186667	598
22.73155	583
22.74153333	581
22.75145	599
22.76106667	595
22.77048333	577
22.78	565
22.7898	571
22.80003333	588
22.81031667	614
22.82021667	617
22.82976667	594
22.83906667	573
22.84818333	558
22.85726667	547
22.8666	545
22.87628333	560
22.88658333	581
22.89743333	618
22.9083	651
22.91843333	652
22.92826667	608
22.93803333	590
22.94788333	586
22.95775	591
22.96753333	592
22.97728333	587
22.98705	585
22.99681667	586
23.00651667	586
23.01593333	582
23.02515	565
23.03431667	553
23.04376667	550
23.05405	567
23.065	617
23.07588333	657
23.08628333	653
23.09668333	624
23.10706667	624
23.11753333	623
23.12781667	628
23.13778333	617
23.14748333	598
23.15701667	582
23.16666667	572
23.17671667	579
23.18746667	603
23.199	645
23.2105	692
23.22106667	690
23.23111667	634
23.24096667	603
23.25055	591
23.25983333	575
23.2691	557
23.27851667	556
23.28876667	565
23.29976667	615
23.31096667	660
23.32173333	672
23.33258333	646
23.34321667	651
23.3537	638
23.36421667	629
23.37475	631
23.38496667	632
23.39513333	613
23.40531667	610
23.41558333	611
23.4257	616
23.43586667	607
23.44628333	610
23.45721667	625
23.4684	656
23.47888333	671
23.48998333	629
23.50171667	666
23.51415	704
23.52565	746
23.53758333	690
23.54976667	716
23.56143333	731
23.57263333	700
23.58423333	672
23.59573333	696
23.60713333	690
23.61813333	684
23.62956667	660
23.64105	686
23.65231667	689
23.6634	676
23.67435	665
23.68525	657
23.69563333	654
23.70621667	623
23.71713333	635
23.72788333	655
23.7386	645
23.7486	643
23.75821667	600
23.76783333	577
23.77755	577
23.78788333	583
23.79836667	620
23.80816667	629
23.8178	588
23.8274	578
23.83731667	576
23.8494	595
23.86166667	725
23.87411667	736
23.88671667	747
23.89963333	756
23.9126	775
23.92523333	778
23.93695	758
23.9482	703
23.95926667	675
23.97016667	664
23.98081667	654
23.99126667	639
24.00166667	627
24.01186667	624
24.02188333	612
24.03156667	601
24.041	581
24.05035	566
24.05985	561
24.06996667	570
24.0815	607
24.09315	692
24.1048	699
24.11521667	699
24.12538333	625
24.13561667	610
24.14595	614
24.15683333	620
24.16816667	653
24.1794	680
24.19075	674
24.20198333	681
24.21323333	674
24.22443333	675
24.23555	672
24.24646667	667
24.25733333	655
24.2681	652
24.27881667	646
24.2894	643
24.29968333	635
24.3097	617
24.31956667	601
24.32943333	592
24.3394	592
24.34965	598
24.35983333	615
24.3704	611
24.38131667	634
24.39253333	655
24.40356667	673
24.41488333	662
24.42631667	679
24.43786667	686
24.44876667	693
24.45993333	654
24.47096667	670
24.48208333	662
24.49311667	667
24.50395	662
24.51465	650
24.52531667	642
24.536	640
24.54681667	641
24.55738333	649
24.56791667	634
24.5784	632
24.5889	629
24.59936667	630
24.60946667	628
24.6191	606
24.62865	578
24.63823333	573
24.64821667	575
24.6585	599
24.66891667	617
24.67928333	625
24.68955	622
24.6994	616
24.7096	591
24.7197	612
24.72986667	606
24.73996667	610
24.75018333	606
24.76031667	613
24.77006667	608
24.77975	585
24.78951667	581
24.79941667	586
24.80943333	594
24.81965	601
24.82991667	613
24.84035	616
24.85093333	626
24.86181667	635
24.87295	653
24.8842	668
24.89533333	675
24.90586667	668
24.91643333	632
24.92698333	634
24.93783333	633
24.9491	651
24.95971667	676
24.96978333	637
24.97981667	604
24.99	602
25.0005	611
25.01176667	630
25.02336667	676
25.03485	696
25.04616667	689
25.05745	679
25.06858333	677
25.07956667	668
25.09038333	659
25.10103333	649
25.11121667	639
25.12128333	611
25.13136667	604
25.14141667	605
25.1513	603
25.16105	593
25.1705	585
25.17971667	567
25.18913333	553
25.19871667	565
25.20893333	575
25.21888333	613
25.22878333	597
25.23958333	594
25.25058333	648
25.26161667	660
25.27256667	662
25.2835	657
25.2942	656
25.30476667	642
25.31516667	634
25.32533333	624
25.33546667	610
25.34528333	608
25.35498333	589
25.36453333	582
25.37418333	573
25.38418333	579
25.39481667	600
25.4065	638
25.41811667	701
25.42875	697
25.4388	638
25.44868333	603
25.45821667	593
25.46755	572
25.47666667	560
25.48571667	547
25.49493333	543
25.50458333	553
25.51491667	579
25.52595	620
25.53703333	662
25.54811667	665
25.55901667	665
25.5698	654
25.58006667	647
25.58998333	616
25.59956667	595
25.60893333	575
25.61826667	562
25.62755	560
25.63666667	557
25.64576667	547
25.655	546
25.66451667	554
25.67431667	571
25.6847	588
25.69578333	623
25.70761667	665
25.71951667	710
25.73041667	714
25.741	654
25.75125	635
25.76135	615
25.77123333	606
25.78098333	593
25.79071667	585
25.80021667	584
25.80956667	570
25.81873333	561
25.82773333	550
25.83671667	540
25.84561667	539
25.85471667	534
25.86406667	546
25.87361667	561
25.88358333	573
25.89363333	598
25.90385	603
25.91423333	613
25.92485	623
25.93506667	637
25.94501667	613
25.95515	597
25.9655	608
25.97621667	621
25.98725	643
25.99848333	662
26.00966667	674
26.02033333	671
26.03041667	640
26.04058333	605
26.0506	610
26.06066667	601
26.07048333	604
26.08055	589
26.09061667	604
26.10086667	604
26.11083333	615
26.12091667	598
26.13133333	605
26.14196667	625
26.15238333	638
26.16323333	625
26.17448333	651
26.18566667	675
26.19658333	671
26.20763333	655
26.21881667	663
26.22983333	671
26.24065	661
26.25125	649
26.262	636
26.27266667	645
26.28343333	640
26.29411667	646
26.30428333	641
26.31431667	610
26.32471667	602
26.33588333	624
26.34783333	670
26.35981667	717
26.3714	719
26.38291667	695
26.39415	691
26.40523333	674
26.4156	665
26.42565	622
26.4355	603
26.44535	591
26.45518333	591
26.46513333	590
26.47513333	597
26.48506667	600
26.49488333	596
26.50445	589
26.51393333	574
26.5235	569
26.53323333	574
26.54336667	584
26.55348333	608
26.56355	607
26.5738	604
26.5839	615
26.5941	606
26.60415	612
26.61413333	603
26.6241	599
26.63396667	598
26.64385	592
26.65388333	593
26.6641	602
26.67446667	613
26.68463333	622
26.6945	610
26.70471667	592
26.7158	613
26.72801667	665
26.73981667	733
26.75085	708
26.76223333	662
26.77366667	683
26.78528333	686
26.7965	697
26.80731667	673
26.81815	649
26.82886667	650
26.83988333	643
26.85115	661
26.86255	676
26.87531667	684
26.88791667	766
26.90066667	756
26.9135	765
26.9266	770
26.93976667	786
26.95153333	790
26.96288333	706
26.97495	681
26.98701667	724
26.99996667	724
27.01271667	777
27.02503333	765
27.03686667	739
27.04793333	710
27.05843333	664
27.06891667	630
27.07938333	629
27.08966667	628
27.09951667	617
27.10906667	591
27.11853333	573
27.12858333	568
27.14011667	603
27.15265	692
27.1651	752
27.17786667	747
27.19066667	766
27.20365	768
27.21588333	779
27.22805	734
27.24023333	730
27.25253333	731
27.2647	738
27.27601667	730
27.28711667	679
27.29831667	666
27.30975	672
27.3211	686
27.3318	681
27.34258333	642
27.35353333	647
27.36435	657
27.37543333	649
27.38656667	665
27.39785	668
27.409	677
27.42	669
27.43051667	660
27.44108333	631
27.45175	634
27.4628	640
27.47411667	663
27.48548333	679
27.49621667	682
27.50705	644
27.5179	650
27.52898333	651
27.5397	665
27.54993333	643
27.56021667	614
27.57046667	617
27.5812	615
27.59161667	644
27.60158333	625
27.61163333	598
27.62211667	603
27.633	629
27.64368333	653
27.65455	641
27.66581667	652
27.67736667	676
27.68861667	693
27.7001	675
27.71143333	689
27.72276667	680
27.7336	680
27.74441667	650
27.75516667	649
27.76596667	645
27.77681667	648
27.78708333	651
27.7974	616
27.8076	619
27.81795	612
27.82805	621
27.83801667	606
27.84823333	598
27.85883333	613
27.86988333	636
27.88088333	663
27.89138333	660
27.90203333	630
27.91296667	639
27.9245	656
27.9364	692
27.94765	714
27.95888333	675
27.97013333	674
27.98131667	675
27.99196667	671
28.002	639
28.0117	602
28.02153333	582
28.03151667	590
28.04241667	599
28.05413333	654
28.0658	703
28.0774	700
28.0889	696
28.09985	690
28.11073333	657
28.12151667	653
28.13213333	647
28.14263333	637
28.15296667	630
28.16313333	620
28.17348333	610
28.18416667	621
28.19525	641
28.20608333	665
28.21643333	650
28.22696667	621
28.23795	632
28.24966667	659
28.26108333	703
28.27188333	685
28.28291667	648
28.29415	662
28.30535	674
28.31638333	672
28.32711667	662
28.33803333	644
28.34913333	655
28.35993333	666
28.37083333	648
28.38145	654
28.3916	637
28.40188333	609
28.41241667	617
28.42348333	632
28.4345	664
28.44511667	661
28.45603333	637
28.46711667	655
28.47855	665
28.48965	686
28.5005	666
28.51148333	651
28.52258333	659
28.53361667	666
28.54411667	662
28.5543	630
28.56471667	611
28.57575	625
28.58686667	662
28.59716667	667
28.60745	618
28.61783333	617
28.62875	623
28.63963333	655
28.64973333	653
28.65948333	606
28.66951667	585
28.67981667	602
28.69068333	618
28.7014	652
28.71173333	643
28.72231667	620
28.73296667	635
28.74346667	639
28.75368333	630
28.76396667	613
28.77406667	617
28.78388333	606
28.79335	589
28.80273333	568
28.81216667	563
28.82153333	566
28.83071667	562
28.83998333	551
28.84951667	556
28.85986667	572
28.8708	621
28.88198333	656
28.89265	671
28.90265	640
28.91251667	600
28.92253333	592
28.9329	601
28.94406667	622
28.95588333	670
28.96776667	709
28.97961667	713
28.99096667	711
29.00231667	681
29.0133	681
29.02413333	659
29.035	650
29.0457	652
29.05575	642
29.06576667	603
29.07586667	601
29.08631667	606
29.09743333	627
29.10895	667
29.12035	691
29.13121667	684
29.14133333	652
29.151	607
29.16053333	580
29.17043333	572
29.18081667	594
29.19223333	623
29.20485	685
29.21716667	757
29.22908333	739
29.24025	715
29.25138333	670
29.26248333	668
29.27381667	666
29.28541667	680
29.2969	696
29.3083	689
29.31956667	684
29.33055	676
29.34143333	659
29.35211667	653
29.36266667	641
29.3733	633
29.38398333	638
29.39513333	641
29.40626667	669
29.41711667	668
29.42735	651
29.43755	614
29.44766667	612
29.45771667	607
29.47803333	603
29.4882	0
29.49835	610
29.50886667	609
29.51933333	631
29.52983333	628
29.54036667	630
29.55093333	632
29.56163333	634
29.5725	642
29.58321667	652
29.59385	643
29.60445	638
29.61466667	636
29.62468333	613
29.6345	601
29.64425	589
29.65386667	585
29.6632	577
29.67228333	560
29.68121667	545
29.69025	536
29.6992	542
29.70813333	537
29.71738333	536
29.72715	555
29.73775	586
29.74856667	636
29.75966667	649
29.77106667	666
29.78261667	684
29.79446667	693
29.80611667	711
29.81753333	699
29.82888333	685
29.84056667	681
29.85231667	701
29.86393333	705
29.87495	697
29.88578333	661
29.8967	650
29.90803333	655
29.91898333	680
29.9305	657
29.94213333	691
29.95378333	698
29.96551667	699
29.97716667	704
29.98841667	699
29.99963333	675
30.01066667	673
30.02143333	662
30.03193333	646
30.04256667	630
30.05373333	638
30.06551667	670
30.07758333	707
30.09008333	724
30.10255	750
30.11456667	748
30.1253	721
30.1355	644
30.1457	612
30.1561	612
30.16698333	624
30.17821667	653
30.19016667	674
30.20178333	717
30.21311667	697
30.22431667	680
30.23563333	672
30.24691667	679
30.2582	677
30.26948333	677
30.2808	677
30.2919	679
30.30243333	666
30.31271667	632
30.32311667	617
30.33388333	624
30.34506667	646
30.3565	671
30.36745	686
30.37825	657
30.38895	648
30.39981667	642
30.41055	652
30.42076667	644
30.43068333	613
30.44071667	595
30.45088333	602
30.4618	610
30.47388333	655
30.48608333	725
30.49843333	732
30.51041667	741
30.52188333	719
30.53288333	688
30.54351667	660
30.55406667	638
30.56461667	633
30.5753	633
30.58631667	641
30.59718333	661
30.60763333	652
30.61808333	627
30.62918333	627
30.64103333	666
30.65341667	711
30.66546667	743
30.6774	723
30.68968333	716
30.70216667	737
30.71443333	749
30.72621667	736
30.73791667	707
30.74938333	702
30.76013333	688
30.77065	645
30.78113333	631
30.79183333	629
30.80261667	642
30.81331667	647
30.8239	642
30.83461667	635
30.8457	643
30.85693333	665
30.86826667	674
30.87961667	680
30.89113333	681
30.90251667	691
30.91368333	683
30.92488333	670
30.93616667	672
30.94768333	677
30.95928333	691
30.97005	696
30.98065	646
30.99105	636
31.00156667	624
31.01245	631
31.02346667	653
31.0346	661
31.04578333	668
31.05686667	671
31.06796667	665
31.07911667	666
31.09011667	669
31.10145	660
31.11278333	680
31.12435	680
31.13546667	694
31.14623333	667
31.15715	646
31.16835	655
31.17976667	672
31.19048333	685
31.20098333	643
31.21126667	630
31.22155	617
31.2519	617
31.26186667	0
31.27183333	598
31.28186667	598
31.29201667	602
31.30223333	609
31.31245	613
31.32261667	613
31.33255	610
31.34243333	596
31.35211667	593
31.36156667	581
31.37083333	567
31.3799	556
31.38928333	544
31.39881667	563
31.40841667	572
31.41795	576
31.42758333	572
31.43718333	578
31.44696667	576
31.4568	587
31.4668	590
31.47676667	600
31.48663333	598
31.49641667	592
31.50653333	587
31.51703333	607
31.52763333	630
31.53788333	636
31.54775	615
31.55761667	592
31.56753333	592
31.57788333	595
31.5884	621
31.5989	631
31.609	630
31.619	606
31.62901667	600
31.63905	601
31.64938333	602
31.6596	620
31.66965	613
31.68006667	603
31.69061667	625
31.70078333	633
31.71065	610
31.7204	592
31.73016667	585
31.74005	586
31.75018333	593
31.76061667	608
31.77113333	626
31.78136667	631
31.7911	614
31.80055	584
31.80973333	567
31.81925	551
31.82921667	571
31.84013333	598
31.8525	655
31.86421667	742
31.87566667	703
31.8872	687
31.89868333	692
31.91025	689
31.9217	694
31.93318333	687
31.94446667	689
31.95538333	677
31.9659	655
31.97658333	631
31.98678333	641
31.99656667	612
