0.00965	579
0.019233333	575
0.02885	577
0.038283333	566
0.04765	562
0.056916667	556
0.066233333	559
0.075533333	558
0.084783333	555
0.094216667	566
0.104233333	601
0.114533333	618
0.12515	637
0.13505	594
0.145216667	610
0.15565	626
0.166433333	647
0.1767	616
0.186883333	611
0.19725	622
0.207933333	641
0.2189	658
0.2297	648
0.239716667	601
0.249816667	606
0.2598	599
0.26975	597
0.279733333	599
0.289733333	600
0.299766667	602
0.3099	608
0.319866667	598
0.3298	596
0.339583333	587
0.349416667	590
0.358833333	565
0.3684	574
0.378	576
0.388383333	623
0.399883333	690
0.41105	670
0.4218	645
0.432366667	634
0.442766667	624
0.452983333	613
0.46315	610
0.47305	594
0.482633333	575
0.4922	574
0.501816667	577
0.511716667	594
0.52185	608
0.531716667	592
0.541516667	588
0.551016667	570
0.560583333	574
0.570133333	573
0.5799	586
0.59005	609
0.599933333	593
0.61	604
0.620166667	610
0.63085	641
0.6415	639
0.651633333	608
0.662	622
0.672666667	640
0.683616667	657
0.69455	656
0.705383333	650
0.7159	631
0.726333333	626
0.736683333	621
0.7468	607
0.756833333	602
0.766716667	593
0.776516667	588
0.786483333	598
0.796366667	593
0.805833333	568
0.815466667	578
0.825283333	589
0.835716667	626
0.846516667	648
0.856583333	604
0.867	625
0.8784	684
0.889983333	695
0.902183333	732
0.91425	724
0.9265	735
0.938266667	706
0.949266667	660
0.960033333	646
0.971066667	662
0.982116667	663
0.99255	626
1.002633333	605
1.013033333	624
1.023366667	620
1.03425	653
1.04465	624
1.0553	639
1.066433333	668
1.077666667	674
1.088033333	622
1.098666667	638
1.1097	662
1.121133333	686
1.132033333	654
1.142383333	621
1.152983333	636
1.164066667	665
1.175166667	666
1.185816667	639
1.196433333	637
1.207566667	668
1.218433333	652
1.228983333	633
1.238916667	596
1.2492	617
1.259683333	629
1.2705	649
1.281783333	677
1.29275	658
1.303933333	671
1.314533333	636
1.324983333	627
1.335183333	612
1.345116667	596
1.354883333	586
1.364416667	572
1.373633333	553
1.38275	547
1.391916667	550
1.401066667	549
1.411416667	621
1.42315	704
1.433566667	625
1.445066667	690
1.455233333	610
1.466416667	671
1.479383333	778
1.493116667	824
1.50645	800
1.519333333	773
1.531616667	737
1.543266667	699
1.55445	671
1.56525	648
1.575833333	635
1.586433333	636
1.59675	619
1.6067	597
1.616633333	596
1.62665	601
1.63705	624
1.6474	621
1.6576	612
1.668233333	638
1.679666667	686
1.6917	722
1.70355	711
1.715433333	713
1.726416667	659
1.737033333	637
1.74755	631
1.758116667	634
1.7686	629
1.778966667	622
1.789333333	622
1.799483333	609
1.809183333	582
1.8189	583
1.828583333	581
1.838466667	593
1.84865	611
1.859133333	629
1.869583333	627
1.879766667	611
1.88965	593
1.899733333	605
1.910016667	617
1.92055	632
1.931533333	659
1.942233333	642
1.9529	640
1.963283333	623
1.973433333	609
1.983466667	602
1.993233333	586
2.002766667	572
2.0122	566
2.0217	570
2.031266667	574
2.041366667	606
2.051633333	616
2.06205	625
2.07255	630
2.083216667	640
2.093816667	636
2.10445	638
2.1147	615
2.124783333	605
2.134766667	599
2.144666667	594
2.154633333	598
2.164616667	599
2.174216667	576
2.183866667	579
2.1935	578
2.203216667	583
2.213216667	600
2.223466667	615
2.233683333	613
2.243516667	590
2.253216667	582
2.263083333	592
2.2729	589
2.28265	585
2.2924	585
2.302383333	599
2.31255	610
2.3231	633
2.333683333	635
2.34365	598
2.35395	618
2.364283333	620
2.374583333	618
2.3851	631
2.395333333	614
2.405433333	606
2.4156	610
2.425883333	617
2.436016667	608
2.4461	605
2.456233333	608
2.465966667	584
2.475916667	597
2.4859	599
2.4961	612
2.506416667	619
2.516683333	616
2.526916667	614
2.537133333	613
2.54735	613
2.557433333	605
2.567433333	600
2.577383333	597
2.5873	595
2.59715	591
2.607133333	599
2.6167	574
2.626383333	581
2.636316667	596
2.646733333	625
2.657383333	639
2.667933333	633
2.67875	649
2.68885	606
2.69915	618
2.709533333	623
2.720116667	635
2.73055	626
2.740866667	619
2.750933333	604
2.761033333	606
2.771266667	614
2.7817	626
2.792033333	620
2.802516667	629
2.8129	623
2.822716667	589
2.832633333	595
2.8425	592
2.852383333	593
2.8624	601
2.872016667	577
2.881733333	583
2.8916	592
2.9019	618
2.912566667	640
2.923233333	640
2.933633333	624
2.9438	610
2.9537	594
2.96355	591
2.973233333	581
2.982816667	575
2.992883333	604
3.00285	598
3.013366667	631
3.025166667	708
3.037016667	711
3.049283333	736
3.061616667	740
3.07275	668
3.0839	669
3.094916667	661
3.106283333	682
3.117266667	659
3.127866667	636
3.138266667	624
3.148583333	619
3.158766667	611
3.168666667	594
3.178333333	580
3.188	580
3.198016667	601
3.20875	644
3.21965	654
3.229916667	616
3.240783333	652
3.252466667	701
3.263733333	676
3.275783333	723
3.2887	775
3.3017	780
3.313783333	725
3.325083333	678
3.336083333	660
3.3467	637
3.357383333	641
3.36785	628
3.378483333	638
3.38885	622
3.399283333	626
3.410066667	647
3.42015	605
3.430566667	625
3.441033333	628
3.45165	637
3.4621	627
3.472783333	641
3.483166667	623
3.493266667	606
3.503533333	616
3.513666667	608
3.523816667	609
3.53425	626
3.544283333	602
3.554916667	638
3.5659	659
3.578233333	740
3.590116667	713
3.6007	635
3.611866667	670
3.6233	686
3.6352	714
3.647333333	728
3.659483333	729
3.671183333	702
3.682483333	678
3.6934	655
3.704083333	641
3.714483333	624
3.7246	607
3.734633333	602
3.744366667	584
3.753883333	571
3.763433333	573
3.7731	580
3.7835	624
3.793616667	607
3.804133333	631
3.815066667	656
3.82675	701
3.839116667	742
3.851016667	714
3.861666667	639
3.872466667	648
3.883516667	663
3.89475	674
3.906266667	691
3.917533333	676
3.9285	658
3.939383333	653
3.95	637
3.960083333	605
3.969916667	590
3.9797	587
3.989566667	592
3.9994	590
4.009166667	586
4.019116667	597
4.029266667	609
4.03975	629
4.050433333	641
4.061616667	671
4.073	683
4.084116667	667
4.095466667	681
4.106066667	636
4.116566667	630
4.1268	614
4.137	612
4.147216667	613
4.158	647
4.168266667	616
4.178066667	588
4.187816667	585
4.198066667	615
4.208716667	639
4.220016667	678
4.2318	707
4.24315	681
4.254433333	677
4.26545	661
4.275983333	632
4.2861	607
4.2962	606
4.306033333	590
4.31605	601
4.326166667	607
4.33765	689
4.350266667	757
4.363633333	802
4.3771	808
4.3905	804
4.40265	729
4.4152	753
4.42735	729
4.439	699
4.450116667	667
4.461	653
4.4711	606
4.48115	603
4.491366667	613
4.502	638
4.513283333	677
4.52495	700
4.53615	672
4.549066667	775
4.561016667	717
4.5737	761
4.586483333	767
4.599483333	780
4.611033333	693
4.623183333	729
4.635066667	713
4.646783333	703
4.658383333	696
4.669283333	654
4.679966667	641
4.69055	635
4.701233333	641
4.711866667	638
4.722033333	610
4.732566667	632
4.74345	653
4.754716667	676
4.765566667	651
4.776816667	675
4.78785	662
4.79825	624
4.808833333	635
4.819666667	650
4.83065	659
4.841433333	647
4.851633333	612
4.862166667	632
4.872866667	642
4.8839	662
4.8948	654
4.9052	624
4.916116667	655
4.9269	647
4.937783333	653
4.9489	667
4.960066667	670
4.971583333	691
4.98245	652
4.99325	648
5.0039	639
5.014383333	629
5.024316667	596
5.0342	593
5.043966667	586
5.05385	593
5.063983333	608
5.074266667	617
5.084233333	598
5.09425	601
5.1044	609
5.114733333	620
5.12485	607
5.13495	606
5.145283333	620
5.1558	631
5.166533333	644
5.1772	640
5.187833333	638
5.198316667	629
5.208683333	622
5.21875	604
5.228283333	572
5.237866667	575
5.24745	575
5.2573	591
5.26765	621
5.2789	675
5.2909	720
5.303	726
5.315133333	728
5.32715	721
5.338866667	703
5.350566667	702
5.362016667	687
5.372466667	627
5.3829	626
5.393266667	622
5.403783333	631
5.414583333	648
5.425883333	678
5.436866667	659
5.447866667	660
5.458466667	636
5.46905	635
5.479116667	604
5.4893	611
5.4994	606
5.509516667	607
5.519983333	628
5.530233333	615
5.540533333	618
5.5507	610
5.560666667	598
5.570833333	610
5.58095	607
5.590966667	601
5.600683333	583
5.6104	583
5.6204	600
5.63085	627
5.64085	600
5.651316667	628
5.661833333	631
5.672866667	662
5.683916667	663
5.695266667	681
5.706516667	675
5.717516667	660
5.7279	623
5.738033333	608
5.747983333	597
5.7577	583
5.767466667	586
5.777666667	612
5.787866667	612
5.79825	623
5.809033333	647
5.820166667	668
5.831783333	697
5.843283333	690
5.8542	655
5.86475	633
5.87565	654
5.886866667	673
5.898083333	673
5.909366667	677
5.920583333	673
5.93085	616
5.94105	612
5.951133333	605
5.961183333	603
5.971383333	612
5.982033333	639
5.9926	634
6.003216667	637
6.013566667	621
6.024083333	631
6.0349	649
6.0455	636
6.05625	645
6.066916667	640
6.076933333	601
6.0868	592
6.096833333	602
6.10705	613
6.117366667	619
6.128683333	679
6.140783333	726
6.15235	694
6.164566667	733
6.177866667	798
6.1912	800
6.203383333	731
6.216216667	770
6.2294	791
6.242066667	760
6.254166667	726
6.265983333	709
6.277083333	666
6.2887	697
6.300383333	701
6.311433333	663
6.32225	649
6.3334	669
6.34475	681
6.3565	705
6.367666667	670
6.379666667	720
6.391616667	717
6.4038	731
6.415283333	689
6.426933333	699
6.43845	691
6.4491	639
6.459983333	653
6.4709	655
6.4819	660
6.49235	627
6.50345	666
6.514866667	685
6.52605	671
6.536533333	629
6.547833333	678
6.559633333	708
6.571483333	711
6.582366667	653
6.593533333	670
6.604583333	663
6.61555	658
6.626616667	664
6.6374	647
6.6479	630
6.658816667	655
6.669916667	666
6.68115	674
6.69225	666
6.702983333	644
6.714383333	684
6.725	637
6.735266667	616
6.745616667	621
6.756216667	636
6.766316667	606
6.77675	626
6.787316667	634
6.7981	647
6.809216667	667
6.820283333	664
6.831033333	645
6.8425	688
6.853633333	668
6.864683333	663
6.876	679
6.886883333	653
6.8973	625
6.907833333	632
6.918383333	633
6.928583333	612
6.939	625
6.9492	612
6.958983333	587
6.968883333	594
6.978833333	597
6.98865	589
6.998033333	563
7.007666667	578
7.017083333	565
7.026166667	545
7.035183333	541
7.044266667	545
7.053366667	546
7.062666667	558
7.071766667	546
7.08075	539
7.0898	543
7.09895	549
7.1081	549
7.117266667	550
7.126583333	559
7.135933333	561
7.145033333	546
7.154383333	561
7.163633333	555
7.172966667	560
7.182233333	556
7.19135	547
7.200616667	556
7.210133333	571
7.219616667	569
7.228833333	553
7.238183333	561
7.247683333	570
7.257116667	566
7.266683333	574
7.276233333	573
7.285716667	569
7.295266667	573
7.304783333	571
7.314233333	567
7.323833333	576
7.33335	571
7.342733333	563
7.352016667	557
7.361483333	568
7.3708	559
7.380266667	568
7.38955	557
7.39885	558
7.408133333	557
7.417583333	567
7.426716667	548
7.435833333	547
7.445016667	551
7.454083333	544
7.463466667	563
7.473066667	576
7.483	596
7.49275	585
7.502883333	608
7.513183333	618
7.5236	625
7.533733333	608
7.544166667	626
7.5548	638
7.56575	657
7.575783333	602
7.586033333	615
7.59595	595
7.606	603
7.61595	597
7.625683333	584
7.635433333	585
7.645233333	588
7.654866667	578
7.664316667	567
7.674083333	586
7.684016667	596
7.694033333	601
7.703983333	597
7.713866667	593
7.72435	629
7.734916667	634
7.745183333	616
7.75575	634
7.765883333	608
7.775966667	605
7.78615	611
7.796533333	623
7.80645	595
7.816383333	596
7.82645	604
7.836366667	595
7.8463	596
7.85615	591
7.8662	603
7.876033333	590
7.886166667	608
7.89685	641
7.907366667	631
7.9174	602
7.928016667	637
7.938666667	639
7.948816667	609
7.958883333	604
7.969433333	633
7.979916667	629
7.989966667	603
8.0001	608
8.010633333	632
8.02135	643
8.031433333	605
8.041733333	618
8.052066667	620
8.06205	599
8.072033333	599
8.082233333	612
8.09265	625
8.103366667	643
8.114066667	642
8.124516667	627
8.135266667	645
8.14595	641
8.156683333	644
8.16695	616
8.177433333	629
8.188166667	644
8.198516667	621
8.208483333	598
8.218983333	630
8.22945	628
8.239333333	593
8.249316667	599
8.25945	608
8.269383333	596
8.279083333	582
8.289033333	597
8.29935	619
8.309633333	617
8.319433333	588
8.329366667	596
8.339533333	610
8.3492	580
8.35945	615
8.369566667	607
8.379866667	618
8.390033333	610
8.40005	601
8.41015	606
8.419966667	589
8.429466667	570
8.438983333	571
8.448383333	564
8.457933333	573
8.4674	568
8.476783333	563
8.485966667	551
8.495216667	555
8.504433333	553
8.513883333	567
8.523383333	570
8.532816667	566
8.542	551
8.55145	567
8.560916667	568
8.570666667	585
8.580316667	579
8.589683333	562
8.599433333	585
8.6095	604
8.619583333	605
8.62935	586
8.639383333	602
8.649783333	624
8.66005	616
8.670016667	598
8.680266667	615
8.69055	617
8.700933333	623
8.71125	619
8.72115	594
8.731016667	592
8.740916667	594
8.750816667	594
8.760283333	568
8.769616667	560
8.779116667	570
8.788783333	580
8.798383333	576
8.808033333	579
8.817883333	591
8.82795	604
8.83765	582
8.847466667	589
8.8577	614
8.867566667	592
8.877566667	600
8.88755	599
8.89715	576
8.906966667	589
8.917083333	607
8.926816667	584
8.936383333	574
8.9462	589
8.955866667	580
8.965216667	561
8.9748	575
8.9845	582
8.993983333	569
9.00325	556
9.012783333	572
9.02235	574
9.031583333	554
9.04105	568
9.050616667	574
9.060033333	565
9.06925	553
9.07885	576
9.088466667	577
9.09795	569
9.107083333	548
9.1163	553
9.1255	552
9.134366667	532
9.1432	530
9.152066667	532
9.161016667	537
9.170016667	540
9.178733333	523
9.187683333	537
9.196666667	539
9.205666667	540
9.2145	530
9.2234	534
9.232416667	541
9.24115	524
9.250066667	535
9.258933333	532
9.267616667	521
9.276366667	525
9.28525	533
9.293933333	521
9.3026	520
9.3115	534
9.3203	528
9.3289	516
9.337683333	527
9.346383333	522
9.355166667	527
9.363916667	525
9.372733333	529
9.381516667	527
9.390333333	529
9.399133333	528
9.407783333	519
9.416583333	528
9.425416667	530
9.434133333	523
9.44265	511
9.451333333	521
9.46	520
9.468566667	514
9.477	506
9.485533333	512
9.494216667	521
9.50305	530
9.5116	513
9.520266667	520
9.528983333	523
9.537966667	539
9.546883333	535
9.555916667	542
9.564566667	519
9.573516667	537
9.582433333	535
9.591366667	536
9.60035	539
9.609066667	523
9.61775	521
9.626533333	527
9.635266667	524
9.644116667	531
9.6528	521
9.661533333	524
9.670116667	515
9.67885	524
9.687266667	505
9.695666667	504
9.704133333	508
9.7127	514
9.7213	516
9.72965	501
9.738033333	503
9.746583333	513
9.755266667	521
9.763966667	522
9.7724	506
9.78105	519
9.78975	522
9.798216667	508
9.80675	512
9.81545	522
9.82415	522
9.832566667	505
9.84115	515
9.8497	513
9.858083333	503
9.86655	508
9.87505	510
9.883233333	491
9.89165	505
9.899966667	499
9.908166667	492
9.9165	500
9.924783333	497
9.933233333	507
9.9416	502
9.949766667	490
9.958033333	496
9.966416667	503
9.974916667	510
9.9835	515
9.992	510
10.00031667	499
10.00865	500
10.01705	504
10.02553333	509
10.03388333	501
10.04218333	498
10.0507	511
10.05921667	511
10.06751667	498
10.07586667	501
10.08423333	502
10.09271667	509
10.10098333	496
10.10921667	494
10.11755	500
10.12605	510
10.13426667	493
10.14251667	495
10.15091667	504
10.15945	512
10.16816667	523
10.17661667	507
10.18505	506
10.19353333	509
10.20213333	516
10.21085	523
10.21916667	499
10.22781667	519
10.23636667	513
10.2448	506
10.25326667	508
10.26161667	501
10.26993333	499
10.27826667	500
10.28661667	501
10.29475	488
10.30298333	494
10.31128333	498
10.31953333	495
10.32781667	497
10.33618333	502
10.34436667	491
10.35248333	487
10.36068333	492
10.36888333	492
10.3771	493
10.38523333	488
10.39348333	495
10.40158333	486
10.40961667	482
10.41775	488
10.42588333	488
10.43398333	486
10.44215	490
10.45036667	493
10.45843333	484
10.46658333	489
10.47491667	500
10.48311667	492
10.49118333	484
10.49935	490
10.5076	495
10.51571667	487
10.52373333	481
10.5318	484
10.53985	483
10.54791667	484
10.55581667	474
10.56371667	474
10.57168333	478
10.57968333	480
10.58768333	480
10.59555	472
10.60353333	479
10.6116	484
10.61961667	481
10.62753333	475
10.63545	475
10.6435	483
10.65166667	490
10.65985	491
10.6679	483
10.67591667	481
10.68413333	493
10.69233333	492
10.70055	493
10.70871667	490
10.71675	482
10.72478333	482
10.73285	484
10.74091667	484
10.74906667	489
10.75721667	489
10.76515	476
10.77315	480
10.78121667	484
10.78933333	487
10.79736667	482
10.80531667	477
10.81328333	478
10.82135	484
10.82931667	478
10.83731667	480
10.84536667	483
10.85353333	490
10.86176667	494
10.86978333	481
10.87786667	485
10.886	488
10.89423333	494
10.9023	484
10.9104	486
10.91853333	488
10.92665	487
10.9346	477
10.94251667	475
10.95048333	478
10.95831667	470
10.96611667	468
10.97393333	469
10.98163333	462
10.9893	460
10.997	462
11.0048	468
11.01263333	470
11.02031667	461
11.028	461
11.03575	465
11.04355	468
11.05123333	461
11.0589	460
11.06663333	464
11.07435	463
11.08206667	463
11.08983333	466
11.09756667	464
11.1054	470
11.11325	471
11.12125	480
11.12921667	478
11.13716667	477
11.14501667	471
11.15281667	468
11.16078333	478
11.16891667	488
11.17706667	489
11.18508333	481
11.19296667	473
11.20091667	477
11.20885	476
11.2167	471
11.22443333	464
11.23218333	465
11.23998333	468
11.24773333	465
11.25553333	468
11.26328333	465
11.27103333	465
11.27876667	464
11.28651667	465
11.29421667	462
11.30203333	469
11.30965	457
11.31726667	457
11.32493333	460
11.33271667	467
11.34061667	474
11.34848333	472
11.35621667	464
11.36405	470
11.37183333	467
11.3796	466
11.38736667	466
11.39508333	463
11.40288333	468
11.4107	469
11.41853333	470
11.42631667	467
11.43408333	466
11.44181667	464
11.44965	470
11.4573	459
11.46496667	460
11.47266667	462
11.4804	464
11.48811667	463
11.49586667	465
11.50361667	465
11.51125	458
11.51895	462
11.52665	462
11.53435	462
11.54193333	455
11.54945	451
11.55701667	454
11.5646	455
11.57218333	455
11.57976667	455
11.58738333	457
11.59498333	456
11.60263333	459
11.61035	463
11.61795	456
11.62561667	460
11.63331667	462
11.64106667	465
11.64883333	466
11.65661667	467
11.66431667	462
11.67205	464
11.67986667	469
11.68773333	472
11.69555	469
11.70345	474
11.7113	471
11.71921667	475
11.72695	464
11.73481667	472
11.74261667	468
11.75043333	469
11.75835	475
11.76613333	467
11.77383333	462
11.7816	466
11.78936667	466
11.7972	470
11.8048	456
11.81255	465
11.82026667	463
11.828	464
11.83561667	457
11.84331667	462
11.85098333	460
11.85865	460
11.86631667	460
11.87396667	459
11.88165	461
11.88935	462
11.89703333	461
11.90478333	465
11.91243333	459
11.92015	463
11.92785	462
11.93561667	466
11.94336667	465
11.9511	464
11.95875	459
11.96641667	460
11.97405	458
11.9816	453
11.98911667	451
11.9967	455
12.00431667	457
12.01196667	459
12.01965	461
12.0272	453
12.03476667	454
12.04233333	454
12.04988333	453
12.0574	451
12.06491667	451
12.07256667	459
12.0801	452
12.08765	453
12.09525	456
12.10286667	457
12.11051667	459
12.11811667	456
12.12583333	463
12.1336	466
12.14126667	460
12.14891667	459
12.15683333	475
12.16456667	464
12.17226667	462
12.17996667	462
12.18766667	462
12.19541667	465
12.20323333	469
12.21088333	459
12.21863333	465
12.22638333	465
12.23405	460
12.24166667	457
12.24941667	465
12.25716667	465
12.26481667	459
12.27245	458
12.28015	462
12.28801667	472
12.29591667	474
12.30368333	466
12.31148333	468
12.31933333	471
12.32711667	467
12.33493333	469
12.34295	481
12.35121667	496
12.35926667	483
12.36738333	487
12.3756	493
12.38378333	491
12.39186667	485
12.40011667	495
12.40818333	484
12.4162	481
12.42413333	476
12.43211667	479
12.4401	479
12.44798333	473
12.45581667	470
12.46368333	472
12.47153333	471
12.47956667	482
12.48753333	478
12.49548333	477
12.50348333	480
12.51163333	489
12.5196	478
12.52768333	485
12.5358	487
12.54378333	479
12.55181667	482
12.55993333	487
12.56795	481
12.57598333	482
12.58405	484
12.59221667	490
12.60028333	484
12.6084	487
12.61656667	490
12.62463333	484
12.63266667	482
12.64086667	492
12.64888333	481
12.65683333	477
12.66486667	482
12.67298333	487
12.68093333	477
12.68883333	474
12.69678333	477
12.70476667	479
12.7127	476
12.72063333	476
12.72866667	482
12.73673333	484
12.74476667	482
12.75281667	483
12.761	491
12.7691	486
12.77708333	479
12.78505	478
12.79316667	487
12.80123333	484
12.8092	478
12.81715	477
12.82526667	487
12.83323333	478
12.84111667	473
12.84901667	474
12.85695	476
12.86483333	473
12.87265	469
12.88051667	472
12.88843333	475
12.89621667	467
12.90403333	469
12.91183333	468
12.9197	472
12.9275	468
12.93531667	469
12.9432	473
12.95115	477
12.95906667	475
12.96696667	474
12.97493333	478
12.98286667	476
12.99078333	475
12.99873333	477
13.00675	481
13.01466667	475
13.02255	473
13.03048333	476
13.03835	472
13.04616667	469
13.05396667	468
13.0618	470
13.06961667	469
13.07731667	462
13.08506667	465
13.09293333	472
13.10061667	461
13.10835	464
13.1161	465
13.12391667	469
13.13176667	471
13.1396	470
13.14741667	469
13.1553	473
13.16313333	470
13.171	472
13.1788	468
13.18658333	467
13.19431667	464
13.2021	467
13.20991667	469
13.21766667	465
13.2254	464
13.23316667	466
13.241	470
13.2487	462
13.2564	462
13.26415	465
13.27195	468
13.27966667	463
13.28738333	463
13.29518333	468
13.30308333	474
13.31091667	470
13.31873333	469
13.32665	475
13.3346	477
13.34245	471
13.35033333	473
13.3583	478
13.36613333	470
13.37393333	468
13.3818	472
13.3897	474
13.39748333	467
13.40526667	467
13.4131	470
13.42093333	470
13.42871667	467
13.43651667	468
13.44428333	466
13.45193333	459
13.45956667	458
13.46718333	457
13.4749	463
13.48253333	458
13.49015	457
13.49788333	464
13.50571667	470
13.51341667	462
13.52115	464
13.52891667	466
13.53681667	474
13.54468333	472
13.55263333	477
13.56053333	474
13.56838333	471
13.57625	472
13.58426667	481
13.59245	491
13.6006	489
13.60853333	476
13.6166	484
13.6246	480
13.63251667	475
13.6405	479
13.64848333	479
13.65648333	480
13.66443333	477
13.67241667	479
13.68031667	474
13.68833333	481
13.69638333	483
13.70418333	468
13.71196667	467
13.71973333	466
13.72756667	470
13.73533333	466
13.74313333	468
13.75093333	468
13.75871667	467
13.76641667	462
13.7741	461
13.78183333	464
13.78956667	464
13.7974	470
13.80523333	470
13.81305	469
13.82078333	464
13.82855	466
13.8363	465
13.84403333	464
13.85171667	461
13.85955	470
13.86716667	457
13.87485	461
13.88248333	458
13.89006667	455
13.89768333	457
13.90526667	455
13.91293333	460
13.92048333	453
13.92808333	456
13.93568333	456
13.94328333	456
13.9508	451
13.95835	453
13.96601667	460
13.97363333	457
13.98121667	455
13.98883333	457
13.99653333	462
14.00413333	456
14.01176667	458
14.0195	464
14.02726667	466
14.03496667	462
14.04256667	456
14.05023333	460
14.05795	463
14.06568333	464
14.07343333	465
14.08118333	465
14.08903333	471
14.09673333	462
14.10448333	465
14.11225	466
14.11996667	463
14.12765	461
14.13541667	466
14.14316667	465
14.15091667	465
14.15868333	466
14.16641667	464
14.17423333	469
14.18208333	471
14.19003333	477
14.19803333	480
14.20588333	471
14.2137	469
14.22163333	476
14.22963333	480
14.2374	466
14.24523333	470
14.2531	472
14.26085	465
14.2686	465
14.27646667	472
14.28423333	466
14.29193333	462
14.29963333	462
14.30743333	468
14.3151	460
14.32278333	461
14.33048333	462
14.33826667	467
14.346	464
14.35375	465
14.36166667	475
14.36951667	471
14.37731667	468
14.38515	470
14.39315	480
14.401	471
14.40883333	470
14.41668333	471
14.42451667	470
14.4322	461
14.43993333	464
14.44776667	470
14.45548333	463
14.4632	463
14.47098333	467
14.47866667	461
14.48633333	460
14.4941	466
14.5019	468
14.50975	471
14.51766667	475
14.52565	479
14.5335	471
14.54136667	472
14.54926667	474
14.55721667	477
14.56523333	481
14.57305	469
14.58091667	472
14.58875	470
14.59648333	464
14.60416667	461
14.61185	461
14.61948333	458
14.62698333	450
14.63453333	453
14.64205	451
14.64941667	442
14.6568	443
14.66423333	446
14.67166667	446
14.67905	443
14.68645	444
14.69403333	455
14.70178333	465
14.70948333	462
14.71718333	462
14.72503333	471
14.73286667	470
14.74098333	487
14.74941667	506
14.75751667	486
14.76573333	493
14.77411667	503
14.78275	518
14.79135	516
14.79958333	494
14.80788333	498
14.81616667	497
14.8243	488
14.83243333	488
14.84058333	489
14.84863333	483
14.85665	481
14.86451667	472
14.8723	467
14.88005	465
14.88781667	466
14.8957	473
14.90338333	461
14.9111	463
14.91881667	463
14.92655	464
14.93421667	460
14.94185	458
14.9495	459
14.95718333	461
14.96473333	453
14.97236667	458
14.98006667	462
14.98768333	457
14.99528333	456
15.00296667	461
15.0107	464
15.01835	459
15.02596667	457
15.03365	461
15.04135	462
15.04911667	466
15.05678333	460
15.06443333	459
15.07216667	464
15.07988333	463
15.08763333	465
15.09545	469
15.1031	459
15.11073333	458
15.11848333	465
15.12611667	458
15.1337	455
15.14136667	460
15.149	458
15.15651667	451
15.16406667	453
15.17173333	460
15.17931667	455
15.18686667	453
15.19453333	460
15.20238333	471
15.21016667	467
15.21796667	468
15.22593333	478
15.23376667	470
15.2416	470
15.24943333	470
15.25721667	467
15.26496667	465
15.27285	473
15.28075	474
15.28851667	466
15.29633333	469
15.3041	466
15.31181667	463
15.31961667	468
15.32741667	468
15.33513333	463
15.34293333	468
15.3507	466
15.35843333	464
15.36615	463
15.3738	459
15.3816	468
15.38943333	470
15.39716667	464
15.40498333	469
15.41273333	465
15.4204	460
15.42806667	460
15.43585	467
15.44351667	460
15.45116667	459
15.45891667	465
15.46663333	463
15.4743	460
15.48208333	467
15.49005	478
15.4979	471
15.50571667	469
15.51368333	478
15.52165	478
15.52955	474
15.53763333	485
15.54555	475
15.55345	474
15.56146667	481
15.56953333	484
15.57756667	482
15.58545	473
15.59345	480
15.60155	486
15.60951667	478
15.61741667	474
15.62543333	481
15.63338333	477
15.6412	469
15.64908333	473
15.65705	478
15.66483333	467
15.67253333	462
15.68038333	471
15.68836667	479
15.69615	467
15.70395	468
15.71186667	475
15.71966667	468
15.72755	473
15.73548333	476
15.7435	481
15.75151667	481
15.75958333	484
15.76746667	473
15.7753	470
15.78315	471
15.79106667	475
15.79881667	465
15.80661667	468
15.81443333	469
15.82216667	464
15.82981667	459
15.83751667	462
15.84513333	457
15.85281667	461
15.86045	458
15.8679	447
15.87536667	448
15.8829	452
15.89033333	446
15.89788333	453
15.90531667	446
15.91273333	445
15.92021667	449
15.92773333	451
15.9352	448
15.94275	453
15.95043333	461
15.95806667	458
15.96568333	457
15.97343333	465
15.98131667	473
15.98918333	472
15.99701667	470
16.00493333	475
16.01291667	479
16.02078333	472
16.02865	472
16.0365	471
16.04443333	476
16.0522	466
16.05996667	466
16.0678	470
16.07558333	467
16.08331667	464
16.09106667	465
16.09883333	466
16.10651667	461
16.11421667	462
16.12195	464
16.12966667	463
16.13741667	465
16.14521667	468
16.15288333	460
16.16061667	464
16.16836667	465
16.17605	461
16.18375	462
16.19155	468
16.19918333	458
16.20681667	458
16.21456667	465
16.22218333	457
16.22976667	455
16.23743333	460
16.245	454
16.25251667	451
16.26001667	450
16.26756667	453
16.27513333	454
16.2826	448
16.2901	450
16.29763333	452
16.30518333	453
16.3127	451
16.32025	453
16.32785	456
16.33563333	467
16.34335	463
16.3511	465
16.35893333	470
16.36673333	468
16.37471667	479
16.3825	467
16.39031667	469
16.39821667	474
16.406	467
16.41373333	464
16.42156667	470
16.42926667	462
16.43691667	459
16.44468333	466
16.4523	457
16.45991667	457
16.46766667	465
16.47536667	462
16.483	458
16.49058333	455
16.49831667	464
16.50593333	457
16.51351667	455
16.52118333	460
16.52891667	464
16.53673333	469
16.54441667	461
16.55213333	463
16.56003333	474
16.56783333	468
16.57553333	462
16.58326667	464
16.59103333	466
16.5987	460
16.60635	459
16.61406667	463
16.6218	464
16.6296	468
16.63738333	467
16.64508333	462
16.6528	463
16.66063333	470
16.66851667	473
16.67648333	478
16.6842	463
16.69196667	466
16.6998	470
16.70768333	473
16.71553333	471
16.72338333	471
16.7311	463
16.73888333	467
16.7467	469
16.75448333	467
16.76216667	461
16.76983333	460
16.77758333	465
16.78533333	465
16.79318333	471
16.80108333	474
16.809	475
16.81676667	466
16.8246	470
16.83238333	467
16.8401	463
16.84781667	463
16.85558333	466
16.8633	463
16.87096667	460
16.8787	464
16.8864	462
16.89401667	457
16.9017	461
16.90925	453
16.91683333	455
16.92443333	456
16.93213333	462
16.93983333	462
16.94741667	455
16.95498333	454
16.9626	457
16.97025	459
16.97786667	457
16.98546667	456
16.99318333	463
17.00078333	456
17.0084	457
17.01608333	461
17.02378333	462
17.03135	454
17.03891667	454
17.04648333	454
17.05416667	461
17.06193333	466
17.06983333	474
17.07796667	488
17.08601667	483
17.09406667	483
17.10211667	483
17.11006667	477
17.11795	473
17.12575	468
17.13345	462
17.14115	462
17.1488	459
17.1564	456
17.16408333	461
17.1717	457
17.17921667	451
17.18673333	451
17.19431667	455
17.20188333	454
17.20943333	453
17.21683333	444
17.22426667	446
17.23175	449
17.23926667	451
17.24666667	444
17.25415	449
17.26163333	449
17.26906667	446
17.27656667	450
17.28408333	451
17.29163333	453
17.29916667	452
17.3068	458
17.31433333	452
17.32191667	455
17.32951667	456
17.33716667	459
17.3448	458
17.35233333	452
17.35986667	452
17.3675	458
17.37501667	451
17.38248333	448
17.39003333	453
17.39755	451
17.40501667	448
17.4125	449
17.42008333	455
17.42765	454
17.43511667	448
17.44266667	453
17.45023333	454
17.45776667	452
17.46528333	451
17.47288333	456
17.48051667	458
17.4881	455
17.49576667	460
17.50353333	466
17.5112	460
17.51891667	463
17.52663333	463
17.5343	460
17.54203333	464
17.54981667	467
17.55746667	459
17.56516667	462
17.5729	464
17.58053333	458
17.58813333	456
17.59571667	455
17.60333333	457
17.61095	457
17.6185	453
17.626	450
17.63358333	455
17.64123333	459
17.6489	460
17.65663333	464
17.66433333	462
17.67186667	452
17.67945	455
17.68706667	457
17.69458333	451
17.70203333	447
17.70948333	447
17.71696667	449
17.72451667	453
17.73206667	453
17.7395	446
17.74695	447
17.75445	450
17.76198333	452
17.76956667	455
17.77718333	457
17.78483333	459
17.79241667	455
17.8	455
17.80746667	448
17.81495	449
17.82241667	448
17.82985	446
17.83723333	443
17.84471667	449
17.85215	446
17.85951667	442
17.86691667	444
17.87436667	447
17.88176667	444
17.88918333	445
17.89668333	450
17.90413333	447
17.91166667	452
17.9192	452
17.92675	453
17.93451667	466
17.94223333	463
17.95	466
17.95791667	475
17.96591667	480
17.97378333	472
17.98178333	480
17.98966667	473
17.99766667	480
18.00566667	480
18.01365	479
18.02156667	475
18.02938333	469
18.03723333	471
18.04496667	464
18.0526	458
18.06026667	460
18.06781667	453
18.07535	452
18.08288333	452
18.09051667	458
18.09803333	451
18.10565	457
18.11333333	461
18.12088333	453
18.1285	457
18.13625	465
18.14416667	475
18.15198333	469
18.15995	478
18.16798333	482
18.17603333	483
18.18418333	489
18.19241667	494
18.20051667	486
18.2088	497
18.21705	495
18.22518333	488
18.23346667	497
18.24155	485
18.24955	480
18.25766667	487
18.26558333	475
18.27346667	473
18.28146667	480
18.28928333	469
18.29708333	468
18.30488333	468
18.31266667	467
18.32041667	465
18.32823333	469
18.33608333	471
18.3438	463
18.35155	465
18.35936667	469
18.3671	464
18.37481667	463
18.38266667	471
18.39043333	466
18.39813333	462
18.40593333	468
18.4137	466
18.4214	462
18.42913333	464
18.43693333	468
18.44468333	465
18.4524	463
18.46018333	467
18.46786667	461
18.47558333	463
18.48328333	462
18.49088333	456
18.4986	463
18.50635	465
18.5141	465
18.52173333	458
18.52941667	461
18.53718333	466
18.54486667	461
18.55258333	463
18.56038333	468
18.56803333	459
18.57566667	458
18.5834	464
18.59115	465
18.59875	456
18.60641667	460
18.61416667	465
18.62191667	465
18.62966667	465
18.63751667	471
18.64555	482
18.65353333	479
18.66153333	480
18.66933333	468
18.67708333	465
18.68491667	470
18.69265	464
18.70031667	460
18.70808333	466
18.71578333	462
18.72338333	456
18.73101667	458
18.73868333	460
18.74625	454
18.7539	459
18.76156667	460
18.76911667	453
18.77673333	457
18.78443333	462
18.7922	466
18.79983333	458
18.80751667	461
18.8153	467
18.82306667	466
18.83098333	475
18.83876667	467
18.84678333	481
18.85478333	480
18.86291667	488
18.87076667	471
18.87868333	475
18.88666667	479
18.89476667	486
18.90293333	490
18.91083333	474
18.91881667	479
18.92678333	478
18.9349	487
18.94301667	487
18.95108333	484
18.95898333	474
18.96693333	477
18.97481667	473
18.98271667	474
18.9906	473
18.99838333	467
19.00606667	461
19.01375	461
19.0215	465
19.02926667	466
19.03703333	466
19.04485	469
19.05261667	466
19.06028333	460
19.06796667	461
19.07566667	462
19.08335	461
19.09108333	464
19.09881667	464
19.1066	467
19.11423333	458
19.12191667	461
19.12963333	463
19.13735	463
19.14511667	466
19.15286667	465
19.1606	464
19.16838333	467
19.17608333	462
19.18373333	459
19.19145	463
19.19913333	461
19.20681667	461
19.21463333	469
19.22226667	458
19.22993333	460
19.23766667	464
19.2454	464
19.253	456
19.2606	456
19.26818333	455
19.27578333	456
19.28338333	456
19.29103333	459
19.29871667	461
19.30645	464
19.31431667	472
19.3223	479
19.3302	474
19.33801667	469
19.34585	470
19.3536	465
19.36135	465
19.36908333	464
19.37671667	458
19.38443333	463
19.39201667	455
19.39951667	450
19.407	449
19.41448333	449
19.42195	448
19.42946667	451
19.43693333	448
19.44435	445
19.45188333	452
19.45941667	452
19.46688333	448
19.47438333	450
19.48193333	453
19.48941667	449
19.49691667	450
19.50448333	454
19.512	451
19.5195	450
19.52706667	454
19.53466667	456
19.54226667	456
19.54976667	450
19.55748333	463
19.56503333	453
19.57255	451
19.58008333	452
19.5876	451
19.59515	453
19.60261667	448
19.61011667	450
19.61758333	448
19.62506667	449
19.6326	452
19.6402	456
19.64768333	449
19.65515	448
19.6627	453
19.67021667	451
19.67771667	450
19.68526667	453
19.6928	452
19.70031667	451
19.70786667	453
19.71553333	460
19.7231	454
19.7307	456
19.73835	459
19.74608333	464
19.7538	463
19.76156667	466
19.7696	482
19.77743333	470
19.78528333	471
19.79328333	480
19.80123333	477
19.80908333	471
19.81698333	474
19.8249	475
19.83288333	479
19.84085	478
19.84893333	485
19.85711667	491
19.8651	479
19.87315	483
19.88116667	481
19.88928333	487
19.8974	487
19.90538333	479
19.91333333	477
19.9215	490
19.92971667	493
19.93783333	487
19.94623333	504
19.95483333	516
19.96315	499
19.97148333	500
19.97983333	501
19.98811667	497
19.99635	494
20.00476667	505
20.01308333	499
20.02131667	494
20.02945	488
20.03781667	502
20.04628333	508
20.05455	496
20.06306667	511
20.07158333	511
20.08003333	507
20.08825	493
20.09656667	499
20.10511667	513
20.11345	500
20.1216	489
20.12986667	496
20.1382	500
20.14648333	497
20.15481667	500
20.1633	509
20.17178333	509
20.18013333	501
20.18851667	503
20.19675	494
20.20503333	497
20.21326667	494
20.22146667	492
20.22958333	487
20.23768333	486
20.24581667	488
20.2539	485
20.26195	483
20.26986667	475
20.27795	485
20.28601667	484
20.2939	473
20.30178333	473
20.30971667	476
20.31773333	481
20.32576667	482
20.33375	479
20.34178333	482
20.35001667	494
20.35831667	498
20.3665	491
20.37478333	497
20.3833	511
20.3921	528
20.40096667	532
20.40986667	534
20.4184	512
20.42706667	520
20.43575	521
20.44451667	526
20.45318333	520
20.46161667	506
20.47011667	510
20.4788	521
20.48758333	527
20.49605	508
20.50451667	508
20.51308333	514
20.52175	520
20.53025	510
20.5388	513
20.5474	516
20.55638333	539
20.56506667	521
20.57373333	520
20.58243333	522
20.59128333	531
20.60025	538
20.60931667	544
20.61835	542
20.62726667	535
20.63586667	516
20.64468333	529
20.65343333	525
20.66208333	519
20.67058333	510
20.67913333	513
20.68758333	507
20.69603333	507
20.70453333	510
20.71315	517
20.72185	522
20.73065	528
20.7396	537
20.74831667	523
20.75691667	516
20.7658	533
20.7746	528
20.78318333	515
20.79175	514
20.80035	516
20.80898333	518
20.81773333	525
20.8265	526
20.83523333	524
20.84373333	510
20.85233333	516
20.86081667	509
20.86946667	519
20.87825	527
20.88705	528
20.89586667	529
20.90453333	520
20.9131	514
20.92171667	517
20.9303	515
20.93883333	512
20.94745	517
20.95625	528
20.96523333	539
20.97385	517
20.98241667	514
20.99096667	513
20.99945	509
21.00788333	506
21.01653333	519
21.02581667	557
21.03488333	544
21.04443333	573
21.05376667	560
21.06281667	543
21.07215	560
21.0815	561
21.09093333	566
21.10021667	557
21.10935	548
21.11843333	545
21.12741667	539
21.13611667	522
21.14506667	537
21.15506667	600
21.16541667	621
21.17568333	616
21.18576667	605
21.19488333	547
21.20426667	563
21.21355	557
21.22255	540
21.23155	540
21.24073333	551
21.2498	544
21.2587	534
21.26806667	562
21.27751667	567
21.2865	539
21.29576667	556
21.30541667	579
21.31475	560
21.32433333	575
21.33403333	582
21.34375	583
21.35348333	584
21.36275	556
21.37195	552
21.38146667	571
21.39118333	583
21.4005	559
21.41008333	575
21.4197	577
21.42933333	578
21.43845	547
21.44775	558
21.45721667	568
21.46688333	580
21.47668333	588
21.48586667	551
21.49528333	565
21.50488333	576
21.51475	592
21.52428333	572
21.53378333	570
21.54351667	584
21.55326667	585
21.56296667	582
21.57281667	591
21.5821	557
21.5915	564
21.60106667	574
21.6106	572
21.61991667	559
21.6291	551
21.63848333	563
21.64808333	576
21.65793333	591
21.66766667	584
21.67766667	600
21.68715	569
21.69703333	593
21.70686667	590
21.71681667	597
21.7261	557
21.73563333	572
21.745	562
21.75446667	568
21.76386667	564
21.77328333	565
21.78255	556
21.79155	540
21.80068333	548
21.80958333	534
21.81823333	519
21.82688333	519
21.83551667	518
21.84418333	520
21.85306667	533
21.86195	533
21.87095	540
21.87991667	538
21.88876667	531
21.89795	551
21.90681667	532
21.91578333	538
21.92503333	555
21.93456667	572
21.9436	542
21.95286667	556
21.96225	563
21.97176667	571
21.98096667	552
21.99013333	550
21.99925	547
22.00843333	551
22.0176	550
22.02676667	550
22.03556667	528
22.04433333	526
22.05308333	525
22.06186667	527
22.07066667	528
22.07915	509
22.0877	513
22.09621667	511
22.10493333	523
22.11408333	549
22.12355	568
22.13316667	577
22.14225	545
22.1517	567
22.16195	615
22.1733	681
22.18426667	658
22.19491667	639
22.20608333	670
22.2173	673
22.22835	663
22.23846667	607
22.24838333	595
22.2586	613
22.2687	606
22.27886667	610
22.28873333	592
22.29813333	564
22.30775	577
22.31733333	575
22.32663333	558
22.33625	577
22.34571667	568
22.35545	584
22.36618333	644
22.37653333	621
22.3869	622
22.39866667	706
22.41108333	745
22.4221	661
22.4336	690
22.44556667	718
22.45653333	658
22.46776667	674
22.4789	668
22.48938333	629
22.50036667	659
22.51115	647
22.52121667	604
22.53165	626
22.5422	633
22.5523	606
22.56238333	605
22.57313333	645
22.58348333	621
22.59503333	693
22.60631667	677
22.61783333	691
22.62923333	684
22.64045	673
22.65161667	670
22.66258333	658
22.67333333	645
22.68363333	618
22.69321667	575
22.70298333	586
22.71278333	588
22.7225	583
22.73176667	556
22.74125	569
22.75085	576
22.76108333	614
22.77191667	650
22.78278333	652
22.79333333	633
22.80401667	641
22.81386667	591
22.82421667	621
22.83416667	597
22.8443	608
22.85453333	614
22.8644	592
22.87453333	608
22.88496667	626
22.89583333	652
22.90578333	597
22.91556667	587
22.92581667	615
22.9361	617
22.9462	606
22.95648333	617
22.96676667	617
22.97643333	580
22.9865	604
22.99635	591
23.00608333	584
23.01543333	561
23.02493333	570
23.03463333	582
23.04436667	584
23.05395	575
23.06411667	610
23.0747	635
23.08488333	611
23.09606667	671
23.1075	686
23.1187	672
23.1289	612
23.13925	621
23.14968333	626
23.15975	604
23.16981667	604
23.17975	596
23.18955	588
23.19925	582
23.20873333	569
23.21803333	558
23.2271	544
23.23586667	526
23.24478333	535
23.25355	526
23.26215	516
23.27046667	499
23.27883333	502
23.28751667	521
23.29665	548
23.30888333	734
23.32215	796
23.33318333	662
23.34425	664
23.3562	717
23.36683333	638
23.37698333	609
23.38886667	713
23.39938333	631
23.41123333	711
23.42156667	620
23.43141667	591
23.44131667	594
23.45188333	634
23.46128333	564
23.47096667	581
23.48058333	577
23.49015	574
23.49975	576
23.50928333	572
23.51871667	566
23.52803333	559
23.537	538
23.5459	534
23.55473333	530
23.56351667	527
23.57231667	528
23.58133333	541
23.5905	550
23.5995	540
23.60833333	530
23.61723333	534
23.6261	532
23.63515	543
23.64445	558
23.65385	564
23.66336667	571
23.67246667	546
23.68173333	556
23.69116667	566
23.70073333	574
23.71028333	573
23.71953333	555
23.72888333	561
23.73808333	552
23.74731667	554
23.7566	557
23.76583333	554
23.77506667	554
23.78435	557
23.7936	555
23.803	564
23.81238333	563
23.8218	565
23.83093333	548
23.84035	565
23.84983333	569
23.85926667	566
23.86885	575
23.8784	573
23.88795	573
23.89736667	565
23.90681667	567
23.91623333	565
23.92558333	561
23.93468333	546
23.94373333	543
23.95273333	540
23.96158333	531
23.97035	526
23.97913333	527
23.98806667	536
23.99685	527
24.00551667	520
24.01431667	528
24.023	521
24.03178333	527
24.04091667	548
24.05053333	577
24.06086667	620
24.07158333	643
24.08196667	623
24.0935	692
24.1051	696
24.11656667	688
24.12776667	672
24.13865	653
24.14905	624
24.15946667	625
24.16941667	597
24.17901667	576
24.18855	572
24.19805	570
24.20753333	569
24.21686667	560
24.22611667	555
24.2356	569
24.24513333	572
24.25511667	599
24.26498333	592
24.27586667	653
24.28676667	654
24.2971	620
24.30778333	641
24.3185	643
24.32936667	652
24.34026667	654
24.35091667	639
24.36135	626
24.37106667	583
24.38086667	588
24.39041667	573
24.39986667	567
24.40911667	555
24.41833333	553
24.4275	550
24.43635	531
24.44535	540
24.45425	534
24.46306667	529
24.47186667	528
24.48096667	546
24.49048333	571
24.50098333	630
24.51231667	680
24.52356667	675
24.5357	728
24.54725	693
24.55875	690
24.569	615
24.57948333	629
24.58978333	618
24.59988333	606
24.61008333	612
24.62003333	597
24.62953333	570
24.63906667	572
24.64858333	571
24.65818333	576
24.66776667	575
24.67716667	564
24.68675	575
24.69631667	574
24.70566667	561
24.71496667	558
24.72416667	552
24.73326667	546
24.74246667	552
24.75195	569
24.76123333	557
24.77045	553
24.77998333	572
24.78948333	570
24.79913333	579
24.80893333	588
24.81891667	599
24.82888333	598
24.83893333	603
24.84896667	602
24.8585	572
24.868	570
24.87746667	568
24.88695	569
24.89636667	565
24.90575	563
24.91475	540
24.92391667	550
24.9329	539
24.9419	540
24.95101667	547
24.9604	563
24.96988333	569
24.9796	583
24.98955	597
24.99901667	568
25.00921667	612
25.0194	611
25.02991667	631
25.04	605
25.04991667	595
25.05976667	591
25.06958333	589
25.07948333	594
25.0894	595
25.09966667	616
25.10918333	571
25.11881667	578
25.1284	575
25.13763333	554
25.14698333	561
25.15628333	558
25.16551667	554
25.1749	563
25.18433333	566
25.19408333	585
25.2038	583
25.21375	597
25.22373333	599
25.23333333	576
25.24308333	585
25.25281667	584
25.2624	575
25.27198333	575
25.28166667	581
25.29148333	589
25.30086667	563
25.31046667	576
25.32013333	580
25.32945	559
25.33906667	577
25.34896667	594
25.35965	641
25.37025	636
25.3802	597
25.3914	672
25.40268333	677
25.4144	703
25.42673333	740
25.43915	745
25.45045	678
25.46246667	721
25.47416667	702
25.48543333	676
25.49616667	644
25.50611667	597
25.51593333	589
25.52583333	594
25.53551667	581
25.54521667	582
25.55496667	585
25.56468333	583
25.5747	601
25.58456667	592
25.59413333	574
25.60383333	582
25.61378333	597
25.62355	586
25.63356667	601
25.64341667	591
25.65323333	589
25.6629	580
25.6724	570
25.68176667	562
25.69108333	559
25.70028333	552
25.70943333	549
25.71851667	545
25.72771667	552
25.73706667	561
25.74653333	568
25.75573333	552
25.765	556
25.77443333	566
25.78433333	594
25.79428333	597
25.80416667	593
25.81371667	573
25.82325	572
25.83273333	569
25.84233333	576
25.852	580
25.86176667	586
25.87146667	582
25.8809	566
25.89053333	578
25.90003333	570
25.90951667	569
25.91885	560
25.92803333	551
25.93713333	546
25.94618333	543
25.95528333	546
25.96443333	549
25.97355	547
25.9829	561
25.99255	579
26.00215	576
26.0114	555
26.02073333	560
26.03046667	584
26.04021667	585
26.05016667	597
26.06016667	600
26.07041667	615
26.08051667	606
26.0907	611
26.10078333	605
26.1108	601
26.12068333	593
26.13048333	588
26.13968333	552
26.14901667	560
26.1582	551
26.16738333	551
26.1767	559
26.18641667	583
26.19696667	633
26.2078	650
26.21903333	674
26.23056667	692
26.24128333	643
26.25225	658
26.26315	654
26.27435	672
26.28441667	604
26.29461667	612
26.30471667	606
26.3146	593
26.32455	597
26.33431667	586
26.34385	572
26.35343333	575
26.36278333	561
26.37231667	572
26.38156667	555
26.39118333	577
26.40088333	582
26.41118333	618
26.42171667	632
26.43278333	664
26.44413333	681
26.45461667	629
26.46498333	622
26.47555	634
26.48611667	634
26.49678333	640
26.50718333	624
26.51746667	617
26.52761667	609
26.53766667	603
26.54753333	592
26.55753333	600
26.56688333	561
26.57656667	581
26.58641667	591
26.59665	614
26.60623333	575
26.61655	619
26.62711667	634
26.63713333	601
26.64843333	678
26.6601	700
26.6714	678
26.68451667	787
26.69776667	795
26.71071667	777
26.72406667	801
26.73631667	735
26.74833333	721
26.76036667	722
26.77096667	636
26.78215	671
26.79278333	638
26.80281667	602
26.8131	617
26.82288333	587
26.83281667	596
26.84331667	630
26.85383333	631
26.86431667	629
26.87496667	639
26.88528333	619
26.8951	589
26.90498333	593
26.91491667	596
26.92501667	606
26.93528333	616
26.94558333	618
26.95606667	629
26.96638333	619
26.97663333	615
26.9868	610
26.99681667	601
27.00651667	582
27.01578333	556
27.02515	562
27.03445	558
27.04368333	554
27.05278333	546
27.06188333	546
27.07126667	563
27.08166667	624
27.09206667	624
27.10235	617
27.11236667	601
27.12233333	598
27.13218333	591
27.14235	610
27.15216667	589
27.1622	602
27.17191667	583
27.18156667	579
27.19103333	568
27.20048333	567
27.20993333	567
27.21955	577
27.22901667	568
27.23856667	573
27.24843333	592
27.2584	598
27.26833333	596
27.27945	667
27.29011667	640
27.30148333	682
27.31238333	654
27.3229	631
27.33428333	683
27.34521667	656
27.35651667	678
27.36736667	651
27.37766667	618
27.38831667	639
27.39898333	640
27.4094	625
27.41971667	619
27.42976667	603
27.43993333	610
27.44988333	597
27.4598	595
27.46978333	599
27.47943333	579
27.48881667	563
27.49878333	598
27.50883333	603
27.51875	595
27.5289	609
27.54071667	709
27.55413333	805
27.56758333	807
27.5804	769
27.59248333	725
27.60518333	762
27.6177	751
27.62933333	698
27.64123333	714
27.65286667	698
27.66401667	669
27.67458333	634
27.6855	655
27.69625	645
27.7067	627
27.71703333	620
27.72813333	666
27.73988333	705
27.75075	652
27.76223333	689
27.77385	697
27.78496667	667
27.79676667	708
27.80883333	724
27.82081667	719
27.83168333	652
27.84288333	672
27.85413333	675
27.86501667	653
27.8754	623
27.88581667	625
27.89623333	625
27.90623333	600
27.91656667	620
27.927	626
27.93761667	637
27.9488	671
27.95991667	667
27.97045	632
27.98131667	652
27.99206667	645
28.00246667	624
28.0129	626
28.02338333	629
28.0339	631
28.04445	633
28.05445	600
28.06453333	605
28.07453333	600
28.08453333	600
28.09431667	587
28.10456667	615
28.1152	638
28.12533333	608
28.1359	634
28.14685	657
28.15756667	643
28.16788333	619
28.17866667	647
28.18985	671
28.20101667	670
28.21191667	654
28.22273333	649
28.23311667	623
28.24335	614
28.25316667	589
28.26316667	600
28.27316667	600
28.28308333	595
28.29288333	588
28.30258333	582
28.31235	586
28.32241667	604
28.33265	614
28.34276667	607
28.35291667	609
28.36351667	636
28.37405	632
28.38441667	622
28.39513333	643
28.40568333	633
28.41608333	624
28.42618333	606
28.43603333	591
28.44576667	584
28.45541667	579
28.46481667	564
28.47426667	567
28.4838	572
28.49353333	584
28.5034	592
28.513	576
28.52253333	572
28.53203333	570
28.54158333	573
28.55181667	614
28.56223333	625
28.57238333	609
28.58223333	591
28.59243333	612
28.6026	610
28.61265	603
28.62255	594
28.6321	573
28.64183333	584
28.6514	574
28.66121667	589
28.67111667	594
28.68098333	592
28.6907	583
28.7002	570
28.70968333	569
28.71911667	566
28.72848333	562
28.73793333	567
28.74735	565
28.75671667	562
28.76605	560
28.77535	558
28.78451667	550
28.79363333	547
28.80281667	551
28.81208333	556
28.82105	538
28.8301	543
28.83945	561
28.84918333	584
28.85963333	627
28.87151667	713
28.88455	782
28.89735	768
28.90928333	716
28.9212	715
28.93375	753
28.94646667	763
28.95803333	694
28.9698	706
28.98145	699
28.9924	657
29.0028	624
29.01295	609
29.02338333	626
29.03413333	645
29.04503333	654
29.05585	649
29.0669	663
29.07751667	637
29.08765	608
29.09795	618
29.10826667	619
29.11823333	598
29.128	586
29.13783333	590
29.1477	592
29.15765	597
29.16778333	608
29.17816667	623
29.18903333	652
29.19998333	657
29.21106667	665
29.22221667	669
29.23291667	642
29.24356667	639
29.25435	647
29.26475	624
29.275	615
29.28478333	587
29.29455	586
29.3043	585
29.31415	591
29.32385	582
29.3334	573
29.34311667	583
29.35298333	592
29.36326667	617
29.37333333	604
29.38348333	609
29.39441667	656
29.40585	686
29.41686667	661
29.42746667	636
29.43868333	673
29.45005	682
29.4613	675
29.47211667	649
29.48253333	625
29.4926	604
29.50278333	611
29.51301667	614
29.52306667	603
29.5334	620
29.54376667	622
29.55455	647
29.56545	654
29.57645	660
29.58771667	676
29.59903333	679
29.61035	679
29.6208	627
29.63148333	641
29.64216667	641
29.65283333	640
29.66306667	614
29.6732	608
29.6834	612
29.69386667	628
29.70445	635
29.71455	606
29.72498333	626
29.73576667	647
29.74685	665
29.75758333	644
29.76868333	666
29.7801	685
29.79125	669
29.80201667	646
29.81296667	657
29.824	662
29.83475	645
29.84498333	614
29.85556667	635
29.86628333	643
29.87701667	644
29.88733333	619
29.8977	622
29.90808333	623
29.91876667	641
29.92958333	649
29.94025	640
29.95043333	611
29.96093333	630
29.97151667	635
29.9822	641
29.99246667	616
30.00308333	637
30.014	655
30.02476667	646
30.03505	617
30.04558333	632
30.0562	637
30.06703333	650
30.07771667	641
30.08815	626
30.099	651
30.11006667	664
30.12063333	634
30.13111667	629
30.14203333	655
30.15278333	645
30.1631	619
30.17375	639
30.1846	651
30.19538333	647
30.20588333	630
30.21628333	624
30.2266	619
30.2366	600
30.24675	609
30.25688333	608
30.26678333	594
30.27713333	621
30.28733333	612
30.2979	634
30.30845	633
30.31875	618
30.32908333	620
30.33888333	588
30.34883333	597
30.35861667	587
30.36821667	576
30.37763333	565
30.3866	538
30.39575	549
30.40471667	538
30.41365	536
30.42248333	530
30.43125	526
30.43998333	524
30.44891667	536
30.45833333	565
30.46801667	581
30.47793333	595
30.48845	631
30.49916667	643
30.50953333	622
30.51991667	623
30.53078333	652
30.54121667	626
30.55211667	654
30.5625	623
30.57285	621
30.58346667	637
30.59421667	645
30.60481667	636
30.61498333	610
30.62535	622
30.63573333	623
30.64586667	608
30.65605	611
30.66628333	614
30.67676667	629
30.6872	626
30.69746667	616
31.24358333	0
31.37973333	0
31.38963333	594
31.399	562
31.94511667	0
