0.0123	738
0.025933333	818
0.039183333	795
0.05185	760
0.0657	831
0.0791	804
0.0915	744
0.104466667	778
0.1175	782
0.129266667	706
0.14195	761
0.155716667	826
0.16815	746
0.1806	747
0.193916667	799
0.20675	770
0.21885	726
0.232383333	812
0.2456	793
0.25785	735
0.271016667	790
0.284533333	811
0.2972	760
0.309366667	730
0.322766667	804
0.336133333	802
0.3489	766
0.3614	750
0.37465	795
0.387516667	772
0.399216667	702
0.411416667	732
0.423866667	747
0.435466667	696
0.446616667	669
0.458816667	732
0.471383333	754
0.484133333	765
0.496166667	722
0.508633333	748
0.520883333	735
0.532733333	711
0.543566667	650
0.554583333	661
0.565733333	669
0.576466667	644
0.5871	638
0.598283333	671
0.609583333	678
0.620333333	645
0.6314	664
0.6441	762
0.6567	756
0.6687	720
0.680833333	728
0.6935	760
0.706433333	776
0.718716667	737
0.730433333	703
0.74265	733
0.7557	783
0.769333333	818
0.781783333	747
0.793483333	702
0.804716667	674
0.816516667	708
0.82875	734
0.839833333	665
0.851366667	692
0.863016667	699
0.873983333	658
0.885766667	707
0.897883333	727
0.909466667	695
0.920566667	666
0.9322	698
0.94395	705
0.956083333	728
0.96755	688
0.979883333	740
0.992833333	777
1.006383333	813
1.0191	763
1.0321	780
1.0466	870
1.061766667	910
1.075333333	814
1.090566667	914
1.1056	902
1.118866667	796
1.133033333	850
1.1469	832
1.159916667	781
1.173483333	814
1.187166667	821
1.2005	800
1.213416667	775
1.226883333	808
1.240116667	794
1.25215	722
1.26405	714
1.27625	732
1.287933333	701
1.2992	676
1.3112	720
1.323683333	749
1.336833333	789
1.34875	715
1.361516667	766
1.374366667	771
1.38755	791
1.400083333	752
1.413683333	816
1.427983333	858
1.44155	814
1.4555	837
1.470033333	872
1.485233333	912
1.500733333	930
1.515483333	885
1.530866667	923
1.54655	941
1.562416667	952
1.577116667	882
1.592233333	907
1.607666667	926
1.622	860
1.636316667	859
1.651283333	898
1.665633333	861
1.680633333	900
1.696066667	926
1.711	896
1.724583333	815
1.73875	850
1.753116667	862
1.766666667	813
1.780283333	817
1.793583333	798
1.8056	721
1.817583333	719
1.8295	715
1.84165	729
1.852916667	676
1.865083333	730
1.87825	790
1.891	765
1.902683333	701
1.915816667	788
1.929816667	840
1.944066667	855
1.95685	767
1.969766667	775
1.983233333	808
1.996933333	822
2.009566667	758
2.022683333	787
2.036866667	851
2.050783333	835
2.063033333	735
2.0767	820
2.090716667	841
2.103383333	760
2.116666667	797
2.131483333	889
2.14545	838
2.1582	765
2.172816667	877
2.18775	896
2.202166667	865
2.215233333	784
2.22955	859
2.243783333	854
2.2574	817
2.2705	786
2.284633333	848
2.2993	880
2.3126	798
2.326483333	833
2.341333333	891
2.3549	814
2.3674	750
2.381266667	832
2.395366667	846
2.408133333	766
2.420983333	771
2.434633333	819
2.448716667	845
2.46145	764
2.475116667	820
2.489416667	858
2.503733333	859
2.516733333	780
2.530333333	816
2.54435	841
2.557416667	784
2.570466667	783
2.585083333	877
2.5995	865
2.613183333	821
2.62765	868
2.641083333	806
2.653666667	755
2.666766667	786
2.68065	833
2.693033333	743
2.705	718
2.719116667	847
2.731983333	772
2.745966667	839
2.760316667	861
2.774133333	829
2.786716667	755
2.799283333	754
2.811366667	725
2.822316667	657
2.833266667	657
2.845183333	715
2.858516667	800
2.872283333	826
2.884883333	756
2.89825	802
2.912033333	827
2.925766667	824
2.938016667	735
2.9505	749
2.963483333	779
2.9767	793
2.988316667	697
2.99995	698
3.0129	777
3.026166667	796
3.039683333	811
3.052416667	764
3.065183333	766
3.079283333	846
3.0936	859
3.1074	828
3.119666667	736
3.132416667	765
3.145566667	789
3.158483333	775
3.17065	730
3.18265	720
3.19585	792
3.209683333	830
3.223233333	813
3.236	766
3.249216667	793
3.262983333	826
3.276033333	783
3.2889	772
3.302083333	791
3.315733333	819
3.329566667	830
3.342783333	793
3.355983333	792
3.369833333	831
3.3839	844
3.398133333	854
3.4113	790
3.424616667	799
3.43895	860
3.453716667	886
3.467416667	822
3.480066667	759
3.493383333	799
3.507083333	822
3.520083333	780
3.532283333	732
3.545183333	774
3.5591	835
3.57345	861
3.588016667	874
3.601283333	796
3.61405	766
3.627333333	797
3.640916667	815
3.654416667	810
3.666583333	730
3.679466667	773
3.692	752
3.70545	807
3.717416667	718
3.7294	719
3.742233333	770
3.7553	784
3.768216667	775
3.7805	737
3.7932	762
3.806183333	779
3.819033333	771
3.83155	751
3.84415	756
3.857566667	805
3.8712	818
3.88505	831
3.89795	774
3.91085	774
3.924583333	824
3.938683333	846
3.953183333	870
3.966416667	794
3.97905	758
3.991983333	776
4.0053	799
4.01925	837
4.0327	807
4.045766667	784
4.057616667	711
4.0691	689
4.0804	678
4.09125	651
4.102666667	685
4.1143	698
4.125616667	679
4.137233333	697
4.1498	754
4.163	792
4.176366667	802
4.1898	806
4.202333333	752
4.21425	715
4.226483333	734
4.24005	814
4.254366667	859
4.269416667	903
4.284433333	901
4.298083333	819
4.31085	766
4.32375	774
4.3373	813
4.35155	855
4.3659	861
4.379233333	800
4.39155	739
4.404866667	799
4.418633333	826
4.432466667	830
4.445866667	804
4.458116667	735
4.470383333	736
4.4831	763
4.495283333	731
4.5071	709
4.518833333	704
4.531866667	782
4.545783333	835
4.559116667	800
4.571166667	723
4.583616667	747
4.596316667	762
4.60835	722
4.619816667	688
4.631183333	682
4.643033333	711
4.655433333	744
4.668283333	771
4.680783333	750
4.69275	718
4.705133333	743
4.71765	751
4.730966667	799
4.745033333	844
4.758016667	779
4.770283333	736
4.78305	766
4.79665	816
4.810366667	823
4.823716667	801
4.836183333	748
4.848816667	758
4.86225	806
4.8765	855
4.89135	891
4.904666667	799
4.9178	788
4.9311	798
4.944366667	796
4.956916667	753
4.96875	710
4.981133333	743
4.994016667	773
5.007033333	781
5.019116667	725
5.031716667	756
5.044533333	769
5.056883333	741
5.068333333	687
5.0792	652
5.089566667	622
5.0998	614
5.110316667	631
5.12105	644
5.132083333	662
5.143766667	701
5.155516667	705
5.166733333	673
5.177816667	665
5.189233333	685
5.200483333	675
5.21185	682
5.223283333	686
5.234783333	690
5.245716667	656
5.25675	662
5.267866667	667
5.279816667	717
5.290983333	670
5.303166667	731
5.31605	773
5.329266667	793
5.3422	776
5.355866667	820
5.3702	860
5.384433333	854
5.3977	796
5.4111	804
5.424683333	815
5.438433333	825
5.451433333	780
5.46485	805
5.47845	816
5.4918	801
5.504833333	782
5.518966667	848
5.533416667	867
5.546416667	780
5.559616667	792
5.572816667	792
5.5853	749
5.597416667	727
5.60955	728
5.622483333	776
5.6347	733
5.64625	693
5.65805	708
5.670516667	748
5.6822	701
5.69425	723
5.707266667	781
5.720316667	783
5.732833333	751
5.744916667	725
5.757183333	736
5.7694	733
5.781383333	719
5.792766667	683
5.80445	701
5.816683333	734
5.829166667	749
5.842366667	792
5.85495	755
5.86735	744
5.88005	762
5.893166667	787
5.906133333	778
5.918433333	738
5.932733333	858
5.947916667	911
5.963083333	910
5.976666667	815
5.989466667	768
6.0028	800
6.016266667	808
6.029	764
6.041683333	761
6.055	799
6.068633333	818
6.081883333	795
6.094316667	746
6.1076	797
6.12135	825
6.13425	774
6.146933333	761
6.159933333	780
6.172666667	764
6.185416667	765
6.197416667	720
6.210333333	775
6.223583333	795
6.23665	784
6.249283333	758
6.262833333	813
6.27685	841
6.28965	768
6.3027	783
6.315866667	790
6.328833333	778
6.3409	724
6.353583333	761
6.366533333	777
6.3796	784
6.391666667	724
6.4047	782
6.417883333	791
6.430233333	741
6.442083333	711
6.4548	763
6.467683333	773
6.480583333	774
6.492583333	720
6.505133333	753
6.5175	742
6.52955	723
6.5411	693
6.553266667	730
6.565616667	741
6.578083333	748
6.589883333	708
6.602433333	753
6.614683333	735
6.626833333	729
6.638633333	708
6.650016667	683
6.6612	671
6.672483333	677
6.683783333	678
6.694833333	663
6.70665	709
6.7185	711
6.73055	723
6.742466667	715
6.755033333	754
6.767533333	750
6.77915	697
6.791266667	727
6.803133333	712
6.814433333	678
6.82535	655
6.836583333	674
6.847416667	650
6.858166667	645
6.868833333	640
6.879883333	663
6.892116667	734
6.904516667	744
6.916	689
6.927833333	710
6.940283333	747
6.9532	775
6.965316667	727
6.977216667	714
6.989133333	715
7.0009	706
7.011883333	659
7.0233	685
7.0348	690
7.045833333	662
7.056683333	651
7.067466667	647
7.0785	662
7.0895	660
7.100783333	677
7.112266667	689
7.12285	635
7.133833333	659
7.144616667	647
7.15535	644
7.1657	621
7.175983333	617
7.186216667	614
7.196616667	624
7.207033333	625
7.217233333	612
7.228316667	665
7.24005	704
7.252116667	724
7.263166667	663
7.274816667	699
7.287083333	736
7.29915	724
7.309933333	647
7.320783333	651
7.331666667	653
7.34225	635
7.352466667	613
7.362816667	621
7.373166667	621
7.3836	626
7.393816667	613
7.404466667	639
7.4148	620
7.4255	642
7.4358	618
7.446166667	622
7.456333333	610
7.466316667	599
7.476266667	597
7.486066667	588
7.495783333	583
7.505466667	581
7.515016667	573
7.524616667	576
7.534183333	574
7.543516667	560
7.553316667	588
7.563616667	618
7.573366667	585
7.5838	626
7.5945	642
7.6055	660
7.61575	615
7.625983333	614
7.63625	616
7.646916667	640
7.6576	641
7.667566667	598
7.6776	602
7.687683333	605
7.697333333	579
7.707266667	596
7.716933333	580
7.7272	616
7.737666667	628
7.74845	647
7.75925	648
7.76985	636
7.780433333	635
7.792133333	702
7.803283333	669
7.814	643
7.825433333	686
7.8373	712
7.849516667	733
7.861833333	739
7.872816667	659
7.884066667	675
7.895233333	670
7.906133333	654
7.917633333	690
7.929166667	692
7.941016667	711
7.952	659
7.962933333	656
7.974483333	693
7.984983333	630
7.996	661
8.00865	759
8.020233333	695
8.03295	763
8.04445	690
8.057233333	767
8.06985	757
8.08215	738
8.094166667	721
8.1059	704
8.11735	687
8.128483333	668
8.139216667	644
8.149733333	631
8.160466667	644
8.170583333	607
8.180783333	612
8.19085	604
8.201783333	656
8.2147	775
8.22715	747
8.238533333	683
8.251633333	786
8.264533333	774
8.27635	709
8.288583333	734
8.2996	661
8.311016667	685
8.322616667	696
8.333783333	670
8.344483333	642
8.355116667	638
8.3665	683
8.378183333	701
8.389783333	696
8.400833333	663
8.412166667	680
8.42395	707
8.43575	708
8.44755	708
8.4592	699
8.470383333	671
8.481483333	666
8.492833333	681
8.504683333	711
8.516616667	716
8.528633333	721
8.540766667	728
8.552683333	715
8.56425	694
8.574966667	643
8.585416667	627
8.595783333	622
8.6056	589
8.61615	633
8.626733333	635
8.637033333	618
8.646966667	596
8.65675	587
8.666516667	586
8.676333333	589
8.68665	619
8.69835	702
8.7093	657
8.719616667	619
8.73005	626
8.7401	603
8.750433333	620
8.761483333	663
8.772733333	675
8.78405	679
8.794716667	640
8.805166667	627
8.815866667	642
8.82625	623
8.837483333	674
8.848983333	690
8.859483333	630
8.870716667	674
8.88355	770
8.895316667	706
8.90655	674
8.919016667	748
8.9319	773
8.944183333	737
8.95585	700
8.967366667	691
8.978433333	664
8.989233333	648
9.000233333	660
9.010716667	629
9.02235	698
9.034866667	751
9.0465	698
9.059383333	773
9.072116667	764
9.083566667	687
9.095133333	694
9.106416667	677
9.116816667	624
9.1274	635
9.13785	627
9.148033333	611
9.158366667	620
9.16905	641
9.180016667	658
9.190383333	622
9.2012	649
9.212366667	670
9.223216667	651
9.233733333	631
9.244566667	650
9.255233333	640
9.265466667	614
9.2759	626
9.2857	588
9.295783333	605
9.30585	604
9.316133333	617
9.326316667	611
9.3364	605
9.34655	609
9.35645	594
9.366266667	589
9.376166667	594
9.386283333	607
9.396533333	615
9.406433333	594
9.416266667	590
9.4258	572
9.435316667	571
9.444966667	579
9.45475	587
9.4642	567
9.473716667	571
9.483033333	559
9.4925	568
9.501833333	560
9.511183333	561
9.5204	553
9.529683333	557
9.538966667	557
9.548316667	561
9.557733333	565
9.56695	553
9.576133333	551
9.585266667	548
9.594333333	544
9.6034	544
9.612283333	533
9.6212	535
9.6299	522
9.638583333	521
9.647366667	527
9.655933333	514
9.66435	505
9.67295	516
9.681716667	526
9.690833333	547
9.7	550
9.70915	549
9.718216667	544
9.727316667	546
9.736483333	550
9.74545	538
9.7545	543
9.763383333	533
9.772116667	524
9.7808	521
9.7895	522
9.798083333	515
9.806633333	513
9.815166667	512
9.823833333	520
9.832316667	509
9.841016667	522
9.849733333	523
9.85845	523
9.867166667	523
9.875966667	528
9.884666667	522
9.893466667	528
9.902183333	523
9.911	529
9.919833333	530
9.92885	541
9.9378	537
9.94675	537
9.955783333	542
9.964866667	545
9.9742	560
9.983416667	553
9.992633333	553
10.00196667	560
10.0114	566
10.02053333	548
10.02985	559
10.03928333	566
10.0486	559
10.05801667	565
10.06781667	588
10.07745	578
10.08696667	571
10.09678333	589
10.10656667	587
10.11635	587
10.126	579
10.1358	588
10.14546667	580
10.1551	578
10.16465	573
10.1739	555
10.1831	552
10.192	534
10.20093333	536
10.20976667	530
10.21855	527
10.22741667	532
10.23645	542
10.24578333	560
10.25566667	593
10.26581667	609
10.2759	605
10.28535	567
10.2951	585
10.30446667	562
10.31396667	570
10.32325	557
10.33233333	545
10.3414	544
10.35035	537
10.35918333	530
10.36795	526
10.37675	528
10.3855	525
10.39436667	532
10.40326667	534
10.41201667	525
10.4209	533
10.42995	543
10.43895	540
10.44791667	538
10.45696667	543
10.46605	545
10.47506667	541
10.48403333	538
10.49313333	546
10.50205	535
10.51091667	532
10.51971667	528
10.52861667	534
10.53756667	537
10.54688333	559
10.55595	544
10.56496667	541
10.57385	533
10.5827	531
10.59151667	529
10.60043333	535
10.60958333	549
10.61906667	569
10.62848333	565
10.63805	574
10.64748333	566
10.65656667	545
10.66576667	552
10.67478333	541
10.68381667	542
10.69261667	528
10.70153333	535
10.71038333	531
10.71925	532
10.72811667	532
10.73696667	531
10.74595	539
10.75506667	547
10.7641	542
10.77333333	554
10.78268333	561
10.79176667	545
10.801	554
10.81011667	547
10.81928333	550
10.82813333	531
10.83715	541
10.8459	525
10.85463333	524
10.86331667	521
10.87206667	525
10.88075	521
10.88941667	520
10.89808333	520
10.90701667	536
10.91615	548
10.92546667	559
10.93446667	540
10.94366667	552
10.95281667	549
10.96211667	558
10.9711	539
10.98013333	542
10.98903333	534
10.9978	526
11.00651667	523
11.0153	527
11.02406667	526
11.03276667	522
11.04155	527
11.05036667	529
11.05918333	529
11.06796667	527
11.07698333	541
11.08595	538
11.09493333	539
11.10386667	536
11.11295	545
11.12175	528
11.13065	534
11.13948333	530
11.14813333	519
11.15685	523
11.16563333	527
11.17425	517
11.18291667	520
11.1917	527
11.20063333	536
11.20938333	525
11.21828333	534
11.22726667	539
11.23656667	558
11.24568333	547
11.25493333	555
11.26436667	566
11.27358333	553
11.28288333	558
11.29231667	566
11.30171667	564
11.31103333	559
11.3205	568
11.32968333	551
11.33898333	558
11.34821667	554
11.35733333	547
11.36656667	554
11.37581667	555
11.38493333	547
11.39406667	548
11.40346667	564
11.41266667	552
11.4224	584
11.43175	561
11.44105	558
11.45041667	562
11.45986667	567
11.46928333	565
11.47845	550
11.48773333	557
11.49663333	534
11.50571667	545
11.51476667	543
11.52385	545
11.53271667	532
11.5418	545
11.55065	531
11.55968333	542
11.56875	544
11.57793333	551
11.58693333	540
11.59598333	543
11.60498333	540
11.61373333	525
11.62261667	533
11.63141667	528
11.64011667	522
11.64881667	522
11.6575	521
11.66606667	514
11.6746	512
11.68313333	512
11.69168333	513
11.70025	514
11.7088	513
11.71746667	520
11.7261	518
11.7347	516
11.74338333	521
11.75201667	518
11.76066667	519
11.76935	521
11.77798333	518
11.78665	520
11.7953	519
11.80401667	523
11.81246667	507
11.82101667	513
11.82956667	513
11.8382	518
11.84668333	509
11.85523333	513
11.8637	508
11.87228333	515
11.88108333	528
11.88988333	528
11.89858333	522
11.90735	526
11.91621667	532
11.92521667	540
11.93425	542
11.9433	543
11.95223333	536
11.96115	535
11.96988333	524
11.97845	514
11.98698333	512
11.99541667	506
12.00373333	499
12.01185	487
12.02001667	490
12.02818333	490
12.03643333	495
12.04455	487
12.05278333	494
12.0611	499
12.06956667	508
12.07795	503
12.08645	510
12.09486667	505
12.10331667	507
12.11178333	508
12.12035	514
12.12898333	518
12.13776667	527
12.1464	518
12.15516667	526
12.1639	524
12.17268333	527
12.18125	514
12.18991667	520
12.19855	518
12.20738333	530
12.21605	520
12.22491667	532
12.2338	533
12.24281667	541
12.25195	548
12.26133333	563
12.28918333	0
12.2981	535
12.30705	537
12.31566667	517
12.32423333	514
12.33276667	512
12.34126667	510
12.34986667	516
12.35851667	519
12.36718333	520
12.37618333	540
12.38516667	539
12.39431667	549
12.40381667	570
12.41311667	558
12.42266667	573
12.43248333	589
12.44188333	564
12.45131667	566
12.4605	551
12.46975	555
12.47886667	547
12.48778333	535
12.49701667	554
12.50616667	549
12.51523333	544
12.52445	553
12.53375	558
12.54276667	541
12.55205	557
12.56133333	557
12.57048333	549
12.57986667	563
12.5891	554
12.59861667	571
12.6077	545
12.61693333	554
12.62603333	546
12.63525	553
12.64458333	560
12.65426667	581
12.66396667	582
12.67366667	582
12.68326667	576
12.69268333	565
12.70186667	551
12.71081667	537
12.71971667	534
12.72836667	519
12.73703333	520
12.74553333	510
12.75405	511
12.76251667	508
12.77101667	510
12.77951667	510
12.78816667	519
12.79675	515
12.80538333	518
12.81405	520
12.82295	534
12.83173333	527
12.84073333	540
12.84963333	534
12.85868333	543
12.86778333	546
12.87685	544
12.8859	543
12.89495	543
12.90363333	521
12.91233333	522
12.92091667	515
12.92938333	508
12.93778333	504
12.94641667	518
12.95515	524
12.96395	528
12.97268333	524
12.98173333	543
12.9908	544
12.99978333	539
13.00886667	545
13.01813333	556
13.02718333	543
13.03643333	555
13.04576667	560
13.05478333	541
13.06383333	543
13.07291667	545
13.0819	539
13.09088333	539
13.10001667	548
13.10906667	543
13.11816667	546
13.12726667	546
13.13656667	558
13.1456	542
13.15485	555
13.16403333	551
13.17311667	545
13.18228333	550
13.1916	559
13.20071667	547
13.20971667	540
13.21876667	543
13.22803333	556
13.23713333	546
13.2463	550
13.2556	558
13.26456667	538
13.27348333	535
13.28235	532
13.29101667	520
13.29953333	511
13.30811667	515
13.31655	506
13.32516667	517
13.33393333	526
13.34263333	522
13.35155	535
13.3605	537
13.36975	555
13.37895	552
13.38798333	542
13.39691667	536
13.4057	527
13.41436667	520
13.42301667	519
13.43143333	505
13.4399	508
13.4483	504
13.4567	504
13.4651	504
13.47361667	511
13.48208333	508
13.49078333	522
13.49968333	534
13.50853333	531
13.51741667	533
13.5268	563
13.53606667	556
13.54528333	553
13.55458333	558
13.56385	556
13.5729	543
13.58205	549
13.59103333	539
13.59983333	528
13.60853333	522
13.61723333	522
13.6261	532
13.6352	546
13.64428333	545
13.65325	538
13.66218333	536
13.67123333	543
13.68038333	549
13.68935	538
13.69838333	542
13.70746667	545
13.71638333	535
13.7253	535
13.73428333	539
13.74303333	525
13.7519	532
13.76071667	529
13.76983333	547
13.77871667	533
13.7878	545
13.79716667	562
13.8067	572
13.81596667	556
13.8256	578
13.83541667	589
13.8448	563
13.85416667	562
13.86368333	571
13.8732	571
13.8824	552
13.89146667	544
13.90036667	534
13.90918333	529
13.9181	535
13.92698333	533
13.93603333	543
13.94513333	546
13.95431667	551
13.96341667	546
13.97273333	559
13.98205	559
13.9915	567
14.00096667	568
14.01031667	561
14.01941667	546
14.02835	536
14.03718333	530
14.04608333	534
14.05491667	530
14.06356667	519
14.07226667	522
14.08095	521
14.08961667	520
14.09828333	520
14.10698333	522
14.11575	526
14.12471667	538
14.13408333	562
14.14355	568
14.15306667	571
14.16253333	568
14.17178333	555
14.18103333	555
14.18991667	533
14.19868333	526
14.20743333	525
14.21606667	518
14.22461667	513
14.23308333	508
14.24136667	497
14.24966667	498
14.25788333	493
14.26621667	500
14.27456667	501
14.28308333	511
14.29193333	531
14.301	544
14.30996667	538
14.31898333	541
14.32816667	551
14.33795	587
14.3479	597
14.35741667	571
14.36668333	556
14.376	559
14.38505	543
14.39383333	527
14.4026	526
14.41131667	523
14.4199	515
14.42845	513
14.43708333	518
14.4458	523
14.45455	525
14.46333333	527
14.47246667	548
14.48151667	543
14.49055	542
14.4997	549
14.50908333	563
14.5186	571
14.5282	576
14.53771667	571
14.54681667	546
14.556	551
14.56486667	532
14.57376667	534
14.58241667	519
14.5912	527
14.60001667	529
14.60886667	531
14.61755	521
14.62651667	538
14.6354	533
14.64458333	551
14.65358333	540
14.6626	541
14.6717	546
14.68058333	533
14.68953333	537
14.69841667	533
14.70721667	528
14.7158	515
14.72436667	514
14.73288333	511
14.74136667	509
14.74991667	513
14.7586	521
14.76711667	511
14.77575	518
14.78428333	512
14.79275	508
14.80125	510
14.80983333	515
14.81825	505
14.82675	510
14.8353	513
14.8439	516
14.85243333	512
14.86101667	515
14.8697	521
14.8784	522
14.88716667	526
14.89603333	532
14.90471667	521
14.91346667	525
14.92225	527
14.93101667	526
14.93973333	523
14.94861667	533
14.95726667	519
14.96591667	519
14.97465	524
14.9833	519
14.99191667	517
15.0005	515
15.00945	537
15.0183	531
15.02726667	538
15.0365	554
15.0458	558
15.05498333	551
15.06425	556
15.07341667	550
15.08295	572
15.09266667	583
15.10243333	586
15.11178333	561
15.1213	571
15.1304	546
15.13943333	542
15.14858333	549
15.15791667	560
15.16703333	547
15.1763	556
15.18588333	575
15.1952	559
15.2046	564
15.21405	567
15.22348333	566
15.23276667	557
15.24221667	567
15.25176667	573
15.26126667	570
15.27045	551
15.27981667	562
15.28903333	553
15.29828333	555
15.30716667	533
15.31618333	541
15.32516667	539
15.33396667	528
15.3427	524
15.35141667	523
15.36021667	528
15.36911667	534
15.37791667	528
15.38695	542
15.39605	546
15.40515	546
15.41448333	560
15.42391667	566
15.43315	554
15.44271667	574
15.45196667	555
15.46118333	553
15.4702	541
15.47933333	548
15.4885	550
15.49765	549
15.5066	537
15.51573333	548
15.52463333	534
15.53355	535
15.54233333	527
15.5511	526
15.55988333	527
15.56861667	524
15.57733333	523
15.58625	535
15.59531667	544
15.6045	551
15.61371667	553
15.6231	563
15.63228333	551
15.64126667	539
15.65013333	532
15.65896667	530
15.66773333	526
15.67641667	521
15.685	515
15.69368333	521
15.70245	526
15.71125	528
15.72018333	536
15.72945	556
15.73855	546
15.7481	573
15.75823333	608
15.76803333	588
15.778	598
15.7882	612
15.79788333	581
15.80755	580
15.81728333	584
15.82658333	558
15.83623333	579
15.84535	547
15.85498333	578
15.86456667	575
15.8743	584
15.88363333	560
15.8932	574
15.90275	573
15.91196667	553
15.92136667	564
15.93088333	571
15.94023333	561
15.94991667	581
15.95968333	586
15.96918333	570
15.97878333	576
15.98841667	578
15.99763333	553
16.00681667	551
16.01573333	535
16.02463333	534
16.03343333	528
16.0427	556
16.05206667	562
16.0613	554
16.07038333	545
16.0796	553
16.08895	561
16.09841667	568
16.10758333	550
16.11681667	554
16.12611667	558
16.13568333	574
16.14565	598
16.15551667	592
16.16488333	562
16.1743	565
16.1836	558
16.19303333	566
16.20245	565
16.21201667	574
16.22135	560
16.23045	546
16.23943333	539
16.24848333	543
16.25781667	560
16.26701667	552
16.27613333	547
16.28528333	549
16.29425	538
16.30336667	547
16.31253333	550
16.32205	571
16.33126667	553
16.34041667	549
16.34965	554
16.35886667	553
16.36818333	559
16.37761667	566
16.38696667	561
16.39598333	541
16.40515	550
16.41396667	529
16.42271667	525
16.43141667	522
16.44011667	522
16.44876667	519
16.45783333	544
16.467	550
16.47643333	566
16.48563333	552
16.49471667	545
16.50385	548
16.51286667	541
16.52193333	544
16.53113333	552
16.54001667	533
16.54886667	531
16.55763333	526
16.56635	523
16.57535	540
16.58441667	544
16.5936	551
16.60275	549
16.61183333	545
16.6208	538
16.62968333	533
16.63855	532
16.64728333	524
16.65586667	515
16.66455	521
16.67308333	512
16.68155	508
16.69005	510
16.69875	522
16.70726667	511
16.71575	509
16.72438333	518
16.73301667	518
16.74166667	519
16.75036667	522
16.75908333	523
16.76778333	522
16.77656667	527
16.78533333	526
16.79401667	521
16.80285	530
16.81158333	524
16.82016667	515
16.82891667	525
16.83765	524
16.84616667	511
16.85481667	519
16.86351667	522
16.87208333	514
16.88068333	516
16.88936667	521
16.89806667	522
16.9067	518
16.91546667	526
16.92421667	525
16.93305	530
16.94191667	532
16.95095	542
16.96013333	551
16.96935	553
16.97845	546
16.98766667	553
16.99686667	552
17.00596667	546
17.01495	539
17.02396667	541
17.03293333	538
17.04181667	533
17.05056667	525
17.0593	524
17.06811667	529
17.07705	536
17.08586667	529
17.09465	527
17.10361667	538
17.11253333	535
17.12138333	531
17.13026667	533
17.13943333	550
17.14836667	536
17.15748333	547
17.1669	565
17.17643333	572
17.18556667	548
17.1944	530
17.20345	543
17.21238333	536
17.22111667	524
17.22985	524
17.2386	525
17.24751667	535
17.25651667	540
17.26526667	525
17.27413333	532
17.2831	538
17.292	534
17.30093333	536
17.30995	541
17.31886667	535
17.3279	542
17.33708333	551
17.34658333	570
17.35573333	549
17.36528333	573
17.37478333	570
17.38401667	554
17.39333333	559
17.40271667	563
17.41186667	549
17.42105	551
17.4305	567
17.43953333	542
17.44861667	545
17.45801667	564
17.46723333	553
17.47653333	558
17.48625	583
17.49565	564
17.50483333	551
17.51405	553
17.52306667	541
17.53203333	538
17.54095	535
17.55018333	554
17.55938333	552
17.56846667	545
17.57763333	550
17.5869	556
17.59601667	547
17.60508333	544
17.61443333	561
17.62353333	546
17.6327	550
17.64201667	559
17.65135	560
17.66048333	548
17.66988333	564
17.679	547
17.6881	546
17.69711667	541
17.7063	551
17.71565	561
17.72528333	578
17.73485	574
17.74455	582
17.76343333	0
17.77265	553
17.78171667	544
17.79093333	553
17.79991667	539
17.80883333	535
17.81778333	537
17.82651667	524
17.83533333	529
17.84418333	531
17.85326667	545
17.86251667	555
17.8715	539
17.8805	540
17.88971667	553
17.89911667	564
17.90906667	597
17.91885	587
17.9284	573
17.93801667	577
17.9476	575
17.9568	552
17.96605	555
17.97528333	554
17.98435	544
17.99338333	542
18.00253333	549
18.0117	550
18.02075	543
18.0301	561
18.03945	561
18.04871667	556
18.05805	560
18.06748333	566
18.0766	547
18.08585	555
18.09536667	571
18.10476667	564
18.11395	551
18.12308333	548
18.13253333	567
18.14201667	569
18.1512	551
18.16065	567
18.17031667	580
18.17968333	562
18.18901667	560
18.19855	572
18.20803333	569
18.21735	559
18.22695	576
18.23665	582
18.24598333	560
18.25518333	552
18.26431667	548
18.2732	533
18.28208333	533
18.29098333	534
18.30036667	563
18.30998333	577
18.31985	592
18.32956667	583
18.339	566
18.34826667	556
18.35735	545
18.36625	534
18.37515	534
18.38393333	527
18.39266667	524
18.40165	539
18.41056667	535
18.41946667	534
18.4282	524
18.43686667	520
18.44553333	520
18.45406667	512
18.46268333	517
18.47115	508
18.47981667	520
18.48838333	514
18.4972	529
18.50575	513
18.51453333	527
18.5231	514
18.5318	522
18.54035	513
18.54886667	511
18.55746667	516
18.5659	506
18.57435	507
18.5828	507
18.59118333	503
18.59973333	513
18.60861667	533
18.61763333	541
18.62693333	558
18.63675	589
18.64638333	578
18.65576667	563
18.66515	563
18.67456667	565
18.68405	569
18.69298333	536
18.70208333	546
18.71093333	531
18.71993333	540
18.72906667	548
18.73826667	552
18.74741667	549
18.7568	563
18.76635	573
18.77593333	575
18.79426667	0
18.80325	539
18.81205	528
18.8207	519
18.82928333	515
18.83796667	521
18.8466	518
18.8552	516
18.86381667	517
18.87246667	519
18.88101667	513
18.8897	521
18.89845	525
18.90728333	530
18.91603333	525
18.92493333	534
18.93385	535
18.94263333	527
18.95145	529
18.96038333	536
18.96903333	519
18.97775	523
18.9865	525
18.99515	519
19.00393333	527
19.01293333	540
19.02188333	537
19.03095	544
19.04006667	547
19.04898333	535
19.05785	532
19.06655	522
19.07538333	530
19.08406667	521
19.09285	527
19.10173333	533
19.1106	532
19.11946667	532
19.1286	548
19.13773333	548
19.14673333	540
19.15608333	561
19.16535	556
19.17465	558
19.1839	555
19.19351667	577
19.2028	557
19.21218333	563
19.22146667	557
19.23095	569
19.24053333	575
19.25006667	572
19.25945	563
19.26861667	550
19.27783333	553
19.28676667	536
19.29571667	537
19.30478333	544
19.3137	535
19.32255	531
19.3314	531
19.34051667	547
19.34953333	541
19.35856667	542
19.36786667	558
19.377	548
19.3863	558
19.39563333	560
19.40483333	552
19.41405	553
19.4234	561
19.43271667	559
19.4418	545
19.45071667	535
19.45958333	532
19.4685	535
19.47731667	529
19.48633333	541
19.49521667	533
19.50411667	534
19.52183333	0
19.53071667	533
19.53948333	526
19.54846667	539
19.55731667	531
19.56615	530
19.57485	522
19.58371667	532
19.59243333	523
19.60118333	525
19.61015	538
19.61928333	548
19.62826667	539
19.63718333	535
19.64611667	536
19.65498333	532
19.66426667	557
19.6731	530
19.68203333	536
19.69095	535
19.69968333	524
19.70843333	525
19.71736667	536
19.72621667	531
19.73501667	528
19.74388333	532
19.7529	541
19.76173333	530
19.7706	532
19.77965	543
19.78848333	530
19.7974	535
19.80641667	541
19.81536667	537
19.82421667	531
19.83318333	538
19.84196667	527
19.8506	518
19.85925	519
19.86805	528
19.8769	531
19.88566667	526
19.89453333	532
19.90345	535
19.9124	537
19.92126667	532
19.9306	560
19.93983333	554
19.94881667	539
19.95773333	535
19.96651667	527
19.97536667	531
19.9847	560
19.99478333	605
20.01443333	0
20.02388333	567
20.03356667	581
20.04293333	562
20.05238333	567
20.06178333	564
20.07088333	546
20.0798	535
20.08866667	532
20.09748333	529
20.10638333	534
20.11536667	539
20.12418333	529
20.13301667	530
20.1419	533
20.15106667	550
20.16078333	583
20.1701	559
20.17935	555
20.18863333	557
20.19811667	569
20.20801667	594
20.21813333	607
20.22825	607
20.23833333	605
20.24811667	587
20.25756667	567
20.26678333	553
20.27581667	542
20.28491667	546
20.29455	578
20.30395	564
20.31333333	563
20.32346667	608
20.33346667	600
20.3431	578
20.3533	612
20.36375	627
20.37385	606
20.38421667	622
20.39466667	627
20.40515	629
20.4154	615
20.4254	600
20.4352	588
20.4444	552
20.45358333	551
20.4626	541
20.47195	561
20.48185	594
20.4916	585
20.50108333	569
20.51041667	560
20.52068333	616
20.53071667	602
20.54053333	589
20.5516	664
20.5623	642
20.57275	627
20.58375	660
20.59426667	631
20.60406667	588
20.6139	590
20.62398333	605
20.63435	622
20.64425	594
20.65443333	611
20.66518333	645
20.67568333	630
20.68598333	618
20.69671667	644
20.70828333	694
20.7192	655
20.73058333	683
20.74228333	702
20.75335	664
20.76455	672
20.77625	702
20.7873	663
20.79916667	712
20.81138333	733
20.82315	706
20.8354	735
20.84781667	745
20.85976667	717
20.87206667	738
20.88428333	733
20.89598333	702
20.90808333	726
20.92035	736
20.93206667	703
20.94393333	712
20.95598333	723
20.96821667	734
20.97975	692
20.99126667	691
21.00215	653
21.01291667	646
21.02395	662
21.03511667	670
21.04618333	664
21.0571	655
21.06783333	644
21.07836667	632
21.08841667	603
21.09855	608
21.1097	669
21.12203333	740
21.13345	685
21.14585	744
21.15886667	781
21.17271667	831
21.18656667	831
21.19981667	795
21.21276667	777
21.22491667	729
21.23648333	694
21.24695	628
21.25711667	610
21.26743333	619
21.27885	685
21.29071667	712
21.3032	749
21.31558333	743
21.3276	721
21.3398	732
21.36448333	0
21.37698333	750
21.39015	790
21.40275	756
21.41583333	785
21.4292	802
21.44216667	778
21.45535	791
21.46853333	791
21.48063333	726
21.49251667	713
21.5042	701
21.51586667	700
21.52735	689
21.53976667	745
21.55301667	795
21.56648333	808
21.57955	784
21.59301667	808
21.60691667	834
21.61986667	777
21.63278333	775
21.64535	754
21.65798333	758
21.67041667	746
21.68315	764
21.696	771
21.70868333	761
21.72138333	762
21.73411667	764
21.74663333	751
21.7587	724
21.77081667	727
21.78285	722
21.79513333	737
21.80776667	758
21.8202	746
21.83238333	731
21.84398333	696
21.85555	694
21.86621667	640
21.87708333	652
21.8888	703
21.90055	705
21.91298333	746
21.92593333	777
21.93801667	725
21.95066667	759
21.9634	764
21.97573333	740
21.98796667	734
22.00006667	726
22.01195	713
22.0235	693
22.03541667	715
22.04733333	715
22.0592	712
22.07058333	683
22.08205	688
22.09318333	668
22.1044	673
22.11565	675
22.12726667	697
22.13973333	748
22.15305	799
22.16635	798
22.17855	732
22.1905	717
22.20161667	667
22.21233333	643
22.22296667	638
22.23436667	684
22.2465	728
22.25836667	712
22.2707	740
22.28351667	769
22.29615	758
22.30873333	755
22.32166667	776
22.33428333	757
22.34666667	743
22.35861667	717
22.37023333	697
22.3812	658
22.39196667	646
22.40293333	658
22.41471667	707
22.42791667	792
22.44061667	762
22.454	803
22.46771667	823
22.48011667	744
22.49218333	724
22.50378333	696
22.51526667	689
22.52755	737
22.54045	774
22.55293333	749
22.56495	721
22.5772	735
22.58983333	758
22.60266667	770
22.6154	764
22.62733333	716
22.63975	745
22.6525	765
22.66446667	718
22.6763	710
22.68776667	688
22.69973333	718
22.71196667	734
22.72435	743
22.7366	735
22.74823333	698
22.75985	697
22.77126667	685
22.78266667	684
22.79396667	678
22.8059	716
22.81861667	763
22.83088333	736
22.84355	760
22.85675	792
22.86996667	793
22.88276667	768
22.89565	773
22.90786667	733
22.92025	743
22.93271667	748
22.9453	755
22.95763333	740
22.9699	736
22.98198333	725
22.9938	709
23.005	672
23.01613333	668
23.02655	625
23.03701667	628
23.04865	698
23.06143333	767
23.07465	793
23.08776667	787
23.09978333	721
23.11153333	705
23.12285	679
23.13395	666
23.14516667	673
23.15641667	675
23.16795	692
23.17993333	719
23.19221667	737
23.20396667	705
23.21595	719
23.22811667	730
23.24015	722
23.25225	726
23.26386667	697
23.27478333	655
23.28575	658
23.29663333	653
23.30798333	681
23.31956667	695
23.33156667	720
23.34288333	679
23.35398333	666
23.3652	673
23.37655	681
23.38831667	706
23.40076667	747
23.41311667	741
23.4248	701
23.43598333	671
23.4469	655
23.45816667	676
23.4697	692
23.48071667	661
23.4922	689
23.50405	711
23.51576667	703
23.52741667	699
23.53986667	747
23.55268333	769
23.56488333	732
23.57715	736
23.58961667	748
23.60175	728
23.6135	705
23.62541667	715
23.63746667	723
23.64945	719
23.66095	690
23.67185	654
23.68293333	665
23.69388333	657
23.70506667	671
23.71615	665
23.72855	744
23.74083333	737
23.75305	733
23.76653333	809
23.78016667	818
23.79336667	792
23.80613333	766
23.81893333	768
23.83126667	740
23.84295	701
23.85463333	701
23.86633333	702
23.87858333	735
23.89126667	761
23.90361667	741
23.91628333	760
23.92891667	758
23.94131667	744
23.95375	746
23.96595	732
23.97783333	713
23.98976667	716
24.00176667	720
24.0136	710
24.0356	0
24.04606667	628
24.05621667	609
24.06651667	618
24.07778333	676
24.09001667	734
24.10183333	709
24.11425	745
24.12715	774
24.14018333	782
24.15238333	732
24.16426667	713
24.17571667	687
24.18716667	687
24.19898333	709
24.21061667	698
24.22205	686
24.23381667	706
24.24585	722
24.258	729
24.26983333	710
24.28171667	713
24.29385	728
24.30645	756
24.31925	768
24.33223333	779
24.3458	814
24.35896667	790
24.37121667	735
24.3836	743
24.39536667	706
24.40711667	705
24.41931667	732
24.43181667	750
24.4444	755
24.45593333	692
24.46708333	669
24.47793333	651
24.48873333	648
24.50005	679
24.51138333	680
24.52266667	677
24.53491667	735
24.54776667	771
24.561	794
24.57455	813
24.58823333	821
24.60148333	795
24.614	751
24.6266	756
24.63886667	736
24.65093333	724
24.6632	736
24.6754	732
24.68735	717
24.6998	747
24.71245	759
24.72463333	731
24.73713333	750
24.74913333	720
24.76033333	672
24.7717	682
24.78386667	730
24.79588333	721
24.80795	724
24.82008333	728
24.83225	730
24.84413333	713
24.85688333	765
24.86921667	740
24.88198333	766
24.89516667	791
24.9079	764
24.9209	780
24.934	786
24.94698333	779
24.9593	739
24.97176667	748
24.98381667	723
24.99595	728
25.00811667	730
25.02018333	724
25.03256667	743
25.04495	743
25.05748333	752
25.0698	739
25.08248333	761
25.09506667	755
25.10745	743
25.1197	735
25.13226667	754
25.14516667	774
25.15758333	745
25.16975	730
25.18195	732
25.19401667	724
25.20621667	732
25.21763333	685
25.22926667	698
25.24115	713
25.25308333	716
25.2647	697
25.27623333	692
25.28863333	744
25.3015	772
25.3143	768
25.32696667	760
25.33906667	726
25.35041667	681
25.36175	680
25.37281667	664
25.38385	662
25.39455	642
25.40561667	664
25.41706667	687
25.4288	704
25.4409	726
25.45258333	701
25.46423333	699
25.47568333	687
25.48656667	653
25.49695	623
25.50756667	637
25.51793333	622
25.52871667	647
25.53971667	660
25.55075	662
25.562	675
25.5732	672
25.58451667	679
25.5952	641
25.6057	630
25.61613333	626
25.62613333	600
25.63618333	603
25.64705	652
25.65856667	691
25.6701	692
25.68175	699
25.69293333	671
25.70378333	651
25.71466667	653
25.72608333	685
25.73826667	731
25.75003333	706
25.76236667	740
25.77513333	766
25.7885	802
25.80178333	797
25.81505	796
25.82766667	757
25.8397	722
25.85105	681
25.8624	681
25.8732	648
25.88463333	686
25.89631667	701
25.90905	764
25.92136667	739
25.93326667	714
25.94503333	706
25.95691667	713
25.96883333	715
25.98066667	710
25.99228333	697
26.00393333	699
26.01483333	654
26.02593333	666
26.03728333	681
26.0493	721
26.0618	750
26.07421667	745
26.08801667	828
26.10185	830
26.11631667	868
26.12975	806
26.1431	801
26.15635	795
26.16908333	764
26.1812	727
26.19355	741
26.20633333	767
26.21915	769
26.23141667	736
26.24388333	748
26.25696667	785
26.27011667	789
26.28261667	750
26.29515	752
26.30781667	760
26.32025	746
26.33226667	721
26.3442	716
26.35655	741
26.36881667	736
26.38098333	730
26.39308333	726
26.4054	739
26.4178	744
26.42995	729
26.44215	732
26.4546	747
26.46723333	758
26.47996667	764
26.49235	743
26.50496667	757
26.51763333	760
26.53006667	746
26.54221667	729
26.55425	722
26.56636667	727
26.57823333	712
26.59023333	720
26.60271667	749
26.61553333	769
26.62805	751
26.64031667	736
26.65285	752
26.66521667	742
26.67786667	759
26.69008333	733
26.70305	778
26.71573333	761
26.72803333	738
26.741	778
26.75483333	830
26.76766667	770
26.78048333	769
26.7932	763
26.80593333	764
26.81803333	726
26.83075	763
26.84348333	764
26.85623333	765
26.86878333	753
26.88178333	780
26.89456667	767
26.90671667	729
26.91893333	733
26.93141667	749
26.94416667	765
26.95626667	726
26.96873333	748
26.98135	757
26.9939	753
27.00615	735
27.0191	777
27.03178333	761
27.04425	748
27.05708333	770
27.06971667	758
27.08171667	720
27.0939	731
27.10573333	710
27.11671667	659
27.12786667	669
27.13968333	709
27.15206667	743
27.16421667	729
27.17648333	736
27.18816667	701
27.1994	674
27.21041667	661
27.2217	677
27.23276667	664
27.24353333	646
27.25385	619
27.2642	621
27.27441667	613
27.28468333	616
27.29473333	603
27.3051	622
27.31586667	646
27.32738333	691
27.33928333	714
27.35103333	705
27.36286667	710
27.37535	749
27.38825	774
27.40048333	734
27.41368333	792
27.4271	805
27.43986667	766
27.4523	746
27.46555	795
27.47916667	817
27.49228333	787
27.50563333	801
27.51973333	846
27.53361667	833
27.54673333	787
27.55921667	749
27.5719	761
27.58506667	790
27.59845	803
27.61113333	761
27.62436667	794
27.6376	794
27.65021667	757
27.66323333	781
27.67636667	788
27.68953333	790
27.70213333	756
27.71513333	780
27.72811667	779
27.74121667	786
27.75396667	765
27.76695	779
27.78011667	790
27.79288333	766
27.80555	760
27.81768333	728
27.82998333	738
27.842	721
27.85321667	673
27.8643	665
27.87546667	670
27.88645	659
27.89723333	647
27.90815	655
27.91896667	649
27.93005	665
27.94145	684
27.95303333	695
27.96445	685
27.97596667	691
27.98723333	676
27.99776667	632
28.00806667	618
28.01801667	597
28.0277	581
28.0376	594
28.04875	669
28.0603	693
28.07261667	739
28.08576667	789
28.09946667	822
28.11331667	831
28.12591667	756
28.13863333	763
28.15041667	707
28.16276667	741
28.17545	761
28.18876667	799
28.20211667	801
28.21478333	760
28.22766667	773
28.241	800
28.2547	822
28.269	858
28.28238333	803
28.29548333	786
28.30863333	789
28.32156667	776
28.33395	743
28.3461	729
28.35791667	709
28.36905	668
28.38031667	676
28.39125	656
28.40201667	646
28.41285	650
28.42371667	652
28.43435	638
28.44481667	628
28.45518333	622
28.46558333	624
28.4759	619
28.48613333	614
28.4962	604
28.50606667	592
28.5157	578
28.5253	576
28.53471667	565
28.54438333	580
28.5551	643
28.56678333	701
28.57875	718
28.58978333	662
28.60176667	719
28.61328333	691
28.62605	766
28.6405	867
28.65281667	739
28.66626667	807
28.67973333	808
28.69216667	746
28.70515	779
28.71721667	724
28.72845	674
28.73901667	634
28.74941667	624
28.76	635
28.77111667	667
28.7834	737
28.79573333	740
28.80955	829
28.82483333	917
28.84003333	912
28.85366667	818
28.86678333	787
28.87975	778
28.8926	771
28.90466667	724
28.91626667	696
28.92793333	700
28.93961667	701
28.95163333	721
28.96386667	734
28.97608333	733
28.98801667	716
28.99911667	666
29.00986667	645
29.02045	635
29.03173333	677
29.04351667	707
29.05565	728
29.07031667	880
29.08431667	840
29.09683333	751
29.10851667	701
29.12131667	768
29.13461667	798
29.14723333	757
29.15968333	747
29.17218333	750
29.18453333	741
29.19718333	759
29.21003333	771
29.22188333	711
29.23355	700
29.24543333	713
29.2574	718
29.26935	717
29.28061667	676
29.29205	686
29.30428333	734
29.31828333	840
29.33275	868
29.34671667	838
29.35976667	783
29.37288333	787
29.38576667	773
29.3992	806
29.41276667	814
29.42626667	810
29.43931667	783
29.45211667	768
29.46458333	748
29.4767	727
29.48871667	721
29.50053333	709
29.51216667	698
29.52336667	672
29.53483333	688
29.54711667	737
29.56063333	811
29.57323333	756
29.58541667	731
29.59855	788
29.61213333	815
29.62638333	855
29.63971667	800
29.65311667	804
29.66626667	789
29.6791	770
29.69213333	782
29.7048	760
29.71705	735
29.7291	723
29.74123333	728
29.75355	739
29.7655	717
29.77833333	770
29.79205	823
29.80558333	812
29.81915	814
29.83346667	859
29.84628333	769
29.85865	742
29.87116667	751
29.88311667	717
29.89423333	667
29.90521667	659
29.91686667	699
29.92905	731
29.94056667	691
29.95328333	763
29.9663	781
29.98021667	835
29.99433333	847
30.00691667	755
30.01913333	733
30.03133333	732
30.04351667	731
30.0559	743
30.06816667	736
30.08098333	769
30.09433333	801
30.10813333	828
30.12168333	813
30.13578333	846
30.15016667	863
30.16408333	835
30.17795	832
30.19196667	841
30.20533333	802
30.21775	745
30.23021667	748
30.24271667	750
30.25531667	756
30.268	761
30.27996667	718
30.29175	707
30.30456667	769
30.31798333	805
30.33081667	770
30.34328333	748
30.35631667	782
30.36953333	793
30.38171667	731
30.39438333	760
30.40683333	747
30.41861667	707
30.42988333	676
30.44186667	719
30.45353333	700
30.46591667	743
30.4796	821
30.49443333	890
30.50748333	783
30.52145	838
30.53518333	824
30.548	769
30.56076667	766
30.5733	752
30.58548333	731
30.5969	685
30.6081	672
30.6189	648
30.63046667	694
30.64301667	753
30.656	779
30.66871667	763
30.68053333	709
30.69176667	674
30.70241667	639
30.71333333	655
30.72481667	689
30.73603333	673
30.74693333	654
30.75853333	696
30.76998333	687
30.7805	631
30.79088333	623
30.80153333	639
30.81238333	651
30.82385	688
30.83545	696
30.847	693
30.85793333	656
30.86903333	666
30.88041667	683
30.89193333	691
30.90351667	695
30.91443333	655
30.92583333	684
30.93645	637
30.94676667	619
30.95756667	648
30.96818333	637
30.97933333	669
30.99091667	695
31.0027	707
31.01433333	698
31.02521667	653
31.03603333	649
31.04655	631
31.05695	624
31.06775	648
31.07893333	671
31.09035	685
31.10181667	688
31.11311667	678
31.12418333	664
31.13513333	657
31.14556667	626
31.15623333	640
31.16665	625
31.17733333	641
31.18816667	650
31.19933333	670
31.21098333	699
31.22696667	959
31.24258333	937
31.2582	937
31.27243333	854
31.28746667	902
31.3026	908
31.31716667	874
31.33006667	774
31.34275	761
31.35438333	698
31.36533333	657
31.37615	649
31.38705	654
31.3977	639
31.40836667	640
31.41976667	684
31.43161667	711
31.44366667	723
31.45563333	718
31.4681	748
31.48096667	772
31.49385	773
31.50628333	746
31.51895	760
31.53233333	803
31.5462	832
31.56021667	841
31.57266667	747
31.58565	779
31.59916667	811
31.61138333	733
31.62518333	828
31.6392	841
31.65163333	746
31.66425	757
31.67768333	806
31.69016667	749
31.70281667	759
31.71613333	799
31.72918333	783
31.74115	718
31.75385	762
31.76558333	704
31.77703333	687
31.78923333	732
31.8022	778
31.81415	717
31.82706667	775
31.83923333	730
31.85148333	735
31.8634	715
31.87515	705
31.88633333	671
31.89733333	660
31.9082	652
31.91938333	671
31.93061667	674
31.94248333	712
31.95455	724
31.96575	672
31.97676667	661
31.98731667	633
31.99861667	678
