0.013	815
0.027483333	780
0.04335	869
0.057866667	952
0.073066667	871
0.08875	912
0.1037	941
0.117866667	897
0.133333333	850
0.148416667	928
0.162066667	905
0.175883333	819
0.19045	829
0.204433333	874
0.219	839
0.233883333	874
0.247966667	893
0.263216667	845
0.277966667	915
0.292683333	885
0.30785	883
0.3221	910
0.336083333	855
0.350666667	839
0.3643	875
0.379016667	818
0.394333333	883
0.4079	919
0.4225	814
0.437866667	876
0.451566667	922
0.467033333	822
0.482566667	928
0.4965	932
0.511583333	836
0.526733333	905
0.540966667	909
0.556416667	854
0.570183333	927
0.584016667	826
0.5987	830
0.6123	881
0.625833333	816
0.64025	812
0.654766667	865
0.667966667	871
0.681483333	792
0.6972	811
0.712183333	943
0.728716667	899
0.744316667	992
0.758833333	936
0.77415	871
0.789433333	919
0.80345	917
0.81795	841
0.831383333	870
0.84625	806
0.861366667	892
0.875316667	907
0.889716667	837
0.904366667	864
0.91795	879
0.932483333	815
0.947216667	872
0.961116667	884
0.974233333	834
0.988483333	787
1.002733333	855
1.015633333	855
1.028733333	774
1.041116667	786
1.0533	743
1.065416667	731
1.07765	727
1.0893	734
1.100683333	699
1.112583333	683
1.127283333	714
1.142766667	882
1.157133333	929
1.17025	862
1.18505	787
1.200983333	888
1.216233333	956
1.2304	915
1.245016667	850
1.2599	877
1.274816667	893
1.290466667	895
1.30565	939
1.32135	911
1.3372	942
1.352333333	951
1.367466667	908
1.381633333	908
1.398016667	850
1.41345	983
1.429483333	926
1.445133333	962
1.45935	939
1.473883333	853
1.487583333	872
1.5008	822
1.5139	793
1.527366667	786
1.541583333	808
1.555233333	853
1.569033333	819
1.583366667	828
1.5976	860
1.612733333	854
1.628283333	908
1.6425	933
1.6562	853
1.66925	822
1.6828	783
1.696216667	813
1.709716667	805
1.7239	810
1.73785	851
1.752766667	837
1.767966667	895
1.783316667	912
1.799533333	921
1.81555	973
1.8314	961
1.845016667	951
1.8585	817
1.872216667	809
1.886766667	823
1.900416667	873
1.914966667	819
1.929783333	873
1.94405	889
1.958133333	856
1.972183333	845
1.986116667	843
1.999716667	836
2.014033333	816
2.0281	859
2.042783333	844
2.058866667	881
2.074516667	965
2.0888	939
2.1019	857
2.115183333	786
2.128866667	797
2.1434	821
2.156883333	872
2.169616667	809
2.183066667	764
2.197216667	807
2.211033333	849
2.224083333	829
2.237983333	783
2.251916667	834
2.266066667	836
2.281066667	849
2.296583333	900
2.311683333	931
2.326483333	906
2.34065	888
2.355433333	850
2.37005	887
2.386216667	877
2.402783333	970
2.418933333	994
2.4339	969
2.449433333	898
2.464016667	932
2.478916667	875
2.493233333	894
2.506866667	859
2.520016667	818
2.53415	789
2.548583333	848
2.56305	866
2.577416667	868
2.590883333	862
2.603716667	808
2.617	770
2.630383333	797
2.64285	803
2.655666667	748
2.668633333	769
2.6822	778
2.694733333	814
2.7082	752
2.7218	808
2.735266667	816
2.748216667	808
2.760733333	777
2.772866667	751
2.784583333	728
2.797166667	703
2.810166667	755
2.82295	780
2.836283333	767
2.849566667	800
2.863016667	797
2.876783333	807
2.890433333	826
2.9027	819
2.915283333	736
2.928366667	755
2.940616667	785
2.95265	735
2.9651	722
2.977766667	747
2.989966667	760
3.001566667	732
3.012883333	696
3.02415	679
3.036216667	676
3.04945	724
3.0629	794
3.075016667	807
3.08695	727
3.0991	716
3.11145	729
3.123866667	741
3.1364	745
3.148733333	752
3.16085	740
3.172916667	727
3.185366667	724
3.198183333	747
3.2111	769
3.224283333	775
3.23715	791
3.2492	772
3.2608	723
3.272666667	696
3.284816667	712
3.296633333	729
3.308616667	709
3.320616667	719
3.332383333	720
3.343916667	706
3.356483333	692
3.370883333	754
3.385883333	864
3.399666667	900
3.414283333	827
3.429766667	877
3.44405	929
3.4579	857
3.47265	831
3.4868	885
3.501316667	849
3.51555	871
3.52855	854
3.54145	780
3.554	774
3.566316667	753
3.579316667	739
3.594283333	780
3.608266667	898
3.623283333	839
3.638833333	901
3.652933333	933
3.66705	846
3.681216667	847
3.69455	850
3.707866667	800
3.721416667	799
3.735083333	813
3.748066667	820
3.7617	779
3.775116667	818
3.787733333	805
3.800183333	757
3.812183333	747
3.824666667	720
3.83705	749
3.849116667	743
3.861816667	724
3.875566667	762
3.889716667	825
3.9045	849
3.920416667	887
3.936116667	955
3.950683333	942
3.96505	874
3.979066667	862
3.992766667	841
4.0054	822
4.018533333	758
4.032516667	788
4.046916667	839
4.060866667	864
4.075316667	837
4.089366667	867
4.1018	843
4.1143	746
4.127816667	750
4.142266667	811
4.155133333	867
4.168616667	772
4.182833333	809
4.196216667	853
4.209566667	803
4.223316667	801
4.236716667	825
4.24965	804
4.26255	776
4.2756	774
4.288433333	783
4.301133333	770
4.3138	762
4.325783333	760
4.337633333	719
4.349	711
4.3604	682
4.372	684
4.383733333	696
4.395416667	704
4.407416667	701
4.419333333	720
4.4313	715
4.443183333	718
4.455366667	713
4.468016667	731
4.48095	759
4.494083333	776
4.506333333	788
4.51925	735
4.532283333	775
4.545366667	782
4.558333333	785
4.5709	778
4.583133333	754
4.595633333	734
4.608133333	750
4.62095	750
4.6345	769
4.648416667	813
4.66225	835
4.6751	830
4.688166667	771
4.700933333	784
4.713566667	766
4.72605	758
4.738633333	749
4.750733333	755
4.762516667	726
4.7751	707
4.787083333	755
4.7988	719
4.810466667	703
4.822433333	700
4.834466667	718
4.84605	722
4.8579	695
4.8701	711
4.882383333	732
4.89455	737
4.90655	730
4.918583333	720
4.930033333	722
4.941783333	687
4.9542	705
4.967383333	745
4.9801	791
4.993016667	763
5.0065	775
5.019516667	809
5.0323	781
5.045533333	767
5.059066667	794
5.07155	812
5.084483333	749
5.098816667	776
5.112433333	860
5.1266	817
5.140316667	850
5.1536	823
5.167833333	797
5.18185	854
5.195316667	841
5.20775	808
5.220866667	746
5.234616667	787
5.2488	825
5.263416667	851
5.2778	877
5.291383333	863
5.304016667	815
5.318516667	758
5.332483333	870
5.345366667	838
5.359166667	773
5.373116667	828
5.38695	837
5.3998	830
5.41245	771
5.425616667	759
5.4396	790
5.453083333	839
5.46605	809
5.4797	778
5.49375	819
5.507316667	843
5.5197	814
5.532483333	743
5.545583333	767
5.558316667	786
5.570366667	764
5.583066667	723
5.5969	762
5.610083333	830
5.622666667	791
5.635633333	755
5.648366667	778
5.660566667	764
5.672516667	732
5.6843	717
5.695816667	707
5.706883333	691
5.71765	664
5.728383333	646
5.739583333	644
5.751383333	672
5.7626	708
5.773916667	673
5.786883333	679
5.799683333	778
5.813316667	768
5.828133333	818
5.84305	889
5.856616667	895
5.870383333	814
5.88385	826
5.89765	808
5.91215	828
5.925683333	870
5.939666667	812
5.95515	839
5.969783333	929
5.985016667	878
6.000533333	914
6.015833333	931
6.030033333	918
6.045466667	852
6.060816667	926
6.074866667	921
6.089833333	843
6.104783333	898
6.11975	897
6.1333	898
6.14785	813
6.16305	873
6.177133333	912
6.190566667	845
6.203766667	806
6.217116667	792
6.22945	801
6.241483333	740
6.255266667	722
6.268783333	827
6.28175	811
6.2959	778
6.310866667	849
6.324916667	898
6.339466667	843
6.354216667	873
6.368033333	885
6.380883333	829
6.393783333	771
6.406966667	774
6.419616667	791
6.431383333	759
6.443566667	706
6.455583333	731
6.4672	721
6.47955	697
6.492133333	741
6.5047	755
6.517483333	754
6.52985	767
6.542866667	742
6.555566667	781
6.567316667	762
6.578833333	705
6.59105	691
6.604166667	733
6.6178	787
6.631466667	818
6.64545	820
6.659266667	839
6.673133333	829
6.687016667	832
6.700333333	833
6.71325	799
6.7277	775
6.740766667	867
6.754883333	784
6.768716667	847
6.783833333	830
6.797416667	907
6.811333333	815
6.823716667	835
6.835416667	743
6.8478	702
6.860616667	743
6.87235	769
6.883816667	704
6.895866667	688
6.908666667	723
6.920466667	768
6.931983333	708
6.943833333	691
6.956383333	711
6.968583333	753
6.982933333	732
6.995266667	861
7.0086	740
7.02275	800
7.03495	849
7.048183333	732
7.061916667	794
7.074083333	824
7.086116667	730
7.097766667	722
7.110166667	699
7.121966667	744
7.1337	708
7.145733333	704
7.157266667	722
7.168483333	692
7.1797	673
7.190883333	673
7.202183333	671
7.213783333	678
7.225783333	696
7.237383333	720
7.24985	696
7.262333333	748
7.274766667	749
7.28705	746
7.30055	737
7.313133333	810
7.324933333	755
7.336466667	708
7.347933333	692
7.359533333	688
7.3713	696
7.38315	706
7.394666667	711
7.406533333	691
7.41925	712
7.431366667	763
7.443783333	727
7.456133333	745
7.470083333	741
7.484883333	837
7.499083333	888
7.51335	852
7.525916667	856
7.538166667	754
7.54985	735
7.561266667	701
7.572566667	685
7.583966667	678
7.5956	684
7.60755	698
7.619133333	717
7.6308	695
7.642516667	700
7.6567	703
7.669066667	851
7.68165	742
7.694366667	755
7.706866667	763
7.720516667	750
7.732916667	819
7.745266667	744
7.758516667	741
7.770783333	795
7.782683333	736
7.79525	714
7.8078	754
7.820466667	753
7.8328	760
7.847483333	740
7.86015	881
7.873233333	760
7.886366667	785
7.900016667	788
7.9127	819
7.925216667	761
7.9394	751
7.952366667	851
7.965083333	778
7.979083333	763
7.993383333	840
8.007366667	858
8.02005	839
8.032666667	761
8.045583333	757
8.057833333	775
8.069616667	735
8.081316667	707
8.093266667	702
8.1053	717
8.1173	722
8.129016667	720
8.140583333	703
8.1526	694
8.165166667	721
8.177833333	754
8.190033333	760
8.201466667	732
8.212966667	686
8.22415	690
8.235333333	671
8.246316667	671
8.257233333	659
8.268866667	655
8.280833333	698
8.292483333	718
8.304466667	699
8.317	719
8.330466667	752
8.343166667	808
8.35615	762
8.368316667	779
8.38075	730
8.39255	746
8.4043	708
8.415833333	705
8.4276	692
8.439916667	706
8.45215	739
8.465433333	734
8.477966667	797
8.4909	752
8.503083333	776
8.515783333	731
8.528916667	762
8.541183333	788
8.554083333	736
8.566216667	774
8.578583333	728
8.5913	742
8.6035	763
8.6163	732
8.628166667	768
8.6401	712
8.651866667	716
8.663033333	706
8.674083333	670
8.685683333	663
8.69845	696
8.711566667	766
8.723583333	787
8.736783333	721
8.749583333	792
8.762033333	768
8.774866667	747
8.78685	770
8.799083333	719
8.811483333	734
8.824116667	744
8.8365	758
8.8482	743
8.859983333	702
8.871333333	707
8.882083333	681
8.892916667	645
8.904233333	650
8.918566667	679
8.932116667	860
8.944466667	813
8.957733333	741
8.970383333	796
8.981783333	759
8.992766667	684
9.00375	659
9.01635	659
9.027633333	756
9.03935	677
9.050966667	703
9.062416667	697
9.0754	687
9.087066667	779
9.098683333	700
9.110266667	697
9.1214	695
9.13255	668
9.143533333	669
9.154516667	659
9.165433333	659
9.176366667	655
9.187116667	656
9.197816667	645
9.208466667	642
9.21895	639
9.229366667	629
9.2398	625
9.250333333	626
9.26055	632
9.270716667	613
9.281033333	610
9.291166667	619
9.301066667	608
9.310866667	594
9.320616667	588
9.33015	585
9.3396	572
9.349	567
9.3584	564
9.367716667	564
9.376933333	559
9.386166667	553
9.395466667	554
9.404683333	558
9.413816667	553
9.422933333	548
9.432	547
9.441066667	544
9.450083333	544
9.4592	541
9.468233333	547
9.477116667	542
9.486033333	533
9.495	535
9.504	538
9.512966667	540
9.522033333	538
9.5311	544
9.540133333	544
9.549216667	542
9.558333333	545
9.567683333	547
9.577	561
9.586283333	559
9.595666667	557
9.604966667	563
9.6142	558
9.623516667	554
9.632733333	559
9.641883333	553
9.65105	549
9.660133333	550
9.669166667	545
9.678066667	542
9.687066667	534
9.695933333	540
9.704883333	532
9.713766667	537
9.722616667	533
9.73145	531
9.74015	530
9.74885	522
9.757566667	522
9.766166667	523
9.77475	516
9.783333333	515
9.791933333	515
9.800516667	516
9.80905	515
9.8176	512
9.826083333	513
9.834683333	509
9.843216667	516
9.851766667	512
9.860266667	513
9.86875	510
9.877216667	509
9.88565	508
9.89405	506
9.902433333	504
9.910866667	503
9.919333333	506
9.927883333	508
9.9365	513
9.945116667	517
9.9538	517
9.96245	521
9.971166667	519
9.979966667	523
9.988833333	528
9.9977	532
10.00653333	532
10.01538333	530
10.02423333	531
10.03308333	531
10.04186667	531
10.05065	527
10.05948333	527
10.06863333	530
10.07775	549
10.08685	547
10.09586667	546
10.10503333	541
10.11415	550
10.12321667	547
10.13225	544
10.14128333	542
10.15026667	542
10.15903333	539
10.1678	526
10.17653333	526
10.1851	524
10.19361667	514
10.20213333	511
10.21071667	511
10.21906667	515
10.22745	501
10.23583333	503
10.24421667	503
10.2526	503
10.261	503
10.26938333	504
10.27778333	503
10.2862	504
10.29466667	505
10.30313333	508
10.31165	508
10.32011667	511
10.32866667	508
10.33723333	513
10.34591667	514
10.35465	521
10.36345	524
10.37226667	528
10.38105	529
10.38971667	527
10.39835	520
10.40696667	518
10.41541667	517
10.42391667	507
10.4323	510
10.44066667	503
10.44896667	502
10.45721667	498
10.46548333	495
10.47363333	496
10.4818	489
10.48996667	490
10.49805	490
10.5061	485
10.51413333	483
10.52218333	482
10.5303	483
10.53836667	487
10.54645	484
10.55458333	485
10.5627	488
10.57083333	487
10.579	488
10.58713333	490
10.59525	488
10.6034	487
10.61145	489
10.61948333	483
10.62756667	482
10.63561667	485
10.64366667	483
10.65173333	483
10.65968333	484
10.66766667	477
10.67566667	479
10.68365	480
10.69171667	479
10.69978333	484
10.70786667	484
10.71591667	485
10.724	483
10.73211667	485
10.7403	487
10.74845	491
10.75663333	489
10.76491667	491
10.77311667	497
10.78131667	492
10.78956667	492
10.79785	495
10.80608333	497
10.81435	494
10.82266667	496
10.83086667	499
10.83905	492
10.84721667	491
10.85538333	490
10.86345	490
10.87153333	484
10.87956667	485
10.8876	482
10.89563333	482
10.90365	482
10.9117	481
10.91971667	483
10.92773333	481
10.9358	481
10.94381667	484
10.95175	481
10.95966667	476
10.9676	475
10.97553333	476
10.98355	476
10.99151667	481
10.99951667	478
11.00756667	480
11.01561667	483
11.02368333	483
11.0318	484
11.03978333	487
11.04786667	479
11.0559	485
11.06386667	482
11.0718	478
11.07978333	476
11.08775	479
11.09566667	478
11.10361667	475
11.11156667	477
11.11956667	477
11.12755	480
11.13553333	479
11.14355	479
11.15151667	481
11.1595	478
11.16748333	479
11.17543333	479
11.18336667	477
11.19128333	476
11.19925	475
11.20716667	478
11.21503333	475
11.22295	472
11.2309	475
11.23885	477
11.24676667	477
11.25466667	475
11.26258333	474
11.2705	475
11.27841667	475
11.28638333	475
11.29438333	478
11.3024	480
11.31041667	481
11.31858333	481
11.3269	490
11.33526667	499
11.34358333	502
11.35195	499
11.36035	502
11.36875	504
11.37703333	504
11.3854	497
11.39365	502
11.40175	495
11.40985	486
11.4179	486
11.42578333	483
11.43368333	473
11.44158333	474
11.4494	474
11.4572	469
11.46503333	468
11.47286667	470
11.48056667	470
11.48833333	462
11.49611667	466
11.5039	467
11.51168333	467
11.51946667	467
11.52725	467
11.53501667	467
11.54283333	466
11.55063333	469
11.55838333	468
11.56616667	465
11.57396667	467
11.58176667	468
11.58946667	468
11.59713333	462
11.60483333	460
11.61251667	462
11.62008333	461
11.6277	454
11.63526667	457
11.6429	454
11.65046667	458
11.65808333	454
11.66566667	457
11.67321667	455
11.68076667	453
11.68835	453
11.696	455
11.70358333	459
11.71121667	455
11.71888333	458
11.72655	460
11.73423333	460
11.74193333	461
11.74966667	462
11.75743333	464
11.76516667	466
11.77291667	464
11.78071667	465
11.7885	468
11.79625	467
11.80403333	465
11.81185	467
11.8197	469
11.82741667	471
11.83516667	463
11.84293333	465
11.85071667	466
11.85846667	467
11.86623333	465
11.87401667	466
11.88193333	467
11.88981667	475
11.89771667	473
11.90563333	474
11.91353333	475
11.9214	474
11.92931667	472
11.9372	475
11.94505	473
11.95281667	471
11.9606	466
11.96836667	467
11.97601667	466
11.98371667	459
11.99145	462
11.9992	464
12.0069	465
12.01461667	462
12.02236667	463
12.03008333	465
12.03791667	463
12.04578333	470
12.0537	472
12.06166667	475
12.06961667	478
12.0775	477
12.08545	473
12.09338333	477
12.10123333	476
12.1091	471
12.11705	472
12.12496667	477
12.13293333	475
12.1409	478
12.14888333	478
12.15696667	479
12.16503333	485
12.17305	484
12.18108333	481
12.18913333	482
12.19711667	483
12.20501667	479
12.2129	474
12.22078333	473
12.22861667	473
12.23636667	470
12.24416667	465
12.25195	468
12.2596	467
12.26726667	459
12.27495	460
12.28255	461
12.29018333	456
12.29783333	458
12.30535	459
12.31286667	451
12.32043333	451
12.32796667	454
12.33548333	452
12.34303333	451
12.35061667	453
12.3581	455
12.36565	449
12.37318333	453
12.3807	452
12.38818333	451
12.39565	449
12.40315	448
12.41055	450
12.41798333	444
12.42536667	446
12.43275	443
12.44013333	443
12.44753333	443
12.45493333	444
12.46231667	444
12.46973333	443
12.47721667	445
12.48471667	449
12.49218333	450
12.49971667	448
12.5073	452
12.51491667	455
12.52248333	457
12.53011667	454
12.53773333	458
12.54526667	457
12.55281667	452
12.56036667	453
12.56791667	453
12.57533333	453
12.5828	445
12.59025	448
12.59765	447
12.60505	444
12.6125	444
12.62	447
12.62746667	450
12.635	448
12.64253333	452
12.65021667	452
12.65798333	461
12.66576667	466
12.67358333	467
12.68145	469
12.68936667	472
12.69731667	475
12.70523333	477
12.71316667	475
12.72108333	476
12.72888333	475
12.73665	468
12.74445	466
12.75218333	468
12.7599	464
12.76761667	463
12.7753	463
12.783	461
12.79076667	462
12.79846667	466
12.80621667	462
12.81391667	465
12.82166667	462
12.82953333	465
12.83751667	472
12.84553333	479
12.85363333	481
12.86176667	486
12.8699	488
12.87808333	488
12.88621667	491
12.89431667	488
12.90241667	486
12.9105	486
12.91853333	485
12.92653333	482
12.93453333	480
12.94241667	480
12.95028333	473
12.95816667	472
12.96601667	473
12.9738	471
12.98161667	467
12.98945	469
12.99718333	470
13.00495	464
13.01266667	466
13.02036667	463
13.02813333	462
13.03588333	466
13.04358333	465
13.05123333	462
13.05891667	459
13.06653333	461
13.07408333	457
13.08166667	453
13.08923333	455
13.09671667	454
13.10416667	449
13.11163333	447
13.11908333	448
13.12653333	447
13.13391667	447
13.14131667	443
13.14875	444
13.15621667	446
13.16361667	448
13.17108333	444
13.17853333	448
13.18595	447
13.19333333	445
13.20076667	443
13.20816667	446
13.21551667	444
13.2229	441
13.23028333	443
13.23765	443
13.245	442
13.25241667	441
13.25983333	445
13.2672	445
13.27461667	442
13.28201667	445
13.28936667	444
13.29671667	441
13.30405	441
13.31135	440
13.3187	438
13.32606667	441
13.33346667	442
13.34083333	444
13.34815	442
13.35556667	439
13.36296667	445
13.37036667	444
13.37778333	444
13.38521667	445
13.39265	446
13.40006667	446
13.40746667	445
13.41488333	444
13.42226667	445
13.42971667	443
13.43718333	447
13.44465	448
13.45211667	448
13.4596	448
13.46716667	449
13.47466667	454
13.48223333	450
13.4898	454
13.4973	454
13.50483333	450
13.51231667	452
13.5198	449
13.5271	449
13.53445	438
13.5418	441
13.54905	441
13.55633333	435
13.56363333	437
13.5709	438
13.57813333	436
13.58541667	434
13.59271667	437
13.60001667	438
13.6073	438
13.61463333	437
13.62198333	440
13.62931667	441
13.6367	440
13.64408333	443
13.65145	443
13.65881667	442
13.66621667	442
13.67356667	444
13.68085	441
13.68808333	437
13.69533333	434
13.70256667	435
13.70973333	434
13.71686667	430
13.72405	428
13.73123333	431
13.73845	431
13.74568333	433
13.75293333	434
13.76026667	435
13.76756667	440
13.77488333	438
13.78225	439
13.78966667	442
13.7971	445
13.80455	446
13.812	447
13.81936667	447
13.82676667	442
13.83416667	444
13.84153333	444
13.8488	442
13.8561	436
13.86336667	438
13.8706	436
13.87783333	434
13.88508333	434
13.8923	435
13.89955	433
13.90683333	435
13.91411667	437
13.92136667	437
13.92863333	435
13.93591667	436
13.94321667	437
13.95046667	438
13.95775	435
13.96506667	437
13.97231667	439
13.97958333	435
13.98688333	436
13.99416667	438
14.00141667	437
14.00868333	435
14.01596667	436
14.02316667	437
14.03043333	432
14.03766667	436
14.04485	434
14.05203333	431
14.0592	431
14.06636667	430
14.07345	430
14.08058333	425
14.0877	428
14.09483333	427
14.10201667	428
14.1092	431
14.11638333	431
14.12363333	431
14.13088333	435
14.13816667	435
14.14553333	437
14.15293333	442
14.16035	444
14.16776667	445
14.17516667	445
14.18253333	444
14.18981667	442
14.19711667	437
14.2044	438
14.21158333	437
14.21873333	431
14.2259	429
14.23306667	430
14.24015	430
14.24728333	425
14.25445	428
14.26175	430
14.26903333	438
14.27635	437
14.28371667	439
14.29113333	442
14.29856667	445
14.30603333	446
14.31353333	448
14.32105	450
14.32863333	451
14.33631667	455
14.34405	461
14.3518	464
14.35953333	465
14.36723333	464
14.37495	462
14.38258333	463
14.39023333	458
14.39783333	459
14.40533333	456
14.41281667	450
14.4202	449
14.42755	443
14.43495	441
14.44226667	444
14.44953333	439
14.45683333	436
14.46416667	438
14.4714	440
14.4787	434
14.48601667	438
14.49328333	439
14.50056667	436
14.50786667	437
14.51511667	438
14.5224	435
14.52971667	437
14.5371	439
14.54433333	443
14.5517	434
14.55908333	442
14.5664	443
14.57371667	439
14.58106667	439
14.58841667	441
14.59575	441
14.60311667	440
14.61048333	442
14.61785	442
14.62518333	442
14.63255	440
14.6399	442
14.6472	441
14.65455	438
14.6619	441
14.66926667	441
14.6767	442
14.68415	446
14.69161667	447
14.69905	448
14.7065	446
14.71398333	447
14.72148333	449
14.7289	450
14.73633333	445
14.7438	446
14.75121667	448
14.75861667	445
14.76601667	444
14.77345	444
14.78088333	446
14.78835	446
14.79581667	448
14.80333333	448
14.81081667	451
14.81835	449
14.82596667	452
14.83365	457
14.84133333	461
14.84906667	461
14.85681667	464
14.86456667	465
14.87236667	465
14.88011667	468
14.88781667	465
14.89545	462
14.90316667	458
14.91091667	463
14.91866667	465
14.92638333	465
14.9341	463
14.94181667	463
14.94945	463
14.95705	458
14.96466667	456
14.97216667	457
14.97966667	450
14.98715	450
14.99451667	449
15.00193333	442
15.00936667	445
15.01681667	446
15.02433333	447
15.03188333	451
15.03945	453
15.04696667	454
15.05451667	451
15.06211667	453
15.06975	456
15.07736667	458
15.08503333	457
15.09265	460
15.10026667	457
15.10786667	457
15.11541667	456
15.12288333	453
15.13036667	448
15.13785	449
15.14528333	449
15.15271667	446
15.16016667	446
15.1677	447
15.1753	452
15.18291667	456
15.19061667	457
15.19833333	462
15.20603333	463
15.21378333	462
15.22155	465
15.22936667	466
15.23713333	469
15.24491667	466
15.25266667	467
15.26046667	465
15.26816667	468
15.27588333	462
15.28355	463
15.29118333	460
15.29878333	458
15.30641667	456
15.314	458
15.32145	455
15.32898333	447
15.33646667	452
15.34388333	449
15.35131667	445
15.35873333	446
15.3662	445
15.37365	448
15.38111667	447
15.38861667	448
15.39616667	450
15.40371667	453
15.41125	453
15.41871667	452
15.42618333	448
15.4337	448
15.4412	451
15.44865	450
15.45615	447
15.46365	450
15.47106667	450
15.47845	445
15.48585	443
15.49318333	444
15.50055	440
15.50788333	442
15.51528333	440
15.52268333	444
15.53023333	444
15.53785	453
15.54543333	457
15.55305	455
15.5607	457
15.5684	459
15.576	462
15.5837	456
15.59133333	462
15.5989	458
15.60648333	454
15.61403333	455
15.62156667	453
15.62905	452
15.63655	449
15.64401667	450
15.65136667	448
15.65873333	441
15.6661	442
15.67343333	442
15.6807	440
15.688	436
15.69528333	438
15.70258333	437
15.70978333	438
15.71701667	432
15.72425	434
15.73151667	434
15.7388	436
15.74608333	437
15.75345	437
15.76081667	442
15.76823333	442
15.77556667	445
15.78298333	440
15.79045	445
15.79795	448
15.80545	450
15.81298333	450
15.82046667	452
15.828	449
15.8355	452
15.84296667	450
15.85036667	448
15.8578	444
15.86523333	446
15.87256667	446
15.87998333	440
15.88736667	445
15.89473333	443
15.90208333	442
15.90948333	441
15.91681667	444
15.92411667	440
15.9315	438
15.93885	443
15.9462	441
15.95356667	441
15.96095	442
15.96836667	443
15.97578333	445
15.98321667	445
15.99066667	446
15.99818333	447
16.0057	451
16.01323333	451
16.02076667	452
16.02831667	452
16.0358	453
16.04331667	449
16.0508	451
16.05818333	449
16.06553333	443
16.0729	441
16.08018333	442
16.08741667	437
16.09463333	434
16.10185	433
16.10901667	433
16.11613333	430
16.12331667	427
16.13048333	431
16.1376	430
16.14471667	427
16.15186667	427
16.15903333	429
16.16606667	430
16.1732	422
16.18033333	428
16.18741667	428
16.19451667	425
16.20165	426
16.20876667	428
16.2158	427
16.22286667	422
16.22995	424
16.23701667	425
16.24403333	424
16.25113333	421
16.25816667	426
16.26518333	422
16.27216667	421
16.27915	419
16.28611667	419
16.29311667	418
16.30005	420
16.30706667	416
16.31406667	421
16.32108333	420
16.3281	421
16.33516667	421
16.34221667	424
16.34933333	423
16.3564	427
16.36355	424
16.3707	429
16.37781667	429
16.3849	427
16.39203333	425
16.39915	428
16.40618333	427
16.41323333	422
16.42026667	423
16.42723333	422
16.43418333	418
16.44113333	417
16.44811667	417
16.45498333	419
16.46188333	412
16.4688	414
16.47575	415
16.48266667	417
16.48956667	415
16.49651667	414
16.50348333	417
16.5104	418
16.51731667	415
16.5243	415
16.53126667	419
16.53816667	418
16.54513333	414
16.55213333	418
16.55908333	420
16.566	417
16.57296667	415
16.57995	418
16.58688333	419
16.59381667	416
16.6008	416
16.60778333	419
16.61475	419
16.62173333	418
16.6287	419
16.63558333	418
16.6425	413
16.64943333	415
16.65631667	416
16.66316667	413
16.67005	411
16.67691667	413
16.68371667	412
16.6905	408
16.6973	407
16.70406667	408
16.71075	406
16.7175	401
16.72423333	405
16.7309	404
16.73756667	400
16.74426667	400
16.75096667	402
16.75758333	402
16.76423333	397
16.7709	399
16.77756667	400
16.78415	400
16.79076667	395
16.79741667	397
16.80406667	399
16.81065	399
16.8173	395
16.82395	399
16.83058333	399
16.83718333	398
16.84383333	396
16.8505	399
16.85716667	400
16.8638	400
16.8705	398
16.87723333	402
16.88391667	404
16.8906	401
16.89735	401
16.90411667	405
16.9108	406
16.91756667	401
16.92435	406
16.93106667	407
16.93778333	403
16.94455	403
16.95126667	406
16.95793333	403
16.96463333	400
16.97138333	402
16.9781	405
16.98478333	403
16.9915	401
16.99823333	403
17.00491667	404
17.01156667	401
17.0183	399
17.02503333	404
17.03171667	404
17.03843333	401
17.0452	403
17.05198333	406
17.05875	407
17.06556667	406
17.0724	409
17.07916667	410
17.08596667	406
17.0928	408
17.09963333	410
17.10641667	410
17.11321667	407
17.12005	408
17.1269	410
17.13371667	411
17.14058333	409
17.14743333	412
17.15436667	411
17.16126667	416
17.16821667	414
17.17516667	417
17.18218333	417
17.18913333	421
17.19613333	417
17.20311667	420
17.21011667	419
17.21706667	420
17.22403333	417
17.23103333	418
17.23801667	420
17.24493333	419
17.2519	415
17.25881667	418
17.26565	415
17.27245	410
17.27928333	408
17.29283333	410
17.29956667	0
17.30638333	404
17.31311667	409
17.31985	404
17.32653333	404
17.33333333	401
17.34008333	408
17.34683333	405
17.3536	405
17.36041667	406
17.36725	409
17.37408333	410
17.38091667	410
17.38781667	410
17.39466667	414
17.40151667	411
17.40841667	411
17.41531667	414
17.42211667	414
17.42896667	408
17.43585	411
17.44266667	413
17.44945	409
17.45631667	407
17.46315	412
17.46996667	410
17.47681667	409
17.48373333	411
17.49055	415
17.49738333	409
17.50425	410
17.51111667	412
17.51798333	412
17.52475	412
17.53161667	406
17.53845	412
17.54523333	410
17.552	407
17.55883333	406
17.56565	410
17.57238333	409
17.57916667	404
17.58596667	407
17.59276667	408
17.59953333	408
17.60633333	406
17.61313333	408
17.61991667	408
17.62665	407
17.63348333	404
17.64028333	410
17.64705	408
17.6538	406
17.66065	405
17.66748333	411
17.6742	410
17.68101667	403
17.69465	409
17.70138333	0
17.70818333	404
17.71495	408
17.72165	406
17.72835	402
17.73511667	402
17.74185	406
17.7485	404
17.75521667	399
17.76193333	403
17.76858333	403
17.77523333	399
17.78191667	399
17.78858333	401
17.79523333	400
17.80186667	399
17.80855	398
17.8152	401
17.82181667	399
17.82846667	397
17.83511667	399
17.84176667	399
17.8484	399
17.85505	398
17.86175	399
17.86838333	402
17.87501667	398
17.88171667	398
17.88841667	402
17.89511667	402
17.90178333	402
17.90853333	400
17.91526667	405
17.92195	404
17.92865	401
17.93538333	402
17.94208333	404
17.94873333	402
17.95543333	399
17.96213333	402
17.96878333	402
17.9754	399
17.9821	397
17.98875	402
17.9954	399
18.00205	399
18.00876667	399
18.01545	403
18.02213333	401
18.02881667	401
18.03555	401
18.0423	404
18.049	405
18.05571667	402
18.0625	403
18.06923333	407
18.07596667	404
18.08275	404
18.08955	407
18.09626667	408
18.103	403
18.10976667	404
18.11651667	406
18.12323333	405
18.12998333	403
18.13673333	405
18.1435	405
18.15023333	406
18.15698333	404
18.16375	405
18.1706	406
18.17745	411
18.1843	411
18.19121667	411
18.1982	415
18.2052	419
18.21223333	420
18.21935	422
18.22646667	427
18.2336	427
18.2407	428
18.24786667	426
18.25496667	430
18.26201667	426
18.26906667	423
18.27613333	423
18.2832	424
18.29018333	424
18.29721667	419
18.30425	422
18.31125	422
18.31818333	420
18.32515	416
18.33211667	418
18.33906667	418
18.34585	417
18.35273333	407
18.35956667	413
18.36635	410
18.37313333	407
18.37993333	407
18.38673333	408
18.3935	408
18.40023333	406
18.40705	404
18.41383333	409
18.42056667	407
18.42725	404
18.43406667	401
18.44081667	409
18.44748333	405
18.4542	400
18.46093333	403
18.46768333	404
18.4743	405
18.48101667	397
18.48771667	403
18.49438333	402
18.50105	400
18.50776667	400
18.5145	403
18.52115	404
18.52781667	399
18.53451667	400
18.54121667	402
18.54781667	402
18.55448333	396
18.56121667	400
18.5679	404
18.57451667	401
18.58116667	397
18.58785	399
18.59453333	401
18.60106667	401
18.60776667	392
18.61443333	402
18.62103333	400
18.62761667	396
18.63426667	395
18.6409	399
18.64755	398
18.65416667	399
18.66085	397
18.66751667	401
18.67416667	400
18.6808	399
18.68748333	398
18.69418333	401
18.70078333	402
18.7074	396
18.71406667	397
18.7207	400
18.72725	398
18.73381667	393
18.74043333	394
18.74705	397
18.75356667	397
18.76008333	391
18.76666667	391
18.77321667	395
18.77973333	393
18.7862	391
18.79278333	388
18.79933333	395
18.80585	393
18.81235	391
18.81891667	390
18.82548333	394
18.83195	394
18.8385	388
18.84506667	393
18.85163333	394
18.85818333	394
18.86473333	393
18.87136667	393
18.878	398
18.88461667	398
18.89121667	397
18.8979	396
18.90458333	401
18.9112	401
18.91781667	397
18.92451667	397
18.9312	402
18.93785	401
18.94453333	399
18.95125	401
18.95798333	403
18.96475	404
18.97146667	406
18.97826667	403
18.98508333	408
18.99186667	409
18.99861667	407
19.00546667	405
19.0123	411
19.01906667	410
19.02578333	406
19.03261667	403
19.03936667	410
19.04611667	405
19.05283333	405
19.0596	403
19.06631667	406
19.07295	403
19.07955	398
19.08621667	396
19.0994	400
19.10593333	0
19.11256667	392
19.11911667	398
19.12565	393
19.13213333	392
19.13868333	389
19.14521667	393
19.15168333	392
19.15815	388
19.1647	388
19.17121667	393
19.17768333	391
19.18415	388
19.1907	388
19.19723333	393
19.20375	392
19.21026667	391
19.21686667	391
19.22343333	396
19.23003333	394
19.23663333	396
19.24328333	396
19.25	399
19.25663333	403
19.26326667	398
19.26996667	398
19.27666667	402
19.28333333	402
19.28995	400
19.29668333	397
19.30335	404
19.30995	400
19.31655	396
19.32323333	396
19.32986667	401
19.3364	398
19.34298333	392
19.34961667	395
19.35618333	398
19.36265	394
19.3692	388
19.37573333	393
19.38223333	392
19.38865	390
19.39516667	385
19.40165	391
19.40811667	389
19.41456667	388
19.42106667	387
19.42758333	390
19.43406667	391
19.44056667	389
19.44706667	390
19.45363333	390
19.4601	394
19.4666	388
19.47315	390
19.47966667	393
19.48613333	391
19.49265	388
19.49916667	391
19.50573333	391
19.51226667	394
19.51876667	392
19.52531667	390
19.53191667	393
19.53843333	396
19.54498333	391
19.5516	393
19.55818333	397
19.56471667	395
19.57125	392
19.57783333	392
19.58441667	395
19.5909	395
19.59741667	389
19.60393333	391
19.61046667	391
19.61686667	392
19.62333333	384
19.6298	388
19.63625	388
19.64266667	387
19.6491	385
19.65556667	386
19.66203333	388
19.66846667	388
19.6749	386
19.6814	386
19.68788333	390
19.69435	389
19.7008	388
19.70731667	387
19.71383333	391
19.72025	391
19.72675	385
19.73328333	390
19.73976667	392
19.74621667	389
19.7527	387
19.75923333	389
19.7657	392
19.77213333	388
19.7786	386
19.78508333	388
19.79155	389
19.79793333	388
19.80436667	383
19.81078333	386
19.81723333	385
19.82358333	387
19.82995	381
19.8364	382
19.84278333	387
19.84913333	383
19.85553333	381
19.86193333	384
19.86835	384
19.87476667	385
19.88113333	385
19.88755	382
19.89401667	385
19.90048333	388
19.90695	388
19.91343333	388
19.91996667	389
19.92653333	392
19.93308333	394
19.93958333	393
19.94616667	390
19.95276667	395
19.95938333	396
19.96601667	397
19.97263333	398
19.97935	397
19.98611667	403
19.9929	406
19.99965	407
20.00641667	405
20.01321667	406
20.02005	408
20.02673333	410
20.03358333	401
20.0404	411
20.0472	409
20.05395	408
20.06078333	405
20.06758333	410
20.07435	408
20.08118333	406
20.08805	410
20.09485	412
20.10173333	408
20.10863333	413
20.11553333	414
20.12241667	414
20.12935	413
20.1363	416
20.14328333	417
20.15026667	419
20.15725	419
20.16433333	419
20.17136667	425
20.17836667	422
20.18535	420
20.19238333	419
20.19938333	422
20.20633333	420
20.21325	417
20.2202	415
20.22715	417
20.23413333	417
20.24111667	419
20.24811667	419
20.25513333	420
20.26216667	421
20.26915	422
20.27616667	419
20.2832	421
20.29026667	422
20.29735	424
20.30451667	425
20.31168333	430
20.31891667	430
20.32625	434
20.33358333	440
20.34093333	440
20.3483	441
20.35571667	442
20.36313333	445
20.37048333	445
20.37786667	441
20.38525	443
20.39263333	443
20.4	443
20.40738333	442
20.41475	443
20.42208333	442
20.42938333	440
20.43668333	438
20.44396667	438
20.45121667	437
20.4585	435
20.4658	437
20.47316667	438
20.48053333	442
20.48788333	442
20.49526667	441
20.50265	443
20.51003333	443
20.5174	443
20.5248	442
20.5323	444
20.53973333	450
20.5472	446
20.55468333	448
20.5622	449
20.56976667	451
20.5773	454
20.58481667	452
20.59241667	451
20.60001667	456
20.60756667	456
20.61516667	453
20.62278333	456
20.63038333	457
20.638	456
20.64561667	457
20.65328333	457
20.66095	460
20.66863333	460
20.67631667	461
20.68401667	461
20.69183333	462
20.69966667	469
20.70751667	470
20.7154	471
20.72335	473
20.7313	477
20.73921667	477
20.74711667	475
20.7551	474
20.76305	479
20.77095	477
20.7788	474
20.78671667	471
20.7946	475
20.80248333	473
20.81035	473
20.8183	472
20.82628333	477
20.83423333	479
20.84215	477
20.85013333	475
20.8581	479
20.86605	478
20.87395	477
20.88186667	474
20.88976667	475
20.89768333	474
20.90561667	475
20.9136	476
20.9216	479
20.92956667	480
20.9375	478
20.94543333	476
20.95333333	476
20.96128333	474
20.9693	477
20.97731667	481
20.9854	481
20.99366667	485
21.0021	496
21.01058333	506
21.0189	509
21.02725	499
21.0356	501
21.04393333	501
21.05216667	500
21.06036667	494
21.0686	492
21.0768	494
21.08498333	492
21.09313333	491
21.10131667	489
21.1096	491
21.11776667	497
21.12591667	490
21.13401667	489
21.1422	486
21.15045	491
21.15865	495
21.16685	492
21.17506667	492
21.18326667	493
21.19135	492
21.19935	485
21.20728333	480
21.2153	476
21.22338333	481
21.2314	485
21.23948333	481
21.2477	485
21.25603333	493
21.2643	500
21.27258333	496
21.28096667	497
21.2893	503
21.2976	500
21.30583333	498
21.3142	494
21.32263333	502
21.33096667	506
21.33926667	500
21.34775	498
21.35646667	509
21.36513333	523
21.37376667	520
21.38281667	518
21.39205	543
21.40136667	554
21.41035	559
21.41948333	539
21.42865	548
21.4376	550
21.44646667	537
21.45533333	532
21.46401667	532
21.47265	521
21.4813	518
21.49003333	519
21.49866667	524
21.50726667	518
21.51591667	516
21.52456667	519
21.53323333	519
21.54193333	520
21.55083333	522
21.55976667	534
21.5686	536
21.57753333	530
21.58668333	536
21.59583333	549
21.60488333	549
21.6139	543
21.623	541
21.63211667	546
21.6412	547
21.65031667	545
21.65948333	547
21.66851667	550
21.67746667	542
21.68665	537
21.696	551
21.70536667	561
21.7146	562
21.72418333	554
21.73418333	575
21.74408333	600
21.75375	594
21.76361667	580
21.77388333	592
21.78393333	616
21.79365	603
21.80378333	583
21.81383333	608
21.82351667	603
21.8334	581
21.84333333	593
21.85301667	596
21.86275	581
21.8728	584
21.88251667	603
21.89231667	583
21.90213333	588
21.91191667	589
21.92148333	587
21.93118333	574
21.94078333	582
21.95035	576
21.9601	574
21.96986667	585
21.97945	586
21.98925	575
21.9991	588
22.00868333	591
22.01853333	575
22.02833333	591
22.03795	588
22.0479	577
22.0581	597
22.06825	612
22.07841667	609
22.0888	610
22.09875	623
22.10908333	597
22.1194	620
22.1297	619
22.13995	618
22.15088333	615
22.16158333	656
22.17226667	642
22.18351667	641
22.19441667	675
22.20485	654
22.21536667	626
22.22583333	631
22.23583333	628
22.24588333	600
22.25606667	603
22.26633333	611
22.27643333	616
22.28668333	606
22.29703333	615
22.30711667	621
22.31726667	605
22.32735	609
22.33725	605
22.34701667	594
22.3569	586
22.3667	593
22.37663333	588
22.38665	596
22.39663333	601
22.4066	599
22.4166	598
22.42675	600
22.4368	609
22.4468	603
22.45716667	600
22.46783333	622
22.47833333	640
22.48853333	630
22.49938333	612
22.51028333	651
22.52096667	654
22.53173333	641
22.54266667	646
22.55348333	656
22.56398333	649
22.57473333	630
22.58551667	645
22.59621667	647
22.6069	642
22.61801667	641
22.62873333	667
22.63921667	643
22.64993333	629
22.66025	643
22.67025	619
22.67993333	600
22.68956667	581
22.69901667	578
22.7084	567
22.7178	563
22.72731667	564
22.73676667	571
22.74623333	567
22.75565	568
22.76501667	565
22.77443333	562
22.78398333	565
22.7937	573
22.8035	583
22.81375	588
22.82411667	615
22.83436667	622
22.84483333	615
22.85538333	628
22.86586667	633
22.87608333	629
22.88648333	613
22.8967	624
22.90666667	613
22.91671667	598
22.92661667	603
22.9365	594
22.94658333	593
22.95673333	605
22.96691667	609
22.9771	611
22.98755	611
22.99793333	627
23.0081	623
23.0186	610
23.02905	630
23.03916667	627
23.04915	607
23.0593	599
23.0693	609
23.0793	600
23.08968333	600
23.09991667	623
23.11016667	614
23.12011667	615
23.13005	597
23.13993333	596
23.14976667	593
23.15958333	590
23.16965	589
23.17973333	604
23.1897	605
23.19998333	598
23.21013333	617
23.22036667	609
23.23036667	614
23.24023333	600
23.2503	592
23.2606	604
23.27073333	618
23.28083333	608
23.29115	606
23.30128333	619
23.31115	608
23.32115	592
23.33126667	600
23.34135	607
23.35175	605
23.3623	624
23.37273333	633
23.38306667	626
23.39375	620
23.40431667	641
23.41471667	634
23.42531667	624
23.43593333	636
23.4464	637
23.45655	628
23.4667	609
23.47673333	609
23.48671667	602
23.49673333	599
23.50666667	601
23.51668333	596
23.52681667	601
23.53718333	608
23.54758333	622
23.5584	624
23.56976667	649
23.58118333	682
23.59208333	685
23.60258333	654
23.613	630
23.6234	625
23.63358333	624
23.64381667	611
23.65401667	614
23.66405	612
23.67403333	602
23.68423333	599
23.6946	612
23.70481667	622
23.71506667	613
23.72516667	615
23.73526667	606
23.74536667	606
23.7554	606
23.7654	602
23.77573333	600
23.7859	620
23.79603333	610
23.80635	608
23.81675	619
23.82731667	624
23.83805	634
23.84873333	644
23.8595	641
23.87028333	646
23.8811	647
23.89181667	649
23.90238333	643
23.91321667	634
23.9241	650
23.93508333	653
23.94581667	659
23.95671667	644
23.96776667	654
23.97833333	663
23.98885	634
23.99915	631
24.00921667	618
24.01926667	604
24.02931667	603
24.0393	603
24.04911667	599
24.05885	589
24.06865	584
24.07823333	588
24.08785	575
24.09746667	577
24.10718333	577
24.11731667	583
24.12766667	608
24.13818333	621
24.14936667	631
24.16081667	671
24.17216667	687
24.18271667	681
24.19333333	633
24.20403333	637
24.21438333	642
24.22481667	621
24.235	626
24.24521667	611
24.25558333	613
24.26593333	622
24.27613333	621
24.28643333	612
24.29676667	618
24.30698333	620
24.31736667	613
24.32776667	623
24.33791667	624
24.34811667	609
24.35875	612
24.36943333	638
24.38046667	641
24.39143333	662
24.40225	658
24.41316667	649
24.42393333	655
24.43458333	646
24.44488333	639
24.45496667	618
24.46506667	605
24.47558333	606
24.4863	631
24.4975	643
24.50945	672
24.52148333	717
24.5327	722
24.54395	673
24.55505	675
24.56586667	666
24.57646667	649
24.58688333	636
24.59718333	625
24.60788333	618
24.6183	642
24.62848333	625
24.63848333	611
24.6485	600
24.65873333	601
24.66881667	614
24.67868333	605
24.68858333	592
24.69858333	594
24.70893333	600
24.71938333	621
24.72965	627
24.74028333	616
24.75098333	638
24.76151667	642
24.77191667	632
24.78215	624
24.79218333	614
24.80248333	602
24.8128	618
24.8229	619
24.83293333	606
24.84296667	602
24.8532	602
24.86346667	614
24.87363333	616
24.88381667	610
24.89426667	611
24.90506667	627
24.91563333	648
24.92655	634
24.93768333	655
24.94863333	668
24.95928333	657
24.96993333	639
24.98061667	639
24.9912	641
25.00175	635
25.01243333	633
25.02301667	641
25.03351667	635
25.04415	630
25.05568333	638
25.06801667	692
25.0802	740
25.09198333	731
25.10313333	707
25.11365	669
25.12385	631
25.13406667	612
25.14483333	613
25.15565	646
25.16625	649
25.17643333	636
25.1865	611
25.19676667	604
25.20686667	616
25.2171	606
25.2275	614
25.2378	624
25.2484	618
25.25961667	636
25.271	673
25.28241667	683
25.29415	685
25.30516667	704
25.31603333	661
25.32735	652
25.33868333	679
25.35003333	680
25.3619	681
25.37358333	712
25.38506667	701
25.3961	689
25.4072	662
25.41806667	666
25.42918333	652
25.44136667	667
25.45376667	731
25.46633333	744
25.47838333	754
25.49016667	723
25.5015	707
25.51268333	680
25.52401667	671
25.53543333	680
25.54695	685
25.55961667	691
25.57246667	760
25.58498333	771
25.5976	751
25.61056667	757
25.62346667	778
25.63583333	774
25.64775	742
25.66001667	715
25.67251667	736
25.68448333	750
25.6962	718
25.70755	703
25.71906667	681
25.7307	691
25.74205	698
25.75358333	681
25.76556667	692
25.77746667	719
25.7886	714
25.79966667	668
25.81083333	664
25.82176667	670
25.8323	656
25.84256667	632
25.85273333	616
25.86283333	610
25.87286667	606
25.883	602
25.89326667	608
25.90391667	616
25.91546667	639
25.92706667	693
25.93835	696
25.94956667	677
25.96085	673
25.9727	677
25.98523333	711
25.9974	752
26.00896667	730
26.02033333	694
26.03148333	682
26.04263333	669
26.05378333	669
26.06475	669
26.0759	658
26.08721667	669
26.09848333	679
26.10936667	676
26.12071667	653
26.1324	681
26.14545	701
26.15893333	783
26.17183333	809
26.18458333	774
26.19773333	765
26.21081667	789
26.22276667	785
26.23436667	717
26.24595	696
26.25726667	695
26.26883333	679
26.28056667	694
26.29271667	704
26.30438333	729
26.31561667	700
26.32713333	674
26.33918333	691
26.35211667	723
26.36485	776
26.37701667	764
26.3894	730
26.40165	743
26.4136	735
26.42466667	717
26.43575	664
26.44656667	665
26.45718333	649
26.46808333	637
26.47903333	654
26.4899	657
26.50065	652
26.51148333	645
26.52248333	650
26.53358333	660
26.54445	666
26.55536667	652
26.56621667	655
26.5771	651
26.58808333	653
26.59896667	659
26.60941667	653
26.61968333	627
26.62985	616
26.64	610
26.65056667	609
26.66146667	634
26.6722	654
26.68278333	644
26.694	635
26.70526667	673
26.71643333	676
26.72778333	670
26.73946667	681
26.7513	701
26.76305	710
26.7743	705
26.78605	675
26.79765	705
26.80953333	696
26.82198333	713
26.83475	747
26.84718333	766
26.85938333	746
26.87205	732
26.88496667	760
26.8972	775
26.90918333	734
26.92036667	719
26.93123333	671
26.94233333	652
26.95338333	666
26.96418333	663
26.97476667	648
26.98516667	635
26.99571667	624
27.0066	633
27.01756667	653
27.0282	658
27.03876667	638
27.04951667	634
27.06038333	645
27.07183333	652
27.08346667	687
27.09523333	698
27.10648333	706
27.1178	675
27.12931667	679
27.14101667	691
27.15268333	702
27.16388333	700
27.17496667	672
27.18628333	665
27.19721667	679
27.20825	656
27.21926667	662
27.2301	661
27.24075	650
27.25125	639
27.26173333	630
27.27223333	629
27.28243333	630
27.29238333	612
27.30233333	597
27.31243333	597
27.32293333	606
27.3334	630
27.34393333	628
27.35468333	632
27.36573333	645
27.37675	663
27.38845	661
27.40023333	702
27.4115	707
27.42225	676
27.43268333	645
27.44298333	626
27.45323333	618
27.4636	615
27.47401667	622
27.48481667	625
27.4961	648
27.508	677
27.52008333	714
27.53195	725
27.54328333	712
27.55426667	680
27.56518333	659
27.5757	655
27.58621667	631
27.5962	631
27.60625	599
27.61726667	603
27.62928333	661
27.64051667	721
27.653	674
27.66655	749
27.67871667	813
27.69053333	730
27.7023	709
27.71371667	706
27.7252	685
27.73673333	689
27.74805	692
27.75933333	679
27.77083333	677
27.78243333	690
27.79446667	696
27.8065	722
27.81791667	722
27.83078333	685
27.84411667	772
27.8566	800
27.8695	749
27.88198333	774
27.89486667	749
27.90746667	773
27.9205	756
27.93403333	782
27.9483	812
27.96198333	856
27.97468333	821
27.9866	762
27.99831667	715
28.0102	703
28.02196667	713
28.03395	706
28.04765	719
28.06076667	822
28.07501667	787
28.08981667	855
28.10341667	888
28.11765	816
28.13101667	854
28.1447	802
28.1586	821
28.17231667	834
28.18618333	823
28.20005	832
28.21325	832
28.22676667	792
28.24003333	811
28.254	796
28.26781667	838
28.2821	829
28.29561667	857
28.30913333	811
28.3238	811
28.33796667	880
28.35243333	850
28.3668	868
28.38016667	862
28.39336667	802
28.40593333	792
28.41955	754
28.4338	817
28.44685	855
28.4593	783
28.4713	747
28.48288333	720
28.49491667	695
28.50798333	722
28.5208	784
28.53391667	769
28.54746667	787
28.56075	813
28.57343333	797
28.58581667	761
28.59813333	743
28.61063333	739
28.62346667	750
28.63658333	770
28.65006667	787
28.66313333	809
28.67615	784
28.68883333	781
28.70085	761
28.71226667	721
28.72348333	685
28.73466667	673
28.74543333	671
28.75613333	646
28.76705	642
28.77813333	655
28.7891	665
28.80063333	658
28.81293333	692
28.82528333	738
28.83718333	741
28.84916667	714
28.86085	719
28.87265	701
28.8846	708
28.89653333	717
28.90868333	716
28.92178333	729
28.93546667	786
28.94868333	821
28.96163333	793
28.97468333	777
28.98765	783
29.0007	778
29.01385	783
29.02663333	789
29.03941667	767
29.05253333	767
29.06518333	787
29.07728333	759
29.08958333	726
29.1017	738
29.11348333	727
29.1249	707
29.13613333	685
29.14735	674
29.15831667	673
29.1693	658
29.18013333	659
29.19088333	650
29.20178333	645
29.21238333	654
29.22275	636
29.233	622
29.24308333	615
29.253	605
29.26281667	595
29.27265	589
29.28251667	590
29.29226667	592
29.30216667	585
29.31233333	594
29.3226	610
29.33303333	616
29.34401667	626
29.3549	659
29.36598333	653
29.378	665
29.39081667	721
29.40321667	769
29.41463333	744
29.42645	685
29.43806667	709
29.44921667	697
29.4601	669
29.47143333	653
29.48263333	680
29.49415	672
29.50628333	691
29.51861667	728
29.53085	740
29.54276667	734
29.55498333	715
29.56723333	733
29.57925	735
29.59121667	721
29.60318333	718
29.61536667	718
29.62731667	731
29.63926667	717
29.65143333	717
29.66316667	730
29.67455	704
29.6859	683
29.69683333	681
29.70768333	656
29.71868333	651
29.72946667	660
29.74021667	647
29.75101667	645
29.762	648
29.77333333	659
29.78495	680
29.79656667	697
29.80785	697
29.81911667	677
29.83058333	676
29.84225	688
29.85423333	700
29.86585	719
29.87778333	697
29.89015	716
29.90226667	742
29.91418333	727
29.92623333	715
29.93825	723
29.94973333	721
29.96105	689
29.9726	679
29.98395	693
29.99535	681
30.00741667	684
30.01976667	724
30.03196667	741
30.04365	732
30.05525	701
30.06663333	696
30.0778	683
30.08896667	670
30.10051667	670
30.11126667	693
30.12201667	645
30.13251667	645
30.1429	630
30.15311667	623
30.16315	613
30.17318333	602
30.18328333	602
30.1937	606
30.20421667	625
30.21433333	631
30.22436667	607
30.23486667	602
30.24575	630
30.25688333	653
30.26791667	668
30.27865	662
30.28923333	644
30.29998333	635
30.3109	645
30.32168333	655
30.33243333	647
30.3431	645
30.35426667	640
30.36481667	670
30.3751	633
30.38543333	617
30.39556667	620
30.40556667	608
30.41548333	600
30.42533333	595
30.43588333	591
30.4469	633
30.45798333	661
30.46901667	665
30.48065	662
30.49268333	698
30.50443333	722
30.51585	705
30.52665	685
30.5372	648
30.5486	633
30.56015	684
30.57213333	693
30.5848	719
30.59793333	760
30.61126667	788
30.6238	800
30.6363	752
30.64845	750
30.65995	729
30.67116667	690
30.68238333	673
30.69393333	673
30.70498333	693
30.716	663
30.72665	661
30.73681667	639
30.74696667	610
30.75748333	609
30.76828333	631
30.77931667	648
30.79075	662
30.80196667	686
30.81353333	673
30.82523333	694
30.8368	702
30.84841667	694
30.85985	697
30.8719	686
30.88426667	723
30.89666667	742
30.90956667	744
30.92298333	774
30.93616667	805
30.94895	791
30.96173333	767
30.97438333	767
30.98656667	759
30.99873333	731
31.01108333	730
31.02358333	741
31.03588333	750
31.0486	738
31.06133333	763
31.07368333	764
31.08666667	741
31.09903333	779
31.1109	742
31.12291667	712
31.13475	721
31.14635	710
31.15806667	696
31.16968333	703
31.1814	697
31.19303333	703
31.20516667	698
31.21768333	728
31.23026667	751
31.2427	755
31.25563333	746
31.2682	776
31.28055	754
31.29333333	741
31.30616667	767
31.31901667	770
31.33206667	771
31.34511667	783
31.35768333	783
31.37046667	754
31.38263333	767
31.39445	730
31.40641667	709
31.41815	718
31.4299	704
31.44173333	705
31.45365	710
31.46513333	715
31.47676667	689
31.48831667	698
31.49985	693
31.5112	692
31.52308333	681
31.5348	713
31.5466	703
31.55851667	708
31.56996667	715
31.581	687
31.59185	662
31.60288333	651
31.61406667	662
31.62525	671
31.6369	671
31.64895	699
31.6606	723
31.67233333	699
31.68403333	704
31.69568333	702
31.7069	699
31.71838333	673
31.72983333	689
31.74133333	687
31.75256667	690
31.76398333	674
31.77571667	685
31.78741667	704
31.79835	702
31.80918333	656
31.82013333	650
31.83096667	657
31.84178333	650
31.85306667	649
31.86473333	677
31.87616667	700
31.88726667	686
31.89876667	666
31.91066667	690
31.9224	714
31.9338	704
31.94546667	684
31.9573	700
31.9692	710
31.98006667	714
31.99048333	652
