0.023466667	1408
0.045766667	1338
0.0655	1184
0.0825	1020
0.09925	1005
0.122733333	1409
0.148	1516
0.170166667	1330
0.1958	1538
0.19915	0
0.22155	1344
0.22355	0
0.229566667	0
0.233083333	0
0.25025	1030
0.255733333	0
0.258383333	0
0.290233333	0
0.3141	1432
0.340016667	1555
0.388883333	0
0.513666667	0
0.555116667	0
0.574466667	1161
0.595766667	1278
0.6154	1178
0.63415	1125
0.65395	1188
0.675666667	1303
0.697416667	1305
0.718533333	1267
0.7397	1270
0.761716667	1321
0.7823	1235
0.801683333	1163
0.823233333	1293
0.8444	1270
0.866066667	1300
0.8878	1304
0.908883333	1265
0.930666667	1307
0.952533333	1312
0.973883333	1281
0.9936	1183
1.014783333	1271
1.036366667	1295
1.05805	1301
1.076416667	1102
1.091233333	889
1.106133333	894
1.1225	982
1.147433333	1496
1.168916667	1289
1.188416667	1170
1.211483333	1384
1.233283333	1308
1.251916667	1118
1.268333333	985
1.28845	1207
1.311833333	1403
1.334483333	1359
1.354766667	1217
1.37395	1151
1.39645	1350
1.41975	1398
1.440916667	1270
1.4628	1313
1.483616667	1249
1.504666667	1263
1.525533333	1252
1.547233333	1302
1.5695	1336
1.5902	1242
1.611916667	1303
1.632366667	1227
1.653533333	1270
1.673833333	1218
1.69525	1285
1.7148	1173
1.73495	1209
1.75495	1200
1.771866667	1015
1.79095	1145
1.811783333	1250
1.83055	1126
1.8519	1281
1.872066667	1210
1.889233333	1030
1.908933333	1182
1.930633333	1302
1.952233333	1296
1.97435	1327
1.994466667	1207
2.0109	986
2.026216667	919
2.041933333	943
2.059033333	1026
2.08345	1465
2.1077	1455
2.131383333	1421
2.15485	1408
2.177466667	1357
2.199783333	1339
2.2219	1327
2.2408	1134
2.259916667	1147
2.280333333	1225
2.300816667	1229
2.320916667	1206
2.33995	1142
2.357733333	1067
2.376566667	1130
2.396616667	1203
2.416616667	1200
2.434216667	1056
2.4522	1079
2.4711	1134
2.4913	1212
2.5106	1158
2.529983333	1163
2.55085	1252
2.571316667	1228
2.59295	1298
2.6134	1227
2.635316667	1315
2.656133333	1249
2.677516667	1283
2.69855	1262
2.720866667	1339
2.742633333	1306
2.7641	1288
2.786766667	1360
2.807433333	1240
2.827883333	1227
2.848266667	1223
2.869933333	1300
2.889466667	1172
2.9109	1286
2.93095	1203
2.9508	1191
2.971466667	1240
2.991766667	1218
3.013283333	1291
3.032283333	1140
3.0533	1261
3.075016667	1303
3.093666667	1119
3.113166667	1170
3.136133333	1378
3.157666667	1292
3.179783333	1327
3.202166667	1343
3.22255	1223
3.244483333	1316
3.266883333	1344
3.288616667	1304
3.30915	1232
3.32705	1074
3.342533333	929
3.359216667	1001
3.375516667	978
3.3926	1025
3.413333333	1244
3.431566667	1094
3.447566667	960
3.464366667	1008
3.486033333	1300
3.508283333	1335
3.528333333	1203
3.54955	1273
3.571933333	1343
3.595166667	1394
3.61625	1265
3.63865	1344
3.6605	1311
3.682233333	1304
3.703833333	1296
3.7226	1126
3.743083333	1229
3.765016667	1316
3.785033333	1201
3.80675	1303
3.8286	1311
3.84985	1275
3.87075	1254
3.891583333	1250
3.910733333	1149
3.9306	1192
3.951383333	1247
3.970116667	1124
3.9905	1223
4.009683333	1151
4.02995	1216
4.047883333	1076
4.0675	1177
4.085616667	1087
4.105083333	1168
4.1239	1129
4.141516667	1057
4.158616667	1026
4.1761	1049
4.194733333	1118
4.213533333	1128
4.23135	1069
4.248966667	1057
4.2658	1010
4.281283333	929
4.296816667	932
4.311033333	853
4.324833333	828
4.33855	823
4.35285	858
4.371633333	1127
4.391466667	1190
4.411733333	1216
4.4327	1258
4.4537	1260
4.47465	1257
4.495516667	1252
4.51595	1226
4.536283333	1220
4.55535	1144
4.571716667	982
4.586916667	912
4.60165	884
4.616816667	910
4.632983333	970
4.653216667	1214
4.674733333	1291
4.695866667	1268
4.717316667	1287
4.738283333	1258
4.760716667	1346
4.7832	1349
4.803633333	1226
4.822733333	1146
4.843166667	1226
4.86375	1235
4.88425	1230
4.903166667	1135
4.919583333	985
4.938283333	1122
4.958833333	1233
4.979266667	1226
4.998566667	1158
5.01775	1151
5.035883333	1088
5.055666667	1187
5.07645	1247
5.096166667	1183
5.116316667	1209
5.13745	1268
5.1552	1065
5.175183333	1199
5.194133333	1137
5.213166667	1142
5.23165	1109
5.24815	990
5.266366667	1093
5.284216667	1071
5.300466667	975
5.318283333	1069
5.33625	1078
5.352916667	1000
5.37265	1184
5.3912	1113
5.41165	1227
5.430866667	1153
5.45215	1277
5.473166667	1261
5.494266667	1266
5.515266667	1260
5.535683333	1225
5.55675	1264
5.577183333	1226
5.597716667	1232
5.6169	1151
5.6371	1212
5.65715	1203
5.678083333	1256
5.697283333	1152
5.71785	1234
5.737883333	1202
5.758083333	1212
5.778533333	1227
5.79865	1207
5.818933333	1217
5.8393	1222
5.856233333	1016
5.875	1126
5.895033333	1202
5.914366667	1160
5.932283333	1075
5.950966667	1121
5.970916667	1197
5.99	1145
6.010283333	1217
6.030066667	1187
6.05105	1259
6.070666667	1177
6.0918	1268
6.111066667	1156
6.1323	1274
6.152116667	1189
6.1732	1265
6.192583333	1163
6.213383333	1248
6.232	1117
6.25205	1203
6.2716	1173
6.2907	1146
6.311583333	1253
6.33065	1144
6.351533333	1253
6.37085	1159
6.39165	1248
6.411	1161
6.4292	1092
6.4491	1194
6.46605	1017
6.485016667	1138
6.504666667	1179
6.523483333	1129
6.542583333	1146
6.561866667	1157
6.5816	1184
6.6029	1278
6.623666667	1246
6.643633333	1198
6.664283333	1239
6.682216667	1076
6.702083333	1192
6.723266667	1271
6.73955	977
6.756083333	992
6.772266667	971
6.788233333	958
6.804916667	1001
6.820116667	912
6.83565	932
6.8503	879
6.8649	876
6.878766667	832
6.89295	851
6.906333333	803
6.9203	838
6.934633333	860
6.948	802
6.962183333	851
6.9767	871
6.9917	900
7.006116667	865
7.019466667	801
7.03235	773
7.045083333	764
7.058083333	780
7.0721	841
7.0818	0
7.0871	0
7.102633333	932
7.11935	1003
7.136266667	1015
7.1549	1118
7.171716667	1009
7.1897	1079
7.208	1098
7.2251	1026
7.24215	1023
7.259433333	1037
7.275066667	938
7.29175	1001
7.307866667	967
7.323383333	931
7.338733333	921
7.35315	865
7.36665	810
7.3796	777
7.39265	783
7.405933333	797
7.41935	805
7.432533333	791
7.44535	769
7.46055	912
7.471816667	0
7.484716667	774
7.497433333	763
7.510133333	762
7.5228	760
7.535633333	770
7.550266667	878
7.565316667	903
7.581383333	964
7.5978	985
7.61445	999
7.630883333	986
7.64715	976
7.662716667	934
7.677133333	865
7.69055	805
7.70375	792
7.717166667	805
7.731383333	853
7.746516667	908
7.76245	956
7.778683333	974
7.794433333	945
7.809033333	876
7.823	838
7.838016667	901
7.854783333	1006
7.872983333	1092
7.889933333	1017
7.905166667	914
7.9194	854
7.9336	852
7.94885	915
7.96515	978
7.982266667	1027
7.9999	1058
8.017133333	1034
8.034116667	1019
8.050083333	958
8.065316667	914
8.079683333	862
8.093433333	825
8.106733333	798
8.119833333	786
8.1328	778
8.145566667	766
8.15905	809
8.175116667	964
8.191533333	985
8.208816667	1037
8.22625	1046
8.243816667	1054
8.26085	1022
8.2776	1005
8.294133333	992
8.310016667	953
8.324516667	870
8.338233333	823
8.3512	778
8.3638	756
8.376233333	746
8.388633333	744
8.40205	805
8.416833333	887
8.432016667	911
8.4473	917
8.463033333	944
8.478366667	920
8.493383333	901
8.508116667	884
8.522733333	877
8.536383333	819
8.54935	778
8.5618	747
8.573816667	721
8.585766667	717
8.597866667	726
8.610966667	786
8.6251	848
8.639716667	877
8.655216667	930
8.671266667	963
8.688183333	1015
8.704983333	1008
8.72145	988
8.737933333	989
8.7536	940
8.7681	870
8.781816667	823
8.795133333	799
8.80825	787
8.8213	783
8.834216667	775
8.847016667	768
8.86285	950
8.878783333	956
8.89585	1024
8.913766667	1075
8.931766667	1080
8.94915	1043
8.96595	1008
8.980216667	856
8.993983333	826
9.0074	805
9.02055	789
9.033166667	757
9.045333333	730
9.05715	709
9.068783333	698
9.080483333	702
9.092316667	710
9.10435	722
9.1168	747
9.129516667	763
9.142783333	796
9.156233333	807
9.16955	799
9.182966667	805
9.195766667	768
9.208466667	762
9.221466667	780
9.2338	740
9.245716667	715
9.2574	701
9.26905	699
9.280783333	704
9.292716667	716
9.3049	731
9.317233333	740
9.329333333	726
9.341116667	707
9.352633333	691
9.364033333	684
9.397433333	0
9.4202	0
9.431933333	704
9.44395	721
9.456383333	746
9.4688	745
9.4814	756
9.4891	0
9.4935	0
9.505483333	719
9.517116667	698
9.528466667	681
9.539533333	664
9.550433333	654
9.561183333	645
9.571966667	647
9.573383333	0
9.580383333	0
9.582966667	0
9.59405	665
9.598883333	0
9.60595	0
9.611883333	0
9.617	0
9.62865	699
9.6404	705
9.6465	0
9.6519	0
9.6632	678
9.6851	0
9.695783333	641
9.70635	634
9.7168	627
9.722466667	0
9.727316667	0
9.73405	0
9.738066667	0
9.749116667	663
9.760366667	675
9.77165	677
9.782933333	677
9.793866667	656
9.804616667	645
9.815216667	636
9.826116667	654
9.837583333	688
9.849183333	696
9.8608	697
9.872533333	704
9.884416667	713
9.896266667	711
9.907966667	702
9.919533333	694
9.9311	694
9.942383333	677
9.953366667	659
9.964116667	645
9.974633333	631
9.985066667	626
9.995533333	628
10.006	628
10.01646667	628
10.02703333	634
10.03775	643
10.04711667	0
10.04848333	0
10.05738333	0
10.07	0
10.0806	636
10.09105	627
10.0979	0
10.10128333	0
10.11131667	602
10.12146667	609
10.13166667	612
10.14186667	612
10.15206667	612
10.16223333	610
10.17243333	612
10.1826	610
10.19276667	610
10.20286667	606
10.21298333	607
10.22313333	609
10.2333	610
10.24355	615
10.25376667	613
10.2638	602
10.27368333	593
10.28341667	584
10.29321667	588
10.3031	593
10.31291667	589
10.3227	587
10.33243333	584
10.34218333	585
10.35191667	584
10.36161667	582
10.36788333	0
10.37126667	0
10.38078333	571
10.39026667	569
10.39966667	564
10.409	560
10.41823333	554
10.42745	553
10.43676667	559
10.44618333	565
10.45565	568
10.46508333	566
10.47455	568
10.48413333	575
10.4938	580
10.50353333	584
10.5133	586
10.5205	0
10.53281667	0
10.54243333	577
10.5518	562
10.56121667	565
10.5708	575
10.58038333	575
10.58986667	569
10.59935	569
10.60881667	568
10.61823333	565
10.62758333	561
10.63686667	557
10.64605	551
10.6552	549
10.66431667	547
10.67341667	546
10.6827	557
10.69208333	563
10.70153333	567
10.71103333	570
10.7206	574
10.73018333	575
10.73983333	579
10.74956667	584
10.75931667	585
10.76905	584
10.77866667	577
10.7882	572
10.79765	567
10.80705	564
10.81661667	574
10.82631667	582
10.83595	578
10.84558333	578
10.8552	577
10.86475	573
10.86561667	0
10.87418333	514
10.8835	559
10.89275	555
10.9019	549
10.91098333	545
10.92	541
10.92895	537
10.93778333	530
10.94661667	530
10.95558333	538
10.96465	544
10.97361667	538
10.98258333	538
10.99151667	536
11.00048333	538
11.00946667	539
11.01841667	537
11.02731667	534
11.03621667	534
11.04508333	532
11.05391667	530
11.06273333	529
11.07153333	528
11.0803	526
11.0891	528
11.09791667	529
11.10683333	535
11.11578333	537
11.12473333	537
11.13371667	539
11.14266667	537
11.14938333	0
11.16046667	0
11.16925	527
11.17373333	0
11.18661667	0
11.19525	518
11.2039	519
11.2099	0
11.21236667	0
11.22085	509
11.22928333	506
11.23786667	515
11.24655	521
11.2553	525
11.26403333	524
11.2728	526
11.28155	525
11.29031667	526
11.29908333	526
11.30781667	524
11.31651667	522
11.3252	521
11.33385	519
11.3425	519
11.3511	516
11.35966667	514
11.36811667	507
11.37663333	511
11.38518333	513
11.39378333	516
11.40238333	516
11.41098333	516
11.4196	517
11.42818333	515
11.43673333	513
11.44526667	512
11.45375	509
11.46216667	505
11.47055	503
11.47885	498
11.48715	498
11.49551667	502
11.50395	506
11.51238333	506
11.52083333	507
11.52933333	510
11.53783333	510
11.54638333	513
11.5549	511
11.56341667	511
11.57201667	516
11.58061667	516
11.5892	515
11.59783333	518
11.60636667	512
11.61505	521
11.62383333	527
11.63265	529
11.64151667	532
11.6504	533
11.65926667	532
11.66811667	531
11.67693333	529
11.68568333	525
11.69435	520
11.70293333	515
11.71146667	512
11.71993333	508
11.72831667	503
11.73676667	507
11.74525	509
11.75371667	508
11.7623	515
11.7709	516
11.77951667	517
11.78818333	520
11.79685	520
11.80548333	518
11.8141	517
11.82275	519
11.83136667	517
11.84001667	519
11.84861667	516
11.85721667	516
11.86336667	0
11.8657	0
11.87598333	0
11.88	0
11.88271667	0
11.89126667	513
11.89985	515
11.90843333	515
11.91703333	516
11.9256	514
11.93418333	515
11.94271667	512
11.95121667	510
11.95968333	508
11.96811667	506
11.97655	506
11.98501667	508
11.99348333	508
12.00193333	507
12.01035	505
12.01876667	505
12.02711667	501
12.03553333	505
12.04405	511
12.0526	513
12.06116667	514
12.06978333	517
12.07843333	519
12.08706667	518
12.09568333	517
12.1043	517
12.11286667	514
12.1214	512
12.1299	510
12.13828333	503
12.14681667	512
12.15545	518
12.16408333	518
12.17276667	521
12.18145	521
12.19013333	521
12.19878333	519
12.2074	517
12.21596667	514
12.22446667	510
12.23293333	508
12.24141667	509
12.24993333	511
12.25845	511
12.26708333	518
12.27565	514
12.28425	516
12.29288333	518
12.30153333	519
12.31018333	519
12.31885	520
12.32741667	514
12.33611667	522
12.34493333	529
12.35376667	530
12.36263333	532
12.37151667	533
12.38036667	531
12.38918333	529
12.39793333	525
12.40663333	522
12.41528333	519
12.42388333	516
12.43243333	513
12.44091667	509
12.44951667	516
12.45818333	520
12.46688333	522
12.47573333	531
12.4846	532
12.49343333	530
12.50223333	528
12.51103333	528
12.51983333	528
12.52851667	521
12.53713333	517
12.54581667	521
12.55456667	525
12.56338333	529
12.57231667	536
12.5815	551
12.59061667	547
12.59966667	543
12.6087	542
12.61765	537
12.62651667	532
12.63528333	526
12.64415	532
12.65321667	544
12.66226667	543
12.67131667	543
12.68036667	543
12.6894	542
12.69835	537
12.70723333	533
12.71608333	531
12.72486667	527
12.73356667	522
12.7424	530
12.75138333	539
12.7605	547
12.76973333	554
12.7791	562
12.78858333	569
12.79798333	564
12.80723333	555
12.8164	550
12.82541667	541
12.83431667	534
12.8432	533
12.8521	534
12.86096667	532
12.86988333	535
12.87878333	534
12.88768333	534
12.89648333	528
12.90523333	525
12.91393333	522
12.92251667	515
12.9311	515
12.93968333	515
12.9483	517
12.9569	516
12.9655	516
12.97405	513
12.98258333	512
12.99106667	509
12.9995	506
13.00788333	503
13.01623333	501
13.0245	496
13.03275	495
13.04101667	496
13.04931667	498
13.0577	503
13.06605	501
13.07445	504
13.08285	504
13.09125	504
13.09976667	511
13.10835	515
13.11695	516
13.12493333	479
13.13408333	549
13.14258333	510
13.15121667	518
13.16	527
13.16883333	530
13.17768333	531
13.18655	532
13.19536667	529
13.20411667	525
13.21285	524
13.22153333	521
13.23025	523
13.23895	522
13.2476	519
13.25621667	517
13.2647	509
13.27333333	518
13.282	520
13.29075	525
13.29958333	530
13.30846667	533
13.3174	536
13.3263	534
13.33516667	532
13.34398333	529
13.35271667	524
13.36151667	528
13.37036667	531
13.37931667	537
13.38818333	532
13.39701667	530
13.40576667	525
13.41173333	0
13.42323333	0
13.432	526
13.44066667	520
13.4493	518
13.45783333	512
13.46631667	509
13.47488333	514
13.48355	520
13.49223333	521
13.5009	520
13.50963333	524
13.51831667	521
13.52698333	520
13.53565	520
13.54425	516
13.55281667	514
13.56131667	510
13.5698	509
13.5783	510
13.58678333	509
13.59523333	507
13.60365	505
13.61208333	506
13.62046667	503
13.6288	500
13.6371	498
13.64535	495
13.6536	495
13.66185	495
13.67006667	493
13.67828333	493
13.68646667	491
13.69466667	492
13.7029	494
13.71106667	490
13.71926667	492
13.72745	491
13.73563333	491
13.74386667	494
13.75211667	495
13.76033333	493
13.76858333	495
13.77688333	498
13.78525	502
13.79366667	505
13.80206667	504
13.81043333	502
13.8188	502
13.82713333	500
13.83563333	510
13.84425	517
13.85305	528
13.86188333	530
13.8707	529
13.87951667	529
13.88831667	528
13.89708333	526
13.90576667	521
13.91431667	513
13.92278333	508
13.93113333	501
13.93953333	504
13.94798333	507
13.9564	505
13.96485	507
13.9733	507
13.98171667	505
13.99011667	504
13.99846667	501
14.00675	497
14.01493333	491
14.0232	496
14.03143333	494
14.03975	499
14.04811667	502
14.05658333	508
14.06505	508
14.07353333	509
14.08208333	513
14.09065	514
14.09918333	512
14.10766667	509
14.11608333	505
14.12451667	506
14.13298333	508
14.14155	514
14.15008333	512
14.15863333	513
14.16711667	509
14.17558333	508
14.18396667	503
14.19233333	502
14.20065	499
14.20891667	496
14.21715	494
14.22538333	494
14.23365	496
14.24196667	499
14.25035	503
14.25878333	506
14.26718333	504
14.27563333	507
14.28406667	506
14.2925	506
14.30093333	506
14.30941667	509
14.31795	512
14.32651667	514
14.3351	515
14.34365	513
14.35215	510
14.36063333	509
14.3691	508
14.3776	510
14.38605	507
14.39448333	506
14.4029	505
14.41126667	502
14.41961667	501
14.42796667	501
14.4363	500
14.44465	501
14.45295	498
14.46125	498
14.46955	498
14.47785	498
14.48613333	497
14.4944	496
14.50268333	497
14.51085	490
14.51906667	493
14.5273	494
14.53558333	497
14.54383333	495
14.5521	496
14.56035	495
14.5686	495
14.57685	495
14.58506667	493
14.59323333	490
14.60143333	492
14.60968333	495
14.61798333	498
14.62633333	501
14.63478333	507
14.64321667	506
14.6517	509
14.66016667	508
14.66863333	508
14.67711667	509
14.68568333	514
14.6943	517
14.70293333	518
14.70993333	0
14.71321667	0
14.72006667	0
14.72858333	511
14.73398333	0
14.74803333	0
14.75361667	0
14.76191667	498
14.77018333	496
14.77843333	495
14.78665	493
14.79785	0
14.7991	0
14.803	0
14.8112	492
14.81935	489
14.82743333	485
14.83545	481
14.84585	0
14.85153333	0
14.85953333	480
14.86753333	480
14.8755	478
14.88021667	0
14.88346667	0
14.88628333	0
14.89141667	0
14.89673333	0
14.89935	0
14.90728333	476
14.9152	475
14.92306667	472
14.93013333	424
14.93331667	0
14.93883333	0
14.94125	0
14.94675	0
14.95468333	476
14.96261667	476
14.9706	479
14.97858333	479
14.98658333	480
14.99458333	480
15.00258333	480
15.0187	0
15.02676667	484
15.03496667	492
15.04325	497
15.04501667	0
15.05156667	0
15.05995	503
15.06836667	505
15.07075	0
15.07676667	0
15.0852	506
15.09356667	502
15.09646667	0
15.10181667	0
15.10358333	0
15.11008333	0
15.11838333	498
15.12666667	497
15.13493333	496
15.13768333	0
15.14321667	0
15.15145	494
15.15968333	494
15.16785	490
15.176	489
15.18411667	487
15.19218333	484
15.20021667	482
15.20828333	484
15.2164	487
15.22453333	488
15.23271667	491
15.2409	491
15.2491	492
15.2573	492
15.27366667	0
15.28181667	489
15.28991667	486
15.29805	488
15.30618333	488
15.31433333	489
15.32246667	488
15.33063333	490
15.33875	487
15.34685	486
15.35165	0
15.35493333	0
15.363	484
15.371	480
15.37895	477
15.3869	477
15.39486667	478
15.40283333	478
15.41075	475
15.41863333	473
15.4266	478
15.43448333	473
15.45023333	0
15.454	0
15.45808333	0
15.46676667	521
15.47366667	414
15.48145	467
15.48925	468
15.49706667	469
15.5049	470
15.51273333	470
15.52055	469
15.52836667	469
15.53621667	471
15.55186667	0
15.55968333	469
15.56748333	468
15.57531667	470
15.58316667	471
15.59103333	472
15.59891667	473
15.60681667	474
15.61473333	475
15.62263333	474
15.63053333	474
15.6384	472
15.64631667	475
15.65428333	478
15.66231667	482
15.6704	485
15.67861667	493
15.68488333	0
15.68686667	0
15.69516667	498
15.70348333	499
15.7118	499
15.72008333	497
15.72828333	492
15.7365	493
15.74466667	490
15.75283333	490
15.761	490
15.76911667	487
15.77723333	487
15.7853	484
15.7933	480
15.80128333	479
15.8092	475
15.81708333	473
15.82493333	471
15.83276667	470
15.84058333	469
15.84836667	467
15.85615	467
15.86388333	464
15.87163333	465
15.87935	463
15.88706667	463
15.89476667	462
15.90245	461
15.91006667	457
15.9177	458
15.92531667	457
15.93298333	460
15.94061667	458
15.9464	0
15.94826667	0
15.9559	458
15.96356667	460
15.97121667	459
15.9789	461
15.98658333	461
15.99423333	459
16.00191667	461
16.00965	464
16.01743333	467
16.0253	472
16.03316667	472
16.04108333	475
16.04896667	473
16.05688333	475
16.0648	475
16.07201667	433
16.08055	512
16.08845	474
16.09631667	472
16.10421667	474
16.11213333	475
16.1201	478
16.12808333	479
16.13613333	483
16.14415	481
16.15218333	482
16.16018333	480
16.16815	478
16.1761	477
16.18403333	476
16.1919	472
16.19976667	472
16.20761667	471
16.21545	470
16.22326667	469
16.23106667	468
16.23883333	466
16.24661667	467
16.25448333	472
16.26233333	471
16.27026667	476
16.27818333	475
16.28615	478
16.29413333	479
16.30216667	482
16.31016667	480
16.31816667	480
16.32611667	477
16.33408333	478
16.34215	484
16.35023333	485
16.35831667	485
16.36648333	490
16.3746	487
16.38273333	488
16.39083333	486
16.39888333	483
16.40686667	479
16.4148	476
16.42273333	476
16.43065	475
16.43851667	472
16.44636667	471
16.45426667	474
16.4621	470
16.46991667	469
16.47773333	469
16.48548333	465
16.4932	463
16.50091667	463
16.50861667	462
16.51633333	463
16.52403333	462
16.53176667	464
16.53948333	463
16.5472	463
16.55493333	464
16.56268333	465
16.57045	466
16.57823333	467
16.58606667	470
16.59391667	471
16.6018	473
16.60966667	472
16.61756667	474
16.62551667	477
16.62868333	0
16.63345	0
16.64145	480
16.64948333	482
16.65745	478
16.66548333	482
16.67346667	479
16.68141667	477
16.68933333	475
16.69726667	476
16.7052	476
16.71313333	476
16.72108333	477
16.72906667	479
16.73705	479
16.74503333	479
16.75303333	480
16.76101667	479
16.76893333	475
16.77681667	473
16.7847	473
16.79261667	475
16.80058333	478
16.80856667	479
16.81665	485
16.82473333	485
16.83285	487
16.841	489
16.8491	486
16.85721667	487
16.8654	491
16.87365	495
16.88195	498
16.89036667	505
16.89881667	507
16.90728333	508
16.91571667	506
16.92411667	504
16.93245	500
16.94076667	499
16.94915	503
16.95756667	505
16.96605	509
16.97451667	508
16.98298333	508
16.99145	508
16.99995	510
17.00836667	505
17.01671667	501
17.025	497
17.0333	498
17.0416	498
17.04991667	499
17.05826667	501
17.06658333	499
17.07486667	497
17.08308333	493
17.09123333	489
17.0994	490
17.10758333	491
17.11585	496
17.12421667	502
17.1326	503
17.14098333	503
17.14931667	500
17.15763333	499
17.16583333	492
17.17411667	497
17.18238333	496
17.19075	502
17.19908333	500
17.20745	502
17.2158	501
17.22415	501
17.23246667	499
17.24073333	496
17.24843333	462
17.257	514
17.26513333	488
17.2733	490
17.28146667	490
17.28963333	490
17.29781667	491
17.30593333	487
17.31406667	488
17.3222	488
17.33033333	488
17.3384	484
17.34643333	482
17.35445	481
17.36245	480
17.37045	480
17.37841667	478
17.38851667	0
17.39036667	0
17.3944	0
17.40238333	479
17.41035	478
17.41828333	476
17.42623333	477
17.43425	481
17.44235	486
17.45053333	491
17.45876667	494
17.46708333	499
17.47553333	507
17.48395	505
17.4924	507
17.50093333	512
17.50936667	506
17.51775	503
17.52616667	505
17.5346	506
17.54301667	505
17.55143333	505
17.5598	502
17.56816667	502
17.57643333	496
17.58461667	491
17.59276667	489
17.60083333	484
17.60888333	483
17.61691667	482
17.62491667	480
17.63296667	483
17.64103333	484
17.64906667	482
17.65716667	486
17.6653	488
17.67351667	493
17.6817	491
17.68986667	490
17.69801667	489
17.70611667	486
17.71425	488
17.72245	492
17.73066667	493
17.73896667	498
17.74725	497
17.7556	501
17.76401667	505
17.77241667	504
17.77358333	0
17.78085	0
17.78458333	0
17.78606667	0
17.79761667	0
17.80595	500
17.81421667	496
17.82248333	496
17.83075	496
17.83901667	496
17.84726667	495
17.85553333	496
17.86378333	495
17.87201667	494
17.8803	497
17.88365	0
17.8884	0
17.89656667	490
17.90468333	487
17.91271667	482
17.92076667	483
17.92875	479
17.93678333	482
17.9448	481
17.95281667	481
17.96081667	480
17.96883333	481
17.97686667	482
17.97746667	0
17.9849	446
17.99293333	482
18.00098333	483
18.009	481
18.01703333	482
18.02508333	483
18.03316667	485
18.04121667	483
18.04926667	483
18.05731667	483
18.06536667	483
18.08141667	0
18.08941667	480
18.0974	479
18.10535	477
18.11326667	475
18.12116667	474
18.12906667	474
18.137	476
18.14488333	473
18.15275	472
18.1606	471
18.16841667	469
18.17621667	468
18.18396667	465
18.19173333	466
18.19946667	464
18.20716667	462
18.21488333	463
18.22265	466
18.23045	468
18.23826667	469
18.24613333	472
18.25405	475
18.26196667	475
18.26988333	475
18.27783333	477
18.28581667	479
18.29386667	483
18.30203333	490
18.30406667	0
18.3102	0
18.31845	495
18.32668333	494
18.33488333	492
18.34301667	488
18.35111667	486
18.35925	488
18.36743333	491
18.37563333	492
18.39215	0
18.40041667	496
18.40875	500
18.417	495
18.42521667	493
18.43336667	489
18.44151667	489
18.44963333	487
18.45583333	0
18.46583333	0
18.47388333	483
18.48193333	483
18.48995	481
18.49796667	481
18.50596667	480
18.51395	479
18.52191667	478
18.52393333	0
18.52988333	0
18.53788333	480
18.5459	481
18.5539	480
18.56188333	479
18.56993333	483
18.57805	487
18.58625	492
18.59451667	496
18.60285	500
18.61125	504
18.61963333	503
18.62801667	503
18.63645	506
18.64491667	508
18.65341667	510
18.66193333	511
18.67045	511
18.67891667	508
18.68731667	504
18.69566667	501
18.70391667	495
18.71211667	492
18.72021667	486
18.72828333	484
18.73628333	480
18.74423333	477
18.75218333	477
18.76011667	476
18.76801667	474
18.77588333	472
18.78373333	471
18.79155	469
18.79936667	469
18.80718333	469
18.81503333	471
18.8229	472
18.83075	471
18.83868333	476
18.84665	478
18.85463333	479
18.86263333	480
18.87063333	480
18.87866667	482
18.8868	488
18.89498333	491
18.9032	493
18.91153333	500
18.91985	499
18.92818333	500
18.93648333	498
18.94478333	498
18.95305	496
18.96128333	494
18.96946667	491
18.97761667	489
18.98575	488
18.99395	492
19.00216667	493
19.0104	494
19.01866667	496
19.02693333	496
19.03521667	497
19.04345	494
19.05165	492
19.05978333	488
19.06788333	486
19.07595	484
19.08403333	485
19.09208333	483
19.10013333	483
19.1082	484
19.11626667	484
19.12436667	486
19.13248333	487
19.14063333	489
19.14876667	488
19.15693333	490
19.16513333	492
19.17335	493
19.18158333	494
19.18983333	495
19.19808333	495
19.20625	490
19.21443333	491
19.22268333	495
19.23096667	497
19.2393	500
19.24771667	505
19.25616667	507
19.26465	509
19.27308333	506
19.28151667	506
19.28996667	507
19.29843333	508
19.30698333	513
19.3156	517
19.32431667	523
19.33303333	523
19.34175	523
19.3505	525
19.35918333	521
19.36781667	518
19.3764	515
19.38483333	506
19.3932	502
19.4015	498
19.40975	495
19.41796667	493
19.4261	488
19.4342	486
19.44228333	485
19.45033333	483
19.45836667	482
19.46635	479
19.47433333	479
19.48226667	476
19.49018333	475
19.49813333	477
19.50608333	477
19.51401667	476
19.522	479
19.53	480
19.53796667	478
19.54596667	480
19.55398333	481
19.56195	478
19.56986667	475
19.5778	476
19.58573333	476
19.59365	475
19.6016	477
19.60953333	476
19.61746667	476
19.62538333	475
19.63326667	473
19.64115	473
19.64903333	473
19.6569	472
19.66475	471
19.67256667	469
19.68043333	472
19.68826667	470
19.69608333	469
19.70393333	471
19.71176667	470
19.7196	470
19.72745	471
19.73533333	473
19.74318333	471
19.75101667	470
19.75883333	469
19.7667	472
19.7746	474
19.78253333	476
19.79046667	476
19.79843333	478
19.80641667	479
19.81446667	483
19.82253333	484
19.83058333	483
19.83861667	482
19.84665	482
19.85476667	487
19.86293333	490
19.87113333	492
19.87938333	495
19.88771667	500
19.89606667	501
19.90443333	502
19.91276667	500
19.9211	500
19.92936667	496
19.93751667	489
19.94561667	486
19.95368333	484
19.9617	481
19.96971667	481
19.9777	479
19.98568333	479
19.99363333	477
20.00155	475
20.0095	477
20.01741667	475
20.02533333	475
20.03328333	477
20.04125	478
20.0492	477
20.05716667	478
20.06515	479
20.07313333	479
20.08113333	480
20.08913333	480
20.09715	481
20.10516667	481
20.11315	479
20.12111667	478
20.12903333	475
20.13695	475
20.14488333	476
20.15281667	476
20.16073333	475
20.16866667	476
20.17661667	477
20.18455	476
20.19253333	479
20.20058333	483
20.20863333	483
20.21675	487
20.22501667	496
20.23345	506
20.24183333	503
20.25025	505
20.25873333	509
20.26736667	518
20.276	518
20.28463333	518
20.29335	523
20.30213333	527
20.30805	0
20.3109	0
20.31958333	521
20.3283	523
20.33711667	529
20.3461	539
20.35536667	556
20.36475	563
20.37416667	565
20.38348333	559
20.3928	559
20.40225	567
20.41191667	580
20.42185	596
20.4322	621
20.4428	636
20.45323333	626
20.46363333	624
20.47433333	642
20.4853	658
20.49558333	617
20.50575	610
20.51568333	596
20.52568333	600
20.53595	616
20.5468	651
20.54991667	0
20.55766667	465
20.57005	743
20.57888333	530
20.58966667	647
20.59298333	0
20.60048333	450
20.61091667	626
20.62156667	639
20.63233333	646
20.6428	628
20.65301667	613
20.66318333	610
20.67333333	609
20.68363333	618
20.69418333	633
20.70486667	641
20.71531667	627
20.72556667	615
20.73588333	619
20.74641667	632
20.75713333	643
20.76806667	656
20.7786	632
20.7892	636
20.8	648
20.81118333	671
20.82271667	692
20.83381667	666
20.84495	668
20.85638333	686
20.8681	703
20.87918333	665
20.89011667	656
20.90103333	655
20.91196667	656
20.9231	668
20.93388333	647
20.94421667	620
20.95446667	615
20.9647	614
20.975	618
20.98516667	610
20.99553333	622
21.00608333	633
21.01661667	632
21.0272	635
21.038	648
21.04893333	656
21.05951667	635
21.07003333	631
21.08075	643
21.09165	654
21.10308333	686
21.1139	649
21.1248	654
21.13605	675
21.14785	708
21.15908333	674
21.1705	685
21.18238333	713
21.19406667	701
21.20521667	669
21.21651667	678
21.22805	692
21.24011667	724
21.25135	674
21.26291667	694
21.27481667	714
21.28713333	739
21.29881667	701
21.31061667	708
21.32308333	748
21.33563333	753
21.34763333	720
21.35971667	725
21.37238333	760
21.38493333	753
21.39665	703
21.40896667	739
21.42143333	748
21.4336	730
21.44528333	701
21.45753333	735
21.46995	745
21.48201667	724
21.49378333	706
21.50606667	737
21.51856667	750
21.5307	728
21.54268333	719
21.55535	760
21.568	759
21.58003333	722
21.59211667	725
21.60478333	760
21.61733333	753
21.62931667	719
21.64133333	721
21.65385	751
21.66648333	758
21.67895	748
21.69083333	713
21.70296667	728
21.71555	755
21.7284	771
21.74078333	743
21.75303333	735
21.76601667	779
21.7791	785
21.79196667	772
21.8042	734
21.81693333	764
21.83008333	789
21.84341667	800
21.85621667	768
21.86848333	736
21.88046667	719
21.89281667	741
21.90611667	798
21.91931667	792
21.93285	812
21.94561667	766
21.95831667	762
21.97075	746
21.98331667	754
21.99631667	780
21.99935	0
22.00963333	0
22.02325	817
22.03688333	818
22.04966667	767
22.06251667	771
22.07578333	796
22.08911667	800
22.10225	788
22.11496667	763
22.12833333	802
22.14161667	797
22.15441667	768
22.16683333	745
22.1797	772
22.19248333	767
22.20513333	759
22.2172	724
22.22971667	751
22.24236667	759
22.25455	731
22.26755	780
22.2804	771
22.29288333	749
22.30591667	782
22.31898333	784
22.33141667	746
22.34413333	763
22.35731667	791
22.37028333	778
22.3828	751
22.39543333	758
22.40851667	785
22.42191667	804
22.43506667	789
22.44855	809
22.46203333	809
22.47488333	771
22.4884	811
22.5016	792
22.51428333	761
22.52688333	756
22.5398	775
22.5521	738
22.56503333	776
22.57788333	771
22.59035	748
22.60355	792
22.61648333	776
22.62988333	804
22.64325	802
22.6562	777
22.66955	801
22.68246667	775
22.69533333	772
22.70825	775
22.7208	753
22.73368333	773
22.74631667	758
22.75873333	745
22.77138333	759
22.7839	751
22.79628333	743
22.8088	751
22.82123333	746
22.83365	745
22.84641667	766
22.85905	758
22.87161667	754
22.88473333	787
22.8975	766
22.91028333	767
22.9233	781
22.93553333	734
22.94756667	722
22.95953333	718
22.97185	739
22.98478333	776
22.99798333	792
23.01071667	764
23.0242	809
23.03768333	809
23.0508	787
23.06371667	775
23.07711667	804
23.0906	809
23.10393333	800
23.11731667	803
23.13076667	807
23.14365	773
23.15698333	800
23.1704	805
23.18318333	767
23.19576667	755
23.20843333	760
23.22148333	783
23.23461667	788
23.2476	779
23.26103333	806
23.27475	823
23.28791667	790
23.30168333	826
23.31533333	819
23.32846667	788
23.34218333	823
23.35573333	813
23.36885	787
23.38175	774
23.39493333	791
23.4078	772
23.42043333	758
23.43278333	741
23.44521667	746
23.45771667	750
23.47021667	750
23.48265	746
23.49575	786
23.50911667	802
23.5221	779
23.53566667	814
23.54913333	808
23.56251667	803
23.57613333	817
23.58958333	807
23.60295	802
23.61625	798
23.62905	768
23.64196667	775
23.65488333	775
23.66738333	750
23.68025	772
23.69281667	754
23.70533333	751
23.71818333	771
23.73091667	764
23.74393333	781
23.75706667	788
23.76988333	769
23.78296667	785
23.79648333	811
23.80976667	797
23.82365	833
23.83751667	832
23.85098333	808
23.86493333	837
23.87856667	818
23.89228333	823
23.90605	826
23.91971667	820
23.93346667	825
23.94713333	820
23.96025	787
23.97366667	805
23.98658333	775
23.9999	799
24.01306667	790
24.02611667	783
24.03955	806
24.05273333	791
24.06643333	822
24.08035	835
24.09388333	812
24.10781667	836
24.12151667	822
24.13508333	814
24.14836667	797
24.16138333	781
24.17465	796
24.18755	774
24.2006	783
24.21383333	794
24.22703333	792
24.23973333	762
24.25246667	764
24.26568333	793
24.2792	811
24.29263333	806
24.3066	838
24.32073333	848
24.33455	829
24.34871667	850
24.36275	842
24.37611667	802
24.38948333	802
24.40306667	815
24.41636667	798
24.42965	797
24.44333333	821
24.45686667	812
24.47033333	808
24.48423333	834
24.49783333	816
24.51131667	809
24.52481667	810
24.538	791
24.5509	774
24.56371667	769
24.57721667	810
24.59126667	843
24.60578333	871
24.62068333	894
24.63558333	894
24.64998333	864
24.66381667	830
24.67748333	820
24.69138333	834
24.70553333	849
24.71996667	866
24.73443333	868
24.74886667	866
24.76338333	871
24.77786667	869
24.79233333	868
24.80673333	864
24.82106667	860
24.83535	857
24.84965	858
24.86385	852
24.87741667	814
24.89006667	759
24.90263333	754
24.91558333	777
24.92963333	843
24.94455	895
24.95961667	904
24.97475	908
24.9895	885
25.00315	819
25.01665	810
25.0295	771
25.04198333	749
25.05456667	755
25.06741667	771
25.08048333	784
25.0946	847
25.10958333	899
25.12445	892
25.13986667	925
25.15503333	910
25.17045	925
25.18546667	901
25.20016667	882
25.21455	863
25.22855	840
25.24235	828
25.25571667	802
25.2685	767
25.28061667	727
25.29216667	693
25.3033	668
25.31431667	661
25.3255	671
25.33726667	706
25.35011667	771
25.3634	797
25.37648333	785
25.38911667	758
25.40228333	790
25.41581667	812
25.42946667	819
25.4434	836
25.45738333	839
25.4715	847
25.48523333	824
25.49871667	809
25.5114	761
25.52436667	778
25.53721667	771
25.5499	761
25.5625	756
25.5751	756
25.58771667	757
25.60048333	766
25.61326667	767
25.62618333	775
25.6392	781
25.65233333	788
25.66538333	783
25.67848333	786
25.69146667	779
25.70391667	747
25.7171	791
25.72995	771
25.74306667	787
25.7562	788
25.76863333	746
25.78165	781
25.79455	774
25.8075	777
25.8205	780
25.83348333	779
25.8464	775
25.85928333	773
25.87155	736
25.88396667	745
25.89621667	735
25.90805	710
25.92025	732
25.93253333	737
25.9451	754
25.95808333	779
25.97136667	797
25.98405	761
25.99763333	815
26.01141667	827
26.02486667	807
26.03806667	792
26.05175	821
26.06555	828
26.079	807
26.09218333	791
26.10533333	789
26.11826667	776
26.1438	0
26.15623333	746
26.16821667	719
26.17981667	696
26.19115	680
26.20268333	692
26.21488333	732
26.22786667	779
26.24173333	832
26.25551667	827
26.26965	848
26.28373333	845
26.2981	862
26.31245	861
26.32683333	863
26.34096667	848
26.35501667	843
26.36895	836
26.38286667	835
26.39683333	838
26.41071667	833
26.4239	791
26.43691667	781
26.4496	761
26.46201667	745
26.47426667	735
26.48678333	751
26.49941667	758
26.51286667	807
26.52646667	816
26.54021667	825
26.55381667	816
26.56731667	810
26.58078333	808
26.59411667	800
26.60731667	792
26.62035	782
26.63321667	772
26.64601667	768
26.65873333	763
26.67126667	752
26.68351667	735
26.69556667	723
26.70738333	709
26.71891667	692
26.7305	695
26.7422	702
26.75423333	722
26.76646667	734
26.7789	746
26.79191667	781
26.80538333	808
26.81838333	780
26.8318	805
26.8452	804
26.85806667	772
26.87148333	805
26.88465	790
26.89735	762
26.91046667	787
26.92338333	775
26.93586667	749
26.94881667	777
26.96173333	775
26.97431667	755
26.98665	740
26.99943333	767
27.01241667	779
27.0255	785
27.03875	795
27.05253333	827
27.0664	832
27.0805	846
27.0949	864
27.10933333	866
27.1239	874
27.13841667	871
27.15236667	837
27.16648333	847
27.18035	832
27.19386667	811
27.20766667	828
27.22158333	835
27.2351	811
27.24911667	841
27.26301667	834
27.27643333	805
27.2903	832
27.3039	816
27.317	786
27.33051667	811
27.34418333	820
27.35755	802
27.37131667	826
27.38498333	820
27.39833333	801
27.41221667	833
27.42615	836
27.43966667	811
27.45375	845
27.46798333	854
27.48188333	834
27.49606667	851
27.51036667	858
27.52418333	829
27.53828333	846
27.55248333	852
27.56633333	831
27.58045	847
27.59488333	866
27.60878333	834
27.62296667	851
27.6276	0
27.63668333	0
27.65045	826
27.66413333	821
27.678	832
27.69165	819
27.70486667	793
27.71735	749
27.72973333	743
27.74263333	774
27.75595	799
27.76995	840
27.78445	870
27.79895	870
27.81296667	841
27.8269	836
27.84061667	823
27.85413333	811
27.8674	796
27.8806	792
27.8937	786
27.90675	783
27.91968333	776
27.93266667	779
27.94566667	780
27.95871667	783
27.97178333	784
27.97688333	0
27.98493333	0
27.99783333	774
28.01095	787
28.02393333	779
28.03703333	786
28.04991667	773
28.06308333	790
28.07638333	798
28.08935	778
28.10176667	745
28.11455	767
28.12718333	758
28.1399	763
28.15231667	745
28.16485	752
28.1774	753
28.18985	747
28.20196667	727
28.2141	728
28.22635	735
28.23865	738
28.25091667	736
28.26306667	729
28.27553333	748
28.28798333	747
28.30056667	755
28.31328333	763
28.32596667	761
28.33851667	753
28.35088333	742
28.36356667	761
28.37645	773
28.38958333	788
28.40288333	798
28.41628333	804
28.42955	796
28.4419	741
28.45381667	715
28.46591667	726
28.47831667	744
28.49155	794
28.50503333	809
28.51886667	830
28.533	848
28.54746667	868
28.56221667	885
28.57685	878
28.59171667	892
28.60621667	870
28.62033333	847
28.6337	802
28.64651667	769
28.65915	758
28.67171667	754
28.68413333	745
28.69636667	734
28.70876667	744
28.72141667	759
28.7343	773
28.7473	780
28.76038333	785
28.77361667	794
28.7867	785
28.79971667	781
28.81225	752
28.8251	771
28.83771667	757
28.85025	752
28.86265	744
28.87501667	742
28.88691667	714
28.89845	692
28.90998333	692
28.92171667	704
28.93388333	730
28.94633333	747
28.95936667	782
28.97285	809
28.98665	828
29.00061667	838
29.0146	839
29.02855	837
29.04205	810
29.05521667	790
29.06801667	768
29.08033333	739
29.09231667	719
29.1043	719
29.11633333	722
29.12811667	707
29.14025	728
29.15243333	731
29.16476667	740
29.17718333	745
29.18981667	758
29.20265	770
29.21555	774
29.22825	762
29.24056667	739
29.25305	749
29.26536667	739
29.2777	740
29.28991667	733
29.30233333	745
29.31476667	746
29.32736667	756
29.34005	761
29.35285	768
29.36533333	749
29.37806667	764
29.391	776
29.40431667	799
29.41741667	786
29.431	815
29.44461667	817
29.45836667	825
29.47185	809
29.48533333	809
29.49915	829
29.51283333	821
29.5266	826
29.53976667	790
29.55338333	817
29.56666667	797
29.57998333	799
29.59311667	788
29.6059	767
29.61893333	782
29.63138333	747
29.64366667	737
29.6563	758
29.66908333	767
29.68151667	746
29.69456667	783
29.70771667	789
29.72105	800
29.73388333	770
29.74696667	785
29.76	782
29.7727	762
29.78476667	724
29.79646667	702
29.80806667	696
29.81988333	709
29.83195	724
29.84426667	739
29.85653333	736
29.8688	736
29.88136667	754
29.89373333	742
29.90631667	755
29.91891667	756
29.93153333	757
29.9441	754
29.95671667	757
29.96933333	757
29.98196667	758
29.99458333	757
30.007	745
30.01903333	722
30.03141667	743
30.0444	779
30.05795	813
30.07196667	841
30.08581667	831
30.09965	830
30.11353333	833
30.12701667	809
30.14055	812
30.1536	783
30.16685	795
30.17996667	787
30.19271667	765
30.20553333	769
30.21795	745
30.23071667	766
30.24326667	753
30.25566667	744
30.26795	737
30.28033333	743
30.29265	739
30.30488333	734
30.31746667	755
30.33033333	772
30.34316667	770
30.35616667	780
30.369	770
30.38225	795
30.3955	795
30.40851667	781
30.42166667	789
30.43485	791
30.44788333	782
30.4611	793
30.47461667	811
30.48778333	790
30.50106667	797
30.51441667	801
30.52726667	771
30.54061667	801
30.55378333	790
30.56671667	776
30.5798	785
30.5929	786
30.60563333	764
30.61883333	792
30.632	790
30.64458333	755
30.65758333	780
30.67048333	774
30.68321667	764
30.69541667	732
30.7082	767
30.72116667	778
30.7342	782
30.74695	765
30.75988333	776
30.773	787
30.78573333	764
30.79875	781
30.81213333	803
30.82513333	780
30.8384	796
30.85091667	751
30.86315	734
30.87476667	697
30.88638333	697
30.89781667	686
30.90915	680
30.92056667	685
30.93208333	691
30.94421667	728
30.95698333	766
30.9698	769
30.98263333	770
30.99528333	759
31.00761667	740
31.02005	746
31.03236667	739
31.0447	740
31.05656667	712
31.06818333	697
31.07998333	708
31.09175	706
31.10361667	712
31.1157	725
31.12811667	745
31.14085	764
31.15378333	776
31.16686667	785
31.18003333	790
31.19323333	792
31.20643333	792
31.21976667	800
31.23306667	798
31.24658333	811
31.25996667	803
31.27323333	796
31.28636667	788
31.2991	764
31.31136667	736
31.32353333	730
31.3357	730
31.34795	735
31.36028333	740
31.37285	754
31.3856	765
31.39848333	773
31.41158333	786
31.42431667	764
31.43716667	771
31.45016667	780
31.4631	776
31.47596667	772
31.48835	743
31.50058333	734
31.513	745
31.52553333	752
31.53843333	774
31.55181667	803
31.56513333	799
31.57843333	798
31.59178333	801
31.6053	811
31.61866667	802
31.63206667	804
31.6454	800
31.65888333	809
31.67231667	806
31.68581667	810
31.69896667	789
31.71201667	783
31.7246	755
31.73676667	730
31.74838333	697
31.76015	706
31.77193333	707
31.78453333	756
31.7979	802
31.8114	810
31.82495	813
31.83823333	797
31.85161667	803
31.865	803
31.87838333	803
31.89151667	788
31.90438333	772
31.91705	760
31.92971667	760
31.94188333	730
31.9537	709
31.96543333	704
31.9774	718
31.9895	726
32.00198333	749
